2.116061 0.084986
1.244790 0.006627
0.513010 -0.094770
-0.215799 -0.203867
-0.940425 -0.311155
0.640996 0.949634
0.028897 0.848369
-0.457823 0.768218
-1.063050 0.667985
-1.546576 0.586161
1.397093 -0.312529
0.906573 -0.375889
0.296826 -0.467770
-0.190601 -0.544283
-0.796265 -0.639197
1.185835 0.502840
0.688474 0.421895
0.068609 0.314751
-0.425066 0.229836
-1.037094 0.125210
1.063356 1.707904
0.319220 1.568349
-0.416161 1.428832
-1.142397 1.289267
-1.744128 1.169438
1.234280 -1.158087
0.740803 -1.223864
0.124816 -1.318119
-0.363623 -1.394910
-0.969487 -1.488753
0.600067 0.016269
-0.016015 -0.098182
-0.749217 -0.233632
-1.354685 -0.346193
-2.067755 -0.480981
1.627745 1.419664
0.997810 1.308663
0.380386 1.181895
-0.353288 1.029988
-0.958554 0.904267
1.554742 -0.647941
0.931061 -0.725708
0.306595 -0.819833
-0.440197 -0.937431
-1.053154 -1.032792
1.886650 1.130755
1.256786 1.061346
0.633741 0.961423
0.015071 0.855088
-0.600033 0.750149
1.142376 -1.331149
0.655026 -1.393183
0.047370 -1.483706
-0.434230 -1.558190
-1.035478 -1.650418
1.685109 -0.674483
0.940925 -0.763113
0.324478 -0.854876
-0.412360 -0.970185
-1.020543 -1.064426
0.032770 0.750277
-0.455623 0.674586
-0.941408 0.599809
-1.427091 0.524191
-1.911085 0.446992
0.616400 0.179101
0.019824 0.087663
-0.576402 -0.003073
-1.056277 -0.074759
-1.660706 -0.165419
1.516006 -1.466566
0.905591 -1.540449
0.175471 -1.650791
-0.427753 -1.746419
-1.029417 -1.840211
1.237985 0.059574
0.746803 -0.006179
0.135294 -0.096729
-0.472897 -0.186933
-0.957582 -0.257335
2.298450 -0.466809
1.668157 -0.511679
0.931456 -0.601932
0.323979 -0.692941
-0.401810 -0.806504
0.732789 0.054205
0.108108 -0.034615
-0.511848 -0.121822
-1.125555 -0.204868
-1.734252 -0.286499
0.945655 0.474649
0.218880 0.346290
-0.384024 0.238262
-1.105384 0.108704
-1.824164 -0.022442
0.981648 2.524200
0.483081 2.412395
-0.013091 2.301242
-0.629257 2.163884
-1.117037 2.052626
