0.89263356 
0.5887178 
0.66914976 
0.75973374 
0.8301922 
0.31109783 
0.2961252 
0.26362637 
0.22251233 
0.24965154 
0.5607678 
0.5189723 
0.528035 
0.53107595 
0.54054976 
0.3373749 
0.30113557 
0.284348 
0.28737447 
0.32846713 
0.34036136 
0.24027254 
0.16971584 
0.13706678 
0.22352009 
0.17221518 
0.14263383 
0.14161263 
0.1496426 
0.1944913 
6.7323494 
6.4884753 
6.2359753 
6.169537 
6.4750633 
1.2065158 
1.2524269 
1.331574 
1.4648019 
1.6544533 
0.72931534 
0.59113526 
0.59410405 
0.6673753 
0.7747194 
0.43321198 
0.20815316 
0.16064532 
0.14235978 
0.124739714 
0.31577247 
0.34017777 
0.40659824 
0.46127582 
0.58760476 
0.45486343 
0.30234623 
0.29690892 
0.31129053 
0.35781902 
1.0985222 
1.0142794 
0.91013426 
0.8271648 
0.8512983 
0.8613825 
0.86417764 
0.7982818 
0.7574676 
0.88613725 
0.9198246 
0.8323795 
0.7451049 
0.656103 
0.62739915 
0.92043364 
0.96480453 
1.0431318 
1.0995349 
1.1368552 
0.65202314 
0.25010002 
0.17947833 
0.17637827 
0.13955231 
3.1163807 
3.249802 
3.3900075 
3.4917092 
3.5913303 
1.768866 
1.7379993 
1.6724207 
1.6558566 
1.9491842 
0.4500925 
0.382992 
0.39748505 
0.49708146 
0.6283545 
