5 16 2

5.15304 8.38762
12.6652 8.05731
13.6751 -4.0631
7.81749 -8.05706
-2.895 9.21424
-2.43977 12.3725
-1.52578 -0.432335
1.12571 -8.19244
-1.88986 -9.2999
3.34103 4.4588
1.50118 -2.25429
-2.96709 -9.08484
0.602931 1.51939
-4.82589 -2.03881
-8.96583 -2.08813
-5.63694 -5.83901

2.1243 3.88903
-1.2666 -0.276976
-0.547888 -2.10923
2.27072 -2.92077
2.73335 4.13489
3.98199 -1.47132
2.19822 -2.26664
0.996101 -4.21138
2.316 -1.02315
4.82606 -3.54086
3.2604 -5.59483
-1.31111 -5.16364
0.769589 -4.62259
0.331659 -4.14151
2.37421 -5.69687
-1.81063 -3.73852

2.72938 5.99066
6.0803 3.59237
6.3673 -1.80067
2.95024 -3.44597
-3.66183 5.46139
-1.60757 4.50422
0.573005 -1.51134
0.946854 -5.81954
-3.29931 -2.91053
-0.40105 0.868612
2.85044 -2.53571
-2.24098 -6.91232
7.92831 -4.0143
-1.16052 -1.55411
-1.90033 2.49609
-4.5495 -5.1265

1.15356 -0.0414834
-10.1391 -1.85405
-18.9597 1.97938
-7.15578 4.06992
3.736 0.797275
5.33797 -5.7282
0.405064 -0.962157
-1.54881 4.36509
3.10658 -1.33385
2.74955 -4.4969
0.950526 -4.86218
2.27611 3.80896
10.7659 -12.9561
7.78318 -3.25295
3.54268 -5.45567
2.73005 1.79264

-2.73188 -4.83285
-5.77087 -6.78817
-7.13384 2.7146
-5.70066 5.96731
9.81267 3.01389
2.82475 -11.6317
0.179583 -1.62506
-1.87056 8.98854
8.09465 0.92669
1.2322 -11.1221
1.37344 -5.69933
3.75025 8.07985
4.65443 -8.39601
3.9962 -2.12003
6.65319 -5.16941
7.69267 5.39374

