1 0 0.367879 0 0.0183156 0 0.00012341 0 0.367879 0 0.135335 0 0.00673795 0 4.53999e-05 0 0.0183156 0 0.00673795 0 0.000335463 0 2.26033e-06 0 0.00012341 0 4.53999e-05 0 2.26033e-06 0 1.523e-08 0
0 1 0 0.367879 0 0.0183156 0 0.00012341 0 0.367879 0 0.135335 0 0.00673795 0 4.53999e-05 0 0.0183156 0 0.00673795 0 0.000335463 0 2.26033e-06 0 0.00012341 0 4.53999e-05 0 2.26033e-06 0 1.523e-08
0.367879 0 1 0 0.367879 0 0.0183156 0 0.135335 0 0.367879 0 0.135335 0 0.00673795 0 0.00673795 0 0.0183156 0 0.00673795 0 0.000335463 0 4.53999e-05 0 0.00012341 0 4.53999e-05 0 2.26033e-06 0
0 0.367879 0 1 0 0.367879 0 0.0183156 0 0.135335 0 0.367879 0 0.135335 0 0.00673795 0 0.00673795 0 0.0183156 0 0.00673795 0 0.000335463 0 4.53999e-05 0 0.00012341 0 4.53999e-05 0 2.26033e-06
0.0183156 0 0.367879 0 1 0 0.367879 0 0.00673795 0 0.135335 0 0.367879 0 0.135335 0 0.000335463 0 0.00673795 0 0.0183156 0 0.00673795 0 2.26033e-06 0 4.53999e-05 0 0.00012341 0 4.53999e-05 0
0 0.0183156 0 0.367879 0 1 0 0.367879 0 0.00673795 0 0.135335 0 0.367879 0 0.135335 0 0.000335463 0 0.00673795 0 0.0183156 0 0.00673795 0 2.26033e-06 0 4.53999e-05 0 0.00012341 0 4.53999e-05
0.00012341 0 0.0183156 0 0.367879 0 1 0 4.53999e-05 0 0.00673795 0 0.135335 0 0.367879 0 2.26033e-06 0 0.000335463 0 0.00673795 0 0.0183156 0 1.523e-08 0 2.26033e-06 0 4.53999e-05 0 0.00012341 0
0 0.00012341 0 0.0183156 0 0.367879 0 1 0 4.53999e-05 0 0.00673795 0 0.135335 0 0.367879 0 2.26033e-06 0 0.000335463 0 0.00673795 0 0.0183156 0 1.523e-08 0 2.26033e-06 0 4.53999e-05 0 0.00012341
0.367879 0 0.135335 0 0.00673795 0 4.53999e-05 0 1 0 0.367879 0 0.0183156 0 0.00012341 0 0.367879 0 0.135335 0 0.00673795 0 4.53999e-05 0 0.0183156 0 0.00673795 0 0.000335463 0 2.26033e-06 0
0 0.367879 0 0.135335 0 0.00673795 0 4.53999e-05 0 1 0 0.367879 0 0.0183156 0 0.00012341 0 0.367879 0 0.135335 0 0.00673795 0 4.53999e-05 0 0.0183156 0 0.00673795 0 0.000335463 0 2.26033e-06
0.135335 0 0.367879 0 0.135335 0 0.00673795 0 0.367879 0 1 0 0.367879 0 0.0183156 0 0.135335 0 0.367879 0 0.135335 0 0.00673795 0 0.00673795 0 0.0183156 0 0.00673795 0 0.000335463 0
0 0.135335 0 0.367879 0 0.135335 0 0.00673795 0 0.367879 0 1 0 0.367879 0 0.0183156 0 0.135335 0 0.367879 0 0.135335 0 0.00673795 0 0.00673795 0 0.0183156 0 0.00673795 0 0.000335463
0.00673795 0 0.135335 0 0.367879 0 0.135335 0 0.0183156 0 0.367879 0 1 0 0.367879 0 0.00673795 0 0.135335 0 0.367879 0 0.135335 0 0.000335463 0 0.00673795 0 0.0183156 0 0.00673795 0
0 0.00673795 0 0.135335 0 0.367879 0 0.135335 0 0.0183156 0 0.367879 0 1 0 0.367879 0 0.00673795 0 0.135335 0 0.367879 0 0.135335 0 0.000335463 0 0.00673795 0 0.0183156 0 0.00673795
4.53999e-05 0 0.00673795 0 0.135335 0 0.367879 0 0.00012341 0 0.0183156 0 0.367879 0 1 0 4.53999e-05 0 0.00673795 0 0.135335 0 0.367879 0 2.26033e-06 0 0.000335463 0 0.00673795 0 0.0183156 0
0 4.53999e-05 0 0.00673795 0 0.135335 0 0.367879 0 0.00012341 0 0.0183156 0 0.367879 0 1 0 4.53999e-05 0 0.00673795 0 0.135335 0 0.367879 0 2.26033e-06 0 0.000335463 0 0.00673795 0 0.0183156
0.0183156 0 0.00673795 0 0.000335463 0 2.26033e-06 0 0.367879 0 0.135335 0 0.00673795 0 4.53999e-05 0 1 0 0.367879 0 0.0183156 0 0.00012341 0 0.367879 0 0.135335 0 0.00673795 0 4.53999e-05 0
0 0.0183156 0 0.00673795 0 0.000335463 0 2.26033e-06 0 0.367879 0 0.135335 0 0.00673795 0 4.53999e-05 0 1 0 0.367879 0 0.0183156 0 0.00012341 0 0.367879 0 0.135335 0 0.00673795 0 4.53999e-05
0.00673795 0 0.0183156 0 0.00673795 0 0.000335463 0 0.135335 0 0.367879 0 0.135335 0 0.00673795 0 0.367879 0 1 0 0.367879 0 0.0183156 0 0.135335 0 0.367879 0 0.135335 0 0.00673795 0
0 0.00673795 0 0.0183156 0 0.00673795 0 0.000335463 0 0.135335 0 0.367879 0 0.135335 0 0.00673795 0 0.367879 0 1 0 0.367879 0 0.0183156 0 0.135335 0 0.367879 0 0.135335 0 0.00673795
0.000335463 0 0.00673795 0 0.0183156 0 0.00673795 0 0.00673795 0 0.135335 0 0.367879 0 0.135335 0 0.0183156 0 0.367879 0 1 0 0.367879 0 0.00673795 0 0.135335 0 0.367879 0 0.135335 0
0 0.000335463 0 0.00673795 0 0.0183156 0 0.00673795 0 0.00673795 0 0.135335 0 0.367879 0 0.135335 0 0.0183156 0 0.367879 0 1 0 0.367879 0 0.00673795 0 0.135335 0 0.367879 0 0.135335
2.26033e-06 0 0.000335463 0 0.00673795 0 0.0183156 0 4.53999e-05 0 0.00673795 0 0.135335 0 0.367879 0 0.00012341 0 0.0183156 0 0.367879 0 1 0 4.53999e-05 0 0.00673795 0 0.135335 0 0.367879 0
0 2.26033e-06 0 0.000335463 0 0.00673795 0 0.0183156 0 4.53999e-05 0 0.00673795 0 0.135335 0 0.367879 0 0.00012341 0 0.0183156 0 0.367879 0 1 0 4.53999e-05 0 0.00673795 0 0.135335 0 0.367879
0.00012341 0 4.53999e-05 0 2.26033e-06 0 1.523e-08 0 0.0183156 0 0.00673795 0 0.000335463 0 2.26033e-06 0 0.367879 0 0.135335 0 0.00673795 0 4.53999e-05 0 1 0 0.367879 0 0.0183156 0 0.00012341 0
0 0.00012341 0 4.53999e-05 0 2.26033e-06 0 1.523e-08 0 0.0183156 0 0.00673795 0 0.000335463 0 2.26033e-06 0 0.367879 0 0.135335 0 0.00673795 0 4.53999e-05 0 1 0 0.367879 0 0.0183156 0 0.00012341
4.53999e-05 0 0.00012341 0 4.53999e-05 0 2.26033e-06 0 0.00673795 0 0.0183156 0 0.00673795 0 0.000335463 0 0.135335 0 0.367879 0 0.135335 0 0.00673795 0 0.367879 0 1 0 0.367879 0 0.0183156 0
0 4.53999e-05 0 0.00012341 0 4.53999e-05 0 2.26033e-06 0 0.00673795 0 0.0183156 0 0.00673795 0 0.000335463 0 0.135335 0 0.367879 0 0.135335 0 0.00673795 0 0.367879 0 1 0 0.367879 0 0.0183156
2.26033e-06 0 4.53999e-05 0 0.00012341 0 4.53999e-05 0 0.000335463 0 0.00673795 0 0.0183156 0 0.00673795 0 0.00673795 0 0.135335 0 0.367879 0 0.135335 0 0.0183156 0 0.367879 0 1 0 0.367879 0
0 2.26033e-06 0 4.53999e-05 0 0.00012341 0 4.53999e-05 0 0.000335463 0 0.00673795 0 0.0183156 0 0.00673795 0 0.00673795 0 0.135335 0 0.367879 0 0.135335 0 0.0183156 0 0.367879 0 1 0 0.367879
1.523e-08 0 2.26033e-06 0 4.53999e-05 0 0.00012341 0 2.26033e-06 0 0.000335463 0 0.00673795 0 0.0183156 0 4.53999e-05 0 0.00673795 0 0.135335 0 0.367879 0 0.00012341 0 0.0183156 0 0.367879 0 1 0
0 1.523e-08 0 2.26033e-06 0 4.53999e-05 0 0.00012341 0 2.26033e-06 0 0.000335463 0 0.00673795 0 0.0183156 0 4.53999e-05 0 0.00673795 0 0.135335 0 0.367879 0 0.00012341 0 0.0183156 0 0.367879 0 1
