0.442706
0.214387
-0.016665
0.161759
0.444032
0.206527
-1.135360
0.190044
-0.181120
0.245915
0.048408
0.122865
-0.412549
-1.135360
0.384162
-0.069191
0.231519
0.091806
0.361851
-0.053635
-0.090821
0.006034
-0.103726
0.143208
0.249241
-1.135360
0.098931
0.070878
0.057162
-0.049171
0.226069
0.349950
0.096744
0.509070
0.338104
0.074185
-0.171929
-0.997983
0.025899
0.038640
0.391199
0.303777
-0.039302
0.494536
0.106517
0.068041
0.031250
0.139724
0.099869
0.364114
-0.051588
0.439913
-0.028065
0.300822
0.120226
0.271133
0.175536
-1.135360
0.124392
0.304183
0.202865
0.219921
0.308358
-0.225853
0.101763
0.119369
0.224292
0.541818
-0.041708
-0.054970
0.390244
-1.135360
0.392895
-0.864844
0.338595
0.494442
-0.015785
-0.237589
0.312903
0.345827
-1.135360
0.464864
0.206691
0.506594
0.263539
0.009202
0.529599
-0.062536
0.202275
0.079840
-0.277719
0.230425
0.262788
0.297602
0.129047
0.401669
0.128609
-0.006409
0.012955
0.223019
-0.294084
0.103576
0.242594
0.321042
0.087842
-0.364061
0.406564
0.404468
0.393373
0.186988
-0.041500
0.238109
0.046115
0.304976
0.375901
0.138373
0.231769
0.554928
0.370902
0.069595
0.358509
-0.057688
-1.135360
0.505150
0.322089
0.371993
0.044551
0.275671
0.266561
0.177224
-0.280372
0.375774
0.199420
0.145539
0.119271
0.257118
0.314535
0.049074
0.581414
-1.135360
-1.135360
-0.022001
0.314468
0.127156
0.342920
0.108324
0.229396
0.394734
0.174720
-0.150397
0.290338
0.162341
0.350420
-1.135360
0.156728
0.085250
0.001945
0.315942
-0.065539
0.462279
0.391902
0.394342
-1.135360
0.499329
-0.057927
0.191301
0.002506
0.151080
0.423462
-0.078863
0.246424
0.247438
0.353703
0.287261
-0.149376
0.219956
0.197393
0.404136
0.486437
0.285425
0.504241
0.064770
-1.135360
0.220955
-1.135360
0.374554
0.454340
-0.229587
0.547947
-0.062641
0.056840
0.210833
-0.193302
0.107998
0.045187
0.258501
0.436403
0.036314
-0.447909
0.419553
0.118055
0.554992
0.058162
-1.135360
0.475816
-0.077609
0.190027
0.312485
0.211545
0.529135
-0.360431
0.042734
0.380949
-0.020638
-0.170953
0.066177
0.209099
-1.135360
-1.135360
0.114507
-1.135360
0.427816
0.190639
0.269451
0.003428
0.421022
0.347872
0.392326
-0.013687
0.605031
0.245401
0.263430
-0.030678
0.025929
0.418784
0.670463
0.125787
0.522279
-0.183739
-1.135360
0.253609
0.340461
0.271182
0.527641
-1.135360
0.081797
0.016897
0.438703
-0.245228
-0.548370
-1.135360
0.155288
0.516682
0.513660
0.322050
0.477149
0.193458
0.226132
0.453621
0.467534
0.329320
0.087513
0.287939
-0.264069
0.407796
-1.135360
0.399966
0.516954
0.514333
0.333042
0.381413
0.116416
0.226135
-1.135360
0.475198
0.395464
0.242231
-1.135360
0.577270
0.238370
0.593435
0.015434
0.246977
0.049359
0.083446
0.296938
0.401479
0.304105
-0.184959
0.384312
0.458244
0.520335
0.002867
0.162352
-1.135360
0.200698
0.317282
0.346993
0.524162
-0.113307
0.416985
0.204606
0.115404
0.057241
0.456112
0.302234
0.442880
0.278295
0.555346
0.088606
0.345259
-0.092573
0.561555
0.389574
0.184179
0.379383
-0.120091
0.010965
0.080266
0.488600
0.334891
0.586873
-1.135360
0.422205
0.233756
0.147101
0.290712
-1.135360
-0.688808
0.238827
0.243811
0.072802
0.336077
0.480964
0.157017
0.388293
0.191316
0.611321
0.259687
0.293680
0.208512
0.343268
0.252688
0.415065
-1.135360
0.526858
-1.135360
0.092125
0.152156
0.514864
-1.135360
0.095768
0.241499
0.093530
0.076465
0.349919
-0.056829
0.211388
0.175058
0.548531
0.295426
0.084447
-0.084546
0.232122
0.089999
0.521377
0.078760
0.265171
-1.135360
0.454785
0.274511
-0.385711
0.445722
0.143366
-0.037783
0.178288
0.380907
-1.135360
0.297108
0.173355
0.407389
0.376018
-0.110769
0.543299
0.196842
0.020458
-0.066423
0.667855
0.590736
0.426511
0.239054
-1.135360
0.423101
0.367203
0.338889
0.452048
0.255938
0.462344
-0.356463
0.179598
0.309629
0.538907
0.568692
-0.389251
0.128525
0.017702
0.331852
0.380657
0.223175
-0.163667
-0.269056
0.125278
-0.215508
-0.059933
0.037655
0.031431
-0.093913
0.213826
0.141423
0.307479
0.462160
-1.135360
0.131323
-1.135360
-1.135360
-0.183948
-0.353623
-0.037125
-1.135360
0.186977
0.379387
0.340227
0.052537
0.004279
0.084285
0.181366
0.350286
-0.187072
0.182150
-0.458171
0.196333
-0.013033
-0.169078
-0.200417
-1.135360
0.372844
-1.135360
0.516236
0.137738
-0.134099
0.237635
0.034679
0.570730
0.210285
0.236476
0.101023
-1.135360
0.073411
0.216667
-0.206451
-0.473946
0.367759
0.318902
-0.064129
0.344181
0.377388
0.048398
-0.308511
0.164565
-0.275545
0.133394
-1.135360
0.311231
0.019766
-0.092644
0.298707
0.248693
-1.135360
0.451089
0.445426
-0.451875
0.191157
-0.301389
0.223953
0.308014
0.149828
-0.635879
0.576189
0.112230
0.179072
0.005795
-0.325538
0.569617
-1.135360
0.151200
0.154848
0.268148
-0.024300
0.199205
0.390290
0.351744
0.108630
0.248410
0.053815
0.351136
-0.038088
-0.131308
0.372540
0.043305
0.304101
0.269458
0.134441
0.207077
0.124242
0.229856
0.095151
-0.078836
0.337734
-0.438400
0.234937
0.011347
-0.106139
-0.123681
0.080483
0.364790
0.006139
-1.135360
-0.002814
0.388449
0.446091
-0.521013
-0.011150
0.117018
-1.135360
-0.095576
-1.135360
-0.023614
-0.162377
0.049937
-1.135360
0.186124
0.408432
-1.135360
-0.092511
-0.092855
-1.135360
0.164575
-0.059702
0.276529
-0.101032
0.243824
0.501675
0.360853
0.300638
-0.293962
0.201488
0.343053
0.113951
-1.135360
-1.135360
0.059645
0.215497
-0.461410
-1.135360
-0.054228
0.299277
-1.135360
-0.375085
-1.135360
-1.135360
-0.180097
0.617751
-1.135360
0.063601
-1.135360
0.134224
0.087086
-1.135360
-0.063826
0.202248
-1.135360
-0.059235
-1.135360
0.073444
-0.198772
-0.626350
-0.092619
0.091905
0.011846
-1.135360
-0.271527
-0.156885
0.163386
0.053105
-1.135360
-0.392151
-0.008363
0.523290
-1.135360
0.188419
0.118775
-1.135360
-0.084044
-0.103944
0.113051
-1.135360
-0.156108
0.490001
0.039115
0.018384
-1.135360
-0.189351
0.025478
0.001254
-1.135360
0.488904
-1.135360
0.328222
0.574627
0.592004
0.363082
-0.453772
-0.063113
0.308940
0.643955
-1.135360
0.514087
0.165796
0.521465
-1.135360
-1.135360
0.142430
0.247094
-0.102835
-1.135360
-1.135360
-0.219667
0.365203
0.387873
0.409245
0.615258
-0.101559
-1.135360
0.078830
0.056600
0.531060
0.207634
-1.135360
-1.135360
0.336041
0.126096
0.275096
-0.618063
-1.135360
-0.614318
-0.361250
0.259687
-1.135360
0.393506
-0.315912
0.315840
0.519928
0.608088
0.216299
-1.135360
-1.135360
0.577869
0.064595
-1.135360
-1.135360
-0.002430
-1.135360
-0.132355
0.352810
0.097857
0.121132
-1.135360
0.445729
0.172589
0.258311
-1.135360
-0.063818
0.437947
0.486629
0.201834
0.256977
-1.135360
-1.135360
0.394655
-1.135360
0.495362
0.310683
-1.135360
-1.135360
-1.135360
-1.135360
-0.066006
-0.064845
