75.578090
67.496471
77.007208
74.449840
73.644202
77.557668
64.575055
80.468909
85.127526
72.188366
85.127526
85.127526
85.127526
64.575055
71.701876
84.739155
80.633459
70.315403
73.538501
85.127526
85.127526
85.127526
75.428993
80.742718
80.561471
64.575055
83.286297
78.852243
81.434552
64.575055
74.997936
74.476351
74.137257
72.487179
73.854939
64.575055
85.127526
85.127526
73.916423
76.144900
72.602313
74.851482
80.279121
77.867836
75.331772
81.171954
84.563226
77.123241
74.654608
76.353887
75.270198
68.002741
85.127526
80.597547
77.554473
71.399484
74.125097
64.575055
85.127526
70.447996
71.098969
71.883137
75.151755
85.127526
72.544225
72.505572
72.299764
78.023126
85.127526
78.281985
76.420877
85.127526
71.274021
85.127526
68.459652
77.298284
82.617014
85.127526
79.030819
65.057993
64.575055
70.245721
82.238471
71.639132
74.290808
85.127526
68.599025
85.127526
64.976413
80.025303
85.127526
73.599084
69.456785
78.507726
68.914351
77.394313
85.127526
82.381798
85.127526
64.575055
85.127526
80.825321
78.272649
73.182985
81.157741
85.127526
68.763131
67.383630
68.917206
76.689691
70.652645
77.887595
85.127526
75.009785
72.433715
75.933620
76.750327
75.117945
70.856826
82.527084
70.263707
85.127526
64.575055
71.345639
70.790060
77.765208
67.846387
78.146057
80.043775
71.138122
85.127526
76.983892
77.263112
80.645566
73.255341
80.316646
67.444763
85.127526
73.049164
64.575055
85.127526
68.491814
69.071009
84.174379
79.308766
74.866128
81.348497
80.645920
75.407647
85.127526
77.400385
80.061232
66.038022
64.575055
77.339171
77.865714
74.385751
77.024692
80.684741
64.575055
64.575055
70.196425
64.575055
71.441132
78.122073
74.211415
72.137614
85.127526
72.555628
76.090983
69.893427
80.970025
71.485761
72.909478
85.127526
82.696438
73.170316
77.855905
71.147658
71.006096
64.575055
85.127526
64.575055
77.245130
64.575055
76.652221
78.201411
64.575055
72.614058
77.330858
77.939959
72.211680
85.127526
73.464045
83.066722
81.206638
68.520584
77.167323
85.127526
75.030513
80.537478
74.714861
76.810985
85.127526
78.241048
83.012455
80.977681
80.900912
72.730748
70.031939
85.127526
71.645915
66.581051
85.127526
85.127526
81.600543
79.550989
64.575055
64.575055
77.658674
64.575055
76.533043
78.464117
78.282555
70.830311
77.200804
67.258953
69.515747
85.127526
64.575055
72.414657
77.355307
82.855338
81.723523
74.408486
74.924165
64.575055
69.086886
85.127526
64.575055
75.804947
78.235365
76.722521
73.907174
64.575055
80.182517
85.127526
79.980200
68.829402
85.127526
64.575055
82.901742
67.662923
65.950594
72.575626
78.074469
77.292559
66.607726
76.273146
64.575055
76.492927
71.013866
69.063969
85.127526
79.237173
64.575055
76.455962
69.360876
73.729919
76.732492
72.068725
76.566371
82.721435
64.575055
69.249081
66.410499
71.251626
64.575055
64.575055
76.406778
77.646940
74.571388
77.932497
64.575055
85.127526
75.488623
79.191885
73.842079
85.127526
77.879918
79.353960
72.305142
78.731798
79.097895
64.575055
82.942384
74.644066
73.520215
81.025324
85.127526
76.914591
70.746415
77.379233
69.470567
64.575055
75.361835
72.202489
71.015337
73.342601
85.127526
73.685138
85.127526
75.770475
70.646418
72.576942
67.907367
78.411796
64.575055
72.608986
66.105470
78.034013
73.986221
64.575055
68.890709
83.717064
80.880038
73.571975
64.575055
85.127526
72.347609
79.024041
76.433194
76.652881
76.679130
73.214468
71.784110
74.007690
64.575055
81.385706
72.969649
79.804763
73.628173
84.168111
74.161382
64.575055
69.404115
64.575055
79.252890
68.907243
70.700559
64.575055
84.721343
82.442364
75.109633
85.127526
82.735718
83.029194
73.908665
76.061874
69.522676
65.530967
85.127526
64.575055
71.960578
85.127526
67.935091
77.863828
75.752160
64.575055
71.807662
77.869772
85.127526
76.665324
83.230758
77.599065
75.677603
82.077231
64.575055
77.681979
76.051499
77.291253
72.426657
85.127526
75.701926
77.759414
80.757719
85.127526
75.277223
76.619390
70.423455
73.659439
64.575055
76.122618
70.821982
80.084908
67.954477
67.595611
73.617145
80.424680
75.196777
70.636038
74.639482
75.340143
85.127526
79.210826
83.404792
77.634638
75.391305
69.642707
85.127526
85.127526
78.624293
85.127526
85.127526
69.660662
85.127526
66.895415
64.575055
68.054110
79.061721
76.208841
64.575055
75.336367
64.575055
64.575055
85.127526
85.127526
82.859087
64.575055
76.028753
82.859388
74.190927
75.810799
80.575168
77.673730
76.676254
67.238220
64.575055
77.657566
85.127526
78.380301
82.169767
85.127526
79.655934
85.127526
80.583552
64.575055
70.477149
71.938920
85.127526
80.314997
81.209922
69.648866
74.990098
80.971075
81.693196
85.127526
77.293399
73.913416
85.127526
85.127526
75.126077
79.656314
75.134330
71.446223
65.641378
83.741488
85.127526
72.221961
85.127526
76.541443
85.127526
79.509481
67.046468
78.946425
85.127526
77.081028
64.575055
71.529663
77.394514
85.127526
70.562433
85.127526
73.569424
72.917649
78.817427
85.127526
73.703229
76.988075
70.710314
85.127526
85.127526
70.261146
64.575055
84.619950
76.692690
78.809789
85.127526
72.146378
81.486502
83.333693
77.310857
76.307910
80.780491
66.932297
76.726457
85.127526
79.626273
71.764529
77.138453
77.010332
71.165862
64.575055
75.466298
80.273408
85.127526
83.709020
72.564286
70.284152
64.575055
77.688645
85.127526
85.127526
81.486462
75.863384
85.127526
64.575055
64.575055
70.973047
69.981781
85.127526
80.982103
81.109572
64.575055
85.127526
64.575055
73.754130
85.127526
75.393605
64.575055
75.501120
79.264169
64.575055
64.575055
81.148173
64.575055
73.640084
81.121546
79.428346
71.705027
68.069377
76.944050
77.617650
75.092718
85.127526
71.660170
71.460595
67.915155
64.575055
64.575055
84.147238
70.950194
82.395574
64.575055
77.196992
75.696803
64.575055
85.127526
85.127526
64.575055
85.127526
65.352238
64.575055
85.127526
64.575055
80.638958
78.727627
85.127526
85.127526
79.693349
64.575055
85.127526
64.575055
75.114899
85.127526
85.127526
85.127526
79.391974
77.498264
64.575055
85.127526
85.127526
79.914101
84.089537
85.127526
85.127526
85.127526
65.490186
64.575055
75.488531
83.610934
64.575055
85.127526
85.127526
77.815974
64.575055
83.035437
70.927447
85.127526
77.640639
64.575055
85.127526
82.033307
85.127526
64.575055
71.585119
64.575055
76.588331
85.127526
64.575055
70.878565
85.127526
76.728002
68.969202
73.387268
64.575055
71.787793
67.456358
76.551775
64.575055
64.575055
78.354210
76.613642
84.350721
64.575055
85.127526
85.127526
67.189335
77.819351
77.106502
75.926534
77.254018
64.575055
79.262341
74.145159
77.665493
68.437550
64.575055
85.127526
79.228106
80.420764
71.383020
85.127526
64.575055
64.575055
64.575055
65.650032
64.575055
76.758383
65.613266
72.599804
67.555223
70.778594
71.659796
85.127526
64.575055
76.775514
74.001391
64.575055
64.575055
73.359557
64.575055
85.127526
71.758706
67.984044
77.111957
64.575055
70.562405
77.025993
77.513110
64.575055
85.127526
74.795038
74.671022
73.139862
73.822892
64.575055
64.575055
76.143969
64.575055
64.575055
75.830190
64.575055
64.575055
64.575055
85.127526
85.127526
85.127526
