1.67673
-1.1642
-0.152132
0.872514
1.7939
-1.17159
0.620318
-0.892778
-1.13111
0.634036
0.515728
-1.10613
-1.85392
-1.60167
-1.44039
-0.493058
-0.696459
-1.20315
-0.480977
-0.292489
0.12325
-0.323967
-0.122678
0.136686
-1.79303
-0.5238
-2.4924
0.163744
0.953236
0.403919
-1.03841
0.675795
0.0367762
0.144956
1.75984
-0.409439
0.273087
0.118496
0.172503
-0.604294
-0.127381
-0.237558
0.86251
2.07658
0.581574
0.0463648
-1.29961
0.265145
0.102359
0.524006
0.388002
0.303685
-0.551124
-2.05922
0.715448
1.37502
0.0284614
0.179733
-0.747536
-0.740433
0.797341
0.673985
0.240296
-0.639193
0.560302
0.30094
0.345397
-2.23434
-0.102276
-0.726415
0.421745
0.236861
0.964441
-1.44924
0.0576003
0.53463
-0.567027
-0.756589
1.77994
0.422217
2.05248
-1.35363
-0.10855
0.310398
1.79709
2.19345
-1.38041
-0.192549
-0.02371
0.47272
-1.18777
-0.188761
0.849222
0.139753
0.304266
0.757534
1.17792
1.19234
-0.316269
0.500025
