-0.725763
0.214266
0.603201
0.619290
0.101765
0.433666
0.529144
0.276322
0.489676
0.434435
0.126623
0.278169
0.296565
0.362041
0.244571
0.302510
-0.050798
0.079305
-0.905554
0.202334
0.296126
-0.865070
0.247280
0.055430
0.570021
0.620284
-1.115685
0.720766
0.508638
0.934294
-0.920662
0.068367
0.287743
-0.967997
0.065260
0.863854
-0.809853
-1.095313
-0.350981
-1.239857
0.294422
-0.967558
0.039667
0.670436
0.228495
0.306101
0.445820
0.789138
-0.887076
0.480958
0.470713
0.805170
0.259936
0.663706
0.513432
-0.915663
0.179051
0.513612
-0.888871
0.610638
0.566808
-0.274001
-0.689034
-0.855430
0.258700
0.274876
-1.319161
0.489919
0.300589
-0.804988
0.917048
-0.738879
0.141803
0.450801
0.322469
-0.623234
0.330024
0.282849
-1.083828
-0.025534
-0.277384
-0.749874
-0.680244
0.062565
-1.100955
-0.449555
-1.050342
-0.779243
0.204761
-0.295940
0.020014
0.834994
0.531883
0.198282
-0.662467
0.633114
-0.069143
0.400154
-0.819988
0.757797
