0.334972
0.375124
-0.496789
0.248693
0.435221
0.008727
0.218418
-0.947475
0.115128
0.390424
0.125465
-0.088470
0.416675
-0.947475
0.177387
0.277225
-0.947475
0.387491
-0.947475
0.383554
-0.947475
-0.030493
0.113560
0.333847
-0.071661
0.330112
-0.947475
-0.947475
-0.232320
0.245568
-0.947475
0.321687
-0.947475
-0.947475
0.185392
0.402517
0.477146
-0.138138
0.067505
-0.014716
-0.375531
0.162488
0.227729
0.227238
-0.132667
-0.947475
0.305359
0.328665
0.421942
0.375275
0.374891
0.167065
-0.099796
0.193484
-0.287542
0.258048
0.315854
0.298424
0.425759
0.214530
0.252496
0.289343
0.202652
0.319539
-0.947475
-0.947475
0.426674
-0.947475
0.132947
0.240767
0.082871
0.250709
0.183121
0.451542
0.225288
-0.947475
-0.033310
-0.947475
-0.947475
0.183155
-0.947475
0.400764
0.130976
0.155153
0.347924
0.120444
-0.022393
0.204787
0.323973
0.298513
-0.135291
0.068580
0.421577
0.276408
0.419757
0.372946
0.454419
0.387480
0.348811
-0.947475
-0.947475
-0.947475
0.419079
0.314755
0.126609
0.271943
0.475120
0.391805
-0.947475
0.215427
0.454584
0.019803
0.222885
0.268786
0.084716
0.348939
0.400163
0.327962
0.383607
0.402978
-0.136324
0.314818
0.266032
-0.947475
0.015921
0.356823
0.454890
0.301930
0.162416
-0.947475
-0.947475
0.137085
0.445034
0.357038
0.415203
0.294649
0.390488
-0.947475
-0.947475
0.001661
0.260833
-0.947475
-0.768088
0.028025
0.357818
0.383902
0.273085
0.319220
0.308516
0.307674
0.386997
0.428420
0.113977
-0.947475
0.390688
-0.947475
-0.947475
0.266368
-0.947475
0.219548
0.400530
0.119456
0.056475
0.318211
-0.947475
-0.947475
0.376341
-0.947475
0.452578
-0.947475
0.214733
-0.947475
0.394970
0.408989
0.362830
-0.947475
0.357581
0.266545
-0.117931
-0.288640
0.204830
-0.947475
0.313901
0.500483
0.438777
0.081850
0.481278
0.293590
0.187448
0.398846
0.127162
-0.148655
0.404649
0.150996
0.134907
0.148488
0.399982
0.206408
0.265835
0.371165
