69.387324
67.140332
83.597342
62.567722
69.970927
56.240231
75.500783
56.240231
63.055570
68.873250
58.338150
83.597342
77.454489
83.597342
58.515060
67.575194
56.240231
65.770456
56.240231
73.081000
56.240231
56.240231
67.276034
67.515625
56.240231
61.565030
56.240231
56.240231
56.240231
69.262860
56.240231
75.935719
56.240231
56.240231
73.342134
71.671760
64.037445
56.240231
56.240231
82.403243
56.240231
63.946287
63.076207
66.783452
83.597342
83.597342
69.731673
62.116465
69.329647
79.737834
66.767234
83.597342
56.240231
79.052665
83.597342
70.258254
74.401404
66.596279
63.976722
63.707787
82.917695
63.070286
66.711903
76.180274
56.240231
56.240231
73.954165
56.240231
60.230200
60.353308
71.709866
81.711562
67.094175
66.290867
61.477978
56.240231
83.597342
56.240231
56.240231
83.597342
56.240231
71.359272
66.259755
56.240231
81.903357
83.597342
83.597342
67.342001
73.074880
72.255680
56.240231
65.182148
83.597342
70.060833
83.326065
74.208735
74.540480
75.909586
71.805429
56.240231
56.240231
56.240231
76.269621
68.874692
78.241030
66.561856
70.802185
75.088188
56.240231
83.597342
70.326352
83.597342
81.481368
71.132135
69.681364
61.449814
56.240231
65.955568
61.056205
74.168977
56.240231
59.604052
83.597342
56.240231
56.240231
79.603781
70.378410
70.224056
56.240231
56.240231
56.240231
83.597342
68.892236
64.727813
66.869863
80.248212
61.847486
56.240231
56.240231
56.240231
65.552714
56.240231
56.240231
76.349793
68.229247
75.900955
66.389827
61.370214
70.881616
69.394960
72.514835
74.259691
83.597342
56.240231
65.727676
56.240231
83.597342
65.726286
83.597342
79.527300
75.489652
56.240231
56.240231
66.776623
56.240231
83.597342
73.667012
83.597342
67.236465
56.240231
56.240231
56.240231
56.240231
65.770070
76.379923
56.240231
76.053182
65.262791
83.597342
68.559622
66.246172
56.240231
68.785267
69.892956
72.702805
74.385602
59.051231
72.750394
74.632177
72.215888
62.219402
56.400673
66.873240
74.779805
65.312877
83.597342
74.942861
65.922395
75.357836
69.631389
