-0.070133
-1.083453
-0.074458
-0.722641
0.875376
0.254982
0.544223
-0.151109
-0.740640
-0.284711
-0.342779
0.451175
-0.402487
-0.888137
-0.191139
0.829310
0.984366
-0.098383
0.499429
-0.251150
0.863855
-0.409735
-0.035161
-0.294814
-0.277451
0.756326
0.670623
-0.188847
-0.422957
-0.136116
0.293720
-0.194213
-0.077903
-0.660159
0.893276
-0.151823
0.381515
-0.730985
-0.304000
0.449429
0.488271
-0.131922
0.003311
0.223227
0.313204
-0.683901
-0.171692
-0.163054
0.814662
-0.159281
-0.052709
-0.353685
-0.331582
0.169507
0.249377
-0.038113
0.145625
0.063755
0.100295
0.366716
-0.042539
-0.419176
-0.530760
-0.012448
0.926680
-0.223261
-0.290951
0.505216
0.011860
0.981533
-0.289935
0.586123
0.020621
0.084463
0.776179
-0.935672
-0.241358
-0.541960
0.439213
0.267112
0.914949
-0.250402
-0.686131
-0.351838
-0.554006
0.585961
0.266660
-0.410347
0.477616
0.200382
0.053717
0.120423
-0.864663
-0.154046
0.716181
-0.236905
0.560878
0.076672
-0.104105
0.295775
0.029314
0.514870
0.442797
0.027595
-0.224717
0.212842
-0.335282
0.991529
0.392047
-0.444983
0.285501
-0.087088
0.297392
0.403109
-0.010106
-0.193880
-0.102673
0.510766
0.172618
0.322446
-0.156530
0.939948
-0.540408
-0.230787
0.510611
-0.362615
0.294501
-0.343818
-0.516360
0.621653
0.731920
0.415368
-0.024699
0.993206
0.727514
-0.933113
0.350229
-0.236481
-0.513953
-0.066895
-0.675626
0.028307
-0.358871
-0.215207
0.377973
0.360556
-0.155295
-0.268918
-0.521220
-1.035904
0.131747
-0.544703
-0.375063
0.356796
-0.150122
-0.286056
-0.437436
-0.254891
0.664599
-0.264949
0.478085
-0.597439
-0.453596
-0.394830
0.726861
-0.520166
-0.204897
0.175673
-0.926399
0.233224
-0.119112
0.134575
-0.450928
0.450904
-0.099440
-0.364996
0.241297
-0.236335
-0.148317
0.551903
-0.228830
0.280855
0.349530
-0.410395
0.765769
-0.651722
0.986550
-0.343135
-0.046529
-0.621794
-0.658108
-0.258684
-0.671804
-0.305559
-0.215397
0.480238
0.510761
-0.183497
-0.342699
-0.472390
-0.179026
-0.421387
0.336287
0.576523
0.265228
0.522976
-0.449262
-0.571874
-0.062543
0.831874
-0.962026
0.389079
-0.400511
0.729463
0.256477
-0.160977
0.275731
-0.233828
-0.923417
-0.000669
0.130302
0.062517
0.438259
-0.451142
0.356078
-0.007462
-0.033320
-0.003833
0.234006
-0.058454
0.047836
0.228231
-0.425144
-1.114307
0.934313
0.285508
0.276648
-0.520787
-0.084333
0.883956
-0.190308
0.074266
-0.504460
0.616627
0.259932
0.074793
-0.059780
0.435515
-0.351327
-0.068068
0.300332
0.342510
0.536641
-0.737658
-0.078977
