0.730439
1.010992
0.458514
0.976419
1.986709
0.367520
1.143075
1.231175
0.752058
2.431752
0.454735
0.562705
1.915316
1.758272
1.271721
1.104209
2.613684
0.768055
1.044676
0.592945
0.438851
0.788606
1.224606
0.717672
1.507707
0.296427
1.317119
2.310330
0.411272
1.402625
1.177791
0.186591
1.083264
0.480297
1.262654
0.693508
0.293700
0.494666
0.562848
0.644509
1.069927
0.958485
0.977003
1.493773
0.680582
0.983823
0.679037
0.945583
0.763425
0.891219
1.890836
0.451305
1.395704
1.348787
0.916537
0.834955
0.652819
0.631719
0.609063
0.979350
0.761219
1.093241
0.904910
2.514385
0.770472
2.114930
0.661229
0.947418
0.469739
1.733901
1.078102
0.626481
0.519919
0.305224
0.384322
0.539270
0.488209
0.680723
0.883799
1.041397
0.718826
1.703213
1.390218
2.988103
1.538857
0.709184
0.498035
0.180010
0.560441
1.078617
0.312745
1.897130
0.751337
0.581135
0.406818
0.605099
1.011347
1.645464
0.266342
1.217739
0.581602
1.119515
1.546833
0.252701
1.176191
1.362742
0.659870
2.180236
0.251177
0.625711
1.762111
1.571763
0.948827
1.393862
0.634543
1.055875
0.449748
1.507069
1.305292
0.786906
1.460849
0.665386
0.733095
1.466362
1.137633
0.394863
0.792410
0.466453
0.746139
1.899456
1.086208
0.691840
1.178658
0.683720
1.024739
0.356971
0.871599
0.818548
0.544019
1.540568
1.068130
0.791156
1.271531
0.254140
1.446411
1.023654
0.565676
1.222633
0.612086
0.210132
1.041428
0.843583
0.682337
1.420147
0.570169
0.559773
0.674330
0.783862
0.625003
1.546583
0.869335
0.742191
1.046835
0.668249
1.016305
0.891990
0.583926
0.949518
0.469575
0.583896
1.347958
0.611593
1.315399
0.341461
0.726191
0.522184
0.490851
0.779721
0.774419
1.541721
0.279023
0.340927
1.316642
0.869297
0.815795
0.767888
1.521786
0.432600
0.651184
1.320621
0.560156
0.586791
0.773180
1.320642
0.596732
0.528139
4.292496
0.196289
0.880767
0.797134
0.781650
1.102291
1.251297
0.517423
1.594003
0.820206
1.002949
0.640633
0.717484
0.619506
2.944144
1.283046
0.911818
1.127287
0.701683
0.399928
1.104541
1.043821
1.327556
0.986276
0.608020
1.391065
1.132124
0.361121
1.691789
0.491491
0.713799
0.560261
0.468013
1.028549
2.941676
0.483407
0.944379
1.609156
1.273157
1.026603
1.232342
0.499334
1.270921
1.400414
0.372263
0.721615
0.423692
0.414055
0.840949
1.174968
1.459752
1.432191
1.156859
0.716411
0.855828
3.059867
1.821642
0.855310
1.377629
