-0.076958 0.333660
-0.074358 0.335685
-0.071698 0.337708
-0.068981 0.339703
-0.066197 0.341725
-0.063349 0.343745
-0.060428 0.345794
-0.057445 0.347812
-0.054393 0.349828
-0.051277 0.351814
-0.048082 0.353826
-0.044812 0.355836
-0.041456 0.357874
-0.038031 0.359879
-0.034525 0.361881
-0.030948 0.363849
-0.027277 0.365844
-0.023519 0.367834
-0.019673 0.369820
-0.015737 0.371802
-0.011708 0.373779
-0.007570 0.375781
-0.003349 0.377747
0.000971 0.379706
0.005376 0.381626
0.009900 0.383571
0.014530 0.385508
0.019286 0.387470
0.024133 0.389391
0.029070 0.391270
0.034141 0.393173
0.039326 0.395065
0.044651 0.396981
0.050070 0.398852
0.055607 0.400712
0.061238 0.402527
0.067040 0.404398
0.072935 0.406222
0.078920 0.407999
0.085052 0.409797
0.091301 0.411582
0.097697 0.413388
0.104175 0.415146
0.110763 0.416891
0.117424 0.418588
0.124220 0.420305
0.131113 0.422010
0.138135 0.423736
0.145207 0.425416
0.152357 0.427084
0.159540 0.428707
0.166824 0.430354
0.174160 0.431993
0.181581 0.433659
0.188996 0.435285
0.196356 0.436835
0.203888 0.438524
0.211263 0.440072
0.218790 0.441763
0.226218 0.443388
0.233615 0.445019
0.240973 0.446661
0.248201 0.448245
0.255527 0.449989
0.262706 0.451681
0.269808 0.453398
0.276827 0.455143
0.283681 0.456849
0.290588 0.458736
0.297249 0.460520
0.303949 0.462497
0.310404 0.464378
0.316885 0.466465
0.323192 0.468539
0.329390 0.470682
0.335481 0.472897
0.341410 0.475115
0.347354 0.477571
0.353087 0.479963
0.358837 0.482607
0.364443 0.485274
0.369917 0.487968
0.375415 0.490936
0.380747 0.493859
0.386110 0.497072
0.391371 0.500331
0.396584 0.503723
0.401758 0.507254
0.406860 0.510837
0.412020 0.514749
0.417086 0.518628
0.422225 0.522851
0.427288 0.527038
0.432441 0.531586
0.437575 0.536200
0.442739 0.540981
0.447940 0.545925
0.453190 0.551047
0.458496 0.556343
0.463867 0.561812
0.469267 0.567332
0.474792 0.573147
0.480452 0.579269
0.486165 0.585437
0.491980 0.591777
0.497905 0.598285
0.503945 0.604961
0.510102 0.611798
0.516380 0.618790
0.522778 0.625930
0.529297 0.633211
0.535932 0.640621
0.542680 0.648149
0.549534 0.655782
0.556486 0.663504
0.563524 0.671299
0.570638 0.679150
0.577814 0.687038
0.585038 0.694944
0.592170 0.702613
0.599563 0.710726
0.606834 0.718561
0.614087 0.726331
0.621307 0.734017
0.628480 0.741600
0.635440 0.748799
0.642470 0.756120
0.649570 0.763561
0.656418 0.770569
0.663160 0.777401
0.669787 0.784049
0.676292 0.790503
0.682506 0.796478
0.688924 0.802807
0.695043 0.808649
0.701030 0.814283
0.706883 0.819707
0.712604 0.824921
0.718193 0.829928
0.723653 0.834730
0.728984 0.839329
0.734190 0.843730
0.739274 0.847935
0.744239 0.851950
0.749089 0.855778
0.753654 0.859159
0.758454 0.862897
0.762976 0.866198
0.767397 0.869332
0.771720 0.872306
0.775948 0.875126
0.779913 0.877540
0.784132 0.880318
0.788095 0.882701
0.791976 0.884949
0.795778 0.887066
0.799504 0.889057
0.802987 0.890685
0.806569 0.892439
0.810253 0.894317
0.813701 0.895846
0.817086 0.897271
0.820410 0.898594
0.823675 0.899820
0.826715 0.900725
0.830037 0.901991
0.833138 0.902944
0.836187 0.903812
0.839188 0.904599
0.842140 0.905307
0.845046 0.905940
0.847907 0.906500
0.850726 0.906990
0.853502 0.907411
0.856238 0.907768
0.858935 0.908061
0.861425 0.908093
0.864046 0.908269
0.866801 0.908583
0.869352 0.908646
0.871869 0.908656
0.874354 0.908615
0.876637 0.908337
0.879059 0.908202
0.881620 0.908205
0.883983 0.907979
0.886317 0.907710
0.888623 0.907401
0.890903 0.907052
0.892986 0.906493
0.895213 0.906072
0.897586 0.905786
0.899764 0.905295
0.901919 0.904771
0.904050 0.904217
0.906159 0.903632
0.908075 0.902859
0.910312 0.902379
0.912356 0.901712
0.914379 0.901020
