7.495018768310546875e+01
7.541632843017578125e+01
7.588246154785156250e+01
7.634859466552734375e+01
7.774700164794921875e+01
7.709239959716796875e+01
7.726161193847656250e+01
7.743082427978515625e+01
7.760003662109375000e+01
7.773540496826171875e+01
7.810767364501953125e+01
8.363582611083984375e+01
8.409994506835937500e+01
8.549231719970703125e+01
6.710694885253906250e+01
6.734968566894531250e+01
6.759242248535156250e+01
6.802934265136718750e+01
6.856335449218750000e+01
8.453128814697265625e+01
8.573117828369140625e+01
8.693106842041015625e+01
9.053073883056640625e+01
7.721418762207031250e+01
7.785940551757812500e+01
7.850462341308593750e+01
7.914984130859375000e+01
7.979505920410156250e+01
8.121453857421875000e+01
7.740730285644531250e+01
7.826894378662109375e+01
7.913057708740234375e+01
7.813899230957031250e+01
7.856887054443359375e+01
6.687991333007812500e+01
6.716599273681640625e+01
6.735671997070312500e+01
6.783352661132812500e+01
7.633962249755859375e+01
7.671573638916015625e+01
7.709185028076171875e+01
7.784408569335937500e+01
8.535601806640625000e+01
8.578189849853515625e+01
8.606581115722656250e+01
8.629048156738281250e+01
8.707556152343750000e+01
5.930132675170898438e+01
5.963565444946289062e+01
5.996998214721679688e+01
6.063863754272460938e+01
6.137415695190429688e+01
6.197594833374023438e+01
7.691528320312500000e+01
7.712098693847656250e+01
7.732669830322265625e+01
7.806726074218750000e+01
7.943261718750000000e+01
7.984562683105468750e+01
8.669693756103515625e+01
8.784280395507812500e+01
8.898867797851562500e+01
9.013454437255859375e+01
8.482033538818359375e+01
8.615839385986328125e+01
8.749645233154296875e+01
6.154804229736328125e+01
6.200119018554687500e+01
6.245434188842773438e+01
6.336064529418945312e+01
8.726293182373046875e+01
8.891071319580078125e+01
6.919871520996093750e+01
6.950988006591796875e+01
6.982104492187500000e+01
7.067674255371093750e+01
7.179006958007812500e+01
7.297621917724609375e+01
7.416236114501953125e+01
7.534850311279296875e+01
7.653464508056640625e+01
8.058451080322265625e+01
8.091642761230468750e+01
6.478568267822265625e+01
6.526840972900390625e+01
6.575112915039062500e+01
6.671658325195312500e+01
6.768202972412109375e+01
6.864748382568359375e+01
7.439336395263671875e+01
7.476569366455078125e+01
7.513803100585937500e+01
7.588270568847656250e+01
8.005736541748046875e+01
8.043622589111328125e+01
8.081507873535156250e+01
8.157279205322265625e+01
7.534143829345703125e+01
7.640665435791015625e+01
7.747187042236328125e+01
7.981534576416015625e+01
7.852632904052734375e+01
7.950405883789062500e+01
8.048178863525390625e+01
8.243724060058593750e+01
6.800547790527343750e+01
6.841943359375000000e+01
6.883338928222656250e+01
6.974409484863281250e+01
8.003174591064453125e+01
8.035929870605468750e+01
8.068685150146484375e+01
8.134195709228515625e+01
7.338619995117187500e+01
7.382257080078125000e+01
7.425894165039062500e+01
7.469531250000000000e+01
7.513168334960937500e+01
7.600442504882812500e+01
7.537400054931640625e+01
7.671540832519531250e+01
7.606092834472656250e+01
7.663737487792968750e+01
7.696676635742187500e+01
7.729615020751953125e+01
7.770789337158203125e+01
7.861373138427734375e+01
5.935825347900390625e+01
5.982078170776367188e+01
6.028330993652343750e+01
6.074583816528320312e+01
6.120836639404296875e+01
6.213341903686523438e+01
6.305847167968750000e+01
7.216229248046875000e+01
7.247235107421875000e+01
7.267906188964843750e+01
7.324750518798828125e+01
7.371260070800781250e+01
7.705912780761718750e+01
7.828069305419921875e+01
7.950225067138671875e+01
8.194536590576171875e+01
7.159934234619140625e+01
7.202890777587890625e+01
7.245848083496093750e+01
7.288804626464843750e+01
7.300293731689453125e+01
7.388163757324218750e+01
7.446744537353515625e+01
7.903292846679687500e+01
7.927364349365234375e+01
7.951435852050781250e+01
7.999579620361328125e+01
7.616941070556640625e+01
7.690727233886718750e+01
8.188246154785156250e+01
8.266616821289062500e+01
8.344987487792968750e+01
8.501728820800781250e+01
7.192348480224609375e+01
7.436772918701171875e+01
7.599722290039062500e+01
7.305053710937500000e+01
7.445278930664062500e+01
7.480335235595703125e+01
7.603032684326171875e+01
6.329477691650390625e+01
6.369610595703125000e+01
6.469942474365234375e+01
6.620439910888671875e+01
6.631161499023437500e+01
6.693666839599609375e+01
6.756172180175781250e+01
6.818676757812500000e+01
6.965167236328125000e+01
7.047235107421875000e+01
7.101947784423828125e+01
6.497413635253906250e+01
6.522646331787109375e+01
7.593827819824218750e+01
7.635939788818359375e+01
7.678051757812500000e+01
6.539968872070312500e+01
6.599437713623046875e+01
6.624923706054687500e+01
6.675896453857421875e+01
7.915646362304687500e+01
8.028566741943359375e+01
8.141487884521484375e+01
8.367328643798828125e+01
6.810090637207031250e+01
6.852729034423828125e+01
6.895366668701171875e+01
6.856882476806640625e+01
6.923289489746093750e+01
6.961235809326171875e+01
7.046614074707031250e+01
7.141479492187500000e+01
8.099411010742187500e+01
8.134516143798828125e+01
8.176641845703125000e+01
8.204725646972656250e+01
8.274935150146484375e+01
7.641983032226562500e+01
7.670693969726562500e+01
7.706583404541015625e+01
6.883621215820312500e+01
6.942857360839843750e+01
7.002093505859375000e+01
7.120565795898437500e+01
5.731164932250976562e+01
5.795326232910156250e+01
5.859487152099609375e+01
6.013474273681640625e+01
6.116132354736328125e+01
6.244454956054687500e+01
6.254948043823242188e+01
6.303078079223632812e+01
6.351208496093750000e+01
6.447468566894531250e+01
6.543729400634765625e+01
6.639989471435546875e+01
7.134352111816406250e+01
7.192190551757812500e+01
7.250028991699218750e+01
7.365705108642578125e+01
7.872587585449218750e+01
7.925878906250000000e+01
7.979170989990234375e+01
8.096411895751953125e+01
7.152141571044921875e+01
7.207416534423828125e+01
7.262691497802734375e+01
7.735771179199218750e+01
7.807920074462890625e+01
7.880069732666015625e+01
7.223365783691406250e+01
7.271283721923828125e+01
7.319200897216796875e+01
7.415036010742187500e+01
7.785577392578125000e+01
7.818457031250000000e+01
7.851335906982421875e+01
7.917095184326171875e+01
7.480439758300781250e+01
7.509847259521484375e+01
7.539255523681640625e+01
7.568663787841796875e+01
7.598071289062500000e+01
8.069924926757812500e+01
8.119306182861328125e+01
8.178563690185546875e+01
8.267450714111328125e+01
8.189404296875000000e+01
8.315709686279296875e+01
8.442015075683593750e+01
8.694625854492187500e+01
7.868270874023437500e+01
7.908266448974609375e+01
7.996256256103515625e+01
6.869391632080078125e+01
6.906768798828125000e+01
6.944146728515625000e+01
6.981524658203125000e+01
7.011426544189453125e+01
7.093656921386718750e+01
7.929592895507812500e+01
8.012460327148437500e+01
7.418231964111328125e+01
7.468828582763671875e+01
7.519424438476562500e+01
7.620617675781250000e+01
7.863407135009765625e+01
7.996834564208984375e+01
8.130261993408203125e+01
8.397116088867187500e+01
7.881759643554687500e+01
7.919174957275390625e+01
7.956590270996093750e+01
8.031421661376953125e+01
8.073616027832031250e+01
8.163466644287109375e+01
8.253316497802734375e+01
8.433017730712890625e+01
7.020177459716796875e+01
7.071219635009765625e+01
7.122261047363281250e+01
7.224344635009765625e+01
7.178513336181640625e+01
7.232920074462890625e+01
7.287326812744140625e+01
7.341732788085937500e+01
8.302223968505859375e+01
8.410881042480468750e+01
8.519538879394531250e+01
8.736854553222656250e+01
7.767878723144531250e+01
7.787495422363281250e+01
7.807111358642578125e+01
7.846343231201171875e+01
6.692271423339843750e+01
6.731549835205078125e+01
6.770827484130859375e+01
6.849383544921875000e+01
6.927939605712890625e+01
7.006495666503906250e+01
7.855926513671875000e+01
7.890823364257812500e+01
5.225052261352539062e+01
5.380200958251953125e+01
5.535349273681640625e+01
5.690497970581054688e+01
7.745014953613281250e+01
7.810324096679687500e+01
7.875633239746093750e+01
8.054071044921875000e+01
8.178903961181640625e+01
8.303736114501953125e+01
8.553401184082031250e+01
6.343969726562500000e+01
6.382894134521484375e+01
6.421818542480468750e+01
6.499667358398437500e+01
6.577516174316406250e+01
7.033200836181640625e+01
7.063411712646484375e+01
7.083552551269531250e+01
7.595082092285156250e+01
7.637285614013671875e+01
7.679489135742187500e+01
7.707624816894531250e+01
7.742794036865234375e+01
7.092110443115234375e+01
7.120842742919921875e+01
7.149574279785156250e+01
7.178306579589843750e+01
7.207038879394531250e+01
8.300594329833984375e+01
8.390430450439453125e+01
8.480266571044921875e+01
8.677906036376953125e+01
7.677225494384765625e+01
7.742504882812500000e+01
7.807785034179687500e+01
7.873064422607421875e+01
7.826104736328125000e+01
7.859275817871093750e+01
7.806565093994140625e+01
7.887176513671875000e+01
7.967787933349609375e+01
8.129010009765625000e+01
6.063619232177734375e+01
6.124712753295898438e+01
6.198024749755859375e+01
6.307993316650390625e+01
6.430180358886718750e+01
6.877298736572265625e+01
6.930057525634765625e+01
6.982817077636718750e+01
7.035576629638671875e+01
7.088335418701171875e+01
7.225509643554687500e+01
7.589174652099609375e+01
7.645573425292968750e+01
7.701972198486328125e+01
6.945399475097656250e+01
6.966459655761718750e+01
6.987519073486328125e+01
7.029638671875000000e+01
6.648088073730468750e+01
6.690950012207031250e+01
6.733811950683593750e+01
6.819535064697265625e+01
6.905258178710937500e+01
7.482280731201171875e+01
7.584610748291015625e+01
7.686940765380859375e+01
7.406179809570312500e+01
7.445632934570312500e+01
7.485086059570312500e+01
7.524539947509765625e+01
8.252644348144531250e+01
8.480432128906250000e+01
8.603086090087890625e+01
8.049799346923828125e+01
8.103784179687500000e+01
8.157768249511718750e+01
9.128188323974609375e+01
9.173245239257812500e+01
9.218301391601562500e+01
9.308414459228515625e+01
7.806050109863281250e+01
7.873258972167968750e+01
7.940467071533203125e+01
8.074884033203125000e+01
7.274089050292968750e+01
7.325576782226562500e+01
7.665344238281250000e+01
7.749015808105468750e+01
7.832686614990234375e+01
8.000028991699218750e+01
6.577520751953125000e+01
6.655373382568359375e+01
6.733226776123046875e+01
6.811079406738281250e+01
6.920072937011718750e+01
7.091348266601562500e+01
8.342190551757812500e+01
8.393589782714843750e+01
8.444989013671875000e+01
8.558066558837890625e+01
7.413795471191406250e+01
7.453733062744140625e+01
7.501657867431640625e+01
7.573544311523437500e+01
7.448397064208984375e+01
7.510256195068359375e+01
7.572116088867187500e+01
7.798107910156250000e+01
7.833864593505859375e+01
8.261368560791015625e+01
8.396136474609375000e+01
8.530903625488281250e+01
8.800439453125000000e+01
7.570440673828125000e+01
7.644441223144531250e+01
7.718441772460937500e+01
7.457222747802734375e+01
7.489263916015625000e+01
7.521305847167968750e+01
7.553347778320312500e+01
7.585389709472656250e+01
7.649472808837890625e+01
7.831441497802734375e+01
7.964484405517578125e+01
5.073529052734375000e+01
5.119358825683593750e+01
5.165188598632812500e+01
5.256848144531250000e+01
5.348507690429687500e+01
6.485652160644531250e+01
6.539506530761718750e+01
6.620286560058593750e+01
6.768385314941406250e+01
7.995953369140625000e+01
8.145600128173828125e+01
8.295247650146484375e+01
7.810678863525390625e+01
7.860176086425781250e+01
7.909673309326171875e+01
7.371189117431640625e+01
7.502989959716796875e+01
7.604781341552734375e+01
7.649902343750000000e+01
7.785265350341796875e+01
8.032132720947265625e+01
8.115460968017578125e+01
8.198789978027343750e+01
6.418582916259765625e+01
6.478002929687500000e+01
6.537423706054687500e+01
6.608728027343750000e+01
6.656265258789062500e+01
6.775106048583984375e+01
8.230574798583984375e+01
8.299600219726562500e+01
8.368624877929687500e+01
6.855423736572265625e+01
6.906730651855468750e+01
6.940934753417968750e+01
7.026445007324218750e+01
7.502892303466796875e+01
7.630885314941406250e+01
7.758877563476562500e+01
8.040460205078125000e+01
6.971585845947265625e+01
7.000711059570312500e+01
7.029837036132812500e+01
6.805187988281250000e+01
6.844883728027343750e+01
6.884578704833984375e+01
7.656111145019531250e+01
7.739426422119140625e+01
7.822742462158203125e+01
7.989373016357421875e+01
7.469457244873046875e+01
7.504249572753906250e+01
7.539042663574218750e+01
7.615586090087890625e+01
7.756899261474609375e+01
7.824021911621093750e+01
7.891145324707031250e+01
7.964013671875000000e+01
7.999466705322265625e+01
8.034919738769531250e+01
7.704926300048828125e+01
7.734761047363281250e+01
8.124826049804687500e+01
8.217926788330078125e+01
8.311026763916015625e+01
8.515846252441406250e+01
7.536375427246093750e+01
7.640328979492187500e+01
7.744282531738281250e+01
7.952189636230468750e+01
8.128175354003906250e+01
8.203921508789062500e+01
8.279667663574218750e+01
8.431160736083984375e+01
8.307143402099609375e+01
8.365679168701171875e+01
8.404703521728515625e+01
8.512020111083984375e+01
5.907750701904296875e+01
6.069742965698242188e+01
6.339730834960937500e+01
6.609718322753906250e+01
7.491753387451171875e+01
7.595249938964843750e+01
7.698746490478515625e+01
7.905739593505859375e+01
7.137169647216796875e+01
7.156835937500000000e+01
7.180435943603515625e+01
8.199917602539062500e+01
8.270886993408203125e+01
8.341856384277343750e+01
8.512183380126953125e+01
8.205238342285156250e+01
8.244708251953125000e+01
8.284178161621093750e+01
8.363118743896484375e+01
7.463562011718750000e+01
7.493468475341796875e+01
7.523374176025390625e+01
7.903768920898437500e+01
7.950534057617187500e+01
7.997298431396484375e+01
8.090827941894531250e+01
6.960010528564453125e+01
6.985452270507812500e+01
7.010894012451171875e+01
7.036335754394531250e+01
7.061778259277343750e+01
7.112661743164062500e+01
7.658148956298828125e+01
7.709584045410156250e+01
7.780512237548828125e+01
7.815435028076171875e+01
7.850358581542968750e+01
7.885281372070312500e+01
7.527162933349609375e+01
7.567481231689453125e+01
7.607800292968750000e+01
7.648118591308593750e+01
7.671035003662109375e+01
7.744001007080078125e+01
8.203846740722656250e+01
8.275553131103515625e+01
8.347259521484375000e+01
8.505013275146484375e+01
7.829557800292968750e+01
7.872365570068359375e+01
7.915174102783203125e+01
7.741784667968750000e+01
7.779994964599609375e+01
7.818205261230468750e+01
7.894625854492187500e+01
6.736978149414062500e+01
6.766667938232421875e+01
6.796357727050781250e+01
6.826047515869140625e+01
6.855737304687500000e+01
6.915116882324218750e+01
7.291667938232421875e+01
7.312962341308593750e+01
7.330707550048828125e+01
7.355551147460937500e+01
7.376844787597656250e+01
7.457476043701171875e+01
7.514517211914062500e+01
7.571558380126953125e+01
7.241211700439453125e+01
7.270212554931640625e+01
7.299213409423828125e+01
7.328213500976562500e+01
7.766529846191406250e+01
7.800891876220703125e+01
7.835254669189453125e+01
7.674327087402343750e+01
7.745764160156250000e+01
7.817201232910156250e+01
7.960075378417968750e+01
7.376848602294921875e+01
7.419879150390625000e+01
7.462908935546875000e+01
7.548969268798828125e+01
7.817487335205078125e+01
7.862561035156250000e+01
7.892609405517578125e+01
7.967731475830078125e+01
6.802178192138671875e+01
6.834462738037109375e+01
7.879098510742187500e+01
7.917848968505859375e+01
5.607952499389648438e+01
5.705138397216796875e+01
5.802323913574218750e+01
5.996694946289062500e+01
6.191065979003906250e+01
6.764284515380859375e+01
6.802646636962890625e+01
6.841009521484375000e+01
6.917733764648437500e+01
7.719461059570312500e+01
7.800109863281250000e+01
8.248469543457031250e+01
8.303491973876953125e+01
7.121185302734375000e+01
7.152952575683593750e+01
7.184719085693359375e+01
7.216486358642578125e+01
7.248252868652343750e+01
7.986874389648437500e+01
8.020563507080078125e+01
8.054253387451171875e+01
8.121633148193359375e+01
8.682283782958984375e+01
8.785712432861328125e+01
8.889141082763671875e+01
7.928919982910156250e+01
7.952696990966796875e+01
7.982418060302734375e+01
8.012139129638671875e+01
8.071581268310546875e+01
7.343280029296875000e+01
7.384016418457031250e+01
7.733383941650390625e+01
7.792986297607421875e+01
7.852588653564453125e+01
7.912191009521484375e+01
7.971793365478515625e+01
7.716004180908203125e+01
7.735803222656250000e+01
7.755601501464843750e+01
7.598619842529296875e+01
7.661753082275390625e+01
7.495860290527343750e+01
7.540245819091796875e+01
7.584631347656250000e+01
7.673401641845703125e+01
7.488328552246093750e+01
7.545530700683593750e+01
7.614173889160156250e+01
7.728578948974609375e+01
7.824007415771484375e+01
7.849488830566406250e+01
7.887711334228515625e+01
7.917279815673828125e+01
7.995766448974609375e+01
8.074252319335937500e+01
8.231225585937500000e+01
7.218257904052734375e+01
7.263524627685546875e+01
7.354059600830078125e+01
7.444593811035156250e+01
8.575679016113281250e+01
8.603446197509765625e+01
8.652040100097656250e+01
8.742285919189453125e+01
7.903251647949218750e+01
7.966896820068359375e+01
8.030541992187500000e+01
8.157831573486328125e+01
8.058423614501953125e+01
8.090003967285156250e+01
8.137374877929687500e+01
8.208431243896484375e+01
7.797083282470703125e+01
7.857434082031250000e+01
7.900541687011718750e+01
8.840460205078125000e+01
8.927288055419921875e+01
9.014115905761718750e+01
7.019757080078125000e+01
7.051575469970703125e+01
7.099304199218750000e+01
7.178850555419921875e+01
8.344637298583984375e+01
8.410850524902343750e+01
8.490306854248046875e+01
8.609489440917968750e+01
6.612303161621093750e+01
6.683223724365234375e+01
7.335301971435546875e+01
7.401641082763671875e+01
6.899962615966796875e+01
7.115027618408203125e+01
7.222560119628906250e+01
7.330091857910156250e+01
7.545156860351562500e+01
7.513002014160156250e+01
7.539059448242187500e+01
8.267900848388671875e+01
8.401999664306640625e+01
8.536097717285156250e+01
8.804294586181640625e+01
7.294960784912109375e+01
7.330438232421875000e+01
7.436869812011718750e+01
7.684733581542968750e+01
7.732460021972656250e+01
7.780187225341796875e+01
7.885186004638671875e+01
7.752758789062500000e+01
7.779608154296875000e+01
8.113842010498046875e+01
8.139733123779296875e+01
8.170803070068359375e+01
8.217407989501953125e+01
7.486795043945312500e+01
7.571722412109375000e+01
7.641208648681640625e+01
6.110411834716796875e+01
6.135951232910156250e+01
6.161490631103515625e+01
6.192137908935546875e+01
6.273863601684570312e+01
7.447248077392578125e+01
7.476716613769531250e+01
7.520919036865234375e+01
7.469494628906250000e+01
7.525930023193359375e+01
7.018856811523437500e+01
7.099680328369140625e+01
7.180503082275390625e+01
7.261325836181640625e+01
7.342149353027343750e+01
7.503794860839843750e+01
8.393669891357421875e+01
8.476997375488281250e+01
8.560325622558593750e+01
8.726981353759765625e+01
7.033800506591796875e+01
7.075418090820312500e+01
7.117035675048828125e+01
7.200271606445312500e+01
7.600041961669921875e+01
7.635533905029296875e+01
7.671026611328125000e+01
7.836848449707031250e+01
7.868023681640625000e+01
7.905434417724609375e+01
7.480073547363281250e+01
7.563681793212890625e+01
7.605486297607421875e+01
7.647290802001953125e+01
7.730899047851562500e+01
7.907237243652343750e+01
7.940043640136718750e+01
7.972850799560546875e+01
7.813619232177734375e+01
7.883606719970703125e+01
7.552380371093750000e+01
7.641372680664062500e+01
7.730364990234375000e+01
7.819356536865234375e+01
6.799369049072265625e+01
6.864555358886718750e+01
6.929742431640625000e+01
6.994928741455078125e+01
7.060115051269531250e+01
7.203524780273437500e+01
7.975849914550781250e+01
8.060202026367187500e+01
8.144553375244140625e+01
7.371466064453125000e+01
7.403371429443359375e+01
7.486721038818359375e+01
7.514944458007812500e+01
7.548812103271484375e+01
7.599614715576171875e+01
7.957235717773437500e+01
8.004203796386718750e+01
8.051172637939453125e+01
8.613112640380859375e+01
8.727993774414062500e+01
8.842874145507812500e+01
7.620486450195312500e+01
7.639592742919921875e+01
7.212871551513671875e+01
7.286653137207031250e+01
7.360433959960937500e+01
8.004428100585937500e+01
8.037926483154296875e+01
8.071425628662109375e+01
8.194091033935546875e+01
8.297789764404296875e+01
8.401487731933593750e+01
8.629624176025390625e+01
7.537577056884765625e+01
7.602195739746093750e+01
7.666813659667968750e+01
7.796051025390625000e+01
7.700457763671875000e+01
7.743022918701171875e+01
7.785588836669921875e+01
7.735107421875000000e+01
7.800981903076171875e+01
7.866857147216796875e+01
6.218897247314453125e+01
6.258472061157226562e+01
6.305961990356445312e+01
6.377196884155273438e+01
6.456346893310546875e+01
7.489463806152343750e+01
7.509321594238281250e+01
7.529180145263671875e+01
7.568895721435546875e+01
7.572988891601562500e+01
7.622955322265625000e+01
8.316253662109375000e+01
8.373212432861328125e+01
8.430171203613281250e+01
7.645593261718750000e+01
7.698818969726562500e+01
6.766159820556640625e+01
6.843659973144531250e+01
6.936660003662109375e+01
7.091661071777343750e+01
8.933106994628906250e+01
9.003166198730468750e+01
8.469712066650390625e+01
8.541098022460937500e+01
8.626761627197265625e+01
8.755255889892578125e+01
7.204148864746093750e+01
7.253777313232421875e+01
7.303404998779296875e+01
7.610171508789062500e+01
7.658532714843750000e+01
7.706894683837890625e+01
7.755255889892578125e+01
7.883723449707031250e+01
7.933531951904296875e+01
7.983341217041015625e+01
8.082958221435546875e+01
8.102303314208984375e+01
8.178121948242187500e+01
8.228668212890625000e+01
8.355033111572265625e+01
7.435496520996093750e+01
7.482657623291015625e+01
7.529818725585937500e+01
7.624140930175781250e+01
7.755345916748046875e+01
7.807795715332031250e+01
7.561992645263671875e+01
7.624811553955078125e+01
7.687630462646484375e+01
7.813267517089843750e+01
8.104149627685546875e+01
8.136833190917968750e+01
8.169516754150390625e+01
8.234884643554687500e+01
7.802867889404296875e+01
7.819274902343750000e+01
7.588953399658203125e+01
7.716226959228515625e+01
7.843499755859375000e+01
8.098046112060546875e+01
7.423519897460937500e+01
7.476737976074218750e+01
7.543259429931640625e+01
6.409776306152343750e+01
6.475711059570312500e+01
6.541646575927734375e+01
7.246833038330078125e+01
7.306238555908203125e+01
7.335941314697265625e+01
7.365644073486328125e+01
7.492320251464843750e+01
7.538276672363281250e+01
8.841397094726562500e+01
8.986625671386718750e+01
9.083442687988281250e+01
9.325488281250000000e+01
7.595927429199218750e+01
7.637262725830078125e+01
7.678598022460937500e+01
7.761268615722656250e+01
9.910483551025390625e+01
9.964338684082031250e+01
1.001819305419921875e+02
1.012590255737304688e+02
7.581523895263671875e+01
7.611715698242187500e+01
7.641907501220703125e+01
8.213337707519531250e+01
8.305971527099609375e+01
8.398604583740234375e+01
8.583871459960937500e+01
7.934059143066406250e+01
7.998901367187500000e+01
8.063743591308593750e+01
8.141553497314453125e+01
8.206395721435546875e+01
8.336080169677734375e+01
7.859538269042968750e+01
7.913421630859375000e+01
7.967304229736328125e+01
8.075070190429687500e+01
7.900455474853515625e+01
7.947554016113281250e+01
7.994653320312500000e+01
8.019175720214843750e+01
8.096463775634765625e+01
8.328327941894531250e+01
8.150411987304687500e+01
8.185599517822265625e+01
8.220787048339843750e+01
9.251141357421875000e+01
9.297851562500000000e+01
8.305950927734375000e+01
8.373466491699218750e+01
8.440981292724609375e+01
8.515121459960937500e+01
8.599629974365234375e+01
8.740477752685546875e+01
6.282334518432617188e+01
6.367847442626953125e+01
6.453359985351562500e+01
6.538872528076171875e+01
6.624385070800781250e+01
8.153950500488281250e+01
8.177861785888671875e+01
8.201773071289062500e+01
8.249596405029296875e+01
8.225537872314453125e+01
8.271741485595703125e+01
8.410350036621093750e+01
