0.121118
0.191563
0.105341
0.121283
0.206444
0.163621
0.087700
0.034880
0.067823
0.150111
0.088914
0.085312
0.178658
0.117862
0.038839
0.359869
0.133869
0.040131
0.189235
0.200932
0.236603
0.149377
0.234551
0.161170
0.073560
0.157661
0.129028
0.626548
0.053668
0.120446
0.105027
0.165254
0.322189
0.208820
0.186210
0.109211
0.090377
0.105311
0.045066
0.139180
0.080213
0.158849
0.124256
0.085624
0.071805
0.020772
0.106369
0.130269
0.205683
0.099308
0.185590
0.214418
0.076681
0.177317
0.108951
0.136971
0.182221
0.163998
0.047574
0.053359
0.098143
0.162808
0.160257
0.080924
0.269995
0.054829
0.175766
0.020946
0.135720
0.252462
0.149818
0.131215
0.110798
0.111374
0.086147
0.094768
0.175649
0.065147
0.068497
0.122692
0.169177
0.132503
0.099539
0.205394
0.165126
0.164504
0.079197
0.124647
0.103593
0.181757
0.234554
0.142382
0.138457
0.174740
0.213133
0.091509
0.140639
0.064570
0.296119
0.241952
0.101945
0.073057
0.379006
0.259380
0.147537
0.093758
0.065951
0.271217
0.063997
0.183568
0.044742
0.172481
0.097651
0.084399
0.072416
0.055363
0.144043
0.123018
0.129360
0.103443
0.146226
0.274514
0.057708
0.092363
0.195607
0.120717
0.123925
0.073323
0.055431
0.089782
0.210203
0.160885
0.074796
0.167596
0.102820
0.208152
0.224520
0.109242
0.082883
0.094353
0.208169
0.098474
0.106905
0.119808
0.062691
0.122005
0.107236
0.190092
0.261253
0.110613
0.109569
0.093458
0.093142
0.079963
0.086254
0.095450
0.032185
0.042707
0.230609
0.202303
0.103018
0.074279
0.119731
0.037518
0.068073
0.209893
0.043282
0.212429
0.069913
0.043225
0.147745
0.099632
0.113904
0.144125
0.121790
0.294610
0.107757
0.131976
0.118540
0.127017
0.093847
0.167501
0.109486
0.189854
0.169731
0.021734
0.202357
0.081239
0.064712
0.081055
0.234334
0.141324
0.251076
0.024622
0.009305
0.128848
0.225777
0.111769
0.070508
0.062123
0.126792
0.073045
0.071238
0.130423
0.176401
0.117252
0.076647
0.083521
0.084037
0.050249
0.142549
0.181620
0.102981
0.130377
0.125747
0.104211
0.043587
0.149660
0.193314
0.103161
0.091080
0.077137
0.137794
0.019448
0.144994
0.061246
0.121648
0.077976
0.156890
0.068694
0.051553
0.241971
0.146670
0.018274
0.078386
0.098686
0.127619
0.187010
0.130807
0.160823
0.140388
0.143566
0.064959
0.212188
0.262819
0.127582
0.059107
0.110280
0.220754
0.036341
0.236684
0.122323
0.117348
0.082742
0.110640
