0.998442
1.186553
1.331696
1.549681
1.615461
0.756891
1.528538
1.004561
1.718846
0.689871
1.584292
1.207365
1.513099
1.179813
1.375837
1.092306
1.264534
1.260981
1.111052
0.688276
1.114599
1.089482
1.769625
0.864746
1.266943
1.054908
1.501128
1.007323
0.893994
0.710230
1.443088
0.729243
0.911693
0.942430
1.021572
0.858040
1.193487
0.776956
1.121856
1.207511
0.867257
0.776505
1.096999
0.905319
0.829165
0.837202
0.538419
1.164556
1.415096
0.932625
1.371514
1.238468
0.966656
1.318010
0.946797
1.016443
0.222319
0.934633
1.100908
0.636608
0.864533
0.923518
1.369348
0.989949
1.165963
0.629243
1.019355
1.065941
0.857927
1.061901
0.918909
0.998760
1.138009
1.113629
0.847230
1.433281
0.910357
1.527079
1.422963
1.053858
0.811984
0.923000
1.187207
1.064080
0.794239
1.084129
0.886184
1.241824
0.845742
1.180190
1.190753
0.994956
1.202735
1.194637
1.289631
1.126153
0.814497
0.755534
1.200244
1.151729
