75.006869
70.910255
69.385204
61.784542
72.860545
63.564150
70.727855
78.084233
73.605611
76.221263
70.967597
69.563199
72.520051
73.055226
69.129754
77.115303
78.051211
72.234508
65.548310
68.974031
70.774125
72.604107
69.284559
72.978693
74.472584
73.978414
75.072938
77.317734
77.266178
64.119308
78.138292
78.878880
64.403657
75.358741
75.445085
64.940237
67.932779
78.804927
74.385705
69.386683
78.447836
77.917207
67.355899
58.115719
58.281981
64.047255
70.073519
74.560826
67.986066
68.110484
76.126818
66.724667
80.749249
65.288167
72.098574
72.708899
64.226746
65.192058
78.747558
77.477561
72.356132
73.637960
69.030507
78.361494
69.698870
72.300279
66.138109
80.783045
66.939613
76.376616
77.192933
69.612973
68.915306
66.251931
82.875976
71.382388
64.929428
66.079880
69.081256
69.861287
76.932434
72.848479
66.784090
71.607705
76.665498
60.229118
61.419466
72.884561
67.420956
66.474057
77.999872
67.679585
77.590626
76.484419
71.508454
75.719603
68.442690
60.019147
72.776374
67.927630
