0.287848 -0.429114 -0.355640 0.059691
0.289136 -0.417731 -0.345365 0.051224
0.289730 -0.401576 -0.332836 0.042016
0.291821 -0.388620 -0.318705 0.032520
0.288085 -0.396401 -0.323923 0.039991
0.285022 -0.406042 -0.332926 0.047652
0.283322 -0.416521 -0.336459 0.052940
0.282717 -0.404080 -0.328311 0.046830
0.283236 -0.391473 -0.318943 0.040054
0.283891 -0.373422 -0.310385 0.032119
0.282050 -0.377388 -0.313240 0.034547
0.279771 -0.389307 -0.311890 0.039960
0.276282 -0.398722 -0.311348 0.046734
0.275691 -0.394252 -0.309083 0.044651
0.276337 -0.379060 -0.302550 0.036305
0.277839 -0.366588 -0.300818 0.028335
0.277611 -0.365658 -0.296429 0.026300
0.273491 -0.371721 -0.294618 0.033241
0.269748 -0.380335 -0.293749 0.040205
0.267145 -0.377785 -0.293802 0.041685
0.269367 -0.360531 -0.288128 0.030998
0.271365 -0.344817 -0.285347 0.021900
0.271741 -0.339508 -0.279508 0.017696
0.266267 -0.350338 -0.278847 0.026359
0.261111 -0.360506 -0.278016 0.035369
0.257726 -0.361080 -0.282420 0.039123
0.260287 -0.350486 -0.275935 0.029352
0.261945 -0.339313 -0.269565 0.020586
0.263187 -0.332331 -0.266448 0.014364
0.258467 -0.337360 -0.264856 0.020649
0.253688 -0.338750 -0.262161 0.026337
0.250169 -0.337083 -0.259718 0.028828
0.251508 -0.331295 -0.255093 0.022391
0.252132 -0.321943 -0.253993 0.016574
0.252712 -0.314092 -0.248772 0.010738
0.248815 -0.318137 -0.249291 0.015526
0.245435 -0.320485 -0.242756 0.018557
0.240665 -0.324106 -0.238603 0.024757
0.241796 -0.313312 -0.231762 0.016521
0.241944 -0.304777 -0.233859 0.011444
0.241759 -0.299473 -0.237766 0.007959
0.240027 -0.299224 -0.230075 0.007112
0.236722 -0.302219 -0.225219 0.010081
0.234592 -0.300489 -0.215456 0.009291
0.233146 -0.298982 -0.213134 0.008253
0.233067 -0.295332 -0.216238 0.004764
0.232542 -0.287614 -0.215824 0.000377
0.229469 -0.283718 -0.213683 0.000974
0.227105 -0.281482 -0.200690 0.000011
0.224808 -0.284016 -0.188412 0.000312
0.221551 -0.275925 -0.188104 -0.000707
0.220697 -0.271010 -0.192368 -0.003216
0.219082 -0.265732 -0.198655 -0.004504
0.217663 -0.261671 -0.197991 -0.006705
0.214418 -0.263304 -0.187377 -0.005990
0.210976 -0.263835 -0.178922 -0.004871
0.208136 -0.263860 -0.175759 -0.003883
0.207128 -0.256461 -0.178339 -0.007622
0.207033 -0.253746 -0.175947 -0.011815
0.204873 -0.250341 -0.178339 -0.012049
0.201399 -0.243277 -0.169626 -0.014235
0.198184 -0.238925 -0.164037 -0.015142
0.195517 -0.235445 -0.158981 -0.016509
0.193708 -0.235689 -0.157255 -0.016973
0.192738 -0.225648 -0.150804 -0.023754
0.190985 -0.218831 -0.147036 -0.027603
0.187168 -0.217166 -0.142748 -0.026678
0.182689 -0.212544 -0.138421 -0.026000
0.178646 -0.208958 -0.135984 -0.025165
0.177034 -0.205280 -0.131392 -0.028419
0.176379 -0.196543 -0.123906 -0.035721
0.174820 -0.191238 -0.117925 -0.040201
0.170432 -0.190104 -0.117578 -0.037712
0.165458 -0.183638 -0.115947 -0.036768
0.161174 -0.185417 -0.116507 -0.032799
0.158588 -0.175646 -0.113002 -0.037048
0.157846 -0.166024 -0.102949 -0.045823
0.157246 -0.157410 -0.092738 -0.054303
0.153664 -0.154692 -0.090791 -0.054242
0.148129 -0.154318 -0.090404 -0.050114
0.143734 -0.149872 -0.087636 -0.049942
0.140358 -0.145497 -0.083179 -0.051442
0.138687 -0.138609 -0.074116 -0.057781
0.137535 -0.133587 -0.062863 -0.064736
0.134655 -0.126849 -0.055965 -0.068740
0.128547 -0.122040 -0.055918 -0.065744
0.123332 -0.120319 -0.053520 -0.063323
0.119125 -0.115450 -0.047232 -0.064795
0.117692 -0.106411 -0.037606 -0.072518
0.116072 -0.098143 -0.023657 -0.080839
0.113492 -0.087026 -0.012733 -0.088021
0.108250 -0.080665 -0.010499 -0.087578
0.103213 -0.077561 -0.007552 -0.086422
0.098394 -0.071259 -0.003042 -0.087236
0.095967 -0.061496 0.009055 -0.094261
0.093773 -0.052008 0.021840 -0.101445
0.091468 -0.039900 0.035426 -0.109347
0.085272 -0.034773 0.038300 -0.107450
0.080558 -0.031379 0.041126 -0.106718
0.075312 -0.028334 0.044298 -0.105252
0.072113 -0.015220 0.058042 -0.112081
0.067510 -0.001383 0.073684 -0.117416
0.064394 0.011326 0.088036 -0.123539
0.059801 0.017990 0.093221 -0.124109
0.054186 0.024145 0.098357 -0.123219
0.048912 0.031851 0.105267 -0.123330
0.044807 0.044896 0.119337 -0.127245
0.041134 0.059364 0.134900 -0.131684
0.037768 0.074007 0.150948 -0.135899
0.033436 0.084591 0.161407 -0.136992
0.028358 0.096223 0.171972 -0.137087
0.023219 0.107702 0.182440 -0.136634
0.018632 0.120927 0.196235 -0.136786
0.013592 0.136194 0.211399 -0.136055
0.008780 0.150591 0.225876 -0.134670
0.003502 0.165375 0.240334 -0.131877
-0.000470 0.180979 0.254954 -0.130010
-0.005451 0.195826 0.268660 -0.125868
-0.009668 0.214298 0.286454 -0.121496
-0.012871 0.232510 0.304539 -0.116797
-0.014719 0.250427 0.322660 -0.112311
-0.016841 0.269752 0.341097 -0.105798
-0.019954 0.290352 0.359696 -0.096119
-0.020465 0.312451 0.380813 -0.086667
-0.021919 0.333798 0.401113 -0.074087
-0.019906 0.355554 0.422385 -0.063117
-0.016984 0.378116 0.443850 -0.050358
-0.013830 0.400421 0.464939 -0.035323
-0.007736 0.425158 0.488995 -0.018213
-0.002819 0.448270 0.511196 0.002417
0.006161 0.473209 0.534981 0.023561
0.016809 0.499203 0.559379 0.048475
0.028058 0.521752 0.581038 0.072451
0.040761 0.543221 0.602166 0.097879
0.056613 0.565918 0.624028 0.125556
0.075477 0.587784 0.646218 0.154978
0.093554 0.606838 0.665715 0.185063
0.114642 0.625250 0.683763 0.213301
0.136564 0.642823 0.700467 0.244297
0.159859 0.658765 0.716156 0.276074
0.189980 0.674812 0.733036 0.308152
0.221615 0.688832 0.748757 0.343729
0.257401 0.701506 0.763212 0.380481
0.292728 0.711464 0.774423 0.414890
0.326849 0.718872 0.782132 0.450452
0.362543 0.724416 0.787598 0.484207
0.400516 0.727088 0.791580 0.519456
0.448266 0.727235 0.794366 0.559409
0.498469 0.724405 0.793207 0.598267
0.544558 0.718143 0.788036 0.632832
0.587782 0.709592 0.779553 0.664090
0.625789 0.699068 0.768834 0.690789
0.661004 0.685729 0.755812 0.717539
0.703682 0.668520 0.739252 0.743570
0.741530 0.647448 0.719338 0.771286
0.781079 0.623688 0.696352 0.795166
0.806808 0.605968 0.677749 0.807303
0.829741 0.587426 0.658099 0.819427
0.845540 0.570872 0.640801 0.828939
0.870915 0.547092 0.617212 0.840028
0.890099 0.524184 0.594405 0.850553
0.910652 0.498600 0.568901 0.860154
0.923278 0.479444 0.549436 0.865017
0.933612 0.463766 0.533102 0.865829
0.943588 0.448402 0.517032 0.865554
0.953725 0.428294 0.496833 0.869354
0.962900 0.407562 0.476171 0.873276
0.969036 0.388686 0.457389 0.876929
0.974509 0.371982 0.440448 0.878278
0.982942 0.356042 0.423672 0.875330
0.992740 0.338782 0.405516 0.871357
0.996912 0.324588 0.390726 0.870081
0.997793 0.309062 0.375106 0.872997
0.995992 0.296313 0.362418 0.876138
0.994553 0.282343 0.348334 0.879705
1.002725 0.267182 0.332064 0.873921
1.009760 0.253852 0.317434 0.867689
1.015432 0.239743 0.302406 0.863169
1.013215 0.229209 0.291618 0.864707
1.010382 0.217698 0.279601 0.867696
1.007346 0.206867 0.268131 0.870432
1.011623 0.195908 0.256117 0.865288
1.017741 0.186819 0.245271 0.857065
1.023552 0.176084 0.232726 0.850262
1.023841 0.163808 0.219339 0.850690
1.022659 0.153646 0.208074 0.851436
1.020709 0.143926 0.198146 0.852508
1.020311 0.134603 0.187704 0.851958
1.022391 0.129377 0.181751 0.845882
1.020383 0.124136 0.175722 0.844533
1.020424 0.117083 0.168405 0.841936
1.020962 0.106879 0.156635 0.841690
1.019252 0.097891 0.146982 0.842795
1.022779 0.085880 0.133394 0.840644
1.023545 0.081128 0.128479 0.836245
1.023910 0.074621 0.120780 0.833993
1.024487 0.066419 0.112300 0.832455
1.026575 0.059174 0.103350 0.829304
1.028280 0.053052 0.095914 0.825763
1.029206 0.048086 0.088728 0.822773
