36.966219
37.309302
37.652385
37.995468
38.338551
38.681634
39.024717
39.367800
39.710882
40.053965
40.397048
40.740131
41.083214
41.426297
41.769380
42.112463
42.455546
42.798628
43.141711
43.484794
43.827877
44.170960
44.514043
44.857126
45.200209
45.543291
45.886374
46.229457
46.572540
46.915623
47.258706
47.601789
47.944872
48.287955
48.631037
48.974120
49.317203
49.660286
50.003369
50.346452
50.689535
51.032618
51.375701
51.718783
52.061866
52.404949
52.748032
53.091115
53.434198
53.777281
54.120364
54.463446
54.806529
55.149612
55.492695
55.835778
56.178861
56.521944
56.865027
57.208110
57.551192
57.894275
58.237358
58.580441
58.923524
59.266607
59.609690
59.952773
60.295855
60.638938
60.982021
61.325104
61.668187
62.011270
62.354353
62.697436
63.040519
63.383601
63.726684
64.069767
64.412850
64.755933
65.099016
65.442099
65.785182
66.128264
66.471347
66.814430
67.157513
67.500596
67.843679
68.186762
68.529845
68.872928
69.216010
69.559093
69.902176
70.245259
70.588342
70.931425
71.274508
71.617591
71.960674
72.303756
72.646839
72.989922
73.333005
73.676088
74.019171
74.362254
74.705337
75.048419
75.391502
75.734585
76.077668
76.420751
76.763834
77.106917
77.450000
77.793083
78.136165
78.479248
78.822331
79.165414
79.508497
79.851580
80.194663
80.537746
80.880828
81.223911
81.566994
81.910077
82.253160
82.596243
82.939326
83.282409
83.625492
83.968574
84.311657
84.654740
84.997823
85.340906
85.683989
86.027072
86.370155
86.713238
87.056320
87.399403
87.742486
88.085569
88.428652
88.771735
89.114818
89.457901
89.800983
90.144066
90.487149
90.830232
91.173315
91.516398
91.859481
92.202564
92.545647
92.888729
93.231812
93.574895
93.917978
94.261061
94.604144
94.947227
95.290310
95.633392
95.976475
96.319558
96.662641
97.005724
97.348807
97.691890
98.034973
98.378056
98.721138
99.064221
99.407304
99.750387
100.093470
100.436553
100.779636
101.122719
101.465801
101.808884
102.151967
102.495050
102.838133
103.181216
103.524299
103.867382
104.210465
104.553547
104.896630
105.239713
