1.438860
1.162669
1.516245
0.307689
0.869791
0.372324
1.697985
1.517939
1.887411
1.604668
1.599838
0.711408
0.982201
1.289536
0.603631
1.071451
1.012925
1.333342
0.220547
1.064880
1.083074
1.385905
1.686828
1.593467
1.216711
1.642366
1.420422
0.813222
2.206010
0.618072
1.334972
1.230777
1.800809
1.482396
0.994112
1.769507
0.765620
0.716882
0.504364
1.494953
0.711284
0.769673
1.296649
1.282931
0.928526
0.463669
1.410961
1.910684
1.559061
0.993416
1.054895
2.609168
0.799112
0.696616
0.531612
1.342720
1.346381
1.571076
0.477492
2.285787
1.555781
1.538071
1.358438
0.950745
1.534713
1.557892
2.101754
1.632072
1.013770
0.638482
0.724315
1.235780
1.199984
1.563232
1.640048
1.315800
2.003717
1.412406
0.597086
1.121886
0.959616
1.505622
1.015207
1.347581
1.404161
0.986816
0.680261
1.550740
1.073694
2.049735
1.119309
1.181490
0.852984
1.496488
0.900293
1.653951
1.054928
0.745527
0.953373
0.555847
1.699916
1.889991
0.937794
1.133628
1.066534
1.302798
1.447769
0.536988
0.607366
0.980154
0.865848
0.550647
1.227075
0.870455
2.012326
2.129452
2.115487
1.376667
1.238308
1.158011
0.908093
1.078545
1.829912
1.380182
1.840624
1.519375
0.813341
1.049505
0.914610
0.582503
0.580296
0.886362
0.909146
1.158342
0.608472
1.705626
1.384206
0.672395
1.821660
1.329680
1.006468
0.856131
1.277154
1.291212
0.486440
0.236328
0.934943
1.316412
0.976927
0.869399
0.816464
0.881526
1.039781
1.240244
0.805079
1.135134
0.622971
1.325112
1.121132
1.941890
0.954577
0.848328
0.510024
1.413589
0.807059
0.797553
1.482592
0.309353
0.699617
1.388800
0.775172
2.038780
0.506911
2.149249
1.196370
0.532963
1.941628
2.028761
0.544231
2.462433
0.731686
1.308734
0.829891
0.866624
1.856156
0.866453
1.568765
1.429995
0.561498
1.989982
0.952482
1.186598
1.028827
1.162021
0.930314
1.169733
5.529884
1.004294
0.965411
3.797984
1.022025
0.627814
1.152874
1.397793
0.803169
1.613086
1.320352
1.662513
1.381475
1.062699
0.823668
3.092319
1.131841
0.595468
1.153022
0.603786
1.753482
1.833097
1.813706
1.069473
1.048829
0.872716
1.571206
0.555083
1.172761
0.603057
1.478799
1.365393
1.554109
1.543701
1.172705
1.580691
0.495960
1.551628
1.543988
1.433180
0.632959
0.597656
1.066063
1.073785
