0.425251 -0.462140 -0.425774 0.110722
0.419187 -0.466443 -0.427793 0.114225
0.412913 -0.472774 -0.430144 0.116465
0.407168 -0.476458 -0.433376 0.118761
0.412026 -0.470862 -0.430091 0.116487
0.418412 -0.464521 -0.425473 0.114683
0.423644 -0.456878 -0.424028 0.113722
0.419499 -0.461637 -0.424302 0.115214
0.414904 -0.465590 -0.424947 0.116732
0.409965 -0.471707 -0.424532 0.117911
0.412636 -0.468256 -0.422028 0.117990
0.416649 -0.460282 -0.422649 0.116883
0.421364 -0.453388 -0.422971 0.114322
0.420838 -0.453650 -0.421485 0.115184
0.416321 -0.459018 -0.420165 0.117663
0.413185 -0.463109 -0.417571 0.120832
0.412857 -0.461278 -0.417614 0.121861
0.416594 -0.455994 -0.417173 0.118836
0.421000 -0.449579 -0.417143 0.116246
0.422669 -0.448888 -0.414927 0.115361
0.417161 -0.454607 -0.412721 0.119021
0.413130 -0.459440 -0.410030 0.121990
0.411560 -0.459179 -0.409900 0.123270
0.416895 -0.452464 -0.409698 0.120537
0.422313 -0.445691 -0.409723 0.117184
0.426023 -0.443792 -0.406219 0.116082
0.421569 -0.446112 -0.405471 0.120215
0.417857 -0.448634 -0.404770 0.123290
0.415948 -0.449443 -0.403348 0.125962
0.419794 -0.444997 -0.402672 0.123577
0.422823 -0.441837 -0.401803 0.120618
0.424560 -0.440126 -0.400502 0.119110
0.422513 -0.440181 -0.399659 0.122053
0.420858 -0.441936 -0.396904 0.124404
0.418840 -0.442553 -0.395934 0.126323
0.422500 -0.438931 -0.394388 0.125151
0.424268 -0.435048 -0.395060 0.123571
0.427490 -0.430780 -0.394976 0.120687
0.424209 -0.432416 -0.393880 0.123409
0.423697 -0.433975 -0.390149 0.125921
0.424286 -0.434579 -0.386338 0.128434
0.424589 -0.431682 -0.387048 0.128546
0.426838 -0.427741 -0.387126 0.127537
0.426596 -0.425144 -0.388131 0.127049
0.427529 -0.423318 -0.386799 0.127939
0.428436 -0.423069 -0.383539 0.130746
0.428039 -0.423893 -0.380674 0.132688
0.429339 -0.422747 -0.378679 0.132200
0.428646 -0.419685 -0.380362 0.131220
0.428980 -0.415250 -0.382622 0.130641
0.429929 -0.415827 -0.379426 0.130581
0.431309 -0.415839 -0.375494 0.132789
0.433385 -0.416356 -0.370865 0.134609
0.434267 -0.415566 -0.368547 0.136085
0.435323 -0.411349 -0.370068 0.135379
0.436664 -0.407822 -0.370689 0.134610
0.438758 -0.405137 -0.369678 0.134734
0.439571 -0.405854 -0.365830 0.137019
0.439986 -0.404426 -0.364367 0.139784
0.442273 -0.403584 -0.361038 0.140980
0.442032 -0.402521 -0.360453 0.140436
0.442975 -0.400894 -0.359326 0.140379
0.444005 -0.399076 -0.358219 0.140907
0.446231 -0.396447 -0.356793 0.142399
0.444819 -0.396760 -0.355146 0.144352
0.445103 -0.396201 -0.353167 0.145836
0.447373 -0.393688 -0.351947 0.145705
0.449313 -0.392044 -0.350189 0.145048
0.451728 -0.390319 -0.348088 0.144918
0.452675 -0.388559 -0.346802 0.146758
0.451544 -0.388087 -0.345584 0.149219
0.451947 -0.386651 -0.344426 0.151141
0.455684 -0.384323 -0.342082 0.151192
0.458226 -0.383313 -0.339104 0.150646
0.463093 -0.380207 -0.336948 0.150755
0.463638 -0.380225 -0.334195 0.152155
0.462150 -0.379517 -0.333531 0.154946
0.460979 -0.378435 -0.333005 0.157761
0.464112 -0.376372 -0.330867 0.158784
0.469038 -0.373603 -0.328470 0.158387
0.472099 -0.371783 -0.326163 0.158829
0.474640 -0.369861 -0.324437 0.160012
0.474919 -0.368191 -0.323704 0.162534
0.475083 -0.365763 -0.323905 0.165473
0.476604 -0.364148 -0.322435 0.167207
0.481429 -0.362485 -0.319130 0.166794
0.486273 -0.359713 -0.317030 0.167061
0.489175 -0.357386 -0.315534 0.168108
0.489533 -0.356148 -0.314520 0.171237
0.489338 -0.354041 -0.314684 0.174118
0.489734 -0.352944 -0.313427 0.176322
0.494175 -0.351328 -0.310486 0.177095
0.499305 -0.348779 -0.308318 0.178171
0.503476 -0.346902 -0.306031 0.179393
0.504437 -0.345078 -0.305233 0.182136
0.505625 -0.343167 -0.304698 0.185057
0.506299 -0.341718 -0.303821 0.187808
0.512305 -0.339417 -0.301141 0.188644
0.518407 -0.336816 -0.298901 0.190676
0.524994 -0.333993 -0.296758 0.192410
0.526567 -0.332514 -0.295614 0.195059
0.528355 -0.330681 -0.294595 0.196650
0.530618 -0.328938 -0.293654 0.199474
0.536714 -0.326669 -0.291405 0.202085
0.543607 -0.324136 -0.289123 0.204151
0.550004 -0.321727 -0.287005 0.206440
0.553719 -0.319712 -0.285760 0.209152
0.557072 -0.317802 -0.284633 0.212122
0.560605 -0.315808 -0.283595 0.215342
0.566753 -0.313459 -0.281868 0.218584
0.573319 -0.311205 -0.279887 0.221444
0.580354 -0.308844 -0.277881 0.224438
0.586663 -0.306382 -0.276379 0.227639
0.592949 -0.304055 -0.274745 0.230477
0.599917 -0.301553 -0.273114 0.233695
0.607351 -0.298939 -0.271291 0.236685
0.614881 -0.296645 -0.269542 0.240665
0.623316 -0.293992 -0.267502 0.244158
0.630984 -0.291589 -0.265840 0.247702
0.638762 -0.289011 -0.264331 0.251862
0.646692 -0.286382 -0.262991 0.256903
0.655049 -0.283843 -0.261354 0.261590
0.664167 -0.281284 -0.259300 0.265453
0.672486 -0.278771 -0.257751 0.270296
0.682007 -0.275932 -0.255913 0.274535
0.690793 -0.273271 -0.254540 0.280464
0.699794 -0.270679 -0.253022 0.286455
0.709418 -0.267948 -0.251337 0.292279
0.718210 -0.265353 -0.249991 0.298347
0.728367 -0.262425 -0.248200 0.303680
0.737501 -0.259897 -0.246683 0.309953
0.746704 -0.257481 -0.245016 0.315774
0.756518 -0.254822 -0.243367 0.322445
0.766247 -0.252070 -0.241775 0.329225
0.775726 -0.249680 -0.240217 0.336214
0.784456 -0.247237 -0.238959 0.343287
0.794123 -0.244612 -0.237477 0.350368
0.803162 -0.242417 -0.236063 0.358543
0.812377 -0.240314 -0.234424 0.366178
0.821684 -0.238174 -0.232891 0.373945
0.829362 -0.236390 -0.232008 0.382374
0.837207 -0.234469 -0.231155 0.390037
0.844336 -0.232808 -0.230479 0.397704
0.852006 -0.231196 -0.229654 0.406013
0.859761 -0.229689 -0.228569 0.413628
0.867293 -0.228398 -0.227567 0.421764
0.874517 -0.227053 -0.226885 0.429539
0.880481 -0.226030 -0.226764 0.436757
0.886158 -0.225330 -0.226638 0.444153
0.891708 -0.224722 -0.226506 0.451519
0.897540 -0.224238 -0.226231 0.459129
0.903332 -0.223796 -0.225990 0.466737
0.909191 -0.223324 -0.225830 0.473601
0.913659 -0.223311 -0.226197 0.480347
0.918383 -0.223206 -0.226550 0.485607
0.922520 -0.223382 -0.227102 0.491204
0.927001 -0.223638 -0.227440 0.498027
0.931791 -0.223903 -0.227673 0.504405
0.936879 -0.224071 -0.227907 0.510553
0.940373 -0.224667 -0.228766 0.515765
0.944318 -0.225190 -0.229488 0.520388
0.947470 -0.225997 -0.230474 0.524371
0.951471 -0.226604 -0.231192 0.529417
0.955030 -0.227431 -0.232091 0.534881
0.958600 -0.228270 -0.232980 0.540487
0.961784 -0.229227 -0.234060 0.544161
0.965118 -0.230113 -0.235086 0.547617
0.968566 -0.231005 -0.236117 0.550755
0.971811 -0.232010 -0.237209 0.554268
0.974135 -0.233336 -0.238548 0.558530
0.975789 -0.234865 -0.240100 0.562464
0.978722 -0.236017 -0.241283 0.566078
0.981973 -0.237082 -0.242438 0.568036
0.985785 -0.237989 -0.243462 0.570161
0.989378 -0.238970 -0.244518 0.571818
0.990743 -0.240566 -0.246128 0.575409
0.992055 -0.242233 -0.247769 0.578982
0.993400 -0.243858 -0.249446 0.581738
0.996846 -0.244882 -0.250561 0.583639
1.000062 -0.246030 -0.251731 0.584595
1.003385 -0.247150 -0.252849 0.585689
1.004841 -0.248739 -0.254476 0.588484
1.005771 -0.250567 -0.256206 0.592116
1.006797 -0.252308 -0.257831 0.595206
1.008825 -0.253728 -0.259215 0.595917
1.011495 -0.254975 -0.260409 0.597027
1.014186 -0.256142 -0.261751 0.597916
1.016421 -0.257510 -0.263090 0.599096
1.018051 -0.259093 -0.264780 0.602230
1.020535 -0.260500 -0.266209 0.603926
1.022720 -0.261803 -0.267709 0.605925
1.024385 -0.263303 -0.269091 0.606353
1.026922 -0.264468 -0.270336 0.606924
1.027693 -0.266049 -0.271858 0.607335
1.029600 -0.267444 -0.273480 0.609894
1.031387 -0.268916 -0.274912 0.611299
1.033069 -0.270221 -0.276436 0.612246
1.034320 -0.271811 -0.277875 0.613596
1.035502 -0.273427 -0.279428 0.615048
1.037213 -0.275041 -0.280703 0.616757
