0.996050
0.060986
1.151689
-0.354220
-1.957801
0.394355
2.144177
0.469409
0.174364
1.191768
0.017260
0.675700
-0.076042
1.132248
0.140021
3.493436
0.826068
-1.487621
-0.361728
-0.939445
1.162787
-0.743027
-1.115718
-1.255280
-0.212886
1.298153
0.693092
0.616410
1.582997
0.324321
-0.018512
0.529691
1.391835
0.910904
-0.476865
0.396277
0.105576
0.151557
-0.713028
0.743885
-0.041554
3.284521
0.863750
1.041362
0.323352
-0.713499
0.866902
0.913598
-0.775564
-0.571200
0.044823
-0.920530
0.215129
-0.206284
-0.257280
-0.581928
-0.673001
-1.089308
-0.856050
1.494482
-1.042492
-0.949084
-0.613208
-0.336519
-0.861537
-0.935648
-1.493664
-1.146648
-0.639990
0.235299
-0.490673
-1.120696
-1.707230
-0.829866
-0.912390
-1.882866
0.182656
0.944003
0.834943
-0.777788
-0.477954
0.794230
1.127804
0.258673
-1.225546
0.491147
-0.701114
0.702060
0.737096
-1.926381
1.869554
-1.009051
-0.087426
0.668942
-0.622434
-0.543498
0.817042
0.496978
-0.468388
-0.074929
-0.077728
1.032674
-0.394068
-0.806042
0.207417
-1.223379
-0.494847
0.154112
-1.041028
0.769020
0.218670
-0.255292
-0.619736
0.189393
1.666394
-0.840927
0.387769
0.686118
1.033219
-0.415664
-0.360601
0.585044
2.271840
-1.327568
1.699873
-0.926789
-0.524851
0.700647
1.469647
-0.677781
0.418498
-1.722602
0.110926
-1.122750
-0.358800
-0.799248
-1.004249
-0.417459
-1.044675
-0.758041
-0.314664
0.142209
-0.649673
0.916388
1.060180
-0.163598
0.403513
0.733057
0.092576
-0.304947
-0.094489
-0.792060
-0.047542
2.409220
0.161068
-1.270551
-0.126523
1.502925
0.824065
1.946809
1.302753
0.035465
-0.428954
-0.349316
-1.284905
-0.363378
0.716761
0.085556
0.032809
-0.743886
-0.347501
-0.564621
-1.049295
-1.100914
-0.592849
0.472115
0.177725
-1.330427
0.010622
-0.166328
0.701585
1.118321
-0.029561
-1.490300
-0.203444
1.039208
0.754047
1.010120
0.244078
-1.836125
2.111803
2.899742
-0.364753
-0.568347
-0.843319
2.427260
2.148565
-0.572255
-0.134639
0.753841
-0.658782
0.205724
-0.462071
-0.935153
-0.507563
-1.491552
-0.635333
0.859614
-0.558877
-1.106683
0.724184
-2.067943
-0.331166
-0.502497
-0.206258
-0.269452
1.798612
1.204639
-1.112047
-0.395716
-0.242522
0.295663
-1.167919
-0.222121
2.402155
-0.074269
0.893041
-0.020605
-0.607542
0.872227
-0.383122
-2.145542
0.132869
0.818033
-0.428745
-0.108089
-0.281901
-0.004044
-0.618430
-0.980284
