1.311601
1.428101
1.261956
0.906125
1.470970
0.396041
1.188942
1.163132
1.384397
1.411253
0.393576
1.395209
1.340323
1.548058
1.301884
0.394843
1.402343
1.302646
0.395388
1.845669
1.317596
1.481032
0.396552
1.181706
1.365598
1.235433
1.345901
1.101795
1.498974
0.676245
1.556917
1.569385
1.363562
1.095559
1.257227
1.540335
1.381990
1.353857
0.924167
1.855749
0.998971
0.394588
1.539594
0.396508
1.147840
0.873042
1.395063
0.395040
0.933022
0.395405
1.570442
1.857306
1.200911
1.277196
0.819640
1.290243
1.213927
1.741948
1.146410
1.653558
1.446325
0.825358
0.395340
1.292727
1.332519
1.292750
0.878047
1.327675
1.063045
1.320304
0.395874
1.161022
1.616201
0.395283
1.420077
1.340543
0.389199
1.156026
0.395421
1.056605
1.305242
1.180718
1.132604
0.393756
1.237521
1.308288
0.487369
1.543648
1.452772
1.383728
1.323373
1.178319
0.395445
0.394010
1.081227
0.394797
1.177278
1.320692
1.254530
0.936141
0.392566
1.493531
1.155109
1.198945
1.227059
1.245807
1.197491
0.815306
0.396497
1.255496
1.277574
0.945613
1.190036
1.218896
1.571609
0.393406
1.368363
1.401801
1.389083
1.226381
0.841801
1.193940
1.257099
1.140617
1.490043
0.395475
1.387063
1.123999
0.395550
0.395618
0.394939
1.746889
1.552543
0.397314
0.395816
0.425913
1.392494
1.034696
0.398779
1.185562
1.370355
1.048575
0.392392
1.438822
0.395544
0.395371
0.395291
1.251873
1.405646
1.263156
1.207663
1.202741
1.301300
1.690489
1.519913
1.042860
1.651986
1.095115
1.196566
1.626121
1.314946
1.430608
1.249994
0.394857
0.395518
1.473224
0.879046
1.147484
1.421622
1.356769
0.396012
0.394345
0.756980
1.622497
1.393155
1.038069
1.619727
1.619618
1.219426
1.394454
0.396106
1.167145
1.299814
1.153836
0.398035
0.394407
0.394002
1.184749
1.060281
1.447224
1.639082
1.045336
1.450614
1.452770
0.395723
0.395347
1.356310
0.395558
1.100479
1.399255
1.143564
0.395790
0.396778
1.172263
1.096621
1.026977
1.346102
1.409875
1.359606
1.373112
0.397259
1.864012
1.413270
0.873725
1.500212
1.166632
1.112105
1.561797
1.301262
1.467634
1.359574
1.126498
1.192330
1.483024
1.410980
1.504780
1.211272
1.569206
0.850036
1.490255
1.155211
1.294176
1.111163
1.631350
0.392500
1.425383
0.395684
1.197984
1.248682
1.479605
