74.837352
75.337352
75.837352
76.337352
76.837352
79.582265
80.082265
80.582265
81.082265
81.582265
75.412501
75.912501
76.412501
76.912501
77.412501
65.354640
65.854640
66.354640
66.854640
67.354640
59.379135
59.879135
60.379135
60.879135
61.379135
72.402927
72.902927
73.402927
73.902927
74.402927
87.728642
88.228642
88.728642
89.228642
89.728642
67.128367
67.628367
68.128367
68.628367
69.128367
59.381476
59.881476
60.381476
60.881476
61.381476
58.786776
59.286776
59.786776
60.286776
60.786776
55.151333
55.651333
56.151333
56.651333
57.151333
82.759962
83.259962
83.759962
84.259962
84.759962
61.603742
62.103742
62.603742
63.103742
63.603742
80.033258
80.533258
81.033258
81.533258
82.033258
89.744707
90.244707
90.744707
91.244707
91.744707
62.957548
63.457548
63.957548
64.457548
64.957548
97.063278
97.563278
98.063278
98.563278
99.063278
62.490824
62.990824
63.490824
63.990824
64.490824
58.943807
59.443807
59.943807
60.443807
60.943807
67.233884
67.733884
68.233884
68.733884
69.233884
95.881733
96.381733
96.881733
97.381733
97.881733
71.053558
71.553558
72.053558
72.553558
73.053558
72.308933
72.808933
73.308933
73.808933
74.308933
57.036225
57.536225
58.036225
58.536225
59.036225
78.884949
79.384949
79.884949
80.384949
80.884949
71.966798
72.466798
72.966798
73.466798
73.966798
89.127119
89.627119
90.127119
90.627119
91.127119
57.272046
57.772046
58.272046
58.772046
59.272046
76.965262
77.465262
77.965262
78.465262
78.965262
94.565266
95.065266
95.565266
96.065266
96.565266
108.491460
108.991460
109.491460
109.991460
110.491460
50.065268
50.565268
51.065268
51.565268
52.065268
86.012968
86.512968
87.012968
87.512968
88.012968
112.038266
112.538266
113.038266
113.538266
114.038266
63.855001
64.355001
64.855001
65.355001
65.855001
55.537110
56.037110
56.537110
57.037110
57.537110
97.546832
98.046832
98.546832
99.046832
99.546832
89.144977
89.644977
90.144977
90.644977
91.144977
57.739022
58.239022
58.739022
59.239022
59.739022
54.706758
55.206758
55.706758
56.206758
56.706758
79.695856
80.195856
80.695856
81.195856
81.695856
79.339948
79.839948
80.339948
80.839948
81.339948
56.798906
57.298906
57.798906
58.298906
58.798906
72.646223
73.146223
73.646223
74.146223
74.646223
88.700978
89.200978
89.700978
90.200978
90.700978
67.857053
68.357053
68.857053
69.357053
69.857053
57.630387
58.130387
58.630387
59.130387
59.630387
75.115326
75.615326
76.115326
76.615326
77.115326
36.087176
36.587176
37.087176
37.587176
38.087176
42.486252
42.986252
43.486252
43.986252
44.486252
45.469524
45.969524
46.469524
46.969524
47.469524
56.179494
56.679494
57.179494
57.679494
58.179494
72.004114
72.504114
73.004114
73.504114
74.004114
72.443290
72.943290
73.443290
73.943290
74.443290
77.284384
77.784384
78.284384
78.784384
79.284384
112.417592
112.917592
113.417592
113.917592
114.417592
38.420203
38.920203
39.420203
39.920203
40.420203
64.442338
64.942338
65.442338
65.942338
66.442338
98.921501
99.421501
99.921501
100.421501
100.921501
79.076965
79.576965
80.076965
80.576965
81.076965
65.081502
65.581502
66.081502
66.581502
67.081502
97.299900
97.799900
98.299900
98.799900
99.299900
75.213934
75.713934
76.213934
76.713934
77.213934
73.238508
73.738508
74.238508
74.738508
75.238508
55.280568
55.780568
56.280568
56.780568
57.280568
55.523963
56.023963
56.523963
57.023963
57.523963
52.950185
53.450185
53.950185
54.450185
54.950185
75.846375
76.346375
76.846375
77.346375
77.846375
69.668618
70.168618
70.668618
71.168618
71.668618
95.334145
95.834145
96.334145
96.834145
97.334145
83.512848
84.012848
84.512848
85.012848
85.512848
63.547168
64.047168
64.547168
65.047168
65.547168
58.067541
58.567541
59.067541
59.567541
60.067541
86.018189
86.518189
87.018189
87.518189
88.018189
58.572276
59.072276
59.572276
60.072276
60.572276
59.206266
59.706266
60.206266
60.706266
61.206266
73.807874
74.307874
74.807874
75.307874
75.807874
82.196652
82.696652
83.196652
83.696652
84.196652
72.096708
72.596708
73.096708
73.596708
74.096708
62.058106
62.558106
63.058106
63.558106
64.058106
95.055352
95.555352
96.055352
96.555352
97.055352
68.115030
68.615030
69.115030
69.615030
70.115030
60.877322
61.377322
61.877322
62.377322
62.877322
75.228490
75.728490
76.228490
76.728490
77.228490
91.504038
92.004038
92.504038
93.004038
93.504038
73.554931
74.054931
74.554931
75.054931
75.554931
60.820928
61.320928
61.820928
62.320928
62.820928
46.571007
47.071007
47.571007
48.071007
48.571007
53.099003
53.599003
54.099003
54.599003
55.099003
61.032510
61.532510
62.032510
62.532510
63.032510
83.230497
83.730497
84.230497
84.730497
85.230497
75.956169
76.456169
76.956169
77.456169
77.956169
69.501285
70.001285
70.501285
71.001285
71.501285
62.943143
63.443143
63.943143
64.443143
64.943143
80.962745
81.462745
81.962745
82.462745
82.962745
55.203708
55.703708
56.203708
56.703708
57.203708
59.038109
59.538109
60.038109
60.538109
61.038109
55.764290
56.264290
56.764290
57.264290
57.764290
29.243312
29.743312
30.243312
30.743312
31.243312
54.506786
55.006786
55.506786
56.006786
56.506786
51.231757
51.731757
52.231757
52.731757
53.231757
67.477845
67.977845
68.477845
68.977845
69.477845
73.646718
74.146718
74.646718
75.146718
75.646718
49.394069
49.894069
50.394069
50.894069
51.394069
83.861984
84.361984
84.861984
85.361984
85.861984
79.458541
79.958541
80.458541
80.958541
81.458541
104.836107
105.336107
105.836107
106.336107
106.836107
67.085034
67.585034
68.085034
68.585034
69.085034
79.781524
80.281524
80.781524
81.281524
81.781524
87.694523
88.194523
88.694523
89.194523
89.694523
91.042481
91.542481
92.042481
92.542481
93.042481
82.249168
82.749168
83.249168
83.749168
84.249168
63.483605
63.983605
64.483605
64.983605
65.483605
69.254096
69.754096
70.254096
70.754096
71.254096
86.184932
86.684932
87.184932
87.684932
88.184932
84.100148
84.600148
85.100148
85.600148
86.100148
97.489838
97.989838
98.489838
98.989838
99.489838
55.028388
55.528388
56.028388
56.528388
57.028388
62.304954
62.804954
63.304954
63.804954
64.304954
78.929783
79.429783
79.929783
80.429783
80.929783
69.923972
70.423972
70.923972
71.423972
71.923972
54.938168
55.438168
55.938168
56.438168
56.938168
97.614524
98.114524
98.614524
99.114524
99.614524
84.592890
85.092890
85.592890
86.092890
86.592890
48.775290
49.275290
49.775290
50.275290
50.775290
67.970857
68.470857
68.970857
69.470857
69.970857
68.441884
68.941884
69.441884
69.941884
70.441884
70.731057
71.231057
71.731057
72.231057
72.731057
71.767188
72.267188
72.767188
73.267188
73.767188
79.771611
80.271611
80.771611
81.271611
81.771611
66.551962
67.051962
67.551962
68.051962
68.551962
72.644466
73.144466
73.644466
74.144466
74.644466
89.809190
90.309190
90.809190
91.309190
91.809190
51.387198
51.887198
52.387198
52.887198
53.387198
42.832130
43.332130
43.832130
44.332130
44.832130
43.527296
44.027296
44.527296
45.027296
45.527296
93.385210
93.885210
94.385210
94.885210
95.385210
60.111452
60.611452
61.111452
61.611452
62.111452
68.934357
69.434357
69.934357
70.434357
70.934357
75.595705
76.095705
76.595705
77.095705
77.595705
81.454399
81.954399
82.454399
82.954399
83.454399
76.889814
77.389814
77.889814
78.389814
78.889814
64.179019
64.679019
65.179019
65.679019
66.179019
82.989933
83.489933
83.989933
84.489933
84.989933
49.682216
50.182216
50.682216
51.182216
51.682216
75.828154
76.328154
76.828154
77.328154
77.828154
83.001391
83.501391
84.001391
84.501391
85.001391
44.818074
45.318074
45.818074
46.318074
46.818074
93.474255
93.974255
94.474255
94.974255
95.474255
61.368979
61.868979
62.368979
62.868979
63.368979
57.116269
57.616269
58.116269
58.616269
59.116269
73.730021
74.230021
74.730021
75.230021
75.730021
66.943506
67.443506
67.943506
68.443506
68.943506
68.203684
68.703684
69.203684
69.703684
70.203684
78.297465
78.797465
79.297465
79.797465
80.297465
41.013526
41.513526
42.013526
42.513526
43.013526
74.734388
75.234388
75.734388
76.234388
76.734388
93.469697
93.969697
94.469697
94.969697
95.469697
29.966816
30.466816
30.966816
31.466816
31.966816
47.259611
47.759611
48.259611
48.759611
49.259611
48.305698
48.805698
49.305698
49.805698
50.305698
79.438346
79.938346
80.438346
80.938346
81.438346
78.027476
78.527476
79.027476
79.527476
80.027476
60.668653
61.168653
61.668653
62.168653
62.668653
95.734350
96.234350
96.734350
97.234350
97.734350
83.873703
84.373703
84.873703
85.373703
85.873703
48.563765
49.063765
49.563765
50.063765
50.563765
78.124416
78.624416
79.124416
79.624416
80.124416
92.845592
93.345592
93.845592
94.345592
94.845592
76.418091
76.918091
77.418091
77.918091
78.418091
73.507963
74.007963
74.507963
75.007963
75.507963
68.236565
68.736565
69.236565
69.736565
70.236565
76.631751
77.131751
77.631751
78.131751
78.631751
61.795683
62.295683
62.795683
63.295683
63.795683
35.192088
35.692088
36.192088
36.692088
37.192088
64.836735
65.336735
65.836735
66.336735
66.836735
82.358975
82.858975
83.358975
83.858975
84.358975
63.134727
63.634727
64.134727
64.634727
65.134727
52.297410
52.797410
53.297410
53.797410
54.297410
88.753747
89.253747
89.753747
90.253747
90.753747
58.122820
58.622820
59.122820
59.622820
60.122820
69.821319
70.321319
70.821319
71.321319
71.821319
64.980241
65.480241
65.980241
66.480241
66.980241
66.251624
66.751624
67.251624
67.751624
68.251624
89.385842
89.885842
90.385842
90.885842
91.385842
74.805648
75.305648
75.805648
76.305648
76.805648
62.770487
63.270487
63.770487
64.270487
64.770487
59.645447
60.145447
60.645447
61.145447
61.645447
76.285954
76.785954
77.285954
77.785954
78.285954
54.573225
55.073225
55.573225
56.073225
56.573225
76.932223
77.432223
77.932223
78.432223
78.932223
79.416401
79.916401
80.416401
80.916401
81.416401
65.683465
66.183465
66.683465
67.183465
67.683465
73.130908
73.630908
74.130908
74.630908
75.130908
71.442827
71.942827
72.442827
72.942827
73.442827
75.755674
76.255674
76.755674
77.255674
77.755674
69.689606
70.189606
70.689606
71.189606
71.689606
104.952588
105.452588
105.952588
106.452588
106.952588
49.051092
49.551092
50.051092
50.551092
51.051092
90.669874
91.169874
91.669874
92.169874
92.669874
