0.066129
0.104953
0.042619
0.086520
0.025468
0.122746
0.046455
0.325172
0.695160
0.051993
0.049074
0.210242
0.079533
0.060408
0.109934
0.077595
0.064032
0.248957
0.568237
0.605991
0.242722
0.063689
0.046825
0.221275
0.091744
0.058270
0.202709
0.555844
0.087486
0.111550
0.115836
0.215616
0.212399
0.385546
0.186619
0.161058
0.106190
0.075201
0.091348
0.218427
0.160066
0.136224
0.165766
0.106963
0.180458
0.166750
0.403401
0.134569
0.383474
0.457395
0.484887
0.265482
0.110789
0.073745
0.086816
0.396891
0.194224
0.052833
0.196377
0.125859
0.552844
0.118977
0.054072
0.210907
0.147530
0.159013
0.293984
0.066305
0.087863
0.171764
0.108888
0.276121
0.043526
0.180197
0.214909
0.170692
0.057880
0.048503
0.098994
0.169955
0.208136
0.068720
0.131288
0.070396
0.164159
0.184158
0.047709
0.059640
0.535996
0.335991
0.116195
0.084330
0.373215
0.105213
0.063265
0.054423
0.081558
0.282280
0.326605
0.155387
0.635831
0.048210
0.312981
0.252877
0.102304
0.176889
0.142183
0.408487
0.049156
0.231161
0.189215
0.293380
0.029992
0.077524
0.080052
0.094716
0.133814
0.069544
0.072437
0.038200
0.174775
0.052678
0.345817
0.135892
0.128951
0.187700
0.113541
0.359964
0.075632
0.057689
0.036227
0.102356
0.078201
0.411998
0.205626
0.367195
0.226643
0.098572
0.133314
0.095565
0.041809
0.080289
0.103479
0.142668
0.185529
0.181824
0.049774
0.483663
0.120671
0.041182
0.266838
0.149777
0.260665
0.135777
0.082359
0.169030
0.085431
0.024521
0.341440
0.150696
0.230178
0.074367
0.115725
0.173555
0.163381
0.088807
0.308330
0.217516
0.104078
0.698315
0.018569
0.124421
0.135588
0.581763
0.254378
0.608096
0.170869
0.022961
0.520163
0.139847
0.075727
0.207749
0.111661
0.589712
0.459479
0.124456
0.054887
0.267326
0.028038
0.246944
0.106492
0.111073
0.227265
0.109666
0.288657
0.051712
0.178476
0.411187
0.234563
0.247567
