1.025634
1.277627
1.166286
1.185303
0.760259
1.509226
1.195715
1.017722
0.940027
1.263090
0.646283
1.025370
1.455734
0.960043
1.128544
1.117842
1.447918
1.241501
0.215926
0.215771
0.882342
1.285153
1.136562
0.967738
1.137395
1.483052
1.222412
0.215944
1.296652
0.908975
0.858592
1.524122
0.917860
0.839345
0.956510
1.192684
0.808403
1.160884
1.428060
1.228409
1.041246
1.370315
0.853424
1.310671
1.288439
1.344088
1.101614
1.024446
0.216003
0.216069
0.216072
1.222709
1.329658
1.263602
1.080649
1.473252
0.633415
1.570036
0.978799
1.327659
0.215753
0.950357
1.213272
0.836295
1.110343
1.190220
0.418911
1.114680
1.254111
1.115227
1.106433
1.408443
1.200448
0.903940
1.372149
1.243500
1.431511
1.314440
1.238192
0.941168
1.158642
1.088200
1.387534
1.252830
1.404065
0.988374
1.239206
0.597778
0.216010
1.411612
1.400472
1.372628
0.590673
1.094442
1.425872
1.489326
1.301702
1.007823
0.215954
1.295566
1.392345
1.174169
0.981790
1.429773
1.114790
1.516693
0.965808
1.043675
1.346704
1.027345
1.006880
1.053428
1.174621
1.409497
0.877053
1.371090
1.215014
1.246516
1.398648
1.154047
1.479243
1.653801
0.961117
1.292366
1.185443
1.338662
1.095242
0.680979
1.283898
1.198665
0.912348
1.218054
1.211426
0.215800
1.002576
1.494749
1.022993
1.126277
1.341819
1.240787
1.507613
1.268639
1.080133
0.972234
0.749795
1.348438
1.320703
1.300866
1.148381
1.273026
0.964053
1.258578
1.074969
1.450211
1.119205
0.408343
1.360686
1.313368
0.215986
1.215232
0.787245
1.272643
1.219531
1.517466
1.257161
1.163098
1.017924
1.349329
1.161478
0.215619
1.109325
1.484026
1.205911
0.215880
1.195079
0.215840
1.346235
0.840356
0.215995
1.184457
0.676578
1.447567
1.069107
0.256340
1.161757
1.362710
0.892969
1.387691
1.029860
0.937226
1.186238
1.155196
1.388689
1.278210
1.488370
1.338027
1.296178
0.844460
0.966783
1.390551
