89.437298
67.161855
66.633025
68.771028
95.506745
76.191853
70.361658
49.113068
49.050276
70.903142
95.509860
52.156539
67.302920
49.189071
68.566533
85.816345
85.702781
51.010876
95.526003
95.527332
49.182864
74.809007
65.762084
95.504129
91.749529
73.829596
93.441590
95.525482
77.791237
49.182864
49.182864
58.381784
49.165406
49.182864
95.473162
63.127303
49.182864
68.211077
69.302401
57.251518
51.676218
70.916901
95.479611
78.968323
88.369269
65.751509
49.099535
49.912030
95.518673
95.521654
95.522770
50.007355
69.204299
69.931189
51.981760
95.620938
95.504129
69.614520
51.648066
69.372914
95.525077
49.182864
68.965356
95.536184
84.569890
63.457472
95.526116
86.567373
79.137182
69.508670
73.152481
61.614703
77.584660
49.169700
61.469368
61.777890
74.641555
74.057203
81.413669
95.476479
95.555449
87.791709
73.727789
75.909917
86.808482
49.147621
76.797438
95.501665
95.524812
58.640447
81.366615
76.959912
95.543657
88.456311
77.911389
64.661257
67.918988
89.167964
95.516456
62.877642
49.014776
83.007971
49.124836
57.096933
56.524864
81.129167
49.182864
49.092693
74.552966
57.607115
49.201231
95.561002
80.437035
73.924717
49.185155
80.363575
82.437658
70.233964
71.355122
64.499646
76.864789
63.760870
57.533128
67.234167
71.566350
64.535422
49.158170
95.548246
70.265544
61.849043
95.500287
83.997811
75.697178
95.519441
86.230795
51.799345
55.024290
78.256345
67.606730
65.699435
77.900943
77.102901
77.215851
49.203712
95.485184
66.716923
74.332749
49.068842
72.420379
72.055393
95.504129
61.688906
49.124635
75.568940
72.431166
95.516432
76.712749
78.248561
95.517059
65.773063
95.504129
69.802966
84.298143
64.579397
87.366166
73.556529
84.390109
85.290552
71.826012
95.531227
52.906994
74.741379
89.790138
95.526584
59.020051
95.527630
84.851024
95.505964
95.524096
84.294110
95.513366
67.200950
84.747731
95.531236
95.603179
79.428107
95.499686
60.064348
95.500064
95.504129
86.317255
52.598401
63.653272
67.580132
66.453392
73.276194
63.280620
49.182864
93.845031
90.200725
