-0.943514
-0.088052
-0.548712
-0.915605
0.781100
-0.973724
-0.125906
0.853475
1.519874
-1.011097
0.896732
0.124173
-0.917137
0.514370
-0.132414
-0.170216
-0.240398
0.154922
1.591531
1.984815
2.237676
-0.970557
-0.651724
0.413464
-0.668738
-0.833889
-1.045347
1.717132
-0.907988
1.293794
1.213053
-0.868843
1.885886
3.214103
0.036029
-0.968037
1.330736
0.006702
-0.843410
-0.750534
0.095295
-0.229532
0.536453
-1.081412
-0.995402
-0.574294
0.120998
-0.108348
2.341613
1.794081
1.599018
-0.277828
-0.618846
-0.706001
0.189832
-0.426270
0.933711
-0.910056
0.582238
-0.199761
2.476752
1.215391
-0.604962
0.416289
0.235631
-0.979720
1.211494
-0.999870
-1.006229
0.063140
-0.654468
-0.394478
-0.310189
1.634254
-0.720703
-0.795503
-0.816996
-0.448840
-0.981941
0.240558
-1.091996
-0.480779
-0.556069
-0.893145
-0.773129
0.807399
-0.519584
1.032852
1.394184
-0.263168
-0.817042
-0.883285
1.038623
-0.026401
-0.678471
-1.030114
-1.054890
-0.001848
2.553819
-0.979812
0.466214
-0.581582
1.392954
-0.843600
0.518127
-0.954713
1.636993
1.365091
-0.573035
0.018141
0.638366
0.021997
-0.538752
-0.983788
0.951229
-0.729406
-0.430173
-0.789069
-1.021871
-0.314525
-0.952326
-0.965129
-0.025579
0.519825
-0.266250
-0.483646
0.267013
0.842239
-0.733066
0.144945
0.269421
-0.767229
-0.369242
3.165056
0.418926
-0.739637
0.439024
-0.669180
-0.649968
-0.335548
-0.570523
-0.887214
-1.105162
0.565700
0.747057
-0.103885
-0.411538
-0.483076
-0.131101
-1.051000
0.244966
-0.039423
0.656835
-0.983554
-0.751044
1.221365
-0.921651
-0.042588
2.411428
-0.714296
0.560306
-0.357792
-1.093593
-0.743402
-0.724911
-0.585356
0.049489
-0.827562
-0.065409
1.189739
0.048011
-1.015706
-0.469606
1.406127
-0.516458
1.365086
-1.049969
0.608010
1.722873
-0.856279
0.882080
-0.428960
-0.614991
1.238081
-0.167965
-1.058323
0.596975
-0.546074
-0.460537
0.347613
-0.939007
1.087798
-0.472564
-0.523085
-0.079302
-0.694972
-0.358925
3.429084
0.366007
-1.013320
