-0.085626 0.008019 -0.085568 -0.186291
-0.089272 0.008195 -0.085791 -0.180336
-0.093225 0.008395 -0.086206 -0.173093
-0.097611 0.008627 -0.086911 -0.163951
-0.101529 0.008774 -0.087236 -0.156155
-0.105474 0.008895 -0.087539 -0.147855
-0.109859 0.009030 -0.088258 -0.136767
-0.113867 0.009079 -0.088650 -0.126543
-0.117590 0.009050 -0.088790 -0.116867
-0.121643 0.008987 -0.089446 -0.103240
-0.125262 0.008799 -0.089850 -0.089840
-0.128450 0.008497 -0.089837 -0.077758
-0.131438 0.008035 -0.090198 -0.061707
-0.133809 0.007362 -0.090479 -0.044293
-0.135686 0.006550 -0.090183 -0.029330
-0.136708 0.005407 -0.090078 -0.010732
-0.136404 0.003798 -0.090040 0.011075
-0.135871 0.002087 -0.089293 0.028961
-0.133927 -0.000155 -0.088550 0.049392
-0.129677 -0.003244 -0.087964 0.073881
-0.125428 -0.006473 -0.086794 0.094497
-0.120201 -0.010182 -0.085456 0.114891
-0.111705 -0.015230 -0.084428 0.139587
-0.103711 -0.020339 -0.082990 0.160568
-0.096339 -0.025434 -0.081246 0.178686
-0.085346 -0.032120 -0.079969 0.200805
-0.075015 -0.038782 -0.078469 0.220323
-0.067044 -0.044679 -0.076434 0.235806
-0.056424 -0.051741 -0.074808 0.253852
-0.045833 -0.058855 -0.073110 0.271215
-0.038841 -0.064636 -0.070610 0.284192
-0.030382 -0.070981 -0.068343 0.298662
-0.021177 -0.077531 -0.066172 0.313898
-0.015697 -0.082747 -0.063112 0.325106
-0.009930 -0.088002 -0.060025 0.336776
-0.002901 -0.093575 -0.057204 0.350057
0.001290 -0.098169 -0.053564 0.360398
0.004670 -0.102452 -0.049616 0.370007
0.009689 -0.107093 -0.046087 0.381888
0.012842 -0.111124 -0.041909 0.391807
0.014594 -0.114737 -0.037164 0.400105
0.017906 -0.118580 -0.032902 0.410874
0.020270 -0.122098 -0.028207 0.420683
0.021202 -0.125254 -0.022843 0.428455
0.023142 -0.128454 -0.017810 0.438139
0.025012 -0.131479 -0.012705 0.448031
0.025404 -0.134225 -0.006751 0.455452
0.026432 -0.136850 -0.001061 0.464164
0.027964 -0.139403 0.004397 0.474196
0.028211 -0.141744 0.010711 0.481550
0.028730 -0.143942 0.016935 0.489531
0.029949 -0.145915 0.022658 0.499270
0.030310 -0.147778 0.029056 0.506948
0.030573 -0.149529 0.035626 0.514203
0.031591 -0.150891 0.041445 0.523637
0.032154 -0.152259 0.047715 0.531782
0.032322 -0.153545 0.054405 0.538480
0.033189 -0.154398 0.060245 0.547608
0.033904 -0.155132 0.066203 0.556116
0.034148 -0.155924 0.072729 0.562745
0.034857 -0.156288 0.078500 0.571244
0.035613 -0.156389 0.084050 0.580160
0.035882 -0.156689 0.090280 0.586719
0.036390 -0.156604 0.096005 0.594640
0.037086 -0.156104 0.101165 0.603919
0.037285 -0.155857 0.107060 0.610723
0.037522 -0.155338 0.112754 0.618121
0.037976 -0.154289 0.117639 0.627475
0.038037 -0.153413 0.123167 0.634970
0.037954 -0.152425 0.128838 0.641899
0.038085 -0.150873 0.133685 0.651551
0.037488 -0.149875 0.140078 0.656918
0.037351 -0.147884 0.144873 0.666421
0.036698 -0.146106 0.150670 0.674113
0.036050 -0.143977 0.156268 0.682511
0.035370 -0.141239 0.161528 0.692679
0.034368 -0.138634 0.167370 0.701592
0.033181 -0.135902 0.173475 0.709784
0.031895 -0.132184 0.179348 0.720996
0.030194 -0.128376 0.185847 0.731216
0.028431 -0.124643 0.192446 0.740185
0.026369 -0.119664 0.199415 0.752071
0.024144 -0.114324 0.207076 0.764173
0.021675 -0.109033 0.214846 0.774372
0.018937 -0.102377 0.223251 0.786924
0.016264 -0.094927 0.232493 0.800927
0.013386 -0.087418 0.241723 0.813168
0.010570 -0.078738 0.251651 0.826793
0.007803 -0.068174 0.262550 0.843287
0.005427 -0.057902 0.273572 0.858017
0.003163 -0.046561 0.284438 0.873048
0.001945 -0.032789 0.296649 0.892115
0.001281 -0.019122 0.308204 0.909639
0.001622 -0.005876 0.319356 0.926298
0.003966 0.010791 0.331326 0.947545
0.007747 0.026285 0.342199 0.967233
0.012153 0.040814 0.352458 0.984851
0.019647 0.056462 0.362456 1.004926
0.029032 0.071431 0.371784 1.024356
0.036949 0.083699 0.380054 1.039412
0.047557 0.095917 0.388154 1.055432
0.060363 0.107728 0.396134 1.071400
0.069946 0.115892 0.403251 1.082901
0.080423 0.123548 0.410110 1.093909
0.093228 0.130960 0.417345 1.105382
0.102131 0.135746 0.423531 1.113304
0.109698 0.139185 0.429331 1.119707
0.120808 0.143675 0.435897 1.127599
0.128468 0.146219 0.441574 1.132991
0.133122 0.147014 0.445966 1.136390
0.142272 0.149643 0.452027 1.141762
0.149038 0.151563 0.457500 1.145660
0.152389 0.152288 0.461764 1.147697
0.159552 0.154733 0.467851 1.151324
0.166902 0.157952 0.474610 1.154898
0.170464 0.159672 0.479879 1.156575
0.176576 0.163651 0.487614 1.159302
0.185914 0.169667 0.497942 1.163213
0.190632 0.174882 0.507477 1.165026
0.197055 0.181815 0.519458 1.167346
0.208936 0.191390 0.535720 1.171328
0.217208 0.201546 0.552021 1.173690
0.225619 0.213300 0.569881 1.175848
0.240254 0.228206 0.592151 1.179700
0.252853 0.244740 0.614352 1.182832
0.262981 0.263222 0.636746 1.185318
0.278386 0.285242 0.660981 1.189989
0.293304 0.309666 0.684251 1.195240
0.303692 0.335847 0.705914 1.199692
0.317909 0.365001 0.726586 1.206093
0.333173 0.395372 0.745379 1.212940
0.343058 0.426015 0.761360 1.217850
0.354944 0.456929 0.775017 1.222833
0.368318 0.486208 0.786752 1.227402
0.378128 0.512801 0.795522 1.230284
0.387443 0.536249 0.802337 1.232540
0.399616 0.556953 0.808060 1.235359
0.407882 0.573946 0.812027 1.237082
0.413651 0.588674 0.814930 1.238138
0.423392 0.600207 0.816884 1.240555
0.430779 0.609784 0.817855 1.242463
0.434413 0.618057 0.819000 1.243354
0.441734 0.624514 0.818676 1.245487
0.448927 0.630180 0.818218 1.247597
0.451388 0.635347 0.817996 1.248419
0.457075 0.639957 0.817452 1.250113
0.464821 0.644445 0.816171 1.252375
0.467180 0.648764 0.815662 1.253172
0.471201 0.653128 0.815425 1.254363
0.478952 0.657811 0.814896 1.256454
0.482439 0.662908 0.815130 1.257473
0.485334 0.668390 0.816032 1.258331
0.492957 0.674604 0.816908 1.260282
0.497956 0.681411 0.818974 1.261631
0.500270 0.687888 0.822195 1.262359
0.508081 0.696083 0.826160 1.264299
0.514105 0.704695 0.831077 1.265879
0.516780 0.713304 0.837417 1.266736
0.523456 0.722861 0.844771 1.268366
0.530771 0.732741 0.853252 1.270029
0.534035 0.743056 0.863631 1.270798
0.539865 0.753670 0.874721 1.271842
0.548110 0.764779 0.886890 1.273008
0.552419 0.776426 0.900450 1.273179
0.557984 0.788342 0.914285 1.273165
0.567084 0.799753 0.929294 1.273008
0.572889 0.811835 0.944952 1.271807
0.578164 0.823381 0.960953 1.269849
0.587836 0.835289 0.976884 1.267812
0.595064 0.846723 0.992713 1.264829
0.600640 0.858232 1.008319 1.260959
0.610030 0.868909 1.023151 1.257126
0.618560 0.879063 1.037327 1.252793
0.625125 0.889299 1.051262 1.247635
0.633666 0.898469 1.064235 1.242587
0.643167 0.907412 1.075998 1.237714
0.648971 0.915833 1.087993 1.231788
0.656543 0.923449 1.098750 1.226359
0.667030 0.930925 1.107842 1.221875
0.672702 0.937239 1.117699 1.216185
0.678868 0.943705 1.126655 1.210737
0.689047 0.949316 1.133810 1.206967
0.695499 0.954660 1.141385 1.202228
0.700522 0.959713 1.148367 1.197476
0.710000 0.964360 1.154392 1.194207
0.717514 0.968638 1.160088 1.190796
0.721929 0.973041 1.165908 1.186619
0.730712 0.976631 1.170602 1.184186
0.739129 0.979916 1.175070 1.182004
0.742979 0.983744 1.179775 1.178496
0.750427 0.986885 1.183735 1.176390
0.759394 0.989458 1.187240 1.175305
0.762625 0.992617 1.191228 1.172274
0.768644 0.995594 1.195128 1.169846
0.777060 0.997451 1.197635 1.169701
0.781956 1.000417 1.201056 1.167604
0.787083 1.002946 1.204258 1.165610
0.793903 1.004767 1.206032 1.165688
0.798878 1.006707 1.208637 1.164594
0.802234 1.008835 1.212996 1.161125
