0.252088 -0.141855
0.252088 -0.139864
0.252088 -0.137840
0.252089 -0.135782
0.252090 -0.133692
0.252090 -0.131567
0.252091 -0.129407
0.252088 -0.127208
0.252092 -0.124977
0.252093 -0.122706
0.252091 -0.120395
0.252095 -0.118046
0.252180 -0.110869
0.252248 -0.108146
0.252323 -0.107698
0.252298 -0.104878
0.252229 -0.102190
0.252166 -0.100973
0.252118 -0.100112
0.252180 -0.095890
0.252252 -0.092857
0.252320 -0.090740
0.252320 -0.087987
0.252265 -0.084925
0.252366 -0.082782
0.252376 -0.079837
0.252385 -0.076829
0.252400 -0.073724
0.252447 -0.070048
0.252461 -0.066973
0.252775 -0.061962
0.252877 -0.058451
0.252969 -0.055088
0.252998 -0.051802
0.253074 -0.048197
0.253320 -0.043430
0.253354 -0.040037
0.253472 -0.035764
0.253593 -0.031772
0.253725 -0.027889
0.253752 -0.024288
0.253751 -0.020647
0.253786 -0.016644
0.253974 -0.012626
0.254233 -0.007453
0.254574 -0.002551
0.254750 0.001867
0.254892 0.006163
0.255144 0.011080
0.255168 0.014969
0.255221 0.018933
0.255818 0.025365
0.256389 0.031527
0.256776 0.036744
0.257235 0.042212
0.257336 0.046306
0.257681 0.051335
0.258165 0.056921
0.258706 0.062615
0.259225 0.068163
0.259747 0.073661
0.260224 0.078946
0.260798 0.084491
0.261502 0.090282
0.262389 0.096535
0.263097 0.102118
0.263937 0.107959
0.264829 0.113761
0.265920 0.119953
0.266935 0.125786
0.268009 0.131574
0.269337 0.137712
0.270613 0.143555
0.271949 0.149253
0.273523 0.155262
0.275062 0.160922
0.276667 0.166436
0.278565 0.172160
0.280557 0.177783
0.282595 0.183175
0.284890 0.188668
0.287532 0.194221
0.290514 0.199808
0.293183 0.204661
0.296044 0.209391
0.299173 0.214069
0.302471 0.218510
0.305963 0.222739
0.309851 0.226851
0.313583 0.230526
0.317991 0.234187
0.321997 0.237283
0.326078 0.240067
0.330830 0.242816
0.336168 0.245382
0.341658 0.247648
0.347828 0.249695
0.353619 0.251262
0.358670 0.252391
0.364366 0.253371
0.370309 0.254191
0.377746 0.254903
0.385863 0.255408
0.395124 0.255744
0.404202 0.255887
0.412513 0.255885
0.421402 0.255925
0.431054 0.256002
0.442177 0.256248
0.456114 0.256881
0.470314 0.257871
0.485104 0.259386
0.498449 0.261113
0.513456 0.263617
0.529440 0.266903
0.546198 0.271071
0.564150 0.276339
0.583805 0.283055
0.601619 0.289996
0.617060 0.296658
0.632307 0.304001
0.647568 0.312131
0.663211 0.321478
0.677350 0.330852
0.691161 0.341078
0.704679 0.352293
0.715953 0.362628
0.726864 0.373764
0.736797 0.384957
0.746153 0.396655
0.755344 0.409432
0.763341 0.421746
0.771075 0.434941
0.777711 0.447406
0.783842 0.460090
0.789358 0.472649
0.794265 0.484914
0.798581 0.496682
0.802487 0.508353
0.805940 0.519648
0.809087 0.530976
0.811932 0.542197
0.814467 0.553304
0.816744 0.564520
0.818619 0.574599
0.820189 0.584026
0.821535 0.592840
0.822710 0.601586
0.823791 0.610839
0.824725 0.620278
0.825501 0.629812
0.826106 0.639071
0.826537 0.647052
0.826854 0.655168
0.827053 0.662932
0.827111 0.672547
0.827058 0.682142
0.826813 0.692308
0.826353 0.703038
0.825877 0.712058
0.825282 0.720409
0.824602 0.728930
0.823623 0.739122
0.822295 0.751093
0.820693 0.763655
0.818879 0.776227
0.817082 0.787389
0.815298 0.797505
0.813349 0.807655
0.811149 0.818678
0.808385 0.831529
0.805603 0.843820
0.802562 0.856379
0.799326 0.868906
0.796515 0.879265
0.793692 0.889086
0.790873 0.898473
0.787945 0.907909
0.784419 0.919190
0.780979 0.929745
0.777573 0.939827
0.774606 0.948131
0.771792 0.955720
0.769112 0.962624
0.766667 0.968800
0.763556 0.976902
0.760447 0.985051
0.757495 0.992526
0.754972 0.998574
0.752571 1.004230
0.750315 1.009427
0.747823 1.015407
0.745845 1.019745
0.743857 1.024165
0.741853 1.028708
0.739767 1.033601
0.738056 1.037307
0.736335 1.041131
0.734778 1.044424
0.733011 1.048674
