65.234398
86.141965
65.234077
65.234398
65.894445
65.233699
73.170252
65.232340
86.141970
77.126258
78.902958
77.018834
80.659174
78.405492
65.234396
75.694818
67.666972
65.234057
75.899766
79.496836
71.662941
86.141956
83.351654
69.473793
65.231802
69.624441
81.777172
65.233798
85.082570
80.933577
83.564210
86.141931
76.612280
82.054121
73.590347
76.223287
65.233957
76.244524
81.853385
69.114353
77.673750
65.234719
83.828710
65.365411
65.233639
84.896559
76.877808
65.234703
65.944092
70.924527
77.631310
65.234472
85.591007
80.786888
86.142393
86.141973
85.781103
80.656994
71.201924
73.743110
86.141941
65.233988
70.228201
75.465774
72.833170
65.233800
82.899547
66.857820
76.663079
65.233970
86.141963
76.949933
74.840847
81.976892
65.231758
81.855849
81.498360
80.660059
65.234333
65.233775
81.958271
86.142542
65.234100
75.523428
74.275702
80.645963
79.793765
82.033781
65.234019
65.236079
79.618445
65.587023
71.510108
65.233145
80.139429
75.345350
71.130097
65.233942
72.899812
74.089700
80.152387
65.234202
71.032011
75.572273
65.236123
65.233945
75.744609
80.411442
83.730861
82.931345
80.038318
65.233457
81.939907
74.893569
74.376459
85.205803
78.876067
65.233996
86.142141
65.234160
78.017311
77.684757
80.950024
72.543279
65.233949
82.962364
65.234093
72.934459
79.952974
67.217126
69.862195
65.232521
70.768417
65.233995
74.608704
81.431013
69.989060
81.555803
65.236265
68.352503
86.142000
68.626174
78.621323
78.608172
77.048389
77.496937
80.340271
84.488328
79.832763
65.234246
77.120544
76.643144
74.300623
75.262420
78.889805
78.250915
65.234214
65.234386
65.233207
65.234152
80.485735
80.399685
76.030896
65.232068
73.299832
65.234348
80.581485
75.770115
83.478173
71.622261
78.792905
86.141932
79.681017
83.493307
65.232735
73.996496
86.142120
79.278739
71.737841
70.484872
78.791412
75.324607
83.939560
75.077845
79.326186
74.120825
65.234162
81.708375
65.714723
71.964469
80.727747
65.982874
65.234192
68.263507
85.906812
86.141962
70.351057
65.234088
65.233983
79.067658
77.653664
72.850064
73.505738
76.954342
86.142090
65.233930
80.505530
74.274418
78.666518
79.782118
69.562992
73.324274
81.997667
70.413509
73.471927
75.418294
65.233885
86.141953
65.234346
74.815990
69.684469
86.141945
86.141953
81.952866
71.286508
84.565898
74.253987
78.339011
77.238072
78.753276
80.184430
65.234216
74.899541
65.234720
72.315620
70.824545
65.234093
67.848285
74.093870
82.636147
73.826454
81.209463
65.233727
73.156848
71.233719
83.443953
81.346052
65.233981
75.805967
70.449160
65.234731
76.623862
78.653683
