0.127278 -0.433963 -0.238578 -0.008687
0.126830 -0.431701 -0.239347 -0.006847
0.126246 -0.429358 -0.240570 -0.005378
0.125047 -0.427075 -0.241999 -0.004767
0.125393 -0.426668 -0.240104 -0.002603
0.126805 -0.426212 -0.239231 0.000002
0.128019 -0.425308 -0.239300 0.002220
0.126400 -0.423071 -0.239114 0.003662
0.125126 -0.421424 -0.238736 0.004793
0.123469 -0.419249 -0.238258 0.006448
0.124617 -0.420320 -0.236381 0.007445
0.125740 -0.421156 -0.234586 0.008818
0.125696 -0.420503 -0.233395 0.010581
0.124332 -0.416675 -0.234729 0.013487
0.120902 -0.412975 -0.234700 0.015403
0.120676 -0.411222 -0.234020 0.018373
0.121448 -0.411834 -0.232703 0.019309
0.122802 -0.412742 -0.231153 0.020708
0.122041 -0.411303 -0.230205 0.022954
0.120694 -0.408490 -0.229603 0.026473
0.119298 -0.405689 -0.229016 0.030066
0.119218 -0.403962 -0.229953 0.031715
0.120318 -0.404783 -0.228099 0.033171
0.119314 -0.405102 -0.226055 0.033710
0.117419 -0.402864 -0.225272 0.036303
0.117231 -0.400496 -0.224992 0.040451
0.116419 -0.397321 -0.225910 0.044098
0.116500 -0.397668 -0.224040 0.045638
0.114553 -0.396485 -0.222731 0.047150
0.113930 -0.395696 -0.220690 0.050216
0.113996 -0.393885 -0.220334 0.053991
0.113734 -0.391870 -0.220830 0.056919
0.112147 -0.389613 -0.221496 0.058857
0.110486 -0.387903 -0.219996 0.062267
0.110247 -0.387134 -0.218758 0.065088
0.110012 -0.385951 -0.217377 0.068939
0.107618 -0.383392 -0.216991 0.072202
0.105464 -0.381279 -0.216419 0.075177
0.103153 -0.378397 -0.216147 0.079354
0.104550 -0.379104 -0.213728 0.082630
0.104886 -0.379213 -0.211466 0.085793
0.104581 -0.378590 -0.208918 0.090472
0.103226 -0.376164 -0.208984 0.094524
0.100940 -0.373259 -0.209352 0.098624
0.100393 -0.371218 -0.209842 0.102147
0.099795 -0.370104 -0.207104 0.108577
0.100302 -0.370584 -0.203875 0.112863
0.100541 -0.369732 -0.202015 0.118261
0.098515 -0.367214 -0.201371 0.123775
0.096754 -0.365161 -0.200426 0.128947
0.095710 -0.363213 -0.199214 0.135223
0.094706 -0.361962 -0.196811 0.141703
0.095539 -0.360838 -0.194716 0.149502
0.096006 -0.359718 -0.192885 0.156428
0.094279 -0.357351 -0.192224 0.162684
0.090911 -0.354142 -0.191329 0.170347
0.089792 -0.351680 -0.190102 0.178980
0.090498 -0.350336 -0.187628 0.188678
0.091298 -0.348698 -0.185478 0.198893
0.090172 -0.346390 -0.183819 0.208215
0.089277 -0.343786 -0.182359 0.218579
0.088127 -0.341406 -0.180526 0.228709
0.088476 -0.338953 -0.178572 0.241166
0.089472 -0.336885 -0.175801 0.254784
0.091023 -0.334246 -0.173361 0.270318
0.090634 -0.331740 -0.171082 0.283059
0.088918 -0.328460 -0.169007 0.296501
0.088606 -0.325466 -0.166727 0.311034
0.092019 -0.323124 -0.163581 0.329249
0.094316 -0.320297 -0.160378 0.348002
0.096235 -0.317358 -0.156937 0.367217
0.095477 -0.313804 -0.154014 0.384589
0.097668 -0.310385 -0.151191 0.404379
0.099487 -0.306697 -0.148291 0.424785
0.101262 -0.303258 -0.144063 0.446851
0.104049 -0.299744 -0.139828 0.470086
0.106646 -0.296125 -0.135470 0.493473
0.108556 -0.291797 -0.132233 0.516099
0.109992 -0.287312 -0.128474 0.539471
0.113025 -0.282692 -0.124722 0.564526
0.116576 -0.278435 -0.119935 0.590404
0.120972 -0.274226 -0.114923 0.617069
0.124180 -0.269352 -0.110608 0.642384
0.127797 -0.263957 -0.106583 0.669002
0.130595 -0.258477 -0.102078 0.694917
0.136275 -0.253071 -0.097338 0.722882
0.141742 -0.247537 -0.092418 0.750287
0.145134 -0.241681 -0.086322 0.777138
0.154964 -0.235674 -0.079995 0.809065
0.156391 -0.228836 -0.073555 0.834323
0.165258 -0.220525 -0.069352 0.864555
0.174278 -0.212676 -0.062889 0.894411
0.183752 -0.206243 -0.053906 0.922304
0.188917 -0.197014 -0.043885 0.950736
0.201836 -0.185387 -0.038653 0.981160
0.208876 -0.174142 -0.032494 1.005462
0.223462 -0.161047 -0.027735 1.033037
0.241489 -0.149669 -0.016091 1.061932
0.258353 -0.137338 -0.003159 1.088809
0.277186 -0.126567 0.012834 1.113742
0.291957 -0.110116 0.021310 1.135834
0.316531 -0.093427 0.026235 1.158165
0.343298 -0.077300 0.033856 1.179558
0.368278 -0.060786 0.047401 1.200192
0.395298 -0.046274 0.062368 1.218685
0.419690 -0.031490 0.078390 1.235011
0.456572 -0.017017 0.087161 1.251171
0.498666 0.000114 0.092567 1.267300
0.539656 0.016178 0.099542 1.281462
0.572230 0.028545 0.114373 1.292874
0.602775 0.041005 0.129267 1.303028
0.639149 0.051136 0.141177 1.312235
0.683865 0.062672 0.145853 1.321120
0.725891 0.075864 0.151356 1.328954
0.763396 0.087773 0.157902 1.335129
0.791390 0.096904 0.167648 1.339419
0.822795 0.101827 0.176177 1.342387
0.876587 0.108613 0.185107 1.345350
0.913444 0.119784 0.187127 1.346225
0.968824 0.131361 0.189479 1.344056
1.017057 0.138426 0.195192 1.338720
1.033579 0.142576 0.198511 1.336066
1.048414 0.145589 0.206950 1.333011
1.073382 0.148617 0.209744 1.327273
1.128966 0.154161 0.213412 1.310467
1.187991 0.161134 0.216053 1.285701
1.212678 0.167448 0.216453 1.273088
1.232378 0.172776 0.224452 1.261420
1.212406 0.169018 0.228639 1.270661
1.224575 0.166940 0.233956 1.263257
1.273602 0.184348 0.233462 1.232486
1.301818 0.196565 0.227531 1.211968
1.311215 0.200968 0.226659 1.204272
1.307391 0.191402 0.233182 1.205462
1.308529 0.179899 0.241630 1.202178
1.315403 0.176686 0.242148 1.194418
1.344962 0.194065 0.239787 1.170500
1.365187 0.208959 0.235477 1.152573
1.376573 0.208026 0.238214 1.139847
1.369017 0.202510 0.243951 1.145845
1.359290 0.190747 0.249531 1.151983
1.377411 0.199004 0.248539 1.134997
1.401735 0.217709 0.246736 1.114052
1.418225 0.223345 0.247974 1.098732
1.417065 0.223056 0.251535 1.099680
1.410696 0.217707 0.256078 1.104887
1.403007 0.214481 0.254173 1.111021
1.422619 0.217855 0.256416 1.092233
1.431953 0.221667 0.256974 1.082987
1.443154 0.230106 0.262249 1.074287
1.449896 0.227630 0.261555 1.066004
1.444665 0.224022 0.259332 1.070243
1.438152 0.216936 0.256167 1.075085
1.446002 0.220650 0.259327 1.067353
1.457019 0.230129 0.263872 1.058928
1.467343 0.235645 0.267270 1.051404
1.461127 0.231093 0.266646 1.055126
1.457841 0.229219 0.261546 1.055817
1.446368 0.222463 0.259478 1.065189
1.461945 0.235274 0.267848 1.052819
1.481336 0.240986 0.270292 1.038563
1.489791 0.239487 0.271536 1.031555
1.483102 0.236392 0.269625 1.036411
1.476284 0.236565 0.267594 1.042154
1.472894 0.235684 0.266256 1.045076
1.484003 0.237423 0.268589 1.035892
1.494177 0.239866 0.270511 1.028046
1.500721 0.234975 0.271301 1.022300
1.493433 0.236658 0.269436 1.027855
1.483911 0.237124 0.270738 1.034823
1.482276 0.237906 0.270629 1.036202
1.494456 0.239886 0.273945 1.027272
1.503720 0.239295 0.272409 1.019742
1.508118 0.240349 0.272236 1.017015
1.490516 0.241446 0.276090 1.024982
1.472443 0.250201 0.276011 1.035888
1.472932 0.250835 0.276016 1.035168
1.491946 0.246023 0.276120 1.022729
1.514358 0.241846 0.276257 1.012134
1.515211 0.247986 0.276264 1.012499
1.497058 0.249556 0.276151 1.019494
1.468953 0.250491 0.276022 1.028851
1.476313 0.247348 0.276088 1.024275
1.503333 0.240214 0.276252 1.011860
1.525710 0.240567 0.276303 1.004487
1.520354 0.236281 0.276301 1.004029
1.496921 0.241917 0.276234 1.010495
1.469012 0.247494 0.276026 1.019114
1.484767 0.239354 0.276164 1.010501
1.523128 0.231259 0.276298 0.999947
1.539537 0.222790 0.276316 0.990933
1.532824 0.227025 0.276309 0.994598
1.520124 0.235226 0.276268 1.002193
1.489035 0.245512 0.276100 1.011953
1.494626 0.239918 0.276204 1.000339
1.521620 0.227933 0.276315 0.989114
1.549395 0.220175 0.276311 0.983109
1.528844 0.225240 0.276317 0.985327
1.499779 0.234290 0.276231 0.989210
1.463607 0.250176 0.275927 0.995194
