55.064394
55.290711
55.517027
55.743343
55.969660
56.195976
56.422293
56.648609
56.874925
57.101242
57.327558
57.553874
57.780191
58.006507
58.232823
58.459140
58.685456
58.911772
59.138089
59.364405
59.590721
59.817038
60.043354
60.269670
60.495987
60.722303
60.948619
61.174936
61.401252
61.627568
61.853885
62.080201
62.306517
62.532834
62.759150
62.985466
63.211783
63.438099
63.664415
63.890732
64.117048
64.343364
64.569681
64.795997
65.022314
65.248630
65.474946
65.701263
65.927579
66.153895
66.380212
66.606528
66.832844
67.059161
67.285477
67.511793
67.738110
67.964426
68.190742
68.417059
68.643375
68.869691
69.096008
69.322324
69.548640
69.774957
70.001273
70.227589
70.453906
70.680222
70.906538
71.132855
71.359171
71.585487
71.811804
72.038120
72.264436
72.490753
72.717069
72.943385
73.169702
73.396018
73.622334
73.848651
74.074967
74.301284
74.527600
74.753916
74.980233
75.206549
75.432865
75.659182
75.885498
76.111814
76.338131
76.564447
76.790763
77.017080
77.243396
77.469712
77.696029
77.922345
78.148661
78.374978
78.601294
78.827610
79.053927
79.280243
79.506559
79.732876
79.959192
80.185508
80.411825
80.638141
80.864457
81.090774
81.317090
81.543406
81.769723
81.996039
82.222355
82.448672
82.674988
82.901305
83.127621
83.353937
83.580254
83.806570
84.032886
84.259203
84.485519
84.711835
84.938152
85.164468
85.390784
85.617101
85.843417
86.069733
86.296050
86.522366
86.748682
86.974999
87.201315
87.427631
87.653948
87.880264
88.106580
88.332897
88.559213
88.785529
89.011846
89.238162
89.464478
89.690795
89.917111
90.143427
90.369744
90.596060
90.822376
91.048693
91.275009
91.501326
91.727642
91.953958
92.180275
92.406591
92.632907
92.859224
93.085540
93.311856
93.538173
93.764489
93.990805
94.217122
94.443438
94.669754
94.896071
95.122387
95.348703
95.575020
95.801336
96.027652
96.253969
96.480285
96.706601
96.932918
97.159234
97.385550
97.611867
97.838183
98.064499
98.290816
98.517132
98.743448
98.969765
99.196081
99.422397
99.648714
99.875030
100.101347
