0.223085 -0.404015 -0.232757 -0.132667
0.223606 -0.403695 -0.230326 -0.133244
0.224501 -0.403517 -0.227493 -0.133656
0.226330 -0.403091 -0.224343 -0.133673
0.226274 -0.400835 -0.224593 -0.134693
0.225426 -0.398508 -0.223734 -0.136562
0.224956 -0.396560 -0.221870 -0.138294
0.226541 -0.396201 -0.220406 -0.138018
0.228210 -0.395067 -0.219031 -0.138019
0.229704 -0.394632 -0.217883 -0.137764
0.230428 -0.390191 -0.217642 -0.139605
0.230893 -0.386007 -0.217446 -0.141579
0.231687 -0.383709 -0.216817 -0.142575
0.232326 -0.385017 -0.213702 -0.142548
0.234758 -0.386332 -0.212224 -0.141031
0.234901 -0.385206 -0.211113 -0.141949
0.236224 -0.381146 -0.210173 -0.143764
0.236949 -0.376688 -0.209507 -0.146155
0.238114 -0.375104 -0.208520 -0.146809
0.238641 -0.375252 -0.207381 -0.146852
0.239215 -0.375278 -0.206217 -0.146950
0.240674 -0.373627 -0.203093 -0.148189
0.241813 -0.369017 -0.202468 -0.150537
0.244882 -0.365018 -0.202202 -0.151595
0.246839 -0.364214 -0.200978 -0.151595
0.246776 -0.363494 -0.199233 -0.152733
0.247512 -0.363587 -0.196322 -0.153358
0.249612 -0.359356 -0.195622 -0.155346
0.252876 -0.357004 -0.194612 -0.155704
0.254352 -0.354274 -0.194372 -0.156914
0.255012 -0.352531 -0.192373 -0.158512
0.256625 -0.350805 -0.189371 -0.160082
0.259825 -0.349260 -0.186120 -0.160965
0.262096 -0.347445 -0.185310 -0.161521
0.264269 -0.344131 -0.183811 -0.163481
0.265789 -0.341444 -0.182612 -0.165199
0.268996 -0.340309 -0.180509 -0.165453
0.272483 -0.338501 -0.178431 -0.166110
0.275251 -0.337741 -0.176285 -0.166370
0.277311 -0.332197 -0.175350 -0.170019
0.280144 -0.327307 -0.174378 -0.172896
0.282314 -0.323632 -0.174028 -0.174950
0.285723 -0.321648 -0.170860 -0.176441
0.289809 -0.320260 -0.167449 -0.177444
0.293855 -0.317417 -0.163437 -0.179827
0.295876 -0.313929 -0.163076 -0.181939
0.299490 -0.307919 -0.162546 -0.185489
0.302655 -0.303441 -0.160717 -0.188659
0.307306 -0.301107 -0.157832 -0.190145
0.312542 -0.297922 -0.155002 -0.192105
0.316977 -0.294478 -0.152328 -0.194517
0.321754 -0.290066 -0.150704 -0.197099
0.325050 -0.285080 -0.148446 -0.200952
0.329837 -0.279618 -0.145590 -0.204950
0.337006 -0.275600 -0.141538 -0.207663
0.344620 -0.273144 -0.138078 -0.208822
0.350914 -0.268901 -0.134340 -0.211877
0.356349 -0.262931 -0.131456 -0.216156
0.362123 -0.256836 -0.127928 -0.220668
0.370535 -0.251228 -0.123715 -0.224307
0.379137 -0.245813 -0.119120 -0.227941
0.389103 -0.239503 -0.114454 -0.231825
0.397538 -0.232800 -0.109560 -0.236429
0.405924 -0.225122 -0.105082 -0.241438
0.413673 -0.217650 -0.099970 -0.246552
0.426320 -0.209237 -0.094078 -0.251319
0.440421 -0.201397 -0.087813 -0.255293
0.454472 -0.192273 -0.081051 -0.260123
0.464983 -0.181235 -0.074335 -0.266615
0.477287 -0.170459 -0.067443 -0.272265
0.491069 -0.159171 -0.060321 -0.277615
0.509596 -0.147959 -0.052284 -0.281870
0.526062 -0.135186 -0.043193 -0.287237
0.543911 -0.122107 -0.033751 -0.292083
0.562122 -0.108566 -0.025396 -0.296274
0.580355 -0.094203 -0.016388 -0.300467
0.600143 -0.079219 -0.006955 -0.304143
0.622511 -0.064072 0.004140 -0.307167
0.646103 -0.048943 0.014905 -0.309277
0.668717 -0.033325 0.026160 -0.311215
0.691702 -0.016982 0.036792 -0.312534
0.715021 -0.000211 0.047609 -0.313339
0.741086 0.016494 0.059355 -0.312897
0.767651 0.032418 0.071294 -0.311653
0.796454 0.048503 0.082895 -0.309082
0.822767 0.065033 0.094577 -0.306350
0.850999 0.081684 0.106196 -0.302279
0.882585 0.097518 0.116320 -0.296012
0.906545 0.113308 0.126441 -0.290921
0.944181 0.128388 0.136050 -0.280086
0.973199 0.142625 0.147863 -0.270649
1.003782 0.157325 0.157758 -0.258746
1.036637 0.173825 0.165996 -0.243464
1.073997 0.186346 0.172201 -0.222523
1.103878 0.198153 0.183311 -0.203019
1.142334 0.209831 0.193517 -0.172782
1.171674 0.220317 0.205284 -0.145149
1.196555 0.231769 0.211720 -0.117294
1.221577 0.241581 0.216940 -0.084550
1.243860 0.252065 0.219946 -0.050027
1.266713 0.256561 0.227885 -0.009148
1.282707 0.262062 0.238935 0.024415
1.296431 0.267346 0.247521 0.057368
1.309456 0.270891 0.250900 0.092507
1.320867 0.275147 0.252883 0.127097
1.332117 0.277610 0.253193 0.164427
1.339671 0.281795 0.258966 0.192196
1.346290 0.284326 0.266901 0.217425
1.352879 0.286119 0.272745 0.243816
1.360659 0.287634 0.271559 0.276338
1.368779 0.287947 0.269711 0.311170
1.375532 0.289768 0.269700 0.341626
1.380833 0.291131 0.274294 0.366313
1.386684 0.290385 0.277618 0.393499
1.392863 0.289130 0.279287 0.422444
1.399701 0.287866 0.277870 0.455097
1.405968 0.288971 0.277249 0.485915
1.409884 0.291004 0.277292 0.504118
1.415065 0.288517 0.279944 0.528586
1.418615 0.287468 0.283193 0.544690
1.422462 0.287948 0.283900 0.562179
1.428474 0.286822 0.283926 0.590377
1.434073 0.286183 0.281340 0.617293
1.438867 0.286282 0.281975 0.637845
1.440687 0.288291 0.283661 0.644328
1.441755 0.290887 0.286590 0.646755
1.445398 0.289911 0.288552 0.660272
1.448497 0.289089 0.286119 0.673268
1.455143 0.287224 0.282969 0.703108
1.459306 0.288588 0.281500 0.717026
1.458447 0.286800 0.285375 0.710623
1.459776 0.284147 0.291390 0.711450
1.463195 0.282621 0.292783 0.721589
1.468104 0.286198 0.288562 0.738935
1.472208 0.290884 0.284340 0.752559
1.475125 0.292611 0.284648 0.761558
1.473933 0.289928 0.288917 0.753928
1.473546 0.285493 0.294268 0.749864
1.474043 0.288346 0.294358 0.751960
1.479708 0.288688 0.289231 0.767941
1.485655 0.291172 0.284828 0.784689
1.484638 0.291133 0.287316 0.780454
1.481343 0.286006 0.292067 0.768001
1.479705 0.286016 0.294172 0.761168
1.483601 0.285172 0.290825 0.770412
1.489379 0.286221 0.286324 0.784141
1.495526 0.285154 0.286288 0.797647
1.491874 0.288277 0.287365 0.788573
1.491079 0.288016 0.288250 0.786583
1.489792 0.284267 0.285508 0.781197
1.488945 0.288254 0.287031 0.781551
1.495233 0.288300 0.287743 0.794048
1.502247 0.289945 0.288593 0.807176
1.500974 0.289666 0.287424 0.805274
1.498264 0.285532 0.285251 0.798945
1.496353 0.283332 0.283277 0.793458
1.502445 0.284674 0.283074 0.805829
1.506478 0.284539 0.286677 0.814345
1.516366 0.284523 0.286072 0.828901
1.510102 0.279902 0.281924 0.819036
1.502409 0.279756 0.281292 0.805204
1.499941 0.283494 0.280571 0.801680
1.507738 0.283395 0.281775 0.813654
1.515696 0.280366 0.282850 0.824621
1.521247 0.279423 0.283343 0.831518
1.516786 0.280732 0.282392 0.825765
1.512674 0.281275 0.281545 0.820840
1.511227 0.288078 0.281153 0.820046
1.519246 0.282700 0.282136 0.829784
1.528398 0.278856 0.280275 0.841027
1.532415 0.277319 0.280158 0.845265
1.527121 0.278455 0.277967 0.839010
1.523055 0.281469 0.279844 0.835825
1.522876 0.281286 0.280198 0.835417
1.534309 0.275459 0.276262 0.851550
1.546223 0.266889 0.276359 0.864370
1.548527 0.266415 0.276368 0.866461
1.540683 0.271420 0.276303 0.858541
1.531862 0.279112 0.276289 0.846474
1.533964 0.273021 0.276301 0.847739
1.545679 0.268825 0.276321 0.862669
1.559232 0.265860 0.276410 0.879610
1.558421 0.267910 0.276412 0.878710
1.548632 0.275974 0.276390 0.868230
1.539730 0.280737 0.276320 0.855309
1.544630 0.282637 0.276356 0.863219
1.557270 0.272854 0.276415 0.878354
1.570175 0.266640 0.276418 0.890949
1.565893 0.272073 0.276423 0.888048
1.552887 0.285495 0.276368 0.872154
1.546309 0.300108 0.276307 0.868129
1.552395 0.291692 0.276344 0.872288
1.562169 0.279736 0.276374 0.878146
1.577071 0.268162 0.276392 0.892139
1.573197 0.271845 0.276411 0.894690
1.563011 0.285031 0.276397 0.888665
1.553493 0.303262 0.276299 0.877792
1.563894 0.288420 0.276382 0.889898
1.577164 0.274808 0.276403 0.901476
1.590685 0.264307 0.276374 0.910822
