-0.000082
-0.000003
-0.000040
-0.000020
-0.000004
0.000490
0.000004
0.001964
-0.000009
0.000007
-0.000033
0.000007
-0.000000
-0.000007
-0.000153
0.000013
-0.000022
0.000009
0.000020
-0.000004
0.000007
0.000002
0.000024
-0.000007
0.001901
-0.000005
-0.000008
-0.000048
-0.000029
-0.000022
0.000007
-0.000024
0.000001
-0.000008
0.000004
-0.000026
-0.000006
-0.000034
-0.000013
0.000000
-0.000000
-0.000628
0.000006
-0.000009
0.000534
-0.000011
-0.000009
-0.000273
0.000003
0.000013
0.000005
-0.000346
-0.000032
-0.000010
-0.000021
-0.000003
0.000015
-0.000006
-0.000003
0.000005
-0.000016
0.000024
-0.000015
-0.000000
0.000002
0.000194
-0.000018
-0.000402
0.000002
-0.000020
-0.000009
0.000003
-0.000011
0.000002
0.002510
-0.000043
0.000014
0.000001
-0.000174
0.000251
-0.000019
-0.000027
-0.000061
-0.000007
-0.000001
-0.000007
-0.000034
0.000004
0.000002
-0.000696
0.000003
-0.000025
0.000001
0.001116
-0.000004
-0.000003
-0.000000
-0.000017
0.000006
0.000000
-0.000005
-0.000032
0.000010
-0.000014
-0.002325
-0.000023
-0.000004
0.000035
-0.000012
-0.000016
-0.000001
0.000214
0.000013
-0.000001
0.000005
-0.000033
0.000002
0.000022
0.000035
-0.000099
-0.000003
0.000008
-0.000009
0.000005
-0.000027
-0.000005
-0.000031
0.000002
-0.000003
-0.000003
-0.000005
0.001444
0.000001
-0.000030
-0.000002
0.000076
-0.000002
-0.000006
-0.002835
-0.000006
0.000012
-0.000002
-0.000009
-0.000004
-0.000001
-0.000007
-0.000020
-0.000031
-0.000001
-0.000077
-0.000002
-0.000002
0.000003
-0.000001
-0.000022
0.000018
-0.000056
-0.000093
0.000881
-0.000082
-0.000007
-0.000014
-0.000002
0.001913
0.000014
-0.000153
-0.000018
0.000008
-0.000001
-0.000002
0.000001
-0.000010
-0.000016
-0.000017
0.001371
0.000142
-0.000041
-0.000034
0.000005
0.000003
-0.000012
0.000003
-0.000017
-0.000028
0.000003
0.000001
-0.000047
-0.000027
-0.000004
-0.000001
0.000058
-0.000008
0.000036
-0.000001
0.000010
-0.000003
-0.000004
-0.000059
0.000021
-0.000008
-0.000001
0.000001
-0.000000
-0.000006
0.000012
-0.000034
-0.000006
-0.000005
-0.000002
0.000007
-0.000002
0.000003
-0.000005
0.000000
0.000000
-0.000001
0.000146
-0.000018
-0.000143
0.000004
-0.000003
-0.000013
-0.000011
-0.000011
0.000009
0.000015
-0.000000
0.000003
-0.000001
-0.000001
-0.000000
-0.000073
-0.000001
-0.000574
0.000004
-0.000002
0.000008
-0.000001
-0.000009
-0.000015
0.000012
-0.000021
-0.000010
-0.000001
-0.000002
-0.000037
-0.000019
-0.000021
0.000002
0.000001
-0.000521
-0.000001
0.000036
