-0.939179 0.223088
-1.286255 -0.925748
-0.171227 0.419791
-0.392269 0.698463
1.682719 -0.334465
-0.906642 -1.343414
-1.066826 -0.949806
-1.017984 -0.433893
0.182988 -0.299288
2.062300 -0.989139
-0.628785 -1.717287
0.239898 0.392627
0.282092 1.595081
0.376426 -1.585683
-1.495954 -0.368641
0.069482 1.285276
-0.210117 2.255459
1.792414 1.301917
1.250488 0.850655
-0.381650 0.054058
0.161856 2.515715
-0.814111 0.199201
1.078409 0.779020
-0.804705 -0.362267
-1.659565 -1.282331
-0.492852 -0.515716
-0.910672 0.011070
1.778639 -0.099926
-0.697497 -0.277404
-0.452402 0.115918
-0.858975 0.225796
-0.573030 -0.307436
1.816926 0.574111
-0.511757 0.477885
-0.489849 -0.362066
1.657609 -0.031033
2.348116 -0.793539
-1.334838 0.656812
1.458304 -0.005306
-1.158925 0.879002
2.224361 -0.311086
-0.552736 0.069881
0.378730 0.675373
0.696735 -0.381502
-0.341741 0.019585
-0.540774 1.544503
-1.262265 0.433303
-0.243890 0.630765
0.273191 0.391474
1.616146 0.675035
0.792266 0.878221
-1.263215 -0.993517
0.497713 0.472289
0.550463 1.198356
0.351274 2.194637
0.489857 1.042893
1.243193 0.853814
-1.193946 -0.762064
0.278419 -0.114993
-1.026994 -0.896624
-1.050988 0.369500
1.696654 1.637414
-0.780614 -0.401929
-1.613653 -1.762621
-0.305144 0.023096
-1.158272 -0.113860
-0.436778 0.870431
-0.165411 -0.412058
-0.833414 -0.504778
2.092917 0.456569
-1.279716 -0.601948
0.633813 -0.217527
-0.254163 -0.163213
-1.429195 -0.454027
-1.206303 -0.195388
0.386363 0.171046
-0.281033 0.822400
-2.269932 0.896529
0.038413 0.912263
-0.664966 -1.588936
-1.569600 -0.900254
-0.004393 2.157295
0.756891 0.162956
-1.653539 -0.681141
-0.557101 0.007994
-0.886923 -0.530611
0.218623 -0.570350
-0.864937 -0.295355
0.441479 -1.461474
-0.098269 1.190772
0.176148 0.152838
-0.123782 0.402364
1.635458 -0.358879
0.076879 1.293007
0.845459 1.850153
-0.200773 0.289083
0.867441 2.918194
-0.685327 -1.067198
0.669219 3.301960
0.416354 -2.323660
0.114067 -0.727689
1.091164 -0.921646
1.752377 2.315234
-0.428458 -0.889603
-0.601350 -0.343889
1.214589 -1.578361
-0.453971 -0.153563
0.077002 1.300197
-0.936830 -0.147061
-0.892475 0.479818
-1.060311 -0.225078
0.744897 1.483200
0.106143 0.867555
-0.336393 0.292646
-0.728251 1.548108
-0.968036 1.698838
-0.196476 -0.299774
-0.605698 -1.826575
0.112460 1.251126
0.598855 -0.967139
3.227901 1.341542
0.942936 1.040010
0.554394 -0.531777
0.669516 0.648419
0.972068 -0.105362
0.805271 -1.342078
-0.228612 -1.073168
1.275640 -1.185200
0.693060 -1.559804
-0.074129 -1.943649
0.394716 0.410144
-1.465169 0.032018
-0.204658 -0.894218
1.401050 0.785956
0.954756 -0.217228
1.361541 1.250625
0.491502 0.800794
-0.389266 -0.406644
1.684637 -1.014655
-0.388125 -0.290924
-0.846730 0.784965
-0.965604 -0.087768
-1.708926 -0.392161
0.777844 0.301803
-0.698050 -1.538845
-1.275282 -1.176494
-0.958435 -0.099629
2.271960 0.440118
-0.202192 0.883731
-1.129463 -0.244589
0.282666 -0.395787
-0.853544 0.853026
-0.618547 0.079450
-0.517426 -0.198540
-1.291236 0.058425
0.975801 1.503834
1.560882 1.333625
0.010827 -0.953258
1.119372 1.379882
0.488007 0.841201
0.125030 0.054153
-1.363684 -0.404429
0.983954 0.283293
-0.976916 -0.997300
0.301518 1.163217
-0.342644 0.369389
1.232822 0.009214
-0.621854 -0.728022
-0.921150 -1.130219
0.025805 -1.196129
-0.004816 -0.762238
-0.471406 -0.534955
0.031168 0.378061
0.023065 -0.158131
0.979551 -0.099553
0.348554 -1.097862
-0.540257 -0.454254
0.524964 -2.338076
-1.975409 3.068380
-1.468678 -0.562655
-1.057630 0.668118
-0.355950 -1.124630
2.889084 0.339255
-1.625473 1.300658
1.020462 -0.088817
0.742393 0.100006
1.559523 -1.661496
-1.140686 0.224757
2.217851 -0.173631
0.386085 -1.127432
-0.336320 1.759189
0.207950 -0.423054
0.257397 1.155749
1.331078 -0.083475
-1.209338 0.513606
0.323398 0.151730
0.989817 1.399017
0.083944 -0.047892
-0.795998 -0.090079
0.552649 -1.095085
-0.899348 -0.804642
-0.533708 -0.345298
2.157204 0.021383
0.416107 -0.457636
0.316092 0.393570
1.149611 0.363480
0.312696 -0.202399
-0.233034 -0.521151
-0.447455 -0.259686
-0.891895 -0.452326
0.685913 -0.477288
-0.604651 0.315885
0.899615 -0.852271
-0.143877 -1.224232
-0.015863 0.090913
0.689423 -1.511187
-0.113167 -1.543454
-0.063324 1.416876
-0.328103 -0.833773
1.181284 -1.445212
0.215085 -1.272512
-1.486256 -0.375051
-0.899662 1.825943
0.569066 -1.072911
0.803362 -0.893800
-1.117977 1.176915
0.537411 -0.842547
-1.499262 -0.939546
-0.851546 0.503858
1.467986 -0.762125
-1.530529 0.550106
-0.348795 -0.254306
0.087491 -1.154916
-0.180335 -0.453397
-0.526030 0.274712
-1.278394 -0.679396
-0.507323 1.351448
-1.327352 -0.755644
-0.971456 1.072655
0.092918 -0.534027
0.931907 -2.012492
-0.323075 -0.188160
1.840446 2.324640
-0.248839 -1.029185
-0.232062 0.528382
-0.524418 -0.263301
-0.180849 -0.212804
-0.482091 -0.132711
0.953793 -2.316978
2.017984 0.313233
0.963683 0.102630
-0.269213 -0.595851
-1.382986 0.746350
