5.686847686767578125e+01
5.745074844360351562e+01
5.803301620483398438e+01
5.861528778076171875e+01
5.919755554199218750e+01
5.977982330322265625e+01
6.036209487915039062e+01
6.094436645507812500e+01
9.791328430175781250e+01
9.826406860351562500e+01
9.861484527587890625e+01
9.896562194824218750e+01
9.931640625000000000e+01
9.966718292236328125e+01
1.000179595947265625e+02
1.003687438964843750e+02
6.648643493652343750e+01
6.707052612304687500e+01
6.765461730957031250e+01
6.823870849609375000e+01
6.882279968261718750e+01
6.940689086914062500e+01
6.999098205566406250e+01
7.057507324218750000e+01
8.780050659179687500e+01
8.870551300048828125e+01
8.961051940917968750e+01
9.051553344726562500e+01
9.142054748535156250e+01
9.232555389404296875e+01
9.323056030273437500e+01
9.413557434082031250e+01
6.021813583374023438e+01
6.090326690673828125e+01
6.158840179443359375e+01
6.227353286743164062e+01
6.295866394042968750e+01
6.364379501342773438e+01
6.432892608642578125e+01
6.501406097412109375e+01
5.942531204223632812e+01
5.961378097534179688e+01
5.980224990844726562e+01
5.999071884155273438e+01
6.017918777465820312e+01
6.036765670776367188e+01
6.055612564086914062e+01
6.074459457397460938e+01
6.720450592041015625e+01
6.777143859863281250e+01
6.833837890625000000e+01
6.890531921386718750e+01
6.947225952148437500e+01
7.003919982910156250e+01
7.060614013671875000e+01
7.117308044433593750e+01
9.449360656738281250e+01
9.492678833007812500e+01
9.535997009277343750e+01
9.579315185546875000e+01
9.622633361816406250e+01
9.665951538085937500e+01
9.709270477294921875e+01
9.752588653564453125e+01
9.302023315429687500e+01
9.369480895996093750e+01
9.436938476562500000e+01
9.504396057128906250e+01
9.571853637695312500e+01
9.639311981201171875e+01
9.706769561767578125e+01
9.774227142333984375e+01
6.191521453857421875e+01
6.237511062622070312e+01
6.283500671386718750e+01
6.329489898681640625e+01
6.375479507446289062e+01
6.421469116210937500e+01
6.467458343505859375e+01
6.513447570800781250e+01
1.111006622314453125e+02
1.116098175048828125e+02
1.121189727783203125e+02
1.126281280517578125e+02
1.131372833251953125e+02
1.136464385986328125e+02
1.141556015014648438e+02
1.146647567749023438e+02
4.916143798828125000e+01
4.984277725219726562e+01
5.052411651611328125e+01
5.120545578002929688e+01
5.188679504394531250e+01
5.256813812255859375e+01
5.324947357177734375e+01
5.393081665039062500e+01
6.896571350097656250e+01
6.955879974365234375e+01
7.015188598632812500e+01
7.074497222900390625e+01
7.133805847167968750e+01
7.193114471435546875e+01
7.252423095703125000e+01
7.311731719970703125e+01
8.721771240234375000e+01
8.790901184082031250e+01
8.860030364990234375e+01
8.929160308837890625e+01
8.998289489746093750e+01
9.067418670654296875e+01
9.136548614501953125e+01
9.205677795410156250e+01
3.829153442382812500e+01
3.869459533691406250e+01
3.909766006469726562e+01
3.950072097778320312e+01
3.990378570556640625e+01
4.030684661865234375e+01
4.070990753173828125e+01
4.111296844482421875e+01
4.567412948608398438e+01
4.594553375244140625e+01
4.621694183349609375e+01
4.648834991455078125e+01
4.675975799560546875e+01
4.703116607666015625e+01
4.730257034301757812e+01
4.757397842407226562e+01
5.495544052124023438e+01
5.580065155029296875e+01
5.664585876464843750e+01
5.749106597900390625e+01
5.833627319335937500e+01
5.918148422241210938e+01
6.002669143676757812e+01
6.087190246582031250e+01
5.965055084228515625e+01
6.015787124633789062e+01
6.066519165039062500e+01
6.117251205444335938e+01
6.167983245849609375e+01
6.218715286254882812e+01
6.269447326660156250e+01
6.320179748535156250e+01
6.337560272216796875e+01
6.375293350219726562e+01
6.413026428222656250e+01
6.450759124755859375e+01
6.488492584228515625e+01
6.526225280761718750e+01
6.563958740234375000e+01
6.601691436767578125e+01
7.305888366699218750e+01
7.313964080810546875e+01
7.322039794921875000e+01
7.330116271972656250e+01
7.338191986083984375e+01
7.346267700195312500e+01
7.354343414306640625e+01
7.362419128417968750e+01
6.840200042724609375e+01
6.893997192382812500e+01
6.947795104980468750e+01
7.001592254638671875e+01
7.055389404296875000e+01
7.109186553955078125e+01
7.162984466552734375e+01
7.216781616210937500e+01
6.481763458251953125e+01
6.544955444335937500e+01
6.608148193359375000e+01
6.671340942382812500e+01
6.734533691406250000e+01
6.797725677490234375e+01
6.860918426513671875e+01
6.924111175537109375e+01
8.240190124511718750e+01
8.257140350341796875e+01
8.274091339111328125e+01
8.291042327880859375e+01
8.307992553710937500e+01
8.324943542480468750e+01
8.341894531250000000e+01
8.358845520019531250e+01
5.130174636840820312e+01
5.186995315551757812e+01
5.243816375732421875e+01
5.300637054443359375e+01
5.357457733154296875e+01
5.414278411865234375e+01
5.471099090576171875e+01
5.527920150756835938e+01
8.735212707519531250e+01
8.825444030761718750e+01
8.915675354003906250e+01
9.005905914306640625e+01
9.096137237548828125e+01
9.186368560791015625e+01
9.276599884033203125e+01
9.366831207275390625e+01
5.953177261352539062e+01
6.005537796020507812e+01
6.057898330688476562e+01
6.110258865356445312e+01
6.162619400024414062e+01
6.214979934692382812e+01
6.267340469360351562e+01
6.319701004028320312e+01
5.748320770263671875e+01
5.784609985351562500e+01
5.820899200439453125e+01
5.857188415527343750e+01
5.893477630615234375e+01
5.929766845703125000e+01
5.966056442260742188e+01
6.002345657348632812e+01
6.373678970336914062e+01
6.430316925048828125e+01
6.486955261230468750e+01
6.543592834472656250e+01
6.600231170654296875e+01
6.656868743896484375e+01
6.713507080078125000e+01
6.770145416259765625e+01
4.546109390258789062e+01
4.598403930664062500e+01
4.650698089599609375e+01
4.702992248535156250e+01
4.755287170410156250e+01
4.807581329345703125e+01
4.859875488281250000e+01
4.912170028686523438e+01
7.876435852050781250e+01
7.935551452636718750e+01
7.994667053222656250e+01
8.053783416748046875e+01
8.112899017333984375e+01
8.172014617919921875e+01
8.231130218505859375e+01
8.290245819091796875e+01
6.539121246337890625e+01
6.587211608886718750e+01
6.635302734375000000e+01
6.683393096923828125e+01
6.731483459472656250e+01
6.779573822021484375e+01
6.827664947509765625e+01
6.875755310058593750e+01
8.172293853759765625e+01
8.227474212646484375e+01
8.282655334472656250e+01
8.337835693359375000e+01
8.393016052246093750e+01
8.448197174072265625e+01
8.503377532958984375e+01
8.558558654785156250e+01
4.300420379638671875e+01
4.330249023437500000e+01
4.360078048706054688e+01
4.389907073974609375e+01
4.419735717773437500e+01
4.449564743041992188e+01
4.479393768310546875e+01
4.509222412109375000e+01
6.479290771484375000e+01
6.501791381835937500e+01
6.524291229248046875e+01
6.546791076660156250e+01
6.569290924072265625e+01
6.591790771484375000e+01
6.614290618896484375e+01
6.636790466308593750e+01
8.076680755615234375e+01
8.120338439941406250e+01
8.163995361328125000e+01
8.207652282714843750e+01
8.251309204101562500e+01
8.294966888427734375e+01
8.338623809814453125e+01
8.382280731201171875e+01
5.918022918701171875e+01
5.971906661987304688e+01
6.025790786743164062e+01
6.079674530029296875e+01
6.133558654785156250e+01
6.187442398071289062e+01
6.241326141357421875e+01
6.295210266113281250e+01
6.287445449829101562e+01
6.341073989868164062e+01
6.394702911376953125e+01
6.448331451416015625e+01
6.501959991455078125e+01
6.555588531494140625e+01
6.609217071533203125e+01
6.662846374511718750e+01
nan
nan
nan
nan
nan
nan
nan
nan
3.910501861572265625e+01
3.969203186035156250e+01
4.027903747558593750e+01
4.086605072021484375e+01
4.145305633544921875e+01
4.204006958007812500e+01
4.262707519531250000e+01
4.321408843994140625e+01
7.922051239013671875e+01
8.001045227050781250e+01
8.080038452148437500e+01
8.159031677246093750e+01
8.238024902343750000e+01
8.317018127441406250e+01
8.396012115478515625e+01
8.475005340576171875e+01
1.089687118530273438e+02
1.095463714599609375e+02
1.101240234375000000e+02
1.107016754150390625e+02
1.112793350219726562e+02
1.118569946289062500e+02
1.124346466064453125e+02
1.130122985839843750e+02
7.542060852050781250e+01
7.633506011962890625e+01
7.724951934814453125e+01
7.816397857666015625e+01
7.907843780517578125e+01
7.999289703369140625e+01
8.090735626220703125e+01
8.182181549072265625e+01
7.274506378173828125e+01
7.331989288330078125e+01
7.389471435546875000e+01
7.446954345703125000e+01
7.504437255859375000e+01
7.561919403076171875e+01
7.619402313232421875e+01
7.676885223388671875e+01
8.176000213623046875e+01
8.198964691162109375e+01
8.221928405761718750e+01
8.244892883300781250e+01
8.267857360839843750e+01
8.290821838378906250e+01
8.313786315917968750e+01
8.336750030517578125e+01
nan
nan
nan
nan
nan
nan
nan
nan
7.425598144531250000e+01
7.503067016601562500e+01
7.580536651611328125e+01
7.658005523681640625e+01
7.735474395751953125e+01
7.812944030761718750e+01
7.890412902832031250e+01
7.967881774902343750e+01
9.564907073974609375e+01
9.616349029541015625e+01
9.667790985107421875e+01
9.719232177734375000e+01
9.770674133300781250e+01
9.822116088867187500e+01
9.873558044433593750e+01
9.925000000000000000e+01
8.695278930664062500e+01
8.759889221191406250e+01
8.824499511718750000e+01
8.889109802246093750e+01
8.953720092773437500e+01
9.018329620361328125e+01
9.082939910888671875e+01
9.147550201416015625e+01
7.429379272460937500e+01
7.470522308349609375e+01
7.511665344238281250e+01
7.552807617187500000e+01
7.593950653076171875e+01
7.635093688964843750e+01
7.676236724853515625e+01
7.717378997802734375e+01
7.380470275878906250e+01
7.460579681396484375e+01
7.540688323974609375e+01
7.620797729492187500e+01
7.700906372070312500e+01
7.781015014648437500e+01
7.861124420166015625e+01
7.941233062744140625e+01
2.639449691772460938e+01
2.681390380859375000e+01
2.723331069946289062e+01
2.765271759033203125e+01
2.807212448120117188e+01
2.849153137207031250e+01
2.891093444824218750e+01
2.933034133911132812e+01
7.556217193603515625e+01
7.621592712402343750e+01
7.686968994140625000e+01
7.752344512939453125e+01
7.817720794677734375e+01
7.883096313476562500e+01
7.948472595214843750e+01
8.013848114013671875e+01
3.426905059814453125e+01
3.480303955078125000e+01
3.533702850341796875e+01
3.587101745605468750e+01
3.640500640869140625e+01
3.693899536132812500e+01
3.747298431396484375e+01
3.800697326660156250e+01
9.692458343505859375e+01
9.766345214843750000e+01
9.840232086181640625e+01
9.914118957519531250e+01
9.988006591796875000e+01
1.006189270019531250e+02
1.013578033447265625e+02
1.020966720581054688e+02
6.281809234619140625e+01
6.355994415283203125e+01
6.430179595947265625e+01
6.504364776611328125e+01
6.578549194335937500e+01
6.652734375000000000e+01
6.726919555664062500e+01
6.801104736328125000e+01
6.538412475585937500e+01
6.594516754150390625e+01
6.650621032714843750e+01
6.706725311279296875e+01
6.762829589843750000e+01
6.818933868408203125e+01
6.875038146972656250e+01
6.931142425537109375e+01
6.436586761474609375e+01
6.490892028808593750e+01
6.545197296142578125e+01
6.599502563476562500e+01
6.653807830810546875e+01
6.708113861083984375e+01
6.762419128417968750e+01
6.816724395751953125e+01
nan
nan
nan
nan
nan
nan
nan
nan
4.156410217285156250e+01
4.182089614868164062e+01
4.207769012451171875e+01
4.233448791503906250e+01
4.259128189086914062e+01
4.284807586669921875e+01
4.310487365722656250e+01
4.336167144775390625e+01
6.565675354003906250e+01
6.635960388183593750e+01
6.706244659423828125e+01
6.776529693603515625e+01
6.846813964843750000e+01
6.917098999023437500e+01
6.987383270263671875e+01
7.057668304443359375e+01
5.252146148681640625e+01
5.333792114257812500e+01
5.415438842773437500e+01
5.497084808349609375e+01
5.578731155395507812e+01
5.660377502441406250e+01
5.742023849487304688e+01
5.823670196533203125e+01
6.747782135009765625e+01
6.796890258789062500e+01
6.845998382568359375e+01
6.895107269287109375e+01
6.944215393066406250e+01
6.993324279785156250e+01
7.042432403564453125e+01
7.091540527343750000e+01
6.190402603149414062e+01
6.249139404296875000e+01
6.307876205444335938e+01
6.366613006591796875e+01
6.425350189208984375e+01
6.484086608886718750e+01
6.542823791503906250e+01
6.601560974121093750e+01
5.520347213745117188e+01
5.603709793090820312e+01
5.687072372436523438e+01
5.770434951782226562e+01
5.853797531127929688e+01
5.937160110473632812e+01
6.020522689819335938e+01
6.103885269165039062e+01
7.816306304931640625e+01
7.880810546875000000e+01
7.945314788818359375e+01
8.009819030761718750e+01
8.074324035644531250e+01
8.138828277587890625e+01
8.203332519531250000e+01
8.267836761474609375e+01
7.485081481933593750e+01
7.557666778564453125e+01
7.630252075195312500e+01
7.702837371826171875e+01
7.775422668457031250e+01
7.848007965087890625e+01
7.920593261718750000e+01
7.993177795410156250e+01
6.314548110961914062e+01
6.365605163574218750e+01
6.416661834716796875e+01
6.467718505859375000e+01
6.518775177001953125e+01
6.569831848144531250e+01
6.620888519287109375e+01
6.671945953369140625e+01
3.461030578613281250e+01
3.516441726684570312e+01
3.571852493286132812e+01
3.627263259887695312e+01
3.682674407958984375e+01
3.738085174560546875e+01
3.793496322631835938e+01
3.848907089233398438e+01
6.403692626953125000e+01
6.457787322998046875e+01
6.511882019042968750e+01
6.565977478027343750e+01
6.620072174072265625e+01
6.674166870117187500e+01
6.728261566162109375e+01
6.782356262207031250e+01
nan
nan
nan
nan
nan
nan
nan
nan
9.678456878662109375e+01
9.727274322509765625e+01
9.776092529296875000e+01
9.824909973144531250e+01
9.873727416992187500e+01
9.922544860839843750e+01
9.971362304687500000e+01
1.002018051147460938e+02
7.111891174316406250e+01
7.167026519775390625e+01
7.222161102294921875e+01
7.277296447753906250e+01
7.332431030273437500e+01
7.387566375732421875e+01
7.442700958251953125e+01
7.497836303710937500e+01
4.576808166503906250e+01
4.629048919677734375e+01
4.681289291381835938e+01
4.733529663085937500e+01
4.785770416259765625e+01
4.838010406494140625e+01
4.890251159667968750e+01
4.942491531372070312e+01
5.121278381347656250e+01
5.158396148681640625e+01
5.195513916015625000e+01
5.232631301879882812e+01
5.269748687744140625e+01
5.306866455078125000e+01
5.343983840942382812e+01
5.381101989746093750e+01
7.942523956298828125e+01
8.010164642333984375e+01
8.077806091308593750e+01
8.145446777343750000e+01
8.213088226318359375e+01
8.280729675292968750e+01
8.348370361328125000e+01
8.416011810302734375e+01
6.812004089355468750e+01
6.874410247802734375e+01
6.936816406250000000e+01
6.999222564697265625e+01
7.061628723144531250e+01
7.124034881591796875e+01
7.186441040039062500e+01
7.248847198486328125e+01
5.274631500244140625e+01
5.331763458251953125e+01
5.388896179199218750e+01
5.446028137207031250e+01
5.503160476684570312e+01
5.560292816162109375e+01
5.617425155639648438e+01
5.674557495117187500e+01
9.508075714111328125e+01
9.567427062988281250e+01
9.626779174804687500e+01
9.686130523681640625e+01
9.745481872558593750e+01
9.804833984375000000e+01
9.864185333251953125e+01
9.923536682128906250e+01
7.082455444335937500e+01
7.116857910156250000e+01
7.151260375976562500e+01
7.185662841796875000e+01
7.220065307617187500e+01
7.254467773437500000e+01
7.288869476318359375e+01
7.323271942138671875e+01
6.386450958251953125e+01
6.429486083984375000e+01
6.472521209716796875e+01
6.515556335449218750e+01
6.558591461181640625e+01
6.601626586914062500e+01
6.644661712646484375e+01
6.687696838378906250e+01
4.397743225097656250e+01
4.461671447753906250e+01
4.525599288940429688e+01
4.589527130126953125e+01
4.653454971313476562e+01
4.717382812500000000e+01
4.781311035156250000e+01
4.845238494873046875e+01
9.248686981201171875e+01
9.335036468505859375e+01
9.421385955810546875e+01
9.507735443115234375e+01
9.594084930419921875e+01
9.680434417724609375e+01
9.766783905029296875e+01
9.853132629394531250e+01
5.919545745849609375e+01
5.978606033325195312e+01
6.037666320800781250e+01
6.096726608276367188e+01
6.155786895751953125e+01
6.214847183227539062e+01
6.273907470703125000e+01
6.332967758178710938e+01
6.967847442626953125e+01
7.025506591796875000e+01
7.083164978027343750e+01
7.140824127197265625e+01
7.198483276367187500e+01
7.256142425537109375e+01
7.313801574707031250e+01
7.371460723876953125e+01
9.908689880371093750e+01
9.955145263671875000e+01
1.000160064697265625e+02
1.004805603027343750e+02
1.009451141357421875e+02
1.014096679687500000e+02
1.018742218017578125e+02
1.023387756347656250e+02
6.032870483398437500e+01
6.109857940673828125e+01
6.186844635009765625e+01
6.263832092285156250e+01
6.340819168090820312e+01
6.417806243896484375e+01
6.494793701171875000e+01
6.571780395507812500e+01
5.661945343017578125e+01
5.713034057617187500e+01
5.764122390747070312e+01
5.815210723876953125e+01
5.866299438476562500e+01
5.917387771606445312e+01
5.968476104736328125e+01
6.019564819335937500e+01
4.495315551757812500e+01
4.565977859497070312e+01
4.636640167236328125e+01
4.707302093505859375e+01
4.777964401245117188e+01
4.848626708984375000e+01
4.919288635253906250e+01
4.989951324462890625e+01
7.071558380126953125e+01
7.133985137939453125e+01
7.196411895751953125e+01
7.258838653564453125e+01
7.321265411376953125e+01
7.383692169189453125e+01
7.446118927001953125e+01
7.508545684814453125e+01
4.998635864257812500e+01
5.072715377807617188e+01
5.146794891357421875e+01
5.220874023437500000e+01
5.294953536987304688e+01
5.369033050537109375e+01
5.443112564086914062e+01
5.517192077636718750e+01
4.113462829589843750e+01
4.168050384521484375e+01
4.222637939453125000e+01
4.277224731445312500e+01
4.331812286376953125e+01
4.386399841308593750e+01
4.440987014770507812e+01
4.495574188232421875e+01
8.521942901611328125e+01
8.548424530029296875e+01
8.574906921386718750e+01
8.601388549804687500e+01
8.627870178222656250e+01
8.654351806640625000e+01
8.680834197998046875e+01
8.707315826416015625e+01
3.792096328735351562e+01
3.847440719604492188e+01
3.902785491943359375e+01
3.958129882812500000e+01
4.013474273681640625e+01
4.068818664550781250e+01
4.124163055419921875e+01
4.179507827758789062e+01
9.022284698486328125e+01
9.078363037109375000e+01
9.134442138671875000e+01
9.190520477294921875e+01
9.246598815917968750e+01
9.302677917480468750e+01
9.358756256103515625e+01
9.414835357666015625e+01
6.470449829101562500e+01
6.530095672607421875e+01
6.589741516113281250e+01
6.649387359619140625e+01
6.709033203125000000e+01
6.768679046630859375e+01
6.828324890136718750e+01
6.887970733642578125e+01
6.522449493408203125e+01
6.584854888916015625e+01
6.647260284423828125e+01
6.709664916992187500e+01
6.772070312500000000e+01
6.834475708007812500e+01
6.896881103515625000e+01
6.959286499023437500e+01
5.005569076538085938e+01
5.030384063720703125e+01
5.055199432373046875e+01
5.080014801025390625e+01
5.104830169677734375e+01
5.129645156860351562e+01
5.154460525512695312e+01
5.179275512695312500e+01
nan
nan
nan
nan
nan
nan
nan
nan
8.262921905517578125e+01
8.317720794677734375e+01
8.372518920898437500e+01
8.427317810058593750e+01
8.482116699218750000e+01
8.536914825439453125e+01
8.591713714599609375e+01
8.646511840820312500e+01
8.490371704101562500e+01
8.560092926025390625e+01
8.629814147949218750e+01
8.699535369873046875e+01
8.769256591796875000e+01
8.838977813720703125e+01
8.908699035644531250e+01
8.978420257568359375e+01
7.416312408447265625e+01
7.492947387695312500e+01
7.569582366943359375e+01
7.646217346191406250e+01
7.722851562500000000e+01
7.799486541748046875e+01
7.876121520996093750e+01
7.952756500244140625e+01
4.177481079101562500e+01
4.209329223632812500e+01
4.241176605224609375e+01
4.273024749755859375e+01
4.304872131347656250e+01
4.336720275878906250e+01
4.368567657470703125e+01
4.400415420532226562e+01
7.275418853759765625e+01
7.340101623535156250e+01
7.404785156250000000e+01
7.469468688964843750e+01
7.534152221679687500e+01
7.598835754394531250e+01
7.663519287109375000e+01
7.728202819824218750e+01
7.753139495849609375e+01
7.823013305664062500e+01
7.892887115478515625e+01
7.962760925292968750e+01
8.032634735107421875e+01
8.102508544921875000e+01
8.172382354736328125e+01
8.242256164550781250e+01
7.296114349365234375e+01
7.353421783447265625e+01
7.410729217529296875e+01
7.468036651611328125e+01
7.525344848632812500e+01
7.582652282714843750e+01
7.639959716796875000e+01
7.697267150878906250e+01
5.872076034545898438e+01
5.944907760620117188e+01
6.017739486694335938e+01
6.090570831298828125e+01
6.163402557373046875e+01
6.236234283447265625e+01
6.309065628051757812e+01
6.381897354125976562e+01
9.438368225097656250e+01
9.476705169677734375e+01
9.515042114257812500e+01
9.553379058837890625e+01
9.591716003417968750e+01
9.630053710937500000e+01
9.668389892578125000e+01
9.706727600097656250e+01
4.919674682617187500e+01
4.991293334960937500e+01
5.062912750244140625e+01
5.134531402587890625e+01
5.206150436401367188e+01
5.277769470214843750e+01
5.349388504028320312e+01
5.421007537841796875e+01
8.476869201660156250e+01
8.503762054443359375e+01
8.530655670166015625e+01
8.557549285888671875e+01
8.584442901611328125e+01
8.611336517333984375e+01
8.638229370117187500e+01
8.665122985839843750e+01
7.057226562500000000e+01
7.116748046875000000e+01
7.176269531250000000e+01
7.235791015625000000e+01
7.295312500000000000e+01
7.354833984375000000e+01
7.414355468750000000e+01
7.473876953125000000e+01
6.908226776123046875e+01
6.971765136718750000e+01
7.035303497314453125e+01
7.098841857910156250e+01
7.162380218505859375e+01
7.225918579101562500e+01
7.289456939697265625e+01
7.352994537353515625e+01
7.432776641845703125e+01
7.506091308593750000e+01
7.579405975341796875e+01
7.652720642089843750e+01
7.726035308837890625e+01
7.799349212646484375e+01
7.872663879394531250e+01
7.945979309082031250e+01
7.897329711914062500e+01
7.918518829345703125e+01
7.939707183837890625e+01
7.960896301269531250e+01
7.982085418701171875e+01
8.003273773193359375e+01
8.024462890625000000e+01
8.045651245117187500e+01
5.786792373657226562e+01
5.849461746215820312e+01
5.912131118774414062e+01
5.974800109863281250e+01
6.037469482421875000e+01
6.100138854980468750e+01
6.162808227539062500e+01
6.225477600097656250e+01
5.124136352539062500e+01
5.161203765869140625e+01
5.198271179199218750e+01
5.235338592529296875e+01
5.272406005859375000e+01
5.309473419189453125e+01
5.346540832519531250e+01
5.383608245849609375e+01
7.485665130615234375e+01
7.536743164062500000e+01
7.587821197509765625e+01
7.638899230957031250e+01
7.689978027343750000e+01
7.741056060791015625e+01
7.792134094238281250e+01
7.843212127685546875e+01
6.385037612915039062e+01
6.444891357421875000e+01
6.504745483398437500e+01
6.564599609375000000e+01
6.624453735351562500e+01
6.684307861328125000e+01
6.744161987304687500e+01
6.804016113281250000e+01
4.834899520874023438e+01
4.861247253417968750e+01
4.887594604492187500e+01
4.913941955566406250e+01
4.940289688110351562e+01
4.966637420654296875e+01
4.992984771728515625e+01
5.019332504272460938e+01
9.458997344970703125e+01
9.521835327148437500e+01
9.584674072265625000e+01
9.647512054443359375e+01
9.710350036621093750e+01
9.773188018798828125e+01
9.836026000976562500e+01
9.898864746093750000e+01
7.145164489746093750e+01
7.210548400878906250e+01
7.275931549072265625e+01
7.341315460205078125e+01
7.406698608398437500e+01
7.472082519531250000e+01
7.537465667724609375e+01
7.602848815917968750e+01
1.993869781494140625e+01
2.032005310058593750e+01
2.070140457153320312e+01
2.108275604248046875e+01
2.146411132812500000e+01
2.184546279907226562e+01
2.222681808471679688e+01
2.260816955566406250e+01
5.345590591430664062e+01
5.400288391113281250e+01
5.454986190795898438e+01
5.509683990478515625e+01
5.564381790161132812e+01
5.619079589843750000e+01
5.673777008056640625e+01
5.728475189208984375e+01
4.104670715332031250e+01
4.163085937500000000e+01
4.221500778198242188e+01
4.279915618896484375e+01
4.338330841064453125e+01
4.396746063232421875e+01
4.455161285400390625e+01
4.513576126098632812e+01
9.226544189453125000e+01
9.300209808349609375e+01
9.373875427246093750e+01
9.447541046142578125e+01
9.521206665039062500e+01
9.594872283935546875e+01
9.668537902832031250e+01
9.742204284667968750e+01
8.670755004882812500e+01
8.738712310791015625e+01
8.806669616699218750e+01
8.874627685546875000e+01
8.942584991455078125e+01
9.010542297363281250e+01
9.078500366210937500e+01
9.146457672119140625e+01
5.655260467529296875e+01
5.701694488525390625e+01
5.748128890991210938e+01
5.794563293457031250e+01
5.840997314453125000e+01
5.887432098388671875e+01
5.933866119384765625e+01
5.980300521850585938e+01
6.358747863769531250e+01
6.434928131103515625e+01
6.511109161376953125e+01
6.587290191650390625e+01
6.663471221923828125e+01
6.739652252197265625e+01
6.815832519531250000e+01
6.892013549804687500e+01
8.199821472167968750e+01
8.290646362304687500e+01
8.381471252441406250e+01
8.472296142578125000e+01
8.563120269775390625e+01
8.653945159912109375e+01
8.744770050048828125e+01
8.835594940185546875e+01
7.685436248779296875e+01
7.730075073242187500e+01
7.774713897705078125e+01
7.819353485107421875e+01
7.863992309570312500e+01
7.908631134033203125e+01
7.953269958496093750e+01
7.997908782958984375e+01
4.744548416137695312e+01
4.797956466674804688e+01
4.851364898681640625e+01
4.904772949218750000e+01
4.958180999755859375e+01
5.011589050292968750e+01
5.064997100830078125e+01
5.118405532836914062e+01
1.200002288818359375e+02
1.205024719238281250e+02
1.210047149658203125e+02
1.215069580078125000e+02
1.220091934204101562e+02
1.225114288330078125e+02
1.230136718750000000e+02
1.235159149169921875e+02
4.605613708496093750e+01
4.660209655761718750e+01
4.714804840087890625e+01
4.769400787353515625e+01
4.823995971679687500e+01
4.878591918945312500e+01
4.933187103271484375e+01
4.987783050537109375e+01
7.600021362304687500e+01
7.648242950439453125e+01
7.696464538574218750e+01
7.744686889648437500e+01
7.792908477783203125e+01
7.841130065917968750e+01
7.889351654052734375e+01
7.937573242187500000e+01
1.052773590087890625e+02
1.056680145263671875e+02
1.060586700439453125e+02
1.064493255615234375e+02
1.068399734497070312e+02
1.072306289672851562e+02
1.076212768554687500e+02
1.080119323730468750e+02
1.201774978637695312e+02
1.207036972045898438e+02
1.212298965454101562e+02
1.217560958862304688e+02
1.222822952270507812e+02
1.228084945678710938e+02
1.233346939086914062e+02
1.238608932495117188e+02
nan
nan
nan
nan
nan
nan
nan
nan
3.134327697753906250e+01
3.186132431030273438e+01
3.237936782836914062e+01
3.289741516113281250e+01
3.341546249389648438e+01
3.393350601196289062e+01
3.445155334472656250e+01
3.496959686279296875e+01
1.074691314697265625e+02
1.080180511474609375e+02
1.085669555664062500e+02
1.091158676147460938e+02
1.096647796630859375e+02
1.102136840820312500e+02
1.107626037597656250e+02
1.113115081787109375e+02
4.804472351074218750e+01
4.840570068359375000e+01
4.876668167114257812e+01
4.912766265869140625e+01
4.948863983154296875e+01
4.984961700439453125e+01
5.021060180664062500e+01
5.057157897949218750e+01
7.431361389160156250e+01
7.488364410400390625e+01
7.545366668701171875e+01
7.602368927001953125e+01
7.659371948242187500e+01
7.716374206542968750e+01
7.773376464843750000e+01
7.830379486083984375e+01
nan
nan
nan
nan
nan
nan
nan
nan
7.601020050048828125e+01
7.654135894775390625e+01
7.707252502441406250e+01
7.760368347167968750e+01
7.813484191894531250e+01
7.866600036621093750e+01
7.919715881347656250e+01
7.972831726074218750e+01
6.833860778808593750e+01
6.888764190673828125e+01
6.943667602539062500e+01
6.998571014404296875e+01
7.053474426269531250e+01
7.108377838134765625e+01
7.163281250000000000e+01
7.218185424804687500e+01
1.051412811279296875e+02
1.054514923095703125e+02
1.057617111206054688e+02
1.060719299316406250e+02
1.063821411132812500e+02
1.066923599243164062e+02
1.070025787353515625e+02
1.073127899169921875e+02
6.276311111450195312e+01
6.333855056762695312e+01
6.391399002075195312e+01
6.448942565917968750e+01
6.506486511230468750e+01
6.564030456542968750e+01
6.621574401855468750e+01
6.679118347167968750e+01
6.897798156738281250e+01
6.964401245117187500e+01
7.031004333496093750e+01
7.097607421875000000e+01
7.164210510253906250e+01
7.230813598632812500e+01
7.297416687011718750e+01
7.364019775390625000e+01
2.442396545410156250e+01
2.495354461669921875e+01
2.548312759399414062e+01
2.601270675659179688e+01
2.654228591918945312e+01
2.707186508178710938e+01
2.760144805908203125e+01
2.813102722167968750e+01
7.571714019775390625e+01
7.646923065185546875e+01
7.722131347656250000e+01
7.797340393066406250e+01
7.872549438476562500e+01
7.947758483886718750e+01
8.022966766357421875e+01
8.098175811767578125e+01
7.987979125976562500e+01
8.068905639648437500e+01
8.149831390380859375e+01
8.230757141113281250e+01
8.311682891845703125e+01
8.392608642578125000e+01
8.473534393310546875e+01
8.554460144042968750e+01
7.144256591796875000e+01
7.219512176513671875e+01
7.294767761230468750e+01
7.370024108886718750e+01
7.445279693603515625e+01
7.520536041259765625e+01
7.595791625976562500e+01
7.671047973632812500e+01
5.147418212890625000e+01
5.227956008911132812e+01
5.308493804931640625e+01
5.389031219482421875e+01
5.469569015502929688e+01
5.550106811523437500e+01
5.630644226074218750e+01
5.711182022094726562e+01
5.329212570190429688e+01
5.377745056152343750e+01
5.426277542114257812e+01
5.474810028076171875e+01
5.523342514038085938e+01
5.571875000000000000e+01
5.620407485961914062e+01
5.668939971923828125e+01
3.295515441894531250e+01
3.346783447265625000e+01
3.398051834106445312e+01
3.449319839477539062e+01
3.500588226318359375e+01
3.551856613159179688e+01
3.603124618530273438e+01
3.654393005371093750e+01
8.089062500000000000e+01
8.107463073730468750e+01
8.125863647460937500e+01
8.144264221191406250e+01
8.162664794921875000e+01
8.181065368652343750e+01
8.199465942382812500e+01
8.217866516113281250e+01
7.460052490234375000e+01
7.521120452880859375e+01
7.582189178466796875e+01
7.643257141113281250e+01
7.704325103759765625e+01
7.765393066406250000e+01
7.826461029052734375e+01
7.887528991699218750e+01
2.991986083984375000e+01
3.049817276000976562e+01
3.107648086547851562e+01
3.165478897094726562e+01
3.223310089111328125e+01
3.281140899658203125e+01
3.338972091674804688e+01
3.396802902221679688e+01
9.153118896484375000e+01
9.190122985839843750e+01
9.227126312255859375e+01
9.264130401611328125e+01
9.301134490966796875e+01
9.338137817382812500e+01
9.375141906738281250e+01
9.412145996093750000e+01
nan
nan
nan
nan
nan
nan
nan
nan
4.734786987304687500e+01
4.760148620605468750e+01
4.785509872436523438e+01
4.810871505737304688e+01
4.836233139038085938e+01
4.861594390869140625e+01
4.886956024169921875e+01
4.912317657470703125e+01
8.002336883544921875e+01
8.031493377685546875e+01
8.060650634765625000e+01
8.089807128906250000e+01
8.118963623046875000e+01
8.148120880126953125e+01
8.177277374267578125e+01
8.206433868408203125e+01
7.213834381103515625e+01
7.270810699462890625e+01
7.327787017822265625e+01
7.384762573242187500e+01
7.441738891601562500e+01
7.498715209960937500e+01
7.555691528320312500e+01
7.612667083740234375e+01
2.260218048095703125e+01
2.315277481079101562e+01
2.370336914062500000e+01
2.425396728515625000e+01
2.480456161499023438e+01
2.535515594482421875e+01
2.590575027465820312e+01
2.645634460449218750e+01
3.413776779174804688e+01
3.473605346679687500e+01
3.533434295654296875e+01
3.593262863159179688e+01
3.653091812133789062e+01
3.712920379638671875e+01
3.772749328613281250e+01
3.832577896118164062e+01
7.272994995117187500e+01
7.281910705566406250e+01
7.290826416015625000e+01
7.299742889404296875e+01
7.308658599853515625e+01
7.317575073242187500e+01
7.326490783691406250e+01
7.335407257080078125e+01
4.703103256225585938e+01
4.732670974731445312e+01
4.762238311767578125e+01
4.791806030273437500e+01
4.821373748779296875e+01
4.850941467285156250e+01
4.880509185791015625e+01
4.910076904296875000e+01
7.887622833251953125e+01
7.954955291748046875e+01
8.022288513183593750e+01
8.089620971679687500e+01
8.156953430175781250e+01
8.224286651611328125e+01
8.291619110107421875e+01
8.358951568603515625e+01
8.311902618408203125e+01
8.339642333984375000e+01
8.367382812500000000e+01
8.395122528076171875e+01
8.422862243652343750e+01
8.450601959228515625e+01
8.478341674804687500e+01
8.506082153320312500e+01
5.668511962890625000e+01
5.742203521728515625e+01
5.815894699096679688e+01
5.889585876464843750e+01
5.963277435302734375e+01
6.036968612670898438e+01
6.110659408569335938e+01
6.184350585937500000e+01
9.265324401855468750e+01
9.328283691406250000e+01
9.391243743896484375e+01
9.454203796386718750e+01
9.517163848876953125e+01
9.580123901367187500e+01
9.643083953857421875e+01
9.706044006347656250e+01
9.687573242187500000e+01
9.720817565917968750e+01
9.754061889648437500e+01
9.787306976318359375e+01
9.820552062988281250e+01
9.853796386718750000e+01
9.887041473388671875e+01
9.920286560058593750e+01
7.189850616455078125e+01
7.255307006835937500e+01
7.320764160156250000e+01
7.386220550537109375e+01
7.451676940917968750e+01
7.517134094238281250e+01
7.582590484619140625e+01
7.648046875000000000e+01
5.587150955200195312e+01
5.641249847412109375e+01
5.695349121093750000e+01
5.749448394775390625e+01
5.803547668457031250e+01
5.857646942138671875e+01
5.911746215820312500e+01
5.965845489501953125e+01
8.246237945556640625e+01
8.324576568603515625e+01
8.402915191650390625e+01
8.481254577636718750e+01
8.559593200683593750e+01
8.637931823730468750e+01
8.716270446777343750e+01
8.794609069824218750e+01
4.346435165405273438e+01
4.377998733520507812e+01
4.409561920166015625e+01
4.441125488281250000e+01
4.472689056396484375e+01
4.504252624511718750e+01
4.535816192626953125e+01
4.567379760742187500e+01
7.007827758789062500e+01
7.082157897949218750e+01
7.156488800048828125e+01
7.230818939208984375e+01
7.305149841308593750e+01
7.379479980468750000e+01
7.453810119628906250e+01
7.528141021728515625e+01
9.634820556640625000e+01
9.697545623779296875e+01
9.760269927978515625e+01
9.822994995117187500e+01
9.885719299316406250e+01
9.948443603515625000e+01
1.001116867065429688e+02
1.007389297485351562e+02
6.086137390136718750e+01
6.100437927246093750e+01
6.114738464355468750e+01
6.129038619995117188e+01
6.143339157104492188e+01
6.157639312744140625e+01
6.171939849853515625e+01
6.186240386962890625e+01
8.076105499267578125e+01
8.117600250244140625e+01
8.159095001220703125e+01
8.200588989257812500e+01
8.242083740234375000e+01
8.283577728271484375e+01
8.325072479248046875e+01
8.366566467285156250e+01
8.757395935058593750e+01
8.804387664794921875e+01
8.851378631591796875e+01
8.898370361328125000e+01
8.945361328125000000e+01
8.992352294921875000e+01
9.039343261718750000e+01
9.086334991455078125e+01
7.264058685302734375e+01
7.272746276855468750e+01
7.281433105468750000e+01
7.290120697021484375e+01
7.298808288574218750e+01
7.307495880126953125e+01
7.316183471679687500e+01
7.324871063232421875e+01
6.728342437744140625e+01
6.774983978271484375e+01
6.821625518798828125e+01
6.868267822265625000e+01
6.914909362792968750e+01
6.961551666259765625e+01
7.008193206787109375e+01
7.054835510253906250e+01
8.090501403808593750e+01
8.153050231933593750e+01
8.215599822998046875e+01
8.278148651123046875e+01
8.340697479248046875e+01
8.403247070312500000e+01
8.465795898437500000e+01
8.528344726562500000e+01
9.694990539550781250e+01
9.743179321289062500e+01
9.791367340087890625e+01
9.839555358886718750e+01
9.887743377685546875e+01
9.935931396484375000e+01
9.984120178222656250e+01
1.003230819702148438e+02
6.357691574096679688e+01
6.410762023925781250e+01
6.463832092285156250e+01
6.516902160644531250e+01
6.569972229003906250e+01
6.623042297363281250e+01
6.676112365722656250e+01
6.729182434082031250e+01
nan
nan
nan
nan
nan
nan
nan
nan
6.283995056152343750e+01
6.332638168334960938e+01
6.381280899047851562e+01
6.429924011230468750e+01
6.478566741943359375e+01
6.527209472656250000e+01
6.575852966308593750e+01
6.624495697021484375e+01
8.309859466552734375e+01
8.390236663818359375e+01
8.470613861083984375e+01
8.550991821289062500e+01
8.631369018554687500e+01
8.711746215820312500e+01
8.792123413085937500e+01
8.872501373291015625e+01
1.070069274902343750e+02
1.074795684814453125e+02
1.079522018432617188e+02
1.084248352050781250e+02
1.088974761962890625e+02
1.093701171875000000e+02
1.098427505493164062e+02
1.103153839111328125e+02
6.731097412109375000e+01
6.792387390136718750e+01
6.853678131103515625e+01
6.914968872070312500e+01
6.976258850097656250e+01
7.037549591064453125e+01
7.098840332031250000e+01
7.160131072998046875e+01
1.809611511230468750e+01
1.862487030029296875e+01
1.915362930297851562e+01
1.968238830566406250e+01
2.021114730834960938e+01
2.073990249633789062e+01
2.126866149902343750e+01
2.179742050170898438e+01
4.149007034301757812e+01
4.198930358886718750e+01
4.248854064941406250e+01
4.298777770996093750e+01
4.348701477050781250e+01
4.398625183105468750e+01
4.448548889160156250e+01
4.498472213745117188e+01
8.343572998046875000e+01
8.439374542236328125e+01
8.535175323486328125e+01
8.630976104736328125e+01
8.726776885986328125e+01
8.822577667236328125e+01
8.918378448486328125e+01
9.014179992675781250e+01
9.715979766845703125e+01
9.757110595703125000e+01
9.798241424560546875e+01
9.839372253417968750e+01
9.880502319335937500e+01
9.921633148193359375e+01
9.962763977050781250e+01
1.000389404296875000e+02
8.869596862792968750e+01
8.960115051269531250e+01
9.050634002685546875e+01
9.141152191162109375e+01
9.231671142578125000e+01
9.322189331054687500e+01
9.412707519531250000e+01
9.503226470947265625e+01
6.989891815185546875e+01
7.050135040283203125e+01
7.110379028320312500e+01
7.170622253417968750e+01
7.230865478515625000e+01
7.291108703613281250e+01
7.351352691650390625e+01
7.411595916748046875e+01
6.106212615966796875e+01
6.184697723388671875e+01
6.263183212280273438e+01
6.341668701171875000e+01
6.420153808593750000e+01
6.498639678955078125e+01
6.577124786376953125e+01
6.655609893798828125e+01
5.919381332397460938e+01
5.946319961547851562e+01
5.973258590698242188e+01
6.000197219848632812e+01
6.027135467529296875e+01
6.054074096679687500e+01
6.081012725830078125e+01
6.107951354980468750e+01
6.252472686767578125e+01
6.308349990844726562e+01
6.364226913452148438e+01
6.420104217529296875e+01
6.475981140136718750e+01
6.531858062744140625e+01
6.587734985351562500e+01
6.643611907958984375e+01
4.931923675537109375e+01
5.017776107788085938e+01
5.103628540039062500e+01
5.189480590820312500e+01
5.275332260131835938e+01
5.361184692382812500e+01
5.447036743164062500e+01
5.532888793945312500e+01
6.540219879150390625e+01
6.590202331542968750e+01
6.640184783935546875e+01
6.690167999267578125e+01
6.740150451660156250e+01
6.790133666992187500e+01
6.840116119384765625e+01
6.890099334716796875e+01
nan
nan
nan
nan
nan
nan
nan
nan
4.157876586914062500e+01
4.202023315429687500e+01
4.246169662475585938e+01
4.290316390991210938e+01
4.334463119506835938e+01
4.378610229492187500e+01
4.422756958007812500e+01
4.466903686523437500e+01
6.175884246826171875e+01
6.213825225830078125e+01
6.251766204833984375e+01
6.289707183837890625e+01
6.327648162841796875e+01
6.365589141845703125e+01
6.403530120849609375e+01
6.441471099853515625e+01
9.443235015869140625e+01
9.511126708984375000e+01
9.579019165039062500e+01
9.646910858154296875e+01
9.714802551269531250e+01
9.782695007324218750e+01
9.850586700439453125e+01
9.918478393554687500e+01
6.158031845092773438e+01
6.218355941772460938e+01
6.278680419921875000e+01
6.339004516601562500e+01
6.399328613281250000e+01
6.459653472900390625e+01
6.519977569580078125e+01
6.580301666259765625e+01
1.176432800292968750e+02
1.181959686279296875e+02
1.187486572265625000e+02
1.193013458251953125e+02
1.198540267944335938e+02
1.204067153930664062e+02
1.209593963623046875e+02
1.215120849609375000e+02
3.823731994628906250e+01
3.882303619384765625e+01
3.940875244140625000e+01
3.999446487426757812e+01
4.058017730712890625e+01
4.116589736938476562e+01
4.175160980224609375e+01
4.233732604980468750e+01
6.993087005615234375e+01
7.009867858886718750e+01
7.026649475097656250e+01
7.043430328369140625e+01
7.060211181640625000e+01
7.076992034912109375e+01
7.093772888183593750e+01
7.110553741455078125e+01
nan
nan
nan
nan
nan
nan
nan
nan
9.044348144531250000e+01
9.116239929199218750e+01
9.188131713867187500e+01
9.260023498535156250e+01
9.331914520263671875e+01
9.403806304931640625e+01
9.475697326660156250e+01
9.547589111328125000e+01
6.434239196777343750e+01
6.495352172851562500e+01
6.556465148925781250e+01
6.617578125000000000e+01
6.678691864013671875e+01
6.739804840087890625e+01
6.800917816162109375e+01
6.862030792236328125e+01
7.829779052734375000e+01
7.912456512451171875e+01
7.995133209228515625e+01
8.077810668945312500e+01
8.160487365722656250e+01
8.243164825439453125e+01
8.325841522216796875e+01
8.408518981933593750e+01
2.173031616210937500e+01
2.229671096801757812e+01
2.286310577392578125e+01
2.342949676513671875e+01
2.399589157104492188e+01
2.456228637695312500e+01
2.512868118286132812e+01
2.569507217407226562e+01
6.912740325927734375e+01
6.971864318847656250e+01
7.030987548828125000e+01
7.090111541748046875e+01
7.149235534667968750e+01
7.208358764648437500e+01
7.267482757568359375e+01
7.326606750488281250e+01
5.512536239624023438e+01
5.595024871826171875e+01
5.677513504028320312e+01
5.760002136230468750e+01
5.842490768432617188e+01
5.924979400634765625e+01
6.007468032836914062e+01
6.089956665039062500e+01
7.828752899169921875e+01
7.890887451171875000e+01
7.953022003173828125e+01
8.015156555175781250e+01
8.077290344238281250e+01
8.139424896240234375e+01
8.201559448242187500e+01
8.263694000244140625e+01
nan
nan
nan
nan
nan
nan
nan
nan
9.761577606201171875e+01
9.800666809082031250e+01
9.839755249023437500e+01
9.878843688964843750e+01
9.917932891845703125e+01
9.957022094726562500e+01
9.996110534667968750e+01
1.003519897460937500e+02
6.221035003662109375e+01
6.282946014404296875e+01
6.344857025146484375e+01
6.406768035888671875e+01
6.468678283691406250e+01
6.530589294433593750e+01
6.592500305175781250e+01
6.654411315917968750e+01
6.819211578369140625e+01
6.854018402099609375e+01
6.888825225830078125e+01
6.923632049560546875e+01
6.958438873291015625e+01
6.993245697021484375e+01
7.028051757812500000e+01
7.062858581542968750e+01
nan
nan
nan
nan
nan
nan
nan
nan
7.028092193603515625e+01
7.079697418212890625e+01
7.131303405761718750e+01
7.182909393310546875e+01
7.234515380859375000e+01
7.286121368408203125e+01
7.337727355957031250e+01
7.389332580566406250e+01
2.533676910400390625e+01
2.588118743896484375e+01
2.642560958862304688e+01
2.697003173828125000e+01
2.751445007324218750e+01
2.805887222290039062e+01
2.860329437255859375e+01
2.914771652221679688e+01
5.776676940917968750e+01
5.812386322021484375e+01
5.848095321655273438e+01
5.883804321289062500e+01
5.919513702392578125e+01
5.955223083496093750e+01
5.990932083129882812e+01
6.026641082763671875e+01
4.387130737304687500e+01
4.410453033447265625e+01
4.433775329589843750e+01
4.457097625732421875e+01
4.480419921875000000e+01
4.503742218017578125e+01
4.527064895629882812e+01
4.550387573242187500e+01
3.613442611694335938e+01
3.669190979003906250e+01
3.724939727783203125e+01
3.780688095092773438e+01
3.836436462402343750e+01
3.892184448242187500e+01
3.947933197021484375e+01
4.003681945800781250e+01
8.590665435791015625e+01
8.639921569824218750e+01
8.689176940917968750e+01
8.738433074951171875e+01
8.787689208984375000e+01
8.836944580078125000e+01
8.886200714111328125e+01
8.935456848144531250e+01
9.600337219238281250e+01
9.653169250488281250e+01
9.706001281738281250e+01
9.758833312988281250e+01
9.811665344238281250e+01
9.864497375488281250e+01
9.917329406738281250e+01
9.970161437988281250e+01
3.121483612060546875e+01
3.171464157104492188e+01
3.221445083618164062e+01
3.271426010131835938e+01
3.321406555175781250e+01
3.371387481689453125e+01
3.421368408203125000e+01
3.471349334716796875e+01
2.470329284667968750e+01
2.505951309204101562e+01
2.541572952270507812e+01
2.577194595336914062e+01
2.612816619873046875e+01
2.648438262939453125e+01
2.684059906005859375e+01
2.719681549072265625e+01
4.126232910156250000e+01
4.150153732299804688e+01
4.174074554443359375e+01
4.197994995117187500e+01
4.221915435791015625e+01
4.245836257934570312e+01
4.269757080078125000e+01
4.293677520751953125e+01
9.932852935791015625e+01
9.960677337646484375e+01
9.988502502441406250e+01
1.001632690429687500e+02
1.004415130615234375e+02
1.007197570800781250e+02
1.009980087280273438e+02
1.012762527465820312e+02
6.546292877197265625e+01
6.613823699951171875e+01
6.681354522705078125e+01
6.748884582519531250e+01
6.816415405273437500e+01
6.883945465087890625e+01
6.951476287841796875e+01
7.019006347656250000e+01
7.181973266601562500e+01
7.239888000488281250e+01
7.297802734375000000e+01
7.355717468261718750e+01
7.413632202148437500e+01
7.471546936035156250e+01
7.529460906982421875e+01
7.587375640869140625e+01
nan
nan
nan
nan
nan
nan
nan
nan
8.747200012207031250e+01
8.772737884521484375e+01
8.798275756835937500e+01
8.823814392089843750e+01
8.849351501464843750e+01
8.874890136718750000e+01
8.900428009033203125e+01
8.925965881347656250e+01
8.721554565429687500e+01
8.774912261962890625e+01
8.828270721435546875e+01
8.881628417968750000e+01
8.934986877441406250e+01
8.988345336914062500e+01
9.041703033447265625e+01
9.095060729980468750e+01
1.222828750610351562e+02
1.227763824462890625e+02
1.232698898315429688e+02
1.237633972167968750e+02
1.242569046020507812e+02
1.247504119873046875e+02
1.252439193725585938e+02
1.257374267578125000e+02
nan
nan
nan
nan
nan
nan
nan
nan
7.736688232421875000e+01
7.793382263183593750e+01
7.850076293945312500e+01
7.906770324707031250e+01
7.963464355468750000e+01
8.020158386230468750e+01
8.076851654052734375e+01
8.133545684814453125e+01
1.081605682373046875e+02
1.086554718017578125e+02
1.091503677368164062e+02
1.096452713012695312e+02
1.101401672363281250e+02
1.106350708007812500e+02
1.111299743652343750e+02
1.116248703002929688e+02
6.414726257324218750e+01
6.468910217285156250e+01
6.523094177246093750e+01
6.577278900146484375e+01
6.631462860107421875e+01
6.685646820068359375e+01
6.739831542968750000e+01
6.794015502929687500e+01
6.245209503173828125e+01
6.317006683349609375e+01
6.388803863525390625e+01
6.460601043701171875e+01
6.532398986816406250e+01
6.604196166992187500e+01
6.675993347167968750e+01
6.747790527343750000e+01
6.641184997558593750e+01
6.690635681152343750e+01
6.740085601806640625e+01
6.789535522460937500e+01
6.838986206054687500e+01
6.888436126708984375e+01
6.937886047363281250e+01
6.987335968017578125e+01
6.300910949707031250e+01
6.350837326049804688e+01
6.400763702392578125e+01
6.450689697265625000e+01
6.500616455078125000e+01
6.550542449951171875e+01
6.600468444824218750e+01
6.650395202636718750e+01
4.247068786621093750e+01
4.278549194335937500e+01
4.310028839111328125e+01
4.341509246826171875e+01
4.372988891601562500e+01
4.404469299316406250e+01
4.435948944091796875e+01
4.467429351806640625e+01
9.283575439453125000e+01
9.335262298583984375e+01
9.386949920654296875e+01
9.438637542724609375e+01
9.490325164794921875e+01
9.542012786865234375e+01
9.593699645996093750e+01
9.645387268066406250e+01
6.252833175659179688e+01
6.324203109741210938e+01
6.395573425292968750e+01
6.466943359375000000e+01
6.538313293457031250e+01
6.609683990478515625e+01
6.681053924560546875e+01
6.752423858642578125e+01
6.298711395263671875e+01
6.365219879150390625e+01
6.431728363037109375e+01
6.498236846923828125e+01
6.564746093750000000e+01
6.631254577636718750e+01
6.697763061523437500e+01
6.764271545410156250e+01
6.318122100830078125e+01
6.340906524658203125e+01
6.363691329956054688e+01
6.386475753784179688e+01
6.409260559082031250e+01
6.432044982910156250e+01
6.454830169677734375e+01
6.477614593505859375e+01
nan
nan
nan
nan
nan
nan
nan
nan
6.343639755249023438e+01
6.405452728271484375e+01
6.467266082763671875e+01
6.529079437255859375e+01
6.590892791748046875e+01
6.652706146240234375e+01
6.714519500732421875e+01
6.776332855224609375e+01
6.986189270019531250e+01
7.051204681396484375e+01
7.116219329833984375e+01
7.181234741210937500e+01
7.246249389648437500e+01
7.311264038085937500e+01
7.376279449462890625e+01
7.441294097900390625e+01
6.186823654174804688e+01
6.258558273315429688e+01
6.330293273925781250e+01
6.402027893066406250e+01
6.473762512207031250e+01
6.545497894287109375e+01
6.617232513427734375e+01
6.688967132568359375e+01
6.874404907226562500e+01
6.892835235595703125e+01
6.911265563964843750e+01
6.929695892333984375e+01
6.948126220703125000e+01
6.966556549072265625e+01
6.984987640380859375e+01
7.003417968750000000e+01
7.176232147216796875e+01
7.187438201904296875e+01
7.198643493652343750e+01
7.209848785400390625e+01
7.221054077148437500e+01
7.232259368896484375e+01
7.243464660644531250e+01
7.254670715332031250e+01
5.691985321044921875e+01
5.770855712890625000e+01
5.849726486206054688e+01
5.928597259521484375e+01
6.007468032836914062e+01
6.086338806152343750e+01
6.165209579467773438e+01
6.244080352783203125e+01
5.926162719726562500e+01
5.991042327880859375e+01
6.055922317504882812e+01
6.120802307128906250e+01
6.185682296752929688e+01
6.250561904907226562e+01
6.315441894531250000e+01
6.380321884155273438e+01
7.677558898925781250e+01
7.756414794921875000e+01
7.835269927978515625e+01
7.914125823974609375e+01
7.992980957031250000e+01
8.071836853027343750e+01
8.150692749023437500e+01
8.229547882080078125e+01
1.131363677978515625e+02
1.136762695312500000e+02
1.142161788940429688e+02
1.147560806274414062e+02
1.152959899902343750e+02
1.158358917236328125e+02
1.163757934570312500e+02
1.169156951904296875e+02
6.294296264648437500e+01
6.334512329101562500e+01
6.374728775024414062e+01
6.414945220947265625e+01
6.455161285400390625e+01
6.495378112792968750e+01
6.535594177246093750e+01
6.575810241699218750e+01
7.333930206298828125e+01
7.398977661132812500e+01
7.464025878906250000e+01
7.529073333740234375e+01
7.594121551513671875e+01
7.659169006347656250e+01
7.724217224121093750e+01
7.789264678955078125e+01
6.177638244628906250e+01
6.243782424926757812e+01
6.309926223754882812e+01
6.376070022583007812e+01
6.442214202880859375e+01
6.508358001708984375e+01
6.574501800537109375e+01
6.640645599365234375e+01
6.742744445800781250e+01
6.794284820556640625e+01
6.845825958251953125e+01
6.897367095947265625e+01
6.948908233642578125e+01
7.000449371337890625e+01
7.051989746093750000e+01
7.103530883789062500e+01
6.361942291259765625e+01
6.414155578613281250e+01
6.466368865966796875e+01
6.518582153320312500e+01
6.570795440673828125e+01
6.623008728027343750e+01
6.675221252441406250e+01
6.727434539794921875e+01
8.931706237792968750e+01
8.987339782714843750e+01
9.042972564697265625e+01
9.098606109619140625e+01
9.154239654541015625e+01
9.209872436523437500e+01
9.265505981445312500e+01
9.321139526367187500e+01
7.160211181640625000e+01
7.233160400390625000e+01
7.306108856201171875e+01
7.379057312011718750e+01
7.452006530761718750e+01
7.524954986572265625e+01
7.597903442382812500e+01
7.670852661132812500e+01
4.166778564453125000e+01
4.200846099853515625e+01
4.234913635253906250e+01
4.268981170654296875e+01
4.303048324584960938e+01
4.337115859985351562e+01
4.371183013916015625e+01
4.405250549316406250e+01
7.466239166259765625e+01
7.521989440917968750e+01
7.577739715576171875e+01
7.633489990234375000e+01
7.689240264892578125e+01
7.744990539550781250e+01
7.800740814208984375e+01
7.856491088867187500e+01
6.994267272949218750e+01
7.069638824462890625e+01
7.145010375976562500e+01
7.220382690429687500e+01
7.295754241943359375e+01
7.371125793457031250e+01
7.446498107910156250e+01
7.521869659423828125e+01
8.607234954833984375e+01
8.689961242675781250e+01
8.772688293457031250e+01
8.855415344238281250e+01
8.938141632080078125e+01
9.020867919921875000e+01
9.103594970703125000e+01
9.186321258544921875e+01
8.270354461669921875e+01
8.355859375000000000e+01
8.441365051269531250e+01
8.526869964599609375e+01
8.612374877929687500e+01
8.697879791259765625e+01
8.783384704589843750e+01
8.868890380859375000e+01
6.533902740478515625e+01
6.586399841308593750e+01
6.638897705078125000e+01
6.691394805908203125e+01
6.743892669677734375e+01
6.796389770507812500e+01
6.848887634277343750e+01
6.901384735107421875e+01
5.673097229003906250e+01
5.710681152343750000e+01
5.748265075683593750e+01
5.785848999023437500e+01
5.823433303833007812e+01
5.861017227172851562e+01
5.898601531982421875e+01
5.936185455322265625e+01
7.003440856933593750e+01
7.074688720703125000e+01
7.145935821533203125e+01
7.217183685302734375e+01
7.288431549072265625e+01
7.359678649902343750e+01
7.430926513671875000e+01
7.502174377441406250e+01
4.175013732910156250e+01
4.205067062377929688e+01
4.235120391845703125e+01
4.265173339843750000e+01
4.295226287841796875e+01
4.325279998779296875e+01
4.355332946777343750e+01
4.385385894775390625e+01
9.251467895507812500e+01
9.308409118652343750e+01
9.365350341796875000e+01
9.422291564941406250e+01
9.479232025146484375e+01
9.536173248291015625e+01
9.593113708496093750e+01
9.650054931640625000e+01
5.490968704223632812e+01
5.554446411132812500e+01
5.617923736572265625e+01
5.681401062011718750e+01
5.744878768920898438e+01
5.808356094360351562e+01
5.871833801269531250e+01
5.935311126708984375e+01
5.808916854858398438e+01
5.869720077514648438e+01
5.930522918701171875e+01
5.991326141357421875e+01
6.052128982543945312e+01
6.112931823730468750e+01
6.173735046386718750e+01
6.234537887573242188e+01
1.092206420898437500e+02
1.097619628906250000e+02
1.103032684326171875e+02
1.108445892333984375e+02
1.113858947753906250e+02
1.119272079467773438e+02
1.124685211181640625e+02
1.130098342895507812e+02
4.119908905029296875e+01
4.175493621826171875e+01
4.231078338623046875e+01
4.286663055419921875e+01
4.342247772216796875e+01
4.397832489013671875e+01
4.453417205810546875e+01
4.509002304077148438e+01
nan
nan
nan
nan
nan
nan
nan
nan
7.690360260009765625e+01
7.732868957519531250e+01
7.775376892089843750e+01
7.817885589599609375e+01
7.860394287109375000e+01
7.902902984619140625e+01
7.945411682128906250e+01
7.987919616699218750e+01
7.882685089111328125e+01
7.903605651855468750e+01
7.924526214599609375e+01
7.945447540283203125e+01
7.966368103027343750e+01
7.987288665771484375e+01
8.008209991455078125e+01
8.029130554199218750e+01
6.845433044433593750e+01
6.907410430908203125e+01
6.969387054443359375e+01
7.031363677978515625e+01
7.093340301513671875e+01
7.155317687988281250e+01
7.217294311523437500e+01
7.279270935058593750e+01
6.995063781738281250e+01
7.054515838623046875e+01
7.113967895507812500e+01
7.173419952392578125e+01
7.232871246337890625e+01
7.292323303222656250e+01
7.351775360107421875e+01
7.411227416992187500e+01
1.441717529296875000e+01
1.487281799316406250e+01
1.532846450805664062e+01
1.578410720825195312e+01
1.623974990844726562e+01
1.669539642333984375e+01
1.715103912353515625e+01
1.760668182373046875e+01
8.524951934814453125e+01
8.603256225585937500e+01
8.681560516357421875e+01
8.759864807128906250e+01
8.838168334960937500e+01
8.916472625732421875e+01
8.994776916503906250e+01
9.073080444335937500e+01
7.644559478759765625e+01
7.707247924804687500e+01
7.769935607910156250e+01
7.832624053955078125e+01
7.895312500000000000e+01
7.958000183105468750e+01
8.020688629150390625e+01
8.083377075195312500e+01
8.807319641113281250e+01
8.828524780273437500e+01
8.849729919433593750e+01
8.870935058593750000e+01
8.892140197753906250e+01
8.913345336914062500e+01
8.934550476074218750e+01
8.955754852294921875e+01
4.037039184570312500e+01
4.089218902587890625e+01
4.141398620605468750e+01
4.193578338623046875e+01
4.245758438110351562e+01
4.297938156127929688e+01
4.350118255615234375e+01
4.402297973632812500e+01
7.703884887695312500e+01
7.733359527587890625e+01
7.762833404541015625e+01
7.792308044433593750e+01
7.821782684326171875e+01
7.851256561279296875e+01
7.880731201171875000e+01
7.910205841064453125e+01
1.115058898925781250e+02
1.120038909912109375e+02
1.125018920898437500e+02
1.129998855590820312e+02
1.134978866577148438e+02
1.139958801269531250e+02
1.144938812255859375e+02
1.149918823242187500e+02
8.858933258056640625e+01
8.957312011718750000e+01
9.055691528320312500e+01
9.154069519042968750e+01
9.252449035644531250e+01
9.350827789306640625e+01
9.449206542968750000e+01
9.547586059570312500e+01
7.383284759521484375e+01
7.451501464843750000e+01
7.519717407226562500e+01
7.587933349609375000e+01
7.656150054931640625e+01
7.724365997314453125e+01
7.792581939697265625e+01
7.860798645019531250e+01
6.051840209960937500e+01
6.094165039062500000e+01
6.136489868164062500e+01
6.178815078735351562e+01
6.221140289306640625e+01
6.263465118408203125e+01
6.305789947509765625e+01
6.348115158081054688e+01
4.106035232543945312e+01
4.130101394653320312e+01
4.154167556762695312e+01
4.178233718872070312e+01
4.202299880981445312e+01
4.226365661621093750e+01
4.250431823730468750e+01
4.274497985839843750e+01
7.789468383789062500e+01
7.866912841796875000e+01
7.944358062744140625e+01
8.021802520751953125e+01
8.099247741699218750e+01
8.176692199707031250e+01
8.254137420654296875e+01
8.331582641601562500e+01
6.259054565429687500e+01
6.330514526367187500e+01
6.401974487304687500e+01
6.473434448242187500e+01
6.544895172119140625e+01
6.616355133056640625e+01
6.687815093994140625e+01
6.759275054931640625e+01
7.528487396240234375e+01
7.573732757568359375e+01
7.618978881835937500e+01
7.664224243164062500e+01
7.709470367431640625e+01
7.754715728759765625e+01
7.799961853027343750e+01
7.845207214355468750e+01
