2.243420
1.056967
0.577242
1.278091
1.543770
2.473247
0.496458
1.131150
1.122920
1.658718
nan
2.269480
0.311567
1.427986
1.621948
2.104029
2.230471
1.965951
1.573617
2.852181
0.356510
0.776599
1.931735
2.331320
1.302033
1.907842
2.481090
0.935378
2.120136
1.634221
1.003614
1.642393
2.081358
1.523357
1.803075
1.993362
1.343724
nan
2.223359
1.531405
nan
1.321578
0.983310
1.982791
nan
1.188344
1.082101
1.416473
1.276487
1.174009
1.732494
1.304178
2.564397
0.962465
0.930941
0.772229
0.953256
nan
1.796034
0.589327
2.298841
0.466196
1.474023
2.104872
1.614871
1.238477
1.261232
2.372165
0.989640
nan
1.068700
0.664418
2.154821
2.465606
1.641322
0.296385
2.376644
1.093225
0.378854
1.311100
2.037582
1.087139
1.898664
0.358248
0.989818
1.321609
2.304677
2.098397
0.572989
2.276902
1.742226
1.756622
2.461866
1.305568
0.804872
0.638101
2.420782
nan
1.672311
1.669993
1.002103
1.664310
1.058175
1.368365
1.052030
1.743932
1.178824
2.257620
1.774657
0.465766
0.330915
1.194940
1.839843
2.059069
2.328925
1.380292
0.900759
2.159060
1.046928
0.751228
2.191138
2.383773
2.390517
1.114438
1.397593
2.364299
0.909118
1.549289
1.630416
2.190428
nan
2.140526
1.556648
nan
nan
nan
2.546338
nan
1.950688
1.292269
nan
1.476873
0.286755
nan
1.201541
0.363906
2.047924
1.382867
1.555529
0.730609
2.311977
2.400508
1.905244
1.943697
1.270802
1.701773
1.488580
nan
2.117404
1.902406
0.806572
1.769495
1.941048
2.786363
2.089050
1.616437
2.079141
2.046627
1.152947
0.928562
0.847861
2.353483
1.559137
1.964514
0.440127
0.960119
2.427872
1.824822
1.434127
2.984313
0.535568
1.663877
1.020992
1.228164
nan
1.399168
1.546144
nan
0.408543
1.809237
2.708840
1.470832
0.898023
1.265183
0.425571
1.319340
2.352823
1.240561
2.252604
0.873323
nan
1.726709
1.855607
1.015321
1.472563
nan
2.061551
0.567747
nan
1.245354
0.910112
1.594378
1.762262
0.308596
2.197158
1.597213
nan
1.021050
1.282232
0.404383
nan
0.420329
2.030936
2.385857
2.086736
2.283312
1.541332
1.056533
2.778186
1.736466
1.788921
0.951917
0.689364
0.749200
nan
1.388724
1.473973
nan
nan
1.636624
nan
1.113012
1.052637
0.690748
1.376775
1.960964
1.161658
1.016973
1.027439
1.807011
nan
1.081019
0.465817
1.061002
1.416711
2.720312
1.970990
1.806411
1.468274
nan
1.619085
1.145444
1.293615
0.376635
1.237716
1.388822
0.650159
1.875374
1.317238
0.485244
1.367229
1.504117
0.794089
2.404127
0.370726
1.725226
1.195016
2.329836
2.091674
nan
1.803722
nan
1.612564
1.970973
0.336692
0.403471
2.062452
1.313209
1.453174
1.306755
2.046246
1.749847
nan
1.205693
1.088207
1.879535
1.629554
1.584139
1.081661
1.387406
