0.083106 0.097555
0.083306 0.098824
0.083507 0.100117
0.083704 0.101424
0.083920 0.102788
0.084147 0.104202
0.084364 0.105622
0.084583 0.107071
0.084808 0.108563
0.085047 0.110110
0.085273 0.111663
0.085533 0.113314
0.085818 0.115051
0.086121 0.116858
0.086426 0.118710
0.086760 0.120659
0.087102 0.122663
0.087416 0.124657
0.087751 0.126739
0.088086 0.128871
0.088443 0.131102
0.088818 0.133424
0.089266 0.135948
0.089757 0.138621
0.090264 0.141388
0.090793 0.144272
0.091378 0.147334
0.091919 0.150396
0.092470 0.153558
0.093083 0.156921
0.093719 0.160413
0.094434 0.164164
0.095245 0.168213
0.096157 0.172563
0.097163 0.177206
0.098279 0.182168
0.099494 0.187426
0.100853 0.193063
0.102208 0.198785
0.103739 0.204932
0.105452 0.211495
0.107367 0.218478
0.109512 0.225907
0.112077 0.234090
0.115056 0.242936
0.118469 0.252376
0.122331 0.262348
0.126714 0.272866
0.131462 0.283602
0.136566 0.294459
0.142227 0.305685
0.148390 0.317127
0.155057 0.328759
0.162297 0.340634
0.170253 0.352891
0.178612 0.365122
0.187271 0.377213
0.196261 0.389239
0.205488 0.401098
0.214582 0.412434
0.223834 0.423604
0.233315 0.434747
0.242845 0.445733
0.252464 0.456670
0.262484 0.467958
0.272780 0.479543
0.283073 0.491222
0.293432 0.503159
0.303839 0.515403
0.313990 0.527739
0.323643 0.539922
0.332919 0.552154
0.342041 0.564742
0.350905 0.577673
0.359251 0.590525
0.367779 0.604217
0.376048 0.617952
0.384196 0.631691
0.392302 0.645093
0.400554 0.658079
0.408929 0.670562
0.417534 0.682665
0.426318 0.694577
0.435155 0.706468
0.444015 0.718758
0.452923 0.731697
0.461225 0.744493
0.469794 0.757753
0.478792 0.771098
0.488921 0.784707
0.499600 0.797674
0.511171 0.810303
0.523549 0.822660
0.535991 0.834467
0.548618 0.846187
0.560752 0.857562
0.572550 0.868876
0.584181 0.880436
0.594953 0.891544
0.605139 0.902382
0.614912 0.913042
0.624034 0.923132
0.632729 0.932821
0.640872 0.941901
0.648816 0.950706
0.656670 0.959363
0.664223 0.967579
0.671688 0.975677
0.679222 0.983939
0.686481 0.991941
0.693560 0.999903
0.700285 1.007687
0.706436 1.015074
0.712195 1.022392
0.717557 1.029724
0.722035 1.036123
0.726495 1.043458
0.730587 1.050529
0.734524 1.058423
0.737627 1.065745
0.740447 1.073003
0.742983 1.080144
0.743823 1.085046
0.744740 1.090171
0.745876 1.095931
0.746700 1.101334
0.747323 1.106505
0.747740 1.111351
0.747468 1.114373
0.747604 1.118611
0.747524 1.122458
0.747444 1.126223
0.747280 1.130026
0.747082 1.133835
0.746992 1.136845
0.746716 1.140648
0.746280 1.144106
0.745939 1.147259
0.745562 1.149489
0.745208 1.151744
0.744777 1.153781
0.744338 1.155743
0.743959 1.157579
0.743508 1.160454
0.743023 1.163178
0.742425 1.166341
0.742170 1.168778
0.741643 1.170742
0.741132 1.172354
0.740684 1.173999
0.740194 1.175521
0.739634 1.176896
0.739172 1.178347
0.738827 1.180104
0.738534 1.181916
0.738239 1.183670
0.737944 1.185367
0.737648 1.187010
0.737226 1.188306
0.736727 1.189373
0.736236 1.190416
0.735867 1.191514
0.735325 1.192462
0.734889 1.193549
0.734733 1.195031
0.734499 1.196366
0.734337 1.197771
0.734584 1.199262
0.733843 1.200221
0.733401 1.201061
0.732895 1.201781
0.732471 1.202595
0.731981 1.203287
0.731574 1.204076
0.731405 1.205219
0.731409 1.206401
0.731320 1.207524
0.731687 1.208665
0.731692 1.209751
0.731208 1.210437
0.730614 1.211021
0.730030 1.211599
0.729457 1.212170
0.728894 1.212734
0.728654 1.213490
0.728716 1.214508
0.728699 1.215399
0.728746 1.216381
0.728751 1.217290
0.728513 1.217972
0.728040 1.218516
nan nan
nan nan
nan nan
nan nan
nan nan
nan nan
nan nan
nan nan
nan nan
