0.152401
-0.354430
0.155456
0.593369
0.315051
-0.975550
0.125651
-0.143428
0.299460
-0.083557
0.018149
0.309496
0.170734
0.323983
-0.215518
-0.610970
0.525049
0.014614
-0.281444
-1.823108
0.073203
0.234180
-1.081667
0.127922
0.590369
0.046206
-0.320405
0.124683
0.044888
0.167515
-0.038917
0.098619
-0.516546
-0.798476
-0.135614
0.074889
0.070095
0.044639
0.160433
0.457364
0.144371
0.603758
0.139482
-0.778050
0.026846
0.437887
0.028451
0.256386
-0.194943
0.471394
-0.175769
0.268175
0.065767
0.390516
0.394561
0.115202
0.082625
0.451379
-0.666330
0.340538
0.490430
-0.017989
0.161092
0.511241
0.254754
0.372785
0.020954
0.102754
0.078741
0.264955
-0.023920
0.097771
0.043856
-0.297899
0.302211
0.221643
0.133395
0.171464
-0.373895
-0.149975
0.245750
0.546388
0.166616
0.142529
-0.073524
0.431661
0.021619
0.345908
0.221981
0.393148
0.087779
-0.635544
0.101555
0.114745
0.176418
0.221638
-0.700539
-0.256366
0.091670
0.332474
0.427046
-0.451058
0.257505
0.334726
0.136436
0.376203
-0.265615
0.359374
-0.620117
0.174322
0.239623
0.382756
-0.858477
0.225920
-0.299251
0.021368
0.179903
-0.640623
0.228552
0.268264
-0.270883
0.089854
0.155554
0.387522
0.306805
-0.073903
0.421107
0.596942
-0.113370
0.065969
0.004470
0.087952
-0.036175
-0.246788
0.051072
-0.350714
0.035456
0.093327
-0.325766
0.131105
0.092427
0.060495
0.093556
-0.477341
0.140560
0.286734
0.057477
0.408281
0.481551
0.408884
0.476747
-0.029743
0.025048
-0.999597
0.200004
0.145502
-0.300992
-0.550272
-0.678767
-0.539290
0.130626
0.096391
0.179463
-1.724135
-0.525319
0.297654
-0.589111
0.387942
0.230495
-0.408096
0.269386
0.078873
0.449043
-0.460016
0.396506
0.226742
-1.251635
-0.186419
-0.062021
-1.750100
-0.069518
0.223947
-0.036892
0.059623
-0.224048
-0.027476
0.474737
-0.056281
0.203607
0.055923
-0.001529
0.650272
-0.195260
0.593543
0.186377
0.450934
-0.618353
0.111169
0.540640
-0.000329
0.222769
-0.124503
-0.275924
0.305885
0.187758
0.100183
0.158225
-1.091779
0.102374
0.363145
0.200724
0.502959
0.124682
0.167613
0.500708
0.217315
0.216308
-0.246177
0.213710
-0.362211
-0.056187
0.031618
0.085115
-0.336530
-0.762604
0.108828
-0.014976
0.055105
-0.000384
-0.339067
-0.737284
-0.586088
0.300566
0.146963
-0.489766
-0.671840
0.065021
-0.013071
-0.462656
0.125688
-0.010252
0.080395
0.361854
-0.011049
-0.001435
-0.462671
0.033199
0.355885
0.285349
-0.785883
0.045665
0.212124
0.262602
0.360996
-0.998028
-1.495603
0.455858
0.260578
0.455636
0.076783
-0.217702
0.263130
0.279853
0.030358
0.043344
0.106802
0.377748
-0.383683
0.108892
0.410419
0.503534
0.536586
0.048757
-0.285360
0.354145
-0.509055
0.130008
0.238740
0.195691
0.079389
0.105889
0.128748
-0.162275
-0.871229
0.214741
0.173151
-0.092897
0.448583
0.226235
-0.857764
0.042674
-0.528456
-0.004010
0.676796
0.310694
-0.166571
-0.731219
0.437582
0.357147
-0.099879
