0.130597 0.179986
0.137560 0.189290
0.147216 0.200775
0.157573 0.212728
0.168318 0.225037
0.182718 0.240555
0.200784 0.259826
0.218322 0.279687
0.730379 1.207616
0.730946 1.208863
0.730958 1.210132
0.730924 1.211317
0.730881 1.212473
0.730621 1.213411
0.730033 1.214118
0.729390 1.214715
0.368500 0.513616
0.391292 0.534843
0.417756 0.553945
0.446396 0.568930
0.478567 0.581757
0.512600 0.594798
0.543206 0.610757
0.567203 0.631428
0.751530 1.160046
0.749811 1.164409
0.747728 1.170293
0.745866 1.176289
0.743937 1.180705
0.741979 1.184253
0.740730 1.189140
0.739365 1.193206
0.144394 0.311999
0.159995 0.338967
0.177876 0.366149
0.197433 0.392848
0.218357 0.418969
0.240129 0.444415
0.262773 0.469969
0.285814 0.496078
0.109879 0.297369
0.111904 0.303649
0.116216 0.313784
0.117725 0.318564
0.123136 0.329655
0.125702 0.335654
0.130598 0.344963
0.134867 0.352898
0.377966 0.564205
0.399164 0.585863
0.422106 0.605988
0.446202 0.623829
0.470975 0.640606
0.494551 0.658448
0.514308 0.679572
0.529596 0.705584
0.732152 1.194967
0.732776 1.198159
0.733469 1.200453
0.731211 1.200126
0.731095 1.202028
0.731599 1.204843
0.730318 1.204829
0.729767 1.205703
0.736551 1.189956
0.735970 1.192888
0.735101 1.195443
0.734266 1.197865
0.733465 1.200168
0.732696 1.202361
0.731956 1.204453
0.731495 1.206547
0.190001 0.375953
0.203448 0.393791
0.217943 0.411895
0.231758 0.428520
0.247082 0.446193
0.262138 0.463289
0.276991 0.480138
0.293172 0.498623
nan nan
nan nan
nan nan
nan nan
nan nan
nan nan
nan nan
nan nan
0.091019 0.114549
0.092106 0.118578
0.093308 0.122912
0.094690 0.127649
0.096268 0.132824
0.098129 0.138564
0.100285 0.144891
0.102848 0.151972
0.438753 0.634798
0.462559 0.653878
0.485040 0.673919
0.503930 0.697478
0.519000 0.725218
0.532657 0.755377
0.547795 0.785575
0.565096 0.814550
0.745895 1.153988
0.744789 1.159698
0.743683 1.165065
0.742460 1.169987
0.741505 1.174442
0.740452 1.178264
0.739509 1.181855
0.738453 1.185055
0.083148 0.097528
0.083148 0.097528
0.083148 0.097528
0.083148 0.097528
0.083148 0.097528
0.083148 0.097528
0.083148 0.097528
0.083148 0.097528
0.086610 0.098229
0.086861 0.099358
0.087104 0.100483
0.087348 0.101623
0.087657 0.102884
0.087971 0.104171
0.088268 0.105440
0.088541 0.106689
0.095974 0.172725
0.099066 0.186640
0.102651 0.202286
0.108283 0.222485
0.115247 0.245018
0.126379 0.273511
0.140458 0.303804
0.159727 0.337616
0.150226 0.274751
0.160564 0.292142
0.172733 0.311206
0.185383 0.330201
0.199413 0.350140
0.213699 0.369639
0.228922 0.389440
0.244306 0.408689
0.245454 0.419897
0.257407 0.434077
0.269541 0.448222
0.281840 0.462418
0.294281 0.476760
0.306840 0.491327
0.319484 0.506154
0.332236 0.521339
0.601838 0.785337
0.603002 0.790079
0.604387 0.795003
0.605759 0.799917
0.607012 0.804073
0.608238 0.808139
0.609873 0.812995
0.611600 0.817968
0.451835 0.577384
0.482318 0.589918
0.511212 0.601806
0.538822 0.616944
0.560689 0.636053
0.577408 0.661526
0.587976 0.691066
0.595376 0.725193
0.279892 0.490267
0.300931 0.514739
0.321502 0.540196
0.340828 0.566470
0.358628 0.593820
0.375160 0.622105
0.391637 0.650754
0.408833 0.677966
0.783901 1.086505
0.783241 1.089846
0.782497 1.092679
0.781714 1.095462
0.780971 1.101031
0.780115 1.102680
0.778681 1.109520
0.778154 1.112528
0.089561 0.132738
0.090527 0.137597
0.091487 0.142665
0.092510 0.148084
0.093782 0.154237
0.095266 0.161077
0.096814 0.168336
0.098720 0.176601
0.745462 1.155936
0.744101 1.162497
0.742329 1.168378
0.741169 1.174569
0.740049 1.179956
0.738425 1.183752
0.737236 1.188007
0.736587 1.192614
0.173024 0.238878
0.187370 0.255135
0.201967 0.272160
0.216617 0.289937
0.234358 0.311752
0.247814 0.329641
0.266536 0.353869
0.281020 0.373262
0.137374 0.189895
0.142791 0.196605
0.148980 0.203920
0.155768 0.211712
0.163615 0.220379
0.172087 0.229596
0.181434 0.239674
0.190685 0.249853
0.220809 0.480322
0.238691 0.499510
0.260549 0.523145
0.279878 0.545698
0.294974 0.565736
0.310256 0.589517
0.322364 0.614871
0.329952 0.637222
0.086640 0.097112
0.087178 0.099338
0.087638 0.101475
0.088264 0.103938
0.088805 0.106315
0.089471 0.108951
0.090169 0.111701
0.090872 0.114517
0.752475 0.989394
0.764608 1.007697
0.773285 1.026330
0.776545 1.039123
0.779102 1.053548
0.780761 1.072345
0.779807 1.085413
0.777756 1.096078
0.305434 0.503122
0.321681 0.522543
0.337366 0.542048
0.353444 0.562787
0.368256 0.582707
0.383748 0.603678
0.398523 0.623162
0.414187 0.642340
0.737420 1.085444
0.740151 1.095790
0.742201 1.105644
0.743148 1.113133
0.743367 1.120268
0.743396 1.126215
0.743653 1.134331
0.743578 1.139645
0.086690 0.095056
0.086690 0.095056
0.086690 0.095056
0.086690 0.095056
0.086690 0.095056
0.086690 0.095056
0.086690 0.095056
0.086720 0.095325
0.293153 0.470942
0.300739 0.479710
0.308185 0.488365
0.315586 0.497017
0.323299 0.506067
0.330886 0.515038
0.338388 0.523960
0.346245 0.533297
0.757038 1.054459
0.759609 1.064881
0.761655 1.075933
0.762322 1.084697
0.762499 1.093171
0.762150 1.100826
0.761623 1.108977
0.760922 1.116821
0.129013 0.271127
0.137713 0.289852
0.148370 0.310120
0.161094 0.331683
0.174235 0.352257
0.189579 0.374045
0.205307 0.394912
0.221505 0.415130
0.205029 0.430152
0.222493 0.450200
0.239455 0.469090
0.259572 0.491043
0.275830 0.509465
0.294628 0.531580
0.312024 0.553983
0.325900 0.574578
0.728817 1.214405
0.729126 1.216254
0.727686 1.216711
0.728151 1.218611
nan nan
nan nan
nan nan
nan nan
0.086699 0.095050
0.086699 0.095050
0.086699 0.095050
0.086699 0.095050
0.086699 0.095050
0.086699 0.095050
0.086699 0.095050
0.086699 0.095050
0.759207 1.003892
0.771457 1.028823
0.775765 1.045829
0.778520 1.069202
0.777856 1.087100
0.775353 1.103889
0.772156 1.116793
0.768644 1.128733
nan nan
nan nan
nan nan
nan nan
nan nan
nan nan
nan nan
nan nan
0.621792 0.922975
0.647023 0.950839
0.670139 0.976011
0.692273 1.000507
0.711159 1.023271
0.725554 1.044417
0.736552 1.066347
0.743214 1.086467
0.598498 0.764908
0.607043 0.800404
0.617743 0.831535
0.630013 0.858311
0.644429 0.883674
0.659159 0.905626
0.674272 0.925319
0.689806 0.943545
0.742775 1.084697
0.743480 1.088494
0.744534 1.093110
0.745310 1.097330
0.745950 1.101418
0.746467 1.105412
0.746477 1.108096
0.747036 1.112079
nan nan
nan nan
nan nan
nan nan
nan nan
nan nan
nan nan
nan nan
0.607215 0.861015
0.629548 0.893140
0.650991 0.921146
0.672168 0.946380
0.692344 0.968786
0.710914 0.989201
0.727546 1.009479
0.740951 1.029820
0.732594 1.201343
0.730676 1.200905
0.731509 1.204581
0.730033 1.204653
0.730936 1.207554
0.730081 1.208167
0.730259 1.210114
0.729725 1.211457
0.745744 1.152707
0.744746 1.157714
0.743827 1.162340
0.742668 1.167253
0.741572 1.171152
0.740587 1.174893
0.739601 1.178341
0.738701 1.181732
0.623785 0.852969
0.633652 0.871076
0.643747 0.887491
0.654441 0.903219
0.665498 0.918049
0.676792 0.932039
0.687748 0.944694
0.698813 0.956943
0.622993 0.821900
0.639513 0.862197
0.658062 0.894195
0.678917 0.922617
0.700936 0.948101
0.721170 0.969593
0.740869 0.992514
0.755112 1.012799
0.083867 0.097067
0.083867 0.097067
0.083867 0.097067
0.083867 0.097067
0.083867 0.097067
0.083867 0.097067
0.083867 0.097067
0.083867 0.097067
0.675498 0.889901
0.691795 0.912670
0.709705 0.933487
0.727505 0.952124
0.743815 0.969154
0.758671 0.986976
0.770139 1.004648
0.776983 1.021142
0.085063 0.096256
0.085063 0.096256
0.085063 0.096256
0.085063 0.096256
0.085063 0.096256
0.085063 0.096256
0.085063 0.096256
0.085063 0.096256
0.732067 1.203999
0.732118 1.206964
0.731235 1.208558
0.729731 1.209997
0.729414 1.212257
0.729448 1.214654
0.728946 1.216554
0.727686 1.217790
0.204355 0.428110
0.227753 0.454995
0.251628 0.481418
0.277433 0.510206
0.303217 0.541143
0.324958 0.571496
0.342520 0.602434
0.357933 0.637478
0.296109 0.514122
0.314315 0.536479
0.332796 0.561076
0.348520 0.584911
0.362584 0.609250
0.376891 0.636236
0.390356 0.661491
0.404621 0.685399
0.252330 0.487166
0.271030 0.507951
0.290467 0.530550
0.305895 0.550383
0.322746 0.574515
0.336027 0.597892
0.346516 0.620973
0.357699 0.649917
0.730399 1.214965
0.729069 1.216377
nan nan
nan nan
nan nan
nan nan
nan nan
nan nan
0.083740 0.097150
0.083740 0.097150
0.083740 0.097150
0.083740 0.097150
0.083740 0.097150
0.083740 0.097150
0.083740 0.097150
0.083740 0.097150
0.325642 0.500983
0.349560 0.528932
0.374311 0.556873
0.400833 0.583521
0.429885 0.607373
0.461335 0.628428
0.492306 0.649275
0.518133 0.674443
0.091788 0.143389
0.093346 0.151426
0.095478 0.161114
0.097819 0.171800
0.101082 0.184892
0.105066 0.199927
0.110605 0.218218
0.118048 0.239789
0.383541 0.579815
0.401367 0.598930
0.419910 0.616709
0.439421 0.633204
0.459370 0.648845
0.478730 0.664864
0.496021 0.682750
0.510380 0.703554
0.214087 0.350020
0.230768 0.372369
0.248874 0.395539
0.267487 0.418509
0.285766 0.440445
0.304149 0.462106
0.323618 0.484763
0.344014 0.508180
0.110914 0.164599
0.116773 0.176456
0.123623 0.189496
0.133515 0.205868
0.145287 0.224045
0.161724 0.246858
0.180599 0.272234
0.203653 0.302503
0.704339 0.994186
0.718146 1.010742
0.729886 1.027105
0.739167 1.043198
0.745810 1.058594
0.750234 1.073224
0.752722 1.086535
0.753947 1.098720
0.640413 0.874719
0.658741 0.903205
0.678238 0.928583
0.697880 0.951063
0.716269 0.970756
0.732966 0.989446
0.747719 1.009301
0.759140 1.030357
0.213807 0.441924
0.228719 0.458880
0.247990 0.479853
0.263600 0.497224
0.282226 0.518302
0.298081 0.537559
0.314643 0.559422
0.328255 0.580287
0.086154 0.095464
0.086154 0.095464
0.086154 0.095464
0.086154 0.095464
0.086154 0.095464
0.086154 0.095464
0.086154 0.095464
0.086154 0.095464
0.246653 0.467765
0.265064 0.488186
0.284138 0.509766
0.300667 0.529644
0.319075 0.553290
0.334500 0.575939
0.347714 0.598757
0.361033 0.625615
0.730100 1.211298
0.729397 1.212922
0.728721 1.214488
0.728071 1.215998
0.727518 1.217512
nan nan
nan nan
nan nan
0.730261 1.203547
0.730461 1.206038
0.729994 1.207003
0.730506 1.208747
0.730133 1.210191
0.729142 1.211110
0.729686 1.213085
0.727830 1.213306
0.583826 0.658449
0.594451 0.689169
0.601635 0.724805
0.607324 0.761518
0.614273 0.796829
0.623162 0.827235
0.634056 0.853863
0.647332 0.879072
0.086708 0.098553
0.087247 0.100833
0.087721 0.103048
0.088356 0.105585
0.088875 0.107993
0.089597 0.110787
0.090274 0.113576
0.091054 0.116596
0.098461 0.123809
0.099624 0.126546
0.100856 0.129382
0.102241 0.132418
0.103361 0.135174
0.104559 0.138039
0.106011 0.141222
0.107436 0.144402
0.744497 1.018615
0.753317 1.035747
0.759666 1.053393
0.762631 1.068811
0.764599 1.085143
0.764282 1.097809
0.763273 1.111850
0.761712 1.121542
0.416272 0.594675
0.443775 0.614457
0.472346 0.632390
0.499485 0.651156
0.521789 0.673965
0.538331 0.703103
0.550712 0.736436
0.563129 0.771297
0.097318 0.141380
0.099132 0.147029
0.100965 0.152854
0.103149 0.159344
0.105909 0.166828
0.108936 0.174822
0.112348 0.183482
0.116851 0.193728
0.732828 1.198149
0.732814 1.201173
0.731819 1.202530
0.730657 1.203532
0.730177 1.205476
0.730700 1.208256
0.731439 1.210438
0.729629 1.211098
0.481055 0.721316
0.490242 0.736747
0.499353 0.752798
0.509145 0.769243
0.519573 0.785224
0.530968 0.800836
0.543121 0.816051
0.555664 0.830871
0.250425 0.450687
0.264000 0.466114
0.278728 0.482747
0.293639 0.499833
0.307443 0.516187
0.321584 0.533574
0.336047 0.552214
0.349256 0.570435
0.085810 0.095719
0.085810 0.095719
0.085995 0.096674
0.086568 0.099299
0.087169 0.102046
0.087812 0.104943
0.088513 0.108027
0.089308 0.111359
0.737924 1.186472
0.736989 1.190817
0.735824 1.194034
0.734836 1.197401
0.733916 1.200582
0.732716 1.203027
0.732402 1.206363
0.731120 1.208337
0.122956 0.276904
0.132537 0.298847
0.143755 0.321207
0.157306 0.344627
0.173513 0.369170
0.191071 0.393192
0.208395 0.415205
0.226551 0.436784
0.437785 0.682278
0.455971 0.704543
0.472712 0.728568
0.488487 0.754503
0.505988 0.781237
0.525774 0.806605
0.547732 0.830995
0.569793 0.854487
0.731055 1.209823
0.730588 1.211103
0.730377 1.212504
0.729584 1.213391
0.729443 1.214792
0.728965 1.215869
0.728431 1.216839
0.728334 1.218165
0.203571 0.255498
0.224990 0.279513
0.249859 0.309195
0.276694 0.343516
0.298628 0.373119
0.320717 0.402350
0.346673 0.434483
0.368680 0.459795
0.099985 0.203405
0.102916 0.215549
0.105745 0.227538
0.110372 0.243071
0.114870 0.257845
0.122157 0.276849
0.129412 0.294487
0.139743 0.315376
0.085843 0.095695
0.086404 0.098317
0.087081 0.101349
0.087780 0.104502
0.088532 0.107855
0.089369 0.111463
0.090358 0.115443
0.091469 0.119757
0.447920 0.741455
0.466084 0.768526
0.487558 0.795957
0.512320 0.821273
0.539435 0.845231
0.566108 0.868728
0.589776 0.891342
0.610380 0.912633
0.094547 0.118140
0.095916 0.122560
0.097390 0.127261
0.099500 0.132932
0.102120 0.139386
0.105148 0.146489
0.108295 0.153842
0.112220 0.162233
0.083987 0.096989
0.083987 0.096989
0.083987 0.096989
0.083987 0.096989
0.083987 0.096989
0.083987 0.096989
0.083987 0.096989
0.083987 0.096989
0.751212 1.134844
0.750861 1.137246
0.750404 1.140370
0.749899 1.143373
0.749436 1.145945
0.748990 1.148083
0.748520 1.150260
0.747967 1.152846
0.087324 0.094559
0.087324 0.094559
0.087324 0.094559
0.087324 0.094559
0.087324 0.094559
0.087324 0.094559
0.087324 0.094559
0.087324 0.094559
0.742392 1.175025
0.741448 1.178076
0.740668 1.181276
0.739710 1.183846
0.738859 1.186399
0.738142 1.189106
0.737390 1.191445
0.736490 1.193451
0.281301 0.477791
0.300986 0.500536
0.321326 0.524825
0.341241 0.549882
0.360099 0.575105
0.378170 0.600382
0.396295 0.625465
0.415153 0.649478
0.366064 0.431803
0.381845 0.449667
0.398121 0.465714
0.416997 0.479915
0.441917 0.491612
0.478563 0.502014
0.522759 0.512976
0.564984 0.527402
0.097216 0.115758
0.097916 0.117355
0.098086 0.118327
0.098542 0.119654
0.099600 0.121696
0.100362 0.123390
0.100625 0.124533
0.101266 0.126119
nan nan
nan nan
nan nan
nan nan
nan nan
nan nan
nan nan
nan nan
0.761332 1.095633
0.761021 1.105702
0.760204 1.114878
0.759070 1.122331
0.757801 1.129993
0.756379 1.136030
0.754968 1.142061
0.753374 1.148248
0.737183 1.133721
0.738037 1.141360
0.738186 1.149248
0.738128 1.156024
0.737652 1.160101
0.737275 1.164212
0.736362 1.169913
0.735332 1.173364
0.550024 0.955591
0.568463 0.964545
0.587163 0.976238
0.602233 0.987547
0.617620 1.000353
0.636735 1.018677
0.655325 1.037437
0.672352 1.055357
0.083729 0.097158
0.083729 0.097158
0.083729 0.097158
0.083729 0.097158
0.083729 0.097158
0.083729 0.097158
0.083729 0.097158
0.083729 0.097158
0.616048 0.755361
0.622662 0.797065
0.632508 0.833356
0.645282 0.863852
0.660142 0.890261
0.676080 0.913049
0.693505 0.934303
0.711263 0.953844
0.637367 1.002216
0.654534 1.019905
0.668468 1.034425
0.680637 1.047830
0.692316 1.062201
0.704966 1.080421
0.713765 1.095277
0.719447 1.107157
0.611123 0.773398
0.618552 0.807666
0.628388 0.837796
0.641021 0.865580
0.654437 0.888923
0.668009 0.908703
0.684056 0.929120
0.699844 0.947149
0.101850 0.269105
0.111028 0.298461
0.123690 0.329137
0.139272 0.359140
0.157943 0.388654
0.180326 0.418522
0.205010 0.447622
0.230783 0.475856
0.733221 1.196385
0.732230 1.196902
0.731340 1.197531
0.731288 1.199352
0.731478 1.201485
0.731543 1.203427
0.731231 1.204719
0.730405 1.205181
0.090996 0.114910
0.092200 0.119271
0.093556 0.124006
0.095032 0.129069
0.096638 0.134501
0.098510 0.140507
0.100785 0.147276
0.103623 0.155049
0.756269 1.129202
0.755687 1.132218
0.755075 1.135123
0.754361 1.138452
0.753711 1.141835
0.753107 1.144446
0.752489 1.146561
0.751966 1.148678
0.535587 0.659394
0.552280 0.687136
0.563506 0.719401
0.573213 0.754404
0.584167 0.789138
0.597137 0.821127
0.611673 0.849869
0.627756 0.876676
0.464628 0.619109
0.494428 0.636750
0.520397 0.657611
0.539844 0.684543
0.553296 0.717492
0.564637 0.753627
0.577356 0.789597
0.592336 0.823031
0.642100 0.845619
0.656624 0.876708
0.673035 0.902710
0.693239 0.928522
0.713609 0.951066
0.732175 0.970588
0.749417 0.990970
0.761836 1.009312
0.764876 0.995246
0.766374 0.996945
0.770743 1.004352
0.775804 1.015306
0.774756 1.012861
0.779701 1.024970
0.781567 1.032381
0.780730 1.031345
0.140921 0.200970
0.150491 0.213476
0.162995 0.228537
0.178334 0.246231
0.195849 0.266474
0.214685 0.288952
0.233617 0.312706
0.252224 0.337028
0.097627 0.125250
0.098732 0.128037
0.099897 0.130924
0.100996 0.133760
0.102078 0.136610
0.103268 0.139618
0.104661 0.142903
0.106144 0.146333
0.614781 0.893979
0.630093 0.912654
0.644748 0.930164
0.658530 0.946116
0.671868 0.961056
0.684742 0.975169
0.697041 0.988692
0.708647 1.001993
0.317262 0.385019
0.334708 0.407904
0.354502 0.432266
0.374248 0.454450
0.389828 0.470472
0.405179 0.483743
0.426465 0.496721
0.457560 0.508295
0.089518 0.110712
0.089844 0.112089
0.090146 0.113442
0.090514 0.114917
0.090973 0.116561
0.091444 0.118239
0.091815 0.119778
0.092172 0.121316
0.733427 1.196716
0.732773 1.198568
0.731429 1.200092
0.730801 1.202153
0.730531 1.204632
0.730727 1.207167
0.731479 1.209561
0.731305 1.211620
0.456678 0.783806
0.482090 0.811856
0.511532 0.837143
0.542107 0.860647
0.569840 0.883088
0.593852 0.904916
0.614836 0.925925
0.633583 0.945781
0.086029 0.095557
0.086029 0.095557
0.086029 0.095557
0.086029 0.095557
0.086029 0.095557
0.086029 0.095557
0.086029 0.095557
0.086029 0.095557
0.095059 0.151876
0.096481 0.157980
0.098231 0.164918
0.100196 0.172475
0.102461 0.180808
0.105274 0.190339
0.108526 0.200820
0.112471 0.212607
0.085472 0.095965
0.085472 0.095965
0.085472 0.095965
0.085472 0.095965
0.085472 0.095965
0.085472 0.095965
0.085472 0.095965
0.085548 0.096441
0.737855 1.186222
0.737002 1.189791
0.736022 1.192507
0.734810 1.194890
0.734262 1.197936
0.733549 1.200890
0.732808 1.203414
0.731785 1.205297
0.738172 1.151360
0.737931 1.156794
0.737520 1.161253
0.736652 1.167600
0.735959 1.171658
0.735384 1.175587
0.734627 1.179051
0.733984 1.182388
0.106915 0.197473
0.109920 0.206983
0.113672 0.217820
0.117864 0.229350
0.123072 0.242362
0.129235 0.256541
0.136292 0.271579
0.144914 0.288198
0.252690 0.427279
0.277191 0.455870
0.302286 0.484861
0.327863 0.514907
0.353801 0.546048
0.380125 0.577211
0.407568 0.606714
0.437014 0.633192
0.765272 1.082457
0.764732 1.099332
0.763078 1.116855
0.760715 1.128107
0.757990 1.137948
0.755104 1.148877
0.752641 1.156864
0.750473 1.162036
0.679363 0.954610
0.690911 0.967331
0.701887 0.979282
0.712315 0.990918
0.722300 1.002873
0.730818 1.014047
0.738412 1.025593
0.745037 1.037586
0.088972 0.105553
0.089705 0.108277
0.090277 0.110814
0.091189 0.113936
0.091994 0.116961
0.092849 0.120138
0.094030 0.123882
0.094861 0.127189
nan nan
nan nan
nan nan
nan nan
nan nan
nan nan
nan nan
nan nan
0.087154 0.099677
0.087707 0.102049
0.088240 0.104442
0.088928 0.107149
0.089581 0.109864
0.090273 0.112711
0.091223 0.116036
0.091960 0.119104
0.655785 0.928554
0.668779 0.943886
0.681575 0.958325
0.693790 0.971680
0.705461 0.984467
0.716399 0.996969
0.726472 1.009576
0.735185 1.021980
nan nan
nan nan
nan nan
nan nan
nan nan
nan nan
nan nan
nan nan
nan nan
nan nan
nan nan
nan nan
nan nan
nan nan
nan nan
nan nan
0.728952 1.217970
nan nan
nan nan
nan nan
nan nan
nan nan
nan nan
nan nan
0.084898 0.096371
0.084898 0.096371
0.084898 0.096371
0.084898 0.096371
0.084898 0.096371
0.084898 0.096371
0.084898 0.096371
0.084898 0.096371
nan nan
nan nan
nan nan
nan nan
nan nan
nan nan
nan nan
nan nan
0.088811 0.109342
0.089238 0.111198
0.089691 0.113133
0.090179 0.115154
0.090679 0.117234
0.091242 0.119453
0.091851 0.121788
0.092499 0.124224
0.613186 0.860756
0.628835 0.884747
0.644418 0.906469
0.660173 0.926635
0.675550 0.944837
0.690565 0.961598
0.704800 0.977074
0.718130 0.992008
nan nan
nan nan
nan nan
nan nan
nan nan
nan nan
nan nan
nan nan
0.635879 0.943191
0.649841 0.958380
0.663099 0.972706
0.676166 0.986900
0.688922 1.001100
0.699658 1.013323
0.710836 1.027629
0.719666 1.040051
0.416654 0.611208
0.438557 0.629571
0.461212 0.646874
0.483057 0.664650
0.502031 0.685081
0.517255 0.709406
0.529761 0.736783
0.542281 0.765417
nan nan
nan nan
nan nan
nan nan
nan nan
nan nan
nan nan
nan nan
0.202804 0.424423
0.220378 0.444990
0.239994 0.466801
0.260739 0.489562
0.279144 0.510400
0.297255 0.532050
0.316605 0.557161
0.333163 0.582329
0.463877 0.612741
0.495943 0.630407
0.524104 0.651455
0.545042 0.679407
0.558970 0.714295
0.570171 0.752921
0.582886 0.791522
0.598194 0.827036
0.085491 0.095951
0.085491 0.095951
0.085491 0.095951
0.085491 0.095951
0.085491 0.095951
0.085491 0.095951
0.085491 0.095951
0.085491 0.095951
0.652144 0.915664
0.672656 0.940709
0.692526 0.962980
0.711021 0.983141
0.727748 1.002918
0.741012 1.021768
0.751271 1.042021
0.757965 1.061612
0.763320 1.024878
0.771660 1.050102
0.772705 1.064756
0.773940 1.086481
0.772056 1.103176
0.769217 1.117067
0.766183 1.128231
0.762451 1.139235
0.405288 0.834519
0.445675 0.870113
0.490728 0.897007
0.532251 0.917172
0.564385 0.934421
0.586781 0.949527
0.606045 0.965200
0.623283 0.980815
0.096963 0.127741
0.099451 0.134292
0.101935 0.141004
0.105142 0.148827
0.109200 0.157850
0.113477 0.167258
0.120125 0.179504
0.127289 0.192287
0.102463 0.143629
0.104120 0.148068
0.106449 0.153443
0.108751 0.158819
0.111499 0.164805
0.114737 0.171424
0.118054 0.178155
0.122755 0.186485
0.085290 0.096095
0.085290 0.096095
0.085290 0.096095
0.085290 0.096095
0.085290 0.096095
0.085290 0.096095
0.085290 0.096095
0.085290 0.096095
0.769957 1.053695
0.770655 1.058022
0.771598 1.063551
0.770990 1.065024
0.772466 1.072945
0.772014 1.074466
0.772587 1.080779
0.772392 1.084251
0.638234 0.862532
0.652361 0.887433
0.667164 0.909090
0.684198 0.930653
0.700947 0.949645
0.716776 0.966569
0.731276 0.982390
0.744672 0.999082
0.083370 0.097388
0.083370 0.097388
0.083370 0.097388
0.083370 0.097388
0.083370 0.097388
0.083370 0.097388
0.083370 0.097388
0.083370 0.097388
0.733704 1.183149
0.733737 1.185668
0.733815 1.188166
0.733807 1.190501
0.733375 1.191928
0.732602 1.192660
0.732371 1.193764
0.731406 1.194339
0.728546 1.216961
0.728264 1.217630
0.727973 1.218250
nan nan
nan nan
nan nan
nan nan
nan nan
0.089673 0.104585
0.089944 0.105703
0.090176 0.106777
0.090578 0.108116
0.091022 0.109529
0.091381 0.110833
0.091642 0.112001
0.092068 0.113424
0.730622 1.044048
0.733788 1.049885
0.737413 1.057535
0.740378 1.064797
0.742968 1.071870
0.745215 1.078737
0.746112 1.083762
0.747016 1.088971
0.543978 0.761069
0.558088 0.790689
0.574102 0.819043
0.591121 0.845630
0.608372 0.870507
0.625370 0.893676
0.641621 0.914682
0.657380 0.933944
0.083726 0.097159
0.083726 0.097159
0.083726 0.097159
0.083726 0.097159
0.083726 0.097159
0.083726 0.097159
0.083726 0.097159
0.083726 0.097159
0.084345 0.096750
0.084345 0.096750
0.084345 0.096750
0.084345 0.096750
0.084345 0.096750
0.084345 0.096750
0.084345 0.096750
0.084345 0.096750
0.578957 0.776821
0.580603 0.781845
0.582469 0.787041
0.584322 0.792210
0.586170 0.797063
0.588075 0.801948
0.590099 0.806881
0.592060 0.811536
0.088019 0.104133
0.088356 0.105536
0.088671 0.106924
0.089002 0.108358
0.089356 0.109846
0.089688 0.111324
0.090100 0.112948
0.090571 0.114687
0.715977 1.014053
0.727965 1.030881
0.737453 1.047503
0.744086 1.063331
0.748485 1.078245
0.750783 1.091475
0.751899 1.103575
0.751939 1.113626
0.764879 1.104142
0.764169 1.108939
0.763733 1.113453
0.763035 1.117473
0.762253 1.121835
0.761491 1.126055
0.760718 1.129423
0.759944 1.132222
0.092970 0.208420
0.096073 0.227390
0.100617 0.249741
0.106779 0.274166
0.115865 0.301435
0.129783 0.332548
0.148340 0.365195
0.169205 0.395946
0.737584 1.188273
0.736650 1.190737
0.735906 1.193188
0.734976 1.195368
0.734120 1.197466
0.733418 1.199747
0.732866 1.202085
0.732326 1.204311
0.732277 1.203405
0.731964 1.204498
0.731697 1.205501
0.731391 1.206545
0.731162 1.207472
0.730862 1.208474
0.730533 1.209402
0.730209 1.210310
0.591220 0.708221
0.599123 0.751050
0.607622 0.792292
0.618853 0.828474
0.632800 0.859828
0.648556 0.887313
0.665003 0.911118
0.683120 0.933772
0.102642 0.185426
0.105417 0.195223
0.108731 0.206166
0.112977 0.218824
0.117849 0.232483
0.124099 0.248135
0.131796 0.265489
0.140637 0.283726
0.758264 1.093413
0.758171 1.107129
0.757246 1.119321
0.755786 1.129887
0.753991 1.138562
0.752203 1.146529
0.750401 1.154080
0.748749 1.159696
0.085343 0.096057
0.085343 0.096057
0.085343 0.096057
0.085343 0.096057
0.085343 0.096057
0.085369 0.096209
0.085628 0.097475
0.085893 0.098770
0.443399 0.703365
0.465027 0.734150
0.486176 0.767406
0.511324 0.800496
0.540257 0.831204
0.570104 0.860934
0.596856 0.889011
0.620417 0.915168
0.733331 1.202233
0.732624 1.204203
0.732074 1.206012
0.731430 1.207650
0.730545 1.209258
0.729824 1.210877
0.729537 1.212739
0.729248 1.214528
0.145087 0.351927
0.147407 0.356233
0.152874 0.364507
0.154939 0.368242
0.160007 0.375592
0.163448 0.380796
0.167444 0.386519
0.172282 0.393071
0.761223 1.052701
0.763234 1.062098
0.765037 1.073011
0.765892 1.082454
0.765859 1.090542
0.765359 1.097935
0.764725 1.105516
0.763984 1.113229
0.736283 1.158033
0.736188 1.162196
0.735742 1.161991
0.736417 1.172014
0.734476 1.171494
0.734905 1.175991
0.734440 1.178404
0.733725 1.179927
0.543661 0.797300
0.546418 0.801401
0.549160 0.805456
0.551955 0.809457
0.554797 0.813488
0.557684 0.817480
0.560573 0.821449
0.563466 0.825353
0.385183 0.562916
0.403185 0.579673
0.422939 0.595422
0.444200 0.609783
0.465709 0.622677
0.487630 0.635847
0.507500 0.650126
0.524488 0.667262
0.738803 1.065471
0.743839 1.079900
0.746078 1.091311
0.747816 1.102720
0.748377 1.111707
0.748401 1.120729
0.748194 1.129291
0.747638 1.136502
0.732034 1.204348
0.731283 1.205401
0.731206 1.207136
0.731247 1.208663
0.730212 1.209587
0.730721 1.211620
0.728922 1.211880
0.730069 1.214297
0.256087 0.422988
0.272850 0.442828
0.290340 0.463140
0.307523 0.483100
0.325512 0.504090
0.343508 0.525264
0.361846 0.546635
0.381150 0.568102
0.729230 1.216661
0.728723 1.217501
nan nan
nan nan
nan nan
nan nan
nan nan
nan nan
0.205275 0.428044
0.219526 0.444734
0.237700 0.464810
0.252033 0.480772
0.270298 0.500911
0.285184 0.518153
0.302384 0.538967
0.316753 0.558194
0.749154 1.107027
0.749354 1.118545
0.748954 1.129362
0.748180 1.137246
0.747066 1.147107
0.745898 1.152689
0.744637 1.159946
0.743238 1.166126
nan nan
nan nan
nan nan
nan nan
nan nan
nan nan
nan nan
nan nan
0.385852 0.564636
0.409937 0.586574
0.436415 0.606183
0.464669 0.623714
0.492802 0.641211
0.517272 0.661795
0.535772 0.687860
0.548979 0.719398
0.084037 0.096955
0.084037 0.096955
0.084037 0.096955
0.084037 0.096955
0.084037 0.096955
0.084037 0.096955
0.084037 0.096955
0.084037 0.096955
0.090520 0.091763
0.090520 0.091763
0.090520 0.091763
0.090520 0.091763
0.090520 0.091763
0.090520 0.091763
0.090520 0.091763
0.090520 0.091763
0.751813 1.111287
0.751273 1.124939
0.750128 1.136555
0.748589 1.146599
0.746958 1.154812
0.745320 1.161939
0.743468 1.168617
0.741906 1.174469
0.732558 1.204062
0.732325 1.205546
0.732158 1.207093
0.731744 1.208119
0.730983 1.209021
0.730722 1.210264
0.730656 1.211622
0.730228 1.212669
0.741263 1.166777
0.739990 1.172406
0.738502 1.176704
0.737732 1.182261
0.736972 1.187449
0.735407 1.190393
0.734249 1.193741
0.733909 1.198208
0.485794 0.656608
0.507580 0.678312
0.524401 0.705044
0.537559 0.735733
0.550564 0.767882
0.565694 0.799316
0.582633 0.828935
0.600485 0.856548
0.174215 0.334855
0.195564 0.365672
0.218382 0.395800
0.242887 0.425713
0.268185 0.455109
0.293852 0.484576
0.320458 0.515807
0.346616 0.547990
0.114923 0.283130
0.118878 0.293624
0.122590 0.303172
0.126757 0.312985
0.132371 0.324527
0.138981 0.336852
0.145795 0.348735
0.151837 0.358980
0.268948 0.337448
0.286953 0.361285
0.305985 0.386417
0.320266 0.405303
0.336977 0.426331
0.357093 0.449890
0.371174 0.465725
0.388223 0.482651
0.090660 0.116346
0.091875 0.121417
0.093551 0.127452
0.095297 0.133854
0.097515 0.141261
0.100285 0.149807
0.103419 0.159206
0.107793 0.170723
0.305872 0.503575
0.322593 0.523607
0.339187 0.544269
0.355444 0.565383
0.371286 0.586685
0.386874 0.607756
0.402660 0.628279
0.418922 0.647612
0.730368 1.212690
0.729831 1.214309
0.729242 1.215817
0.728655 1.217259
nan nan
nan nan
nan nan
nan nan
0.083909 0.097039
0.083909 0.097039
0.083909 0.097039
0.083909 0.097039
0.083909 0.097039
0.083909 0.097039
0.083909 0.097039
0.083909 0.097039
0.182905 0.373319
0.194162 0.388539
0.205378 0.403021
0.216770 0.417117
0.228473 0.431052
0.240508 0.444959
0.253288 0.459388
0.266263 0.473936
0.733796 1.195388
0.732968 1.197751
0.732172 1.200001
0.731408 1.202145
0.730674 1.204193
0.729973 1.206154
0.729522 1.208245
0.729108 1.210271
0.180478 0.362988
0.198035 0.387009
0.216269 0.410174
0.234988 0.432569
0.254147 0.454597
0.274399 0.477479
0.294966 0.501033
0.315483 0.525499
nan nan
nan nan
nan nan
nan nan
nan nan
nan nan
nan nan
nan nan
0.085755 0.095759
0.085755 0.095759
0.085755 0.095759
0.085755 0.095759
0.085755 0.095759
0.085755 0.095759
0.085755 0.095759
0.085755 0.095759
0.351754 0.764766
0.356619 0.773881
0.361195 0.781861
0.365806 0.789469
0.372095 0.799251
0.377271 0.806871
0.383017 0.814882
0.388420 0.822091
0.728415 1.217516
nan nan
nan nan
nan nan
nan nan
nan nan
nan nan
nan nan
0.734839 1.177384
0.733817 1.180404
0.733760 1.185077
0.733634 1.189409
0.733379 1.193351
0.732898 1.195760
0.731463 1.197333
0.730282 1.198972
0.296368 0.437198
0.316050 0.460497
0.335295 0.482885
0.355287 0.505413
0.377228 0.528092
0.402438 0.549720
0.431423 0.568286
0.463928 0.583523
0.712314 0.994993
0.729064 1.016167
0.742150 1.037565
0.750485 1.057524
0.755293 1.076551
0.757163 1.093156
0.757225 1.107569
0.756334 1.120323
0.083800 0.097111
0.083800 0.097111
0.083800 0.097111
0.083800 0.097111
0.083800 0.097111
0.083800 0.097111
0.083800 0.097111
0.083800 0.097111
0.436746 0.647535
0.458673 0.667656
0.479220 0.689051
0.496603 0.713797
0.511511 0.741643
0.526833 0.770870
0.544305 0.799275
0.563701 0.826411
0.106621 0.167477
0.111573 0.179742
0.117566 0.193606
0.125853 0.210526
0.136342 0.230045
0.150298 0.253341
0.167581 0.279994
0.187973 0.309663
0.673867 1.013108
0.686579 1.027403
0.699407 1.043284
0.712473 1.061205
0.718710 1.072223
0.724808 1.084326
0.728267 1.094507
0.732217 1.105837
0.730184 1.213316
0.729543 1.214813
0.728958 1.216317
0.728361 1.217717
nan nan
nan nan
nan nan
nan nan
0.731587 1.206675
0.731512 1.208187
0.731106 1.208781
0.729966 1.209308
0.729317 1.210173
0.729712 1.211768
0.730058 1.213313
0.729804 1.214352
0.195306 0.391700
0.214473 0.415778
0.234133 0.438967
0.254038 0.461586
0.274333 0.484449
0.294743 0.507953
0.315807 0.533445
0.335763 0.559762
0.423986 0.592124
0.440051 0.602711
0.456664 0.612525
0.473487 0.621919
0.490003 0.631441
0.505610 0.641754
0.519533 0.653332
0.531392 0.666635
nan nan
nan nan
nan nan
nan nan
nan nan
nan nan
nan nan
nan nan
0.491019 0.677431
0.506982 0.698453
0.519946 0.722741
0.531651 0.749025
0.544168 0.775604
0.558351 0.801402
0.573931 0.826151
0.590077 0.849656
0.086229 0.095408
0.086229 0.095408
0.086229 0.095408
0.086229 0.095408
0.086229 0.095408
0.086229 0.095408
0.086229 0.095408
0.086229 0.095408
0.113789 0.226750
0.117266 0.236486
0.121315 0.247027
0.125871 0.258150
0.131036 0.269900
0.136863 0.282241
0.143401 0.295115
0.150658 0.308429
0.086432 0.095254
0.086432 0.095254
0.086432 0.095254
0.086432 0.095254
0.086432 0.095254
0.086447 0.095368
0.086635 0.096246
0.086826 0.097133
0.088278 0.093775
0.088278 0.093775
0.088278 0.093775
0.088278 0.093775
0.088278 0.093775
0.088278 0.093775
0.088278 0.093775
0.088278 0.093775
0.744452 1.142331
0.744011 1.146974
0.743545 1.151327
0.742928 1.156091
0.742380 1.158850
0.741728 1.163901
0.740760 1.167100
0.740303 1.171121
0.734002 1.200930
0.733122 1.202203
0.732692 1.204132
0.732234 1.205741
0.731535 1.207151
0.731691 1.209130
0.730407 1.210015
0.730489 1.211847
0.084874 0.096388
0.084874 0.096388
0.084874 0.096388
0.084874 0.096388
0.084874 0.096388
0.084874 0.096388
0.084874 0.096388
0.084874 0.096388
0.083634 0.097219
0.083634 0.097219
0.083634 0.097219
0.083634 0.097219
0.083634 0.097219
0.083634 0.097219
0.083634 0.097219
0.083634 0.097219
0.084509 0.096639
0.084509 0.096639
0.084509 0.096639
0.084509 0.096639
0.084509 0.096639
0.084509 0.096639
0.084509 0.096639
0.084509 0.096639
0.731089 1.211467
0.730364 1.211851
0.729648 1.212235
0.728939 1.212618
0.729099 1.213596
0.729326 1.214675
0.729470 1.215628
0.728864 1.216047
0.331017 0.478284
0.353565 0.503785
0.377871 0.528966
0.405401 0.552231
0.437712 0.571903
0.474904 0.588249
0.512402 0.603830
0.545164 0.623430
0.559610 0.726453
0.569691 0.759987
0.581200 0.793002
0.594618 0.823443
0.609361 0.851102
0.625386 0.877034
0.641437 0.900300
0.656853 0.920592
nan nan
nan nan
nan nan
nan nan
nan nan
nan nan
nan nan
nan nan
0.733719 1.153499
0.734359 1.159260
0.734574 1.164914
0.734443 1.163054
0.733697 1.160397
0.733607 1.168311
0.734824 1.172551
0.733607 1.172314
0.747564 1.154020
0.746563 1.158260
0.745616 1.162671
0.744547 1.166145
0.743688 1.169965
0.742717 1.173020
0.741873 1.176170
0.741116 1.179285
nan nan
nan nan
nan nan
nan nan
nan nan
nan nan
nan nan
nan nan
nan nan
nan nan
nan nan
nan nan
nan nan
nan nan
nan nan
nan nan
0.675941 0.977859
0.689615 0.992903
0.702431 1.007595
0.713692 1.021614
0.722865 1.034410
0.731983 1.049739
0.738023 1.062872
0.741979 1.074330
nan nan
nan nan
nan nan
nan nan
nan nan
nan nan
nan nan
nan nan
0.256448 0.466482
0.273492 0.485720
0.291988 0.506909
0.310539 0.529139
0.326737 0.550166
0.344144 0.574727
0.358689 0.598177
0.372277 0.622355
0.256384 0.343973
0.278315 0.372945
0.300905 0.402232
0.323792 0.430749
0.347085 0.458264
0.368629 0.482054
0.391853 0.504124
0.419241 0.523126
0.338403 0.546103
0.354254 0.566996
0.369666 0.588220
0.384728 0.609319
0.399825 0.629911
0.415438 0.649527
0.431605 0.668194
0.447941 0.686550
0.209650 0.432718
0.227432 0.452828
0.242565 0.469743
0.261069 0.490009
0.276275 0.507250
0.294759 0.528824
0.309213 0.547339
0.325373 0.569972
0.085996 0.095582
0.085996 0.095582
0.085996 0.095582
0.085996 0.095582
0.085996 0.095582
0.085996 0.095582
0.085996 0.095582
0.085996 0.095582
0.732745 1.188440
0.733364 1.192840
0.732322 1.193485
0.732623 1.196659
0.731763 1.198018
0.731776 1.199923
0.731166 1.202155
0.729847 1.202586
0.209171 0.399228
0.231080 0.425998
0.253849 0.452340
0.277478 0.479120
0.301636 0.506990
0.325719 0.536299
0.348672 0.566678
0.369690 0.597346
0.201096 0.440685
0.223237 0.465405
0.245884 0.489943
0.268435 0.514875
0.290655 0.541225
0.310404 0.567975
0.327132 0.596274
0.340027 0.625892
0.229839 0.423547
0.236956 0.431938
0.243830 0.439966
0.251783 0.449030
0.259233 0.457505
0.266161 0.465407
0.274252 0.474535
0.282026 0.483363
0.729250 1.215331
0.728948 1.216673
0.728374 1.217822
nan nan
nan nan
nan nan
nan nan
nan nan
0.242116 0.428182
0.261880 0.451128
0.282081 0.474232
0.302657 0.497991
0.323581 0.522905
0.344249 0.548631
0.364458 0.574937
0.384022 0.600869
0.484779 0.654975
0.508436 0.678307
0.526331 0.707470
0.540257 0.741033
0.554668 0.775835
0.571527 0.809266
0.590194 0.840411
0.609554 0.869298
0.257291 0.301260
0.282299 0.332693
0.306215 0.364675
0.327223 0.393022
0.346728 0.418272
0.365967 0.441483
0.386623 0.463621
0.409337 0.482832
0.483581 0.567465
0.495550 0.571407
0.505682 0.574720
0.517799 0.579116
0.527264 0.582779
0.538625 0.587888
0.547921 0.592679
0.557535 0.598554
0.505509 0.765548
0.508784 0.770828
0.512183 0.776100
0.515563 0.781227
0.519092 0.786362
0.522820 0.791542
0.526497 0.796529
0.530329 0.801537
0.126060 0.188629
0.135537 0.203496
0.146444 0.219670
0.162834 0.241087
0.180822 0.264246
0.201586 0.290810
0.226156 0.322466
0.248042 0.351762
0.132268 0.271548
0.143836 0.294769
0.157820 0.319515
0.173926 0.345013
0.191733 0.370596
0.210825 0.395829
0.230866 0.420519
0.251661 0.444829
0.688504 0.944799
0.709201 0.967385
0.727921 0.988068
0.743599 1.008303
0.756476 1.031252
0.763717 1.051900
0.766205 1.068400
0.767829 1.087640
nan nan
nan nan
nan nan
nan nan
nan nan
nan nan
nan nan
nan nan
0.234702 0.400784
0.247156 0.416066
0.259747 0.431122
0.272533 0.446125
0.285704 0.461385
0.299053 0.476816
0.312408 0.492346
0.325806 0.508079
0.613853 0.797910
0.625225 0.834443
0.638972 0.864869
0.654460 0.891428
0.670608 0.914291
0.688252 0.935904
0.705936 0.955529
0.722127 0.972746
0.194513 0.361854
0.213689 0.387513
0.233843 0.412733
0.254780 0.437603
0.276256 0.462363
0.298168 0.487577
0.320354 0.513661
0.342547 0.540685
0.364559 0.595277
0.378434 0.617556
0.392920 0.640854
0.406955 0.661772
0.422501 0.683057
0.437751 0.702994
0.452933 0.724136
0.467480 0.746365
0.242513 0.440344
0.260363 0.460611
0.276841 0.479342
0.294970 0.500099
0.312088 0.520461
0.329391 0.542049
0.346076 0.564300
0.361417 0.586436
0.737085 1.172620
0.736016 1.174177
0.735544 1.177444
0.736336 1.182858
0.734591 1.183296
0.734048 1.185975
0.734476 1.190463
0.732912 1.190815
0.514239 0.747159
0.533839 0.782981
0.556826 0.817176
0.581472 0.849571
0.605408 0.879878
0.627686 0.907600
0.648462 0.932631
0.667970 0.954975
0.085030 0.096279
0.085030 0.096279
0.085030 0.096279
0.085030 0.096279
0.085030 0.096279
0.085030 0.096279
0.085030 0.096279
0.085030 0.096279
0.617611 0.879484
0.633628 0.901283
0.649127 0.921121
0.664508 0.939649
0.679261 0.956420
0.693463 0.971990
0.706928 0.986793
0.719365 1.001290
0.452569 0.687097
0.475793 0.717352
0.496025 0.751182
0.518328 0.786517
0.544555 0.819887
0.572453 0.851685
0.598948 0.882033
0.622687 0.909868
0.738200 1.144130
0.738262 1.151989
0.737834 1.158851
0.737321 1.164168
0.736363 1.172165
0.735391 1.176231
0.735548 1.182292
0.733780 1.184565
0.737474 1.105110
0.738681 1.114986
0.739970 1.126745
0.740631 1.137907
0.740414 1.142770
0.740321 1.155214
0.739517 1.156826
0.738692 1.167738
0.287723 0.519938
0.306270 0.542653
0.321560 0.563659
0.335778 0.586166
0.348476 0.610431
0.358638 0.633557
0.369977 0.661207
0.380448 0.684955
0.095353 0.208943
0.097036 0.218239
0.099070 0.228426
0.101113 0.238591
0.103568 0.249516
0.106628 0.261394
0.110227 0.273827
0.115523 0.288832
0.478528 0.671618
0.501580 0.699535
0.519490 0.733119
0.536562 0.769247
0.556579 0.804479
0.578981 0.837735
0.601700 0.868742
0.623452 0.897130
0.083944 0.097016
0.083944 0.097016
0.083944 0.097016
0.083944 0.097016
0.083944 0.097016
0.083944 0.097016
0.083944 0.097016
0.083944 0.097016
0.737985 1.186697
0.737300 1.189425
0.736905 1.192333
0.735882 1.194104
0.735048 1.196061
0.734909 1.198724
0.733935 1.200490
0.733048 1.201978
0.096409 0.171876
0.098619 0.181794
0.101324 0.193117
0.104624 0.205973
0.108739 0.220617
0.113997 0.237335
0.120897 0.256469
0.129750 0.277782
0.134418 0.218649
0.143951 0.234187
0.155252 0.251516
0.167942 0.270217
0.182155 0.290533
0.198143 0.312771
0.215710 0.336675
0.234032 0.361148
nan nan
nan nan
nan nan
nan nan
nan nan
nan nan
nan nan
nan nan
0.084162 0.096872
0.084162 0.096872
0.084162 0.096872
0.084162 0.096872
0.084162 0.096872
0.084162 0.096872
0.084162 0.096872
0.084232 0.097248
0.731488 1.209050
0.731232 1.210855
0.730703 1.212382
0.729872 1.213614
0.729501 1.215138
0.729233 1.216687
0.728474 1.217803
nan nan
0.687309 0.951952
0.698478 0.964210
0.708881 0.975414
0.718859 0.986461
0.728728 0.998334
0.737162 1.009443
0.743908 1.019568
0.750196 1.031124
0.725239 1.007527
0.729448 1.013223
0.733144 1.018489
0.736512 1.023619
0.740149 1.029766
0.742720 1.034434
0.745284 1.039610
0.748079 1.045773
0.392273 0.641106
0.409443 0.666848
0.427706 0.691479
0.446160 0.716196
0.463842 0.742605
0.481813 0.770146
0.502928 0.797517
0.527391 0.823352
0.455236 0.685414
0.473930 0.708797
0.490292 0.734716
0.506367 0.762879
0.524393 0.790646
0.544826 0.817110
0.566633 0.842740
0.587841 0.867302
0.086584 0.095138
0.086584 0.095138
0.086584 0.095138
0.086584 0.095138
0.086584 0.095138
0.086584 0.095138
0.086584 0.095138
0.086584 0.095138
0.737309 1.138155
0.737712 1.145439
0.737362 1.147716
0.737448 1.159046
0.737107 1.164528
0.735426 1.169036
0.735879 1.176329
0.734849 1.179865
0.693145 0.924285
0.710645 0.943945
0.727055 0.961101
0.742362 0.977675
0.757467 0.997457
0.768002 1.015551
0.773806 1.030671
0.777846 1.046253
0.731909 1.161443
0.732656 1.166657
0.731293 1.160235
0.732037 1.169805
0.732330 1.171381
0.730793 1.169953
0.732130 1.174525
0.731177 1.173799
0.085602 0.095871
0.085602 0.095871
0.085602 0.095871
0.085602 0.095871
0.085602 0.095871
0.085602 0.095871
0.085602 0.095871
0.085602 0.095871
0.669358 0.968137
0.676685 0.976121
0.683936 0.984061
0.690971 0.991843
0.697821 0.999602
0.704216 1.007030
0.710518 1.014769
0.716087 1.021988
nan nan
nan nan
nan nan
nan nan
nan nan
nan nan
nan nan
nan nan
0.751208 1.164165
0.749157 1.170165
0.746861 1.175973
0.744800 1.181327
0.743003 1.186271
0.741291 1.190723
0.739799 1.194869
0.738138 1.198258
0.626287 0.822368
0.639215 0.855990
0.654678 0.884915
0.671341 0.909594
0.690068 0.932915
0.708774 0.953669
0.725877 0.971780
0.742588 0.991402
0.119854 0.353648
0.128354 0.370186
0.139840 0.389054
0.154281 0.409611
0.166721 0.426136
0.178687 0.441015
0.194233 0.458583
0.211182 0.476724
0.083458 0.097332
0.083458 0.097332
0.083458 0.097332
0.083458 0.097332
0.083458 0.097332
0.083458 0.097332
0.083458 0.097332
0.083458 0.097332
0.701554 0.985260
0.718851 1.005423
0.733116 1.025084
0.743840 1.044640
0.750919 1.063410
0.754661 1.080287
0.756221 1.095499
0.756279 1.108710
0.200094 0.413301
0.222323 0.439736
0.246188 0.466496
0.270883 0.493922
0.295525 0.522414
0.318737 0.551895
0.338689 0.581624
0.355713 0.612931
0.649109 0.894525
0.660389 0.910381
0.672728 0.926230
0.685064 0.940837
0.697244 0.954436
0.708794 0.966859
0.719911 0.978922
0.729984 0.990376
