0.442961
0.395670
0.458208
0.363054
0.407386
0.490646
0.430806
0.554309
0.527986
0.366925
0.371986
0.405029
1.512873
0.461207
1.376506
0.446282
0.269614
0.475660
1.096076
0.547123
0.441304
0.571228
1.248291
1.136006
0.912683
0.744478
0.412202
0.636896
0.525262
0.388339
0.433852
0.451053
0.607609
0.418885
1.045036
0.316614
0.476103
0.653491
0.339526
0.374283
0.538308
0.371967
0.657494
0.526446
0.545642
0.456871
0.438328
0.392750
0.433240
0.552489
0.507049
0.457128
0.564374
0.413602
0.481499
0.281425
0.598657
0.752577
0.401853
0.395408
0.293444
0.396199
0.481946
0.705666
0.677580
1.442193
0.471268
0.325065
0.488116
0.483841
0.507310
0.455909
0.351553
0.576670
0.643817
0.499658
0.437573
0.600285
0.514770
0.518567
0.797975
0.472624
0.329775
0.537441
0.466340
0.410226
0.700177
1.254509
0.281556
0.449376
0.493896
0.465011
0.443745
0.503060
0.353207
0.485797
0.754880
0.288221
0.614067
0.372286
