63.834395
73.079718
66.716563
68.027835
60.487919
69.103642
58.295507
81.735402
70.507687
77.526223
59.514625
60.553400
86.116456
57.816772
80.085737
73.710034
40.501462
85.501470
45.131699
79.650490
77.501662
75.603634
66.601908
39.012308
71.329062
75.229953
81.753556
51.223009
60.247794
57.594132
66.565525
73.827011
75.175239
74.056468
66.977852
81.270718
82.566081
74.544818
77.756659
75.579917
80.470505
78.523522
72.982647
77.830769
64.602486
55.397304
78.309393
75.541914
71.466924
69.850156
65.877924
64.753014
82.634247
68.301110
85.461384
57.866539
55.776021
80.012677
52.810911
70.292648
69.463107
62.412781
68.491602
59.664048
58.903285
90.422738
66.100309
58.083455
98.300301
86.289466
66.905564
76.924863
67.628611
73.045393
80.127879
67.711602
81.494396
34.748724
71.927117
91.774093
76.999249
76.725466
70.683875
62.620469
68.216837
77.345507
64.086574
68.720745
67.470915
72.648876
79.862903
80.716947
101.788970
79.114703
57.114084
62.166186
38.918465
68.391988
71.658694
60.175598
