3 245 3

-0.000238282 0.000738644 -0.00101603
-0.00011756 0.00153752 -0.000906698
4.65222e-05 0.00224614 -0.00059004
0.000160022 0.0024965 -0.000159894
0.000160975 0.00213276 0.000254366
7.1181e-05 0.00134662 0.000541651
-3.28469e-05 0.000525749 0.000645686
-0.000867302 0.000718467 -0.00105979
-0.000957937 0.00161588 -0.00097535
-0.000938089 0.00242607 -0.000677964
-0.000858177 0.00271879 -0.000260587
-0.000771763 0.00230553 0.000142916
-0.000685281 0.00140714 0.00042016
-0.000572858 0.000477271 0.000521094
-0.00154713 0.000386913 -0.000890849
-0.00192482 0.00117877 -0.00086453
-0.00212449 0.00191182 -0.000662738
-0.0021163 0.00217479 -0.000354905
-0.00192543 0.00178482 -5.26256e-05
-0.00159928 0.000955655 0.000152138
-0.00119677 0.000124662 0.000227807
-0.0019946 -0.000187721 -0.000556315
-0.00262604 0.000312842 -0.000594598
-0.00304108 0.000800928 -0.00053033
-0.0031186 0.000964409 -0.000395292
-0.00284297 0.000666269 -0.000255942
-0.00230174 7.83137e-05 -0.000164668
-0.00164544 -0.000460502 -0.000127439
-0.00199948 -0.000762361 -0.000185398
-0.00272675 -0.000612804 -0.000261906
-0.00324637 -0.000428092 -0.000319191
-0.00338033 -0.000386729 -0.000354238
-0.00308038 -0.000562447 -0.000380282
-0.00245434 -0.000841939 -0.000401795
-0.0017057 -0.00102206 -0.000400589
-0.000200312 -0.00030353 -0.00125625
-8.31957e-05 0.000268964 -0.00110508
7.0407e-05 0.000830968 -0.00069823
0.00017287 0.00101762 -0.000155586
0.000167863 0.000674667 0.000361416
7.77223e-05 7.59231e-06 0.000715327
-2.47442e-05 -0.000592209 0.000837231
-0.000698176 -0.000663648 -0.00118929
-0.000738202 -7.84623e-05 -0.00107067
-0.000687457 0.00052893 -0.000724421
-0.000605304 0.000738378 -0.000261354
-0.000545152 0.000363461 0.000174942
-0.000504902 -0.000362403 0.000470358
-0.000445895 -0.000987638 0.000575443
-0.00123663 -0.00130476 -0.00083577
-0.00149963 -0.000926822 -0.000792649
-0.00161696 -0.0004703 -0.000609561
-0.00158796 -0.000316986 -0.000358949
-0.00144597 -0.000641448 -0.00012915
-0.00122019 -0.00122513 2.10742e-05
-0.000935663 -0.00165145 7.96557e-05
-0.00159848 -0.00207398 -0.000312828
-0.0020727 -0.00208278 -0.000354413
-0.00236973 -0.00194895 -0.000377121
-0.00241224 -0.0019248 -0.000399508
-0.00219942 -0.00212625 -0.000433431
-0.00179402 -0.00239011 -0.000465913
-0.001298 -0.00242871 -0.000465787
-0.00161104 -0.00263795 0.000173335
-0.00218063 -0.00304493 7.98213e-05
-0.00258077 -0.0032623 -0.000105746
-0.00267768 -0.00337989 -0.000355903
-0.00243851 -0.00343624 -0.000611376
-0.00194681 -0.00334074 -0.000794106
-0.00135792 -0.00297152 -0.000839573
-0.000132988 -0.00133617 -0.00141634
-6.70298e-05 -0.00104161 -0.00123722
2.09432e-05 -0.000680131 -0.000769024
7.88224e-05 -0.000579784 -0.000148356
7.35642e-05 -0.000876241 0.00044023
1.95886e-05 -0.00136666 0.00083915
-3.89049e-05 -0.00169062 0.000970591
-0.000405191 -0.00201108 -0.00124001
-0.000421661 -0.00179475 -0.00109897
-0.00038632 -0.00145386 -0.00072959
-0.000337917 -0.00135654 -0.000251444
-0.00030901 -0.00166426 0.000190477
-0.000295319 -0.00215065 0.00048535
-0.000269081 -0.0024094 0.000586919
-0.000694345 -0.0029169 -0.000717345
-0.000829356 -0.00299598 -0.000661957
-0.000882746 -0.0028716 -0.000513287
-0.000862075 -0.00285507 -0.000340494
-0.000789789 -0.00308865 -0.000201711
-0.000677902 -0.00336795 -0.000118419
-0.000531683 -0.00333983 -8.21582e-05
-0.000886368 -0.00382892 -3.08682e-05
-0.00113747 -0.00436004 -7.0821e-05
-0.00129008 -0.0046094 -0.000182798
-0.00130913 -0.00474036 -0.000370458
-0.00119802 -0.00482947 -0.000585936
-0.000987136 -0.00473613 -0.000747057
-0.000724408 -0.00425499 -0.000785917
-0.000889035 -0.00434794 0.000542973
-0.00119703 -0.00529316 0.000443438
-0.00141173 -0.00591037 0.00013854
-0.00146342 -0.00618792 -0.000322225
-0.00133577 -0.00612032 -0.00080487
-0.00107211 -0.00564688 -0.00114633
-0.000753419 -0.00474167 -0.00123737
-4.93165e-05 -0.00176204 -0.00146525
-6.52447e-05 -0.00159267 -0.00127753
-7.75099e-05 -0.00132589 -0.000790903
-8.48824e-05 -0.00126746 -0.000146848
-8.66132e-05 -0.00154112 0.000462996
-8.13831e-05 -0.0019478 0.000874734
-6.87227e-05 -0.00214664 0.0010081
-5.31536e-05 -0.00256694 -0.00124185
-7.2461e-05 -0.00251697 -0.00109431
-8.85033e-05 -0.00230262 -0.000722677
-9.87778e-05 -0.00226065 -0.000247979
-0.000101531 -0.00253588 0.000187103
-9.52082e-05 -0.00290854 0.000475488
-7.98672e-05 -0.00300056 0.000573565
-4.63414e-05 -0.00357957 -0.000649787
-6.67177e-05 -0.00386208 -0.000590773
-8.55383e-05 -0.00389297 -0.00046262
-9.85273e-05 -0.00394328 -0.000331366
-0.00010237 -0.00413442 -0.000239417
-9.55062e-05 -0.00427189 -0.000189885
-7.91697e-05 -0.00403962 -0.000164479
-2.95755e-05 -0.00454544 0.000101225
-4.67518e-05 -0.00530335 6.24984e-05
-6.49352e-05 -0.00572578 -9.04339e-05
-7.89001e-05 -0.00592977 -0.000354287
-8.4063e-05 -0.00596883 -0.000653169
-7.8784e-05 -0.00571501 -0.000872758
-6.50394e-05 -0.00500638 -0.000928686
-9.77596e-06 -0.00504069 0.000705976
-1.98063e-05 -0.00621325 0.000605884
-3.29194e-05 -0.00700386 0.000250152
-4.49446e-05 -0.007353 -0.000302829
-5.13791e-05 -0.0072326 -0.000885481
-5.02254e-05 -0.00659621 -0.00129626
-4.26865e-05 -0.00546331 -0.00140645
2.97576e-05 -0.00130711 -0.00139399
-7.00414e-05 -0.00100791 -0.00121762
-0.000184042 -0.000646644 -0.000759284
-0.000257025 -0.000549772 -0.000153276
-0.000254228 -0.000850488 0.000420634
-0.000187809 -0.00134498 0.000809674
-0.000101766 -0.00167317 0.000938578
0.00029208 -0.00198266 -0.00121413
0.000266833 -0.00176415 -0.00107593
0.000196957 -0.0014267 -0.000717928
0.000127147 -0.00133525 -0.000257276
9.38478e-05 -0.00164735 0.000166929
9.5464e-05 -0.00213577 0.000450062
0.000103146 -0.00239595 0.000549059
0.000592818 -0.00289273 -0.000691848
0.000682847 -0.00297256 -0.000638702
0.000695159 -0.00285466 -0.000501162
0.000647094 -0.00284592 -0.000346367
0.000568276 -0.0030837 -0.000226114
0.000473388 -0.00336285 -0.000154801
0.00036405 -0.00333307 -0.0001205
0.000817264 -0.00380951 -1.03034e-05
0.00102903 -0.00434288 -5.15755e-05
0.00114114 -0.00459971 -0.000172472
0.00113045 -0.00473889 -0.00037549
0.00101018 -0.00483208 -0.000607128
0.000813521 -0.00473782 -0.000778441
0.000583119 -0.00425365 -0.00081835
0.000860071 -0.00433157 0.000555789
0.00114304 -0.00527826 0.000455589
0.00132735 -0.00590131 0.000145049
0.00135314 -0.00618574 -0.000326007
0.00121377 -0.00612222 -0.00081977
0.00095606 -0.00564892 -0.00116815
0.000657211 -0.00474176 -0.00125956
8.771e-05 -0.000253855 -0.00121876
-6.78902e-05 0.000327932 -0.00107237
-0.000251198 0.000891334 -0.000682284
-0.000369646 0.00107293 -0.00016444
-0.000364477 0.000721746 0.000327862
-0.000256854 4.54546e-05 0.000665371
-0.000121481 -0.000563749 0.000783408
0.000570593 -0.000613157 -0.00114628
0.000561737 -2.12965e-05 -0.00103261
0.00047063 0.00058364 -0.000705598
0.000365097 0.000784745 -0.000271934
0.000303514 0.000400705 0.00013467
0.000285242 -0.000332707 0.000410545
0.000267849 -0.000964468 0.000511594
0.00111582 -0.00126003 -0.000793928
0.00132437 -0.000879233 -0.000754826
0.0013929 -0.000429118 -0.000590453
0.0013335 -0.000286808 -0.000369826
0.00118802 -0.00062054 -0.000170834
0.000987085 -0.00120932 -4.05451e-05
0.000749089 -0.00163827 1.48027e-05
0.00150722 -0.00203734 -0.000279449
0.00193124 -0.00204591 -0.000323525
0.00217898 -0.00192028 -0.00036124
0.00218817 -0.00190792 -0.000409085
0.0019692 -0.00211835 -0.000469733
0.00158641 -0.00238583 -0.000519214
0.00113341 -0.00242455 -0.000521015
0.00156063 -0.00260805 0.000194106
0.00209441 -0.00301485 9.93305e-05
0.0024555 -0.0032391 -9.58242e-05
0.002523 -0.00336694 -0.000363184
0.00227502 -0.00343166 -0.000637198
0.0017974 -0.00333998 -0.000831645
0.00123876 -0.00297101 -0.000877984
0.000121507 0.000793552 -0.00097413
-4.1467e-05 0.00160411 -0.000870447
-0.000238562 0.00231606 -0.000572958
-0.000368628 0.00256151 -0.000170992
-0.00036632 0.00218731 0.000215433
-0.000253723 0.00138821 0.000484649
-0.000111954 0.000554443 0.000585062
0.000730928 0.000776451 -0.00101219
0.000766876 0.00168437 -0.000933599
0.000701725 0.00249538 -0.000658075
0.000597148 0.00278032 -0.000273894
0.000512919 0.00235474 9.62645e-05
0.000455281 0.00144315 0.000351853
0.000391322 0.000501425 0.000448803
0.00141255 0.000440192 -0.000845193
0.00172851 0.00123953 -0.000823683
0.00187358 0.00197016 -0.000643019
0.00183342 0.0022229 -0.000368714
0.00164281 0.00181988 -0.000100763
0.001349 0.000978902 8.1841e-05
0.00100106 0.000138986 0.000154062
0.0018856 -0.000143448 -0.000520315
0.00245876 0.000361488 -0.000561662
0.00281862 0.000844868 -0.000514315
0.0028614 0.00099705 -0.000407592
0.00258331 0.000686267 -0.000297892
0.00207209 8.84567e-05 -0.000225637
0.00146722 -0.00045615 -0.000190765
0.00193015 -0.000727339 -0.000163003
0.00261337 -0.000574994 -0.000241033
0.00308821 -0.000395149 -0.000309233
0.00319151 -0.000364175 -0.000363606
0.00288633 -0.000551159 -0.00041045
0.00228145 -0.00083889 -0.000445338
0.00157131 -0.00102299 -0.000445478

0.00195935 0.000199052 -0.000792108
0.00254183 0.000930988 -0.000280714
0.00270982 0.00163593 0.000412135
0.00230216 0.00192502 0.00115437
0.00144897 0.00164192 0.0018218
0.000505688 0.000988263 0.00226056
-0.000189758 0.000327978 0.002327
0.00208132 -2.89226e-05 -0.000622145
0.00263755 0.000706961 8.1203e-06
0.00269049 0.00144383 0.000810556
0.00208413 0.00175409 0.00163605
0.00102057 0.00146451 0.00234933
-5.06748e-05 0.000798388 0.00278067
-0.000745886 0.000148009 0.00277844
0.00187924 -0.000529548 -0.000249807
0.00230286 -9.9053e-06 0.000420655
0.00219758 0.000572843 0.00121729
0.00144481 0.000848304 0.00198999
0.000304117 0.000654365 0.00260904
-0.000735814 0.000174514 0.00292162
-0.00130291 -0.000264988 0.00280786
0.00142199 -0.00116746 0.000182458
0.0016449 -0.0010268 0.000790592
0.00139022 -0.000745304 0.00145258
0.000603112 -0.000552786 0.00203879
-0.000437169 -0.000575206 0.00244724
-0.00128171 -0.000722043 0.00257448
-0.00163146 -0.000810114 0.00236007
0.000897489 -0.00165657 0.000498532
0.000936926 -0.00188877 0.000962371
0.000607787 -0.00192428 0.00140231
-8.16946e-05 -0.00183423 0.00172942
-0.00088088 -0.0016961 0.00189157
-0.00144645 -0.00151737 0.00185103
-0.0015844 -0.00126812 0.0016039
0.00160668 -0.00077109 -0.00160114
0.00208876 -0.000192323 -0.000973599
0.00222316 0.000439995 -5.16675e-05
0.00187322 0.000707285 0.000964747
0.00115171 0.000440579 0.00189013
0.000361626 -0.000135199 0.0025244
-0.000214428 -0.000633392 0.00269205
0.00171462 -0.00123941 -0.00145988
0.0021834 -0.000726415 -0.000701419
0.00222771 -0.000115903 0.000330015
0.00171006 0.000140082 0.00141235
0.000805032 -0.000136694 0.00235983
-0.000100418 -0.000692898 0.00297287
-0.000682437 -0.00111655 0.00307548
0.00155984 -0.00192212 -0.000969932
0.0019292 -0.00171593 -0.000186646
0.00184948 -0.00133853 0.000790749
0.00120808 -0.00116131 0.00174589
0.000229158 -0.00133714 0.00252157
-0.000660964 -0.00165531 0.0029626
-0.00114362 -0.00178777 0.0029397
0.0011872 -0.00264242 -0.000309765
0.00139178 -0.00290788 0.00037266
0.00118859 -0.00292018 0.0011339
0.000516508 -0.002871 0.00179645
-0.000382749 -0.00285926 0.00225773
-0.00111277 -0.00278101 0.00243958
-0.00141416 -0.00248219 0.00228943
0.000749822 -0.0030751 0.000264138
0.000792302 -0.0037672 0.000758972
0.000518669 -0.00415722 0.00121318
-7.30551e-05 -0.00423968 0.00151564
-0.000764576 -0.00404943 0.00163743
-0.00125226 -0.00359852 0.00158504
-0.00136878 -0.00291731 0.00137497
0.000882333 -0.00171746 -0.00228727
0.00115453 -0.00133756 -0.00157433
0.00123099 -0.000821533 -0.000474997
0.00103164 -0.000585193 0.000753027
0.000621224 -0.000801043 0.0018719
0.000174272 -0.00124539 0.00264908
-0.000148512 -0.00154205 0.00289378
0.000941523 -0.00240394 -0.00218219
0.00120931 -0.00215675 -0.00133347
0.00123715 -0.00171361 -0.000131108
0.00094236 -0.00151418 0.00114037
0.000425571 -0.0017338 0.0022534
-8.90093e-05 -0.00212117 0.00299379
-0.000416501 -0.00228306 0.00317982
0.000857625 -0.00322801 -0.00161238
0.00107324 -0.00335757 -0.000757832
0.00103387 -0.00320862 0.000343449
0.000668504 -0.00312164 0.00141838
0.000106664 -0.00323587 0.00229045
-0.000402645 -0.00334649 0.00281693
-0.000676137 -0.00315799 0.00287533
0.000652081 -0.00397981 -0.000777258
0.000775412 -0.00463963 -6.10217e-05
0.00066664 -0.00494003 0.000751106
0.000283142 -0.00501708 0.00144141
-0.000235238 -0.00494284 0.0019142
-0.000655126 -0.00462439 0.00212881
-0.0008262 -0.00395694 0.0020499
0.000409259 -0.0043193 1.10359e-05
0.000437003 -0.00542865 0.000502919
0.000284549 -0.00614221 0.00093723
-5.42573e-05 -0.00637684 0.00118619
-0.000452754 -0.00612811 0.00124937
-0.000732093 -0.00542281 0.00118418
-0.000795859 -0.00435486 0.00102923
-5.58878e-05 -0.00210865 -0.00254294
-5.73165e-05 -0.00181878 -0.00179856
-5.16479e-05 -0.00135869 -0.000634613
-4.33839e-05 -0.00113739 0.000669482
-3.5072e-05 -0.00132677 0.00185648
-2.66201e-05 -0.00170756 0.00268304
-1.79503e-05 -0.00191351 0.00295468
-6.96721e-05 -0.0028865 -0.0024507
-7.21035e-05 -0.0027581 -0.00156947
-6.61256e-05 -0.00239262 -0.000306568
-5.66875e-05 -0.00221767 0.00103003
-4.62137e-05 -0.00240541 0.00219799
-3.46559e-05 -0.00271108 0.00298029
-2.2647e-05 -0.00275637 0.00319592
-7.4781e-05 -0.00376831 -0.00185149
-7.91025e-05 -0.00404427 -0.000972797
-7.4425e-05 -0.00399656 0.000169267
-6.48146e-05 -0.00394604 0.00128045
-5.23684e-05 -0.00402497 0.00217909
-3.78686e-05 -0.0040377 0.00273124
-2.32719e-05 -0.00370955 0.00282021
-6.79556e-05 -0.00452959 -0.000952051
-7.36852e-05 -0.00535618 -0.000227184
-7.0816e-05 -0.00577862 0.000596375
-6.17691e-05 -0.00590513 0.00128626
-4.84892e-05 -0.00579633 0.00175277
-3.30072e-05 -0.00536982 0.00197442
-1.84017e-05 -0.00454678 0.00192497
-5.12299e-05 -0.0048259 -8.36974e-05
-5.62305e-05 -0.00610697 0.000402233
-5.41823e-05 -0.00695313 0.000820666
-4.62672e-05 -0.00724721 0.00103857
-3.44491e-05 -0.00696903 0.00107018
-2.14086e-05 -0.006155 0.000996934
-1.01549e-05 -0.004928 0.000867171
-0.000997709 -0.001705 -0.00224359
-0.00127562 -0.00132418 -0.00153207
-0.00134311 -0.000810239 -0.000441619
-0.00112814 -0.000576864 0.000773655
-0.000700557 -0.00079447 0.00188044
-0.000235275 -0.00123929 0.00264923
0.000106646 -0.00153619 0.00288986
-0.00108614 -0.00239946 -0.00212794
-0.00136283 -0.00215409 -0.00128071
-0.00138195 -0.00171475 -8.89497e-05
-0.0010694 -0.00151789 0.00116706
-0.000530823 -0.00173668 0.0022654
8.85448e-06 -0.00212093 0.00299576
0.000362839 -0.0022798 0.00317709
-0.00101382 -0.00323564 -0.00155299
-0.00124294 -0.00337014 -0.000699398
-0.0011981 -0.00322615 0.000390735
-0.000814888 -0.00314034 0.00144889
-0.000227206 -0.00325031 0.00230511
0.000313452 -0.00335367 0.00282116
0.00061916 -0.00315852 0.00287505
-0.000795164 -0.00399874 -0.000720542
-0.000934904 -0.00466559 -4.20031e-06
-0.000824485 -0.00497087 0.000797914
-0.000424555 -0.00504712 0.0014724
0.000121163 -0.00496579 0.00193031
0.000574436 -0.00463717 0.00213549
0.000778015 -0.00396061 0.00205276
-0.000518365 -0.00434371 5.75354e-05
-0.000560406 -0.00546027 0.000550627
-0.000407577 -0.00617749 0.00097767
-5.47105e-05 -0.00640968 0.00121423
0.000367907 -0.00615277 0.00126557
0.000675542 -0.00543682 0.00119286
0.000764984 -0.0043595 0.00103473
-0.00172836 -0.000750117 -0.00152714
-0.00222318 -0.000169371 -0.000902252
-0.00235485 0.000459956 4.20176e-06
-0.00199201 0.000722222 0.000998613
-0.00125228 0.000451788 0.00190327
-0.00044052 -0.000125827 0.00252321
0.00015886 -0.000625168 0.00268402
-0.00186895 -0.00123122 -0.00136795
-0.00235647 -0.000720037 -0.000612046
-0.00240045 -0.000114651 0.000401116
-0.00186839 0.000137125 0.00145688
-0.000939873 -0.000139606 0.00237909
-4.70036e-06 -0.000692467 0.00297466
0.000609546 -0.00111254 0.003069
-0.00172862 -0.00193394 -0.000869475
-0.00212304 -0.00173424 -8.751e-05
-0.00204764 -0.00136336 0.000871109
-0.00139236 -0.00118786 0.00179774
-0.000385764 -0.00135825 0.00254608
0.000541042 -0.00166673 0.00296848
0.00106277 -0.00179002 0.00293701
-0.00134416 -0.00267335 -0.000214206
-0.00157659 -0.00294886 0.00046894
-0.00138169 -0.00296758 0.00121382
-0.000697672 -0.0029168 0.0018499
0.000230242 -0.00289479 0.00228542
0.00099891 -0.00280195 0.00244988
0.00134007 -0.00248979 0.00229184
-0.000872081 -0.00311563 0.000342086
-0.000938596 -0.0038187 0.000839466
-0.000673348 -0.00421371 0.00128211
-7.20587e-05 -0.00429196 0.00156404
0.000644236 -0.00408922 0.00166524
0.00116486 -0.00362227 0.00159867
0.00131391 -0.00292681 0.00138181
-0.00208043 0.000220886 -0.000708866
-0.00268297 0.000955068 -0.000200708
-0.00285582 0.00165713 0.000474131
-0.00243938 0.00194067 0.00119094
-0.00156772 0.00165264 0.00183445
-0.00059989 0.000995866 0.00225665
0.000122501 0.000333644 0.00231535
-0.00223669 -2.08832e-05 -0.000518682
-0.00282162 0.000714009 0.000108743
-0.0028841 0.00144663 0.000890243
-0.00226837 0.00175254 0.00168521
-0.0011807 0.00146158 0.0023692
-7.57993e-05 0.000796963 0.0027799
0.000656496 0.000148908 0.00276772
-0.0020509 -0.000543444 -0.000137138
-0.00251063 -2.93429e-05 0.000532297
-0.00242049 0.000548257 0.00130804
-0.00165947 0.000822326 0.00204851
-0.000490677 0.000632551 0.00263582
0.000590061 0.000160527 0.00292574
0.00120167 -0.000271091 0.00280086
-0.00158342 -0.00120251 0.000288931
-0.00184442 -0.00107147 0.000898578
-0.00160821 -0.000795202 0.00154303
-0.000814925 -0.000600504 0.00209986
0.000253735 -0.000613353 0.00247844
0.00114043 -0.000746823 0.00258396
0.00153528 -0.000822342 0.00235859
-0.00102524 -0.00170232 0.000584764
-0.00109709 -0.00194584 0.00105203
-0.000784779 -0.00198584 0.00147991
-9.09573e-05 -0.00189111 0.00178455
0.000732221 -0.00174055 0.00192282
0.00133354 -0.0015461 0.00186431
0.0015089 -0.0012826 0.00160756

0.000148763 -0.000284 -0.0030051
0.000635967 0.00042993 -0.00284019
0.00117443 0.00128713 -0.00209814
0.00148615 0.0018505 -0.000967778
0.00138081 0.00178689 0.000280631
0.00094119 0.00117788 0.00135845
0.000433073 0.000428538 0.00199359
-0.000647011 0.000907838 -0.00349764
-0.000383974 0.00203701 -0.00333159
1.56155e-05 0.00319057 -0.00247872
0.000303621 0.00379544 -0.00114746
0.000281047 0.00346583 0.000332863
7.74008e-06 0.00238944 0.00160142
-0.000279754 0.0011594 0.0023337
-0.00171147 0.00209104 -0.00365111
-0.00187477 0.00349385 -0.00357866
-0.00181372 0.00476436 -0.00276032
-0.00164945 0.00527627 -0.00137385
-0.00152556 0.00467096 0.000205396
-0.00144333 0.00323943 0.00154216
-0.00129607 0.0016851 0.00229018
-0.00263127 0.00278779 -0.0033683
-0.0032598 0.00421059 -0.00343582
-0.00360391 0.0053591 -0.00278723
-0.00361139 0.00566276 -0.00153776
-0.00333053 0.00487027 -6.49389e-05
-0.00283771 0.00333657 0.00116985
-0.00220725 0.00175056 0.00184466
-0.0029841 0.00275969 -0.00267524
-0.0038908 0.00394909 -0.00283787
-0.00449958 0.0047944 -0.00241927
-0.00463198 0.00486497 -0.00147727
-0.00425991 0.0040454 -0.000325324
-0.00350895 0.00268917 0.000642442
-0.00258576 0.00136076 0.00117441
-3.28759e-05 -0.00247713 -0.00416731
0.00033946 -0.00233339 -0.00396871
0.000779214 -0.00182751 -0.00295022
0.00105437 -0.00131739 -0.00135891
0.000990663 -0.00115704 0.000410367
0.000648451 -0.00133699 0.00192715
0.00025143 -0.00153124 0.00280608
-0.000703933 -0.00137315 -0.00465982
-0.00051295 -0.0008754 -0.00445031
-0.000181184 -0.000142007 -0.00332906
7.98577e-05 0.000345347 -0.00155781
8.19551e-05 0.000192049 0.000431412
-0.000131767 -0.00046629 0.00215075
-0.000353095 -0.00110263 0.00315332
-0.00157173 -8.60954e-05 -0.00462969
-0.00172527 0.000655993 -0.00451624
-0.00167013 0.00144491 -0.00349035
-0.0015144 0.00175851 -0.00176737
-0.00139864 0.00125724 0.000216695
-0.00132728 0.000211573 0.00193769
-0.00119573 -0.000733421 0.00294077
-0.00231297 0.000835499 -0.00406593
-0.00285067 0.00159424 -0.0041119
-0.0031395 0.0022125 -0.00334684
-0.0031387 0.00224102 -0.00190325
-0.00289783 0.00148809 -0.000178111
-0.00248264 0.000315119 0.0013234
-0.00194646 -0.00065697 0.00220446
-0.00258849 0.00110339 -0.00309418
-0.00336204 0.00166153 -0.0032608
-0.0038824 0.00196552 -0.00281193
-0.00399665 0.00172129 -0.00180711
-0.00367982 0.000906614 -0.000550046
-0.0030395 -0.000108172 0.000561537
-0.00225025 -0.000844614 0.00123953
-4.51848e-05 -0.00454443 -0.00510152
0.000159337 -0.00501258 -0.0048982
0.000406924 -0.00493288 -0.00367054
0.000568289 -0.00453514 -0.00170061
0.000540848 -0.00415031 0.0005059
0.000354029 -0.00385374 0.00238477
0.000132879 -0.00344516 0.00345605
-0.000424954 -0.00358098 -0.00554978
-0.000320463 -0.0037803 -0.00532454
-0.000130911 -0.00356838 -0.00401051
2.48372e-05 -0.00326992 -0.00189704
3.38436e-05 -0.00322872 0.000500479
-8.39212e-05 -0.00338405 0.00257943
-0.000209083 -0.00334509 0.00379189
-0.000908983 -0.00225426 -0.00530307
-0.000993089 -0.00224911 -0.00515637
-0.000955181 -0.00204854 -0.00399004
-0.000858626 -0.00200093 -0.00203953
-0.0007903 -0.00236359 0.000228083
-0.000754352 -0.00291515 0.0022284
-0.000685638 -0.00315023 0.00342204
-0.0013233 -0.00116341 -0.00445402
-0.00162161 -0.00114003 -0.004457
-0.00177821 -0.0011403 -0.00362059
-0.00177337 -0.00143302 -0.00209173
-0.00163923 -0.00210031 -0.000248769
-0.00141186 -0.00280343 0.00140773
-0.00111501 -0.00306403 0.00243284
-0.00148165 -0.000630226 -0.00324687
-0.0019169 -0.000759478 -0.003379
-0.00221003 -0.00105432 -0.00292236
-0.00227574 -0.00163112 -0.00194476
-0.0020995 -0.00239035 -0.000703666
-0.00174045 -0.00297162 0.000452272
-0.00129469 -0.00303857 0.00122408
0.000116955 -0.00542091 -0.00547766
0.000146132 -0.00615992 -0.00527423
0.000161406 -0.0062766 -0.00396114
0.0001632 -0.00593831 -0.00183322
0.000155811 -0.00545851 0.000555839
0.000139284 -0.00495018 0.002583
0.000111416 -0.00427373 0.00372938
0.000129508 -0.00452227 -0.0059011
0.000161841 -0.00503059 -0.00567087
0.000179088 -0.00505855 -0.00427879
0.00018182 -0.00485405 -0.0020233
0.000175012 -0.00472882 0.000543951
0.000158282 -0.00465688 0.00276911
0.000128232 -0.00431578 0.00406263
0.000124703 -0.00318337 -0.00555491
0.000158964 -0.00350382 -0.00539296
0.000179571 -0.00357126 -0.00416961
0.000184175 -0.00364991 -0.00212731
0.000175598 -0.00395062 0.000254217
0.000155332 -0.00427651 0.00236453
0.000123372 -0.00419368 0.00362986
0.000103005 -0.0020247 -0.00457831
0.00013513 -0.0023244 -0.00455697
0.000156435 -0.00260216 -0.00369028
0.000161067 -0.00304141 -0.00213234
0.000149153 -0.00366799 -0.000250868
0.000125434 -0.00415624 0.00145965
9.51544e-05 -0.00409964 0.00253623
6.95411e-05 -0.00138202 -0.00327166
9.26075e-05 -0.00181227 -0.00337983
0.000107688 -0.00237212 -0.00291782
0.000108926 -0.00309598 -0.00195987
9.62626e-05 -0.00382634 -0.00073983
7.58243e-05 -0.00421015 0.000421785
5.42833e-05 -0.0039801 0.0012246
0.000280208 -0.00461627 -0.00514654
0.000135513 -0.00510124 -0.00493295
-7.89098e-05 -0.00503228 -0.00368201
-0.000233635 -0.00464024 -0.00168183
-0.000219396 -0.00425725 0.000553434
-6.65976e-05 -0.00395559 0.00245182
9.64047e-05 -0.00353142 0.00352813
0.00068968 -0.00364927 -0.00559701
0.000652739 -0.00386055 -0.0053604
0.000501306 -0.00365372 -0.00401961
0.000354449 -0.00335831 -0.0018709
0.000332793 -0.00332241 0.00055988
0.000414477 -0.00348 0.00266074
0.000475123 -0.00343164 0.003878
0.00116972 -0.00231051 -0.00534581
0.00132707 -0.00231175 -0.00518954
0.0013351 -0.00211082 -0.00399705
0.00125116 -0.00206359 -0.00200957
0.00116563 -0.00243409 0.000293558
0.00108478 -0.00299445 0.00231605
0.00094566 -0.00322698 0.00351276
0.0015447 -0.00120523 -0.00448556
0.00191365 -0.00118504 -0.00448199
0.0021187 -0.00118333 -0.00362387
0.00212658 -0.00147629 -0.00206175
0.00196771 -0.00215234 -0.000186184
0.00168717 -0.00286632 0.00148928
0.00132168 -0.00312765 0.00251486
0.0016366 -0.000661229 -0.00326354
0.00212494 -0.000794465 -0.00339099
0.00245462 -0.00109045 -0.00291879
0.00252637 -0.00167016 -0.0019171
0.00232349 -0.00243718 -0.000652832
0.00191736 -0.00302587 0.000515346
0.00142005 -0.00309155 0.00128554
0.0002682 -0.00259736 -0.00424344
-4.012e-05 -0.00248679 -0.00402908
-0.000439378 -0.0020048 -0.00297266
-0.000700251 -0.00150762 -0.00133038
-0.000646867 -0.00134875 0.000488593
-0.000342265 -0.00151503 0.00203954
-9.75026e-06 -0.0016782 0.00292756
0.000979665 -0.00148979 -0.0047407
0.000863975 -0.00102073 -0.00451313
0.000580417 -0.000306353 -0.00334778
0.00033696 0.000169375 -0.00151715
0.000323351 9.72624e-06 0.000529259
0.000493077 -0.00064311 0.00228677
0.000638564 -0.00125443 0.00329802
0.00185625 -0.000184101 -0.00470402
0.00209442 0.000536176 -0.00457403
0.00209716 0.00131194 -0.00350375
0.00196244 0.00161603 -0.00171866
0.00182861 0.0011047 0.000325112
0.00170102 5.6544e-05 0.00208369
0.00148354 -0.00087179 0.00309227
0.00256737 0.000762394 -0.00412254
0.00318975 0.001505 -0.00415574
0.00354013 0.00211324 -0.00335234
0.00355991 0.00213278 -0.0018526
0.00329224 0.00136813 -7.36576e-05
0.00281098 0.000188823 0.00145904
0.00218812 -0.000772496 0.00234089
0.00277803 0.00105147 -0.00312679
0.00361945 0.00159563 -0.00328389
0.00418989 0.00188867 -0.00280665
0.00431784 0.00163395 -0.00176028
0.00397192 0.000808329 -0.000464541
0.00327151 -0.000211023 0.000667122
0.00241242 -0.000937585 0.00134219
7.74362e-05 -0.000414174 -0.00309118
-0.000341691 0.00025738 -0.00291056
-0.000831306 0.00108162 -0.00212726
-0.00112082 0.00162719 -0.000939377
-0.0010243 0.00156403 0.000366416
-0.000627332 0.000975933 0.00148401
-0.000189796 0.000266156 0.00212986
0.000923106 0.000779809 -0.00359113
0.00074306 0.00186734 -0.00340619
0.000403114 0.0029882 -0.00250453
0.000141708 0.00357348 -0.00110593
0.000152159 0.00324005 0.000440385
0.000371734 0.00217999 0.00175326
0.000572314 0.000987457 0.00249572
0.00200793 0.00198319 -0.0037392
0.00226568 0.00334948 -0.00364786
0.00227436 0.00459049 -0.00277893
0.00213932 0.00508281 -0.00132199
0.0019956 0.00446994 0.000324985
0.0018457 0.0030486 0.00170445
0.00159868 0.00152549 0.00245879
0.00290669 0.00270965 -0.00343818
0.00363025 0.00410326 -0.00348955
0.0040465 0.00522664 -0.00279561
0.00408142 0.0055116 -0.00148206
0.00377243 0.00470916 5.09143e-05
0.00320329 0.00318029 0.00132033
0.00247194 0.0016179 0.00199588
0.00319858 0.00270903 -0.00271916
0.00418362 0.00387603 -0.00286924
0.00485234 0.00470012 -0.00241605
0.00500469 0.0047533 -0.00142562
0.00460282 0.00392336 -0.000229848
0.00378289 0.00256929 0.000760324
0.00277611 0.00125857 0.00128872

