2.10629 2.72963 2.12205
2.10628 2.72963 2.42205
2.10627 2.72963 2.72205
2.10627 2.72963 3.02206
2.10627 2.72963 3.32207
2.10628 2.72963 3.62208
2.10629 2.72964 3.92207
2.10629 3.02964 2.12205
2.10627 3.02964 2.42204
2.10626 3.02964 2.72205
2.10626 3.02965 3.02206
2.10626 3.02964 3.32207
2.10627 3.02964 3.62208
2.10628 3.02964 3.92208
2.10628 3.32965 2.12205
2.10627 3.32966 2.42205
2.10626 3.32966 2.72205
2.10625 3.32966 3.02206
2.10626 3.32966 3.32207
2.10627 3.32965 3.62208
2.10628 3.32965 3.92208
2.10628 3.62965 2.12206
2.10627 3.62966 2.42206
2.10626 3.62967 2.72206
2.10626 3.62967 3.02206
2.10626 3.62967 3.32206
2.10627 3.62966 3.62207
2.10628 3.62965 3.92207
2.10628 3.92964 2.12206
2.10628 3.92965 2.42206
2.10627 3.92966 2.72206
2.10627 3.92966 3.02206
2.10628 3.92966 3.32206
2.10628 3.92965 3.62206
2.10629 3.92964 3.92206
2.4063 2.72963 2.12204
2.4063 2.72962 2.42203
2.40629 2.72961 2.72204
2.40629 2.72961 3.02206
2.40629 2.72962 3.32208
2.40629 2.72962 3.62209
2.4063 2.72963 3.92209
2.4063 3.02963 2.12203
2.4063 3.02963 2.42202
2.40629 3.02963 2.72203
2.40628 3.02963 3.02206
2.40628 3.02963 3.32208
2.40629 3.02964 3.6221
2.4063 3.02964 3.92209
2.40629 3.32964 2.12204
2.40629 3.32965 2.42203
2.40628 3.32966 2.72203
2.40628 3.32967 3.02206
2.40629 3.32966 3.32209
2.40629 3.32966 3.6221
2.4063 3.32965 3.92209
2.40629 3.62965 2.12205
2.40629 3.62967 2.42204
2.40628 3.62968 2.72204
2.40629 3.62969 3.02206
2.40629 3.62969 3.32208
2.4063 3.62967 3.62209
2.4063 3.62965 3.92208
2.40629 3.92965 2.12206
2.40629 3.92966 2.42205
2.40629 3.92968 2.72205
2.4063 3.92969 3.02206
2.4063 3.92968 3.32207
2.4063 3.92967 3.62208
2.4063 3.92965 3.92207
2.70631 2.72963 2.12204
2.70631 2.72961 2.42202
2.70631 2.72961 2.72203
2.70631 2.7296 3.02205
2.7063 2.72961 3.32208
2.7063 2.72962 3.6221
2.7063 2.72963 3.92209
2.70631 3.02963 2.12203
2.70631 3.02962 2.42201
2.70631 3.02962 2.72202
2.70631 3.02963 3.02205
2.70631 3.02963 3.32209
2.70631 3.02964 3.62211
2.70631 3.02964 3.9221
2.7063 3.32964 2.12203
2.70631 3.32965 2.42202
2.70631 3.32966 2.72202
2.70631 3.32967 3.02206
2.70632 3.32967 3.32209
2.70631 3.32966 3.62211
2.70631 3.32965 3.9221
2.7063 3.62965 2.12204
2.7063 3.62967 2.42203
2.70631 3.62969 2.72204
2.70632 3.6297 3.02206
2.70632 3.6297 3.32209
2.70632 3.62968 3.6221
2.70631 3.62965 3.92209
2.7063 3.92965 2.12205
2.7063 3.92967 2.42205
2.70631 3.92969 2.72205
2.70632 3.9297 3.02206
2.70632 3.92969 3.32208
2.70632 3.92967 3.62208
2.70631 3.92965 3.92207
3.00629 2.72963 2.12204
3.00629 2.72961 2.42202
3.00629 2.7296 2.72202
3.00629 2.7296 3.02205
3.00629 2.72961 3.32208
3.00629 2.72962 3.6221
3.00629 2.72964 3.92209
3.00629 3.02962 2.12203
3.00629 3.02962 2.42201
3.00629 3.02962 2.72202
3.00629 3.02963 3.02205
3.00629 3.02963 3.32209
3.00629 3.02964 3.62211
3.00629 3.02964 3.9221
3.00629 3.32963 2.12203
3.00629 3.32965 2.42202
3.00629 3.32966 2.72202
3.00629 3.32967 3.02206
3.00629 3.32967 3.3221
3.00629 3.32966 3.62211
3.00629 3.32965 3.9221
3.00629 3.62965 2.12204
3.00629 3.62967 2.42203
3.00629 3.62969 2.72204
3.00629 3.6297 3.02206
3.00629 3.6297 3.32209
3.00629 3.62968 3.6221
3.00629 3.62965 3.92208
3.00629 3.92965 2.12206
3.00629 3.92967 2.42205
3.00629 3.92969 2.72205
3.00629 3.9297 3.02206
3.00629 3.9297 3.32208
3.00629 3.92968 3.62208
3.00629 3.92965 3.92207
3.30627 2.72963 2.12204
3.30627 2.72961 2.42202
3.30627 2.7296 2.72203
3.30627 2.7296 3.02205
3.30627 2.72961 3.32208
3.30627 2.72962 3.6221
3.30628 2.72963 3.92209
3.30627 3.02963 2.12203
3.30627 3.02962 2.42201
3.30627 3.02962 2.72202
3.30627 3.02963 3.02205
3.30627 3.02963 3.32209
3.30627 3.02964 3.62211
3.30627 3.02964 3.9221
3.30627 3.32964 2.12203
3.30627 3.32965 2.42202
3.30627 3.32966 2.72202
3.30626 3.32967 3.02206
3.30626 3.32967 3.32209
3.30626 3.32966 3.62211
3.30627 3.32965 3.9221
3.30628 3.62965 2.12204
3.30627 3.62967 2.42203
3.30627 3.62969 2.72204
3.30626 3.6297 3.02206
3.30626 3.6297 3.32209
3.30626 3.62968 3.6221
3.30627 3.62965 3.92209
3.30628 3.92965 2.12205
3.30627 3.92967 2.42205
3.30627 3.92969 2.72205
3.30626 3.9297 3.02206
3.30625 3.92969 3.32207
3.30626 3.92967 3.62208
3.30627 3.92965 3.92207
3.60627 2.72963 2.12204
3.60628 2.72962 2.42203
3.60628 2.72961 2.72204
3.60629 2.72961 3.02205
3.60629 2.72961 3.32208
3.60628 2.72962 3.62209
3.60628 2.72963 3.92209
3.60628 3.02963 2.12203
3.60628 3.02963 2.42202
3.60629 3.02963 2.72203
3.60629 3.02963 3.02206
3.60629 3.02963 3.32209
3.60628 3.02964 3.6221
3.60628 3.02964 3.92209
3.60628 3.32964 2.12204
3.60629 3.32965 2.42203
3.60629 3.32966 2.72203
3.6063 3.32967 3.02206
3.60629 3.32966 3.32209
3.60628 3.32966 3.6221
3.60628 3.32965 3.92209
3.60629 3.62965 2.12205
3.60629 3.62967 2.42204
3.60629 3.62968 2.72204
3.60629 3.62969 3.02206
3.60628 3.62969 3.32208
3.60628 3.62967 3.62209
3.60628 3.62965 3.92208
3.60629 3.92965 2.12206
3.60629 3.92966 2.42205
3.60628 3.92968 2.72205
3.60628 3.92969 3.02206
3.60627 3.92968 3.32207
3.60627 3.92967 3.62208
3.60628 3.92965 3.92207
3.90629 2.72963 2.12205
3.90629 2.72963 2.42205
3.9063 2.72963 2.72205
3.90631 2.72963 3.02206
3.90631 2.72963 3.32207
3.9063 2.72963 3.62208
3.90629 2.72964 3.92208
3.90629 3.02964 2.12205
3.9063 3.02964 2.42204
3.90631 3.02964 2.72205
3.90632 3.02964 3.02206
3.90632 3.02964 3.32207
3.9063 3.02964 3.62208
3.90629 3.02964 3.92208
3.90629 3.32965 2.12205
3.90631 3.32966 2.42205
3.90632 3.32966 2.72205
3.90632 3.32967 3.02206
3.90632 3.32966 3.32207
3.9063 3.32965 3.62208
3.90629 3.32965 3.92208
3.9063 3.62965 2.12206
3.90631 3.62966 2.42206
3.90631 3.62967 2.72205
3.90632 3.62967 3.02206
3.90631 3.62967 3.32206
3.9063 3.62966 3.62207
3.90629 3.62965 3.92207
3.90629 3.92964 2.12206
3.9063 3.92965 2.42206
3.9063 3.92966 2.72206
3.9063 3.92966 3.02206
3.9063 3.92966 3.32206
3.90629 3.92965 3.62206
3.90629 3.92964 3.92206
