7.035793304443359375e+01
7.091175079345703125e+01
7.146556854248046875e+01
7.201938629150390625e+01
7.368083953857421875e+01
8.181239318847656250e+01
8.217239379882812500e+01
8.253238677978515625e+01
8.289237976074218750e+01
8.318037414550781250e+01
8.397236633300781250e+01
7.640949249267578125e+01
7.705056762695312500e+01
7.897377777099609375e+01
7.370847320556640625e+01
7.392099761962890625e+01
7.413351440429687500e+01
7.451605987548828125e+01
7.498360443115234375e+01
7.045023345947265625e+01
7.118434906005859375e+01
7.191847229003906250e+01
7.412081909179687500e+01
7.649470520019531250e+01
7.717102813720703125e+01
7.784735107421875000e+01
7.852367401123046875e+01
7.919999694824218750e+01
8.068791198730468750e+01
7.604821014404296875e+01
7.626080322265625000e+01
7.647339630126953125e+01
7.768203735351562500e+01
7.843167114257812500e+01
6.619839477539062500e+01
6.687728881835937500e+01
6.732989501953125000e+01
6.846139526367187500e+01
7.552010345458984375e+01
7.614938354492187500e+01
7.677866363525390625e+01
7.803723144531250000e+01
8.075133514404296875e+01
8.100592041015625000e+01
8.117564392089843750e+01
7.945359802246093750e+01
7.966632080078125000e+01
5.781433868408203125e+01
5.831440353393554688e+01
5.881446838378906250e+01
5.981460189819335938e+01
6.091474533081054688e+01
6.181486511230468750e+01
7.448841857910156250e+01
7.503851318359375000e+01
7.558860778808593750e+01
7.756893920898437500e+01
7.621684265136718750e+01
7.696556854248046875e+01
7.465019989013671875e+01
7.554010772705078125e+01
7.643001556396484375e+01
7.731992340087890625e+01
7.096673583984375000e+01
7.180391693115234375e+01
7.264110565185546875e+01
6.153686141967773438e+01
6.206230163574218750e+01
6.258774566650390625e+01
6.363862609863281250e+01
7.562910461425781250e+01
7.740821838378906250e+01
7.074571228027343750e+01
7.127774047851562500e+01
7.180976867675781250e+01
7.327283477783203125e+01
7.069657135009765625e+01
7.148269653320312500e+01
7.226881408691406250e+01
7.305493164062500000e+01
7.384104919433593750e+01
7.990509033203125000e+01
8.087059020996093750e+01
6.854840087890625000e+01
6.896669006347656250e+01
6.938497924804687500e+01
7.022155761718750000e+01
7.105814361572265625e+01
7.189472198486328125e+01
7.358181762695312500e+01
7.379438018798828125e+01
7.400695037841796875e+01
7.443208312988281250e+01
7.999235534667968750e+01
8.020465087890625000e+01
8.041694641113281250e+01
8.084154510498046875e+01
7.019093322753906250e+01
7.086576080322265625e+01
7.154058074951171875e+01
7.302519226074218750e+01
7.519195556640625000e+01
7.578959655761718750e+01
7.638723754882812500e+01
7.758251953125000000e+01
6.657026672363281250e+01
6.727220916748046875e+01
6.797414398193359375e+01
6.951840972900390625e+01
7.846672058105468750e+01
7.902335357666015625e+01
7.957997894287109375e+01
8.069323730468750000e+01
7.050273132324218750e+01
7.103939056396484375e+01
7.157604980468750000e+01
7.211270141601562500e+01
7.264936065673828125e+01
7.372267913818359375e+01
7.649208831787109375e+01
7.804951477050781250e+01
7.786435699462890625e+01
7.816130065917968750e+01
7.833098602294921875e+01
7.850066375732421875e+01
7.871276855468750000e+01
7.917939758300781250e+01
7.646757507324218750e+01
7.667987060546875000e+01
7.689215850830078125e+01
7.710445404052734375e+01
7.731674194335937500e+01
7.774132537841796875e+01
7.816590881347656250e+01
7.765563964843750000e+01
7.791033935546875000e+01
7.808013916015625000e+01
7.854709625244140625e+01
7.892914581298828125e+01
7.264702606201171875e+01
7.342578887939453125e+01
7.420455932617187500e+01
7.576210021972656250e+01
7.167732238769531250e+01
7.230606079101562500e+01
7.293479919433593750e+01
7.356353759765625000e+01
6.815163421630859375e+01
6.908563995361328125e+01
6.970831298828125000e+01
6.734081268310546875e+01
6.780832672119140625e+01
6.827584838867187500e+01
6.921087646484375000e+01
7.634325408935546875e+01
7.764828491210937500e+01
7.415544891357421875e+01
7.479688262939453125e+01
7.543831634521484375e+01
7.672118377685546875e+01
7.318701171875000000e+01
7.520028686523437500e+01
7.654247283935546875e+01
7.286180877685546875e+01
7.470518493652343750e+01
7.516603088378906250e+01
7.677898406982421875e+01
6.907244110107421875e+01
6.953958892822265625e+01
7.070745086669921875e+01
7.245923614501953125e+01
6.640276336669921875e+01
6.698587036132812500e+01
6.756898498535156250e+01
6.815209197998046875e+01
8.375498962402343750e+01
8.400736999511718750e+01
8.417562103271484375e+01
6.844815063476562500e+01
6.905892944335937500e+01
7.234448242187500000e+01
7.303437805175781250e+01
7.372426605224609375e+01
7.655298614501953125e+01
7.685025024414062500e+01
7.697764587402343750e+01
7.723244476318359375e+01
7.117062377929687500e+01
7.188661956787109375e+01
7.260261535644531250e+01
7.403460693359375000e+01
6.896807861328125000e+01
6.965264129638671875e+01
7.033719635009765625e+01
6.951694488525390625e+01
7.041403198242187500e+01
7.092665863037109375e+01
7.208003997802734375e+01
7.336159515380859375e+01
8.279074859619140625e+01
8.317780303955078125e+01
8.364226531982421875e+01
8.395191192626953125e+01
8.472601318359375000e+01
7.750003051757812500e+01
7.807893371582031250e+01
7.880256652832031250e+01
7.332852935791015625e+01
7.404083251953125000e+01
7.475313568115234375e+01
7.617774200439453125e+01
7.202143096923828125e+01
7.251482391357421875e+01
7.300821685791015625e+01
7.419235229492187500e+01
7.498178100585937500e+01
7.596856689453125000e+01
6.292607116699218750e+01
6.348541641235351562e+01
6.404476165771484375e+01
6.516345214843750000e+01
6.628214263916015625e+01
6.740083312988281250e+01
7.767158508300781250e+01
7.840171813964843750e+01
7.913185119628906250e+01
8.059210968017578125e+01
7.626387023925781250e+01
7.693465423583984375e+01
7.760544586181640625e+01
7.908117675781250000e+01
7.494168090820312500e+01
7.515420532226562500e+01
7.536673736572265625e+01
7.187929534912109375e+01
7.251010131835937500e+01
7.314090728759765625e+01
7.234702301025390625e+01
7.297174072265625000e+01
7.359646606445312500e+01
7.484590911865234375e+01
7.329524230957031250e+01
7.397151947021484375e+01
7.464779663085937500e+01
7.600035095214843750e+01
7.336922454833984375e+01
7.358178710937500000e+01
7.379435729980468750e+01
7.400691986083984375e+01
7.421948242187500000e+01
7.840077209472656250e+01
7.896205139160156250e+01
7.963557434082031250e+01
8.064587402343750000e+01
7.262739562988281250e+01
7.343656158447265625e+01
7.424573516845703125e+01
7.586407470703125000e+01
7.356400299072265625e+01
7.411303710937500000e+01
7.532090759277343750e+01
7.498136901855468750e+01
7.519371032714843750e+01
7.540605926513671875e+01
7.561840057373046875e+01
7.578826904296875000e+01
7.625542449951171875e+01
7.964541625976562500e+01
8.016712951660156250e+01
7.174613189697265625e+01
7.235057830810546875e+01
7.295502471923828125e+01
7.416391754150390625e+01
6.028775787353515625e+01
6.109985351562500000e+01
6.191194915771484375e+01
6.353614044189453125e+01
6.627569580078125000e+01
6.668778991699218750e+01
6.709988403320312500e+01
6.792407226562500000e+01
7.681970214843750000e+01
7.749423217773437500e+01
7.816876220703125000e+01
7.951782226562500000e+01
7.566589355468750000e+01
7.587850189208984375e+01
7.609111785888671875e+01
7.651634979248046875e+01
7.372642517089843750e+01
7.442350769042968750e+01
7.512059783935546875e+01
7.581768798828125000e+01
8.946812438964843750e+01
8.987274932861328125e+01
9.027736663818359375e+01
9.108661651611328125e+01
7.714596557617187500e+01
7.772505187988281250e+01
7.830413055419921875e+01
7.946229553222656250e+01
6.354557800292968750e+01
6.404404449462890625e+01
6.454251861572265625e+01
6.553945922851562500e+01
6.653639984130859375e+01
6.753334045410156250e+01
7.699935913085937500e+01
7.771107482910156250e+01
6.004893112182617188e+01
6.113290023803710938e+01
6.221686935424804688e+01
6.330083847045898438e+01
7.545379638671875000e+01
7.610070800781250000e+01
7.674762725830078125e+01
7.855023193359375000e+01
7.922701263427734375e+01
7.990379333496093750e+01
8.125734710693359375e+01
7.285101318359375000e+01
7.323852539062500000e+01
7.362604522705078125e+01
7.440108489990234375e+01
7.517611694335937500e+01
8.357105255126953125e+01
8.382406616210937500e+01
8.399273681640625000e+01
7.132949829101562500e+01
7.199821472167968750e+01
7.266693115234375000e+01
7.311274719238281250e+01
7.367002105712890625e+01
6.886975097656250000e+01
6.952758789062500000e+01
7.018542480468750000e+01
7.084326171875000000e+01
7.150110626220703125e+01
7.892478942871093750e+01
7.958605194091796875e+01
8.024731445312500000e+01
8.170210266113281250e+01
7.654748535156250000e+01
7.723821258544921875e+01
7.792893981933593750e+01
7.861965942382812500e+01
7.653391265869140625e+01
7.738222503662109375e+01
7.617552947998046875e+01
7.676347351074218750e+01
7.735141754150390625e+01
7.852731323242187500e+01
7.604468536376953125e+01
7.625708770751953125e+01
7.651197814941406250e+01
7.689430999755859375e+01
7.731912231445312500e+01
6.844865417480468750e+01
6.900705718994140625e+01
6.956546783447265625e+01
7.012387084960937500e+01
7.068227386474609375e+01
7.213412475585937500e+01
6.377838516235351562e+01
6.459740447998046875e+01
6.541642761230468750e+01
6.857401275634765625e+01
6.918006134033203125e+01
6.978611755371093750e+01
7.099821472167968750e+01
8.307102966308593750e+01
8.328199768066406250e+01
8.349296569824218750e+01
8.391490173339843750e+01
8.433684539794921875e+01
7.629102325439453125e+01
7.716542816162109375e+01
7.803983306884765625e+01
7.710769653320312500e+01
7.732013702392578125e+01
7.753257751464843750e+01
7.774501800537109375e+01
7.443750762939453125e+01
7.627816772460937500e+01
7.726929473876953125e+01
6.871403503417968750e+01
6.938663482666015625e+01
7.005923461914062500e+01
7.762368011474609375e+01
7.783638000488281250e+01
7.804907226562500000e+01
7.847445678710937500e+01
7.588836669921875000e+01
7.645242309570312500e+01
7.701647949218750000e+01
7.814459228515625000e+01
7.562413787841796875e+01
7.653720092773437500e+01
7.173458099365234375e+01
7.239492797851562500e+01
7.305527496337890625e+01
7.437596893310546875e+01
6.785105895996093750e+01
6.859548187255859375e+01
6.933991241455078125e+01
7.008434295654296875e+01
7.112654113769531250e+01
7.276428985595703125e+01
7.708930206298828125e+01
7.769139099121093750e+01
7.829347991943359375e+01
7.961806488037109375e+01
8.167700195312500000e+01
8.188896179199218750e+01
8.214332580566406250e+01
8.252485656738281250e+01
6.405204772949218750e+01
6.480912017822265625e+01
6.556619262695312500e+01
7.600396728515625000e+01
7.621646881103515625e+01
7.826866149902343750e+01
7.903769683837890625e+01
7.980673217773437500e+01
8.134480285644531250e+01
7.678858184814453125e+01
7.751422882080078125e+01
7.823987579345703125e+01
7.243302154541015625e+01
7.293826293945312500e+01
7.344351196289062500e+01
7.394875335693359375e+01
7.445399475097656250e+01
7.546448516845703125e+01
7.578950500488281250e+01
7.724125671386718750e+01
6.733183288574218750e+01
6.754460144042968750e+01
6.775736999511718750e+01
6.818290710449218750e+01
6.860844421386718750e+01
6.647895050048828125e+01
6.677015686035156250e+01
6.720696258544921875e+01
6.800778198242187500e+01
7.454948425292968750e+01
7.590267944335937500e+01
7.725587463378906250e+01
7.418480682373046875e+01
7.487487792968750000e+01
7.556495666503906250e+01
7.611145782470703125e+01
7.827751922607421875e+01
7.249313354492187500e+01
7.318077850341796875e+01
7.524372100830078125e+01
7.521205139160156250e+01
7.594616699218750000e+01
7.668029022216796875e+01
6.812201690673828125e+01
6.872973632812500000e+01
6.933745574951171875e+01
7.006671142578125000e+01
7.055289459228515625e+01
7.176833343505859375e+01
7.880786132812500000e+01
7.902031707763671875e+01
7.923277282714843750e+01
7.993993377685546875e+01
8.019434356689453125e+01
8.036394500732421875e+01
8.078795623779296875e+01
7.460639190673828125e+01
7.536458587646484375e+01
7.612277221679687500e+01
7.779078674316406250e+01
7.187674713134765625e+01
7.248493957519531250e+01
7.309313964843750000e+01
7.532536315917968750e+01
7.553795623779296875e+01
7.575054931640625000e+01
6.178353881835937500e+01
6.256121444702148438e+01
6.333888626098632812e+01
6.489423370361328125e+01
7.381417083740234375e+01
7.431320190429687500e+01
7.481223297119140625e+01
7.591009521484375000e+01
7.304415130615234375e+01
7.380626678466796875e+01
7.456838226318359375e+01
7.677050781250000000e+01
7.698307800292968750e+01
7.719564819335937500e+01
8.076011657714843750e+01
8.097250366210937500e+01
7.446332550048828125e+01
7.504938507080078125e+01
7.563545227050781250e+01
7.692478179931640625e+01
7.063356781005859375e+01
7.138891601562500000e+01
7.214427185058593750e+01
7.365498352050781250e+01
7.756681060791015625e+01
7.827994537353515625e+01
7.899308776855468750e+01
8.041936492919921875e+01
7.604729461669921875e+01
7.638113403320312500e+01
7.660369110107421875e+01
7.721572875976562500e+01
7.685313415527343750e+01
7.710807800292968750e+01
7.753298950195312500e+01
7.795789337158203125e+01
7.315010070800781250e+01
7.390287780761718750e+01
7.465565490722656250e+01
7.616120910644531250e+01
7.616336059570312500e+01
7.700839996337890625e+01
7.802244567871093750e+01
7.299143218994140625e+01
7.367002105712890625e+01
7.434860229492187500e+01
7.597720336914062500e+01
8.044004058837890625e+01
8.103887939453125000e+01
8.163771820068359375e+01
8.283538818359375000e+01
7.600015258789062500e+01
7.665216064453125000e+01
7.730416870117187500e+01
7.315193939208984375e+01
7.361754608154296875e+01
7.408314514160156250e+01
7.501435089111328125e+01
6.683574676513671875e+01
6.704808807373046875e+01
6.726042175292968750e+01
6.747276306152343750e+01
6.768510437011718750e+01
6.810977935791015625e+01
6.864804077148437500e+01
6.956346893310546875e+01
7.681151580810546875e+01
7.702401733398437500e+01
7.723651885986328125e+01
7.744902038574218750e+01
7.258055877685546875e+01
7.314899444580078125e+01
7.371743011474609375e+01
7.428586578369140625e+01
7.484976959228515625e+01
7.569570922851562500e+01
7.668804168701171875e+01
7.737071990966796875e+01
7.805340576171875000e+01
7.955530548095703125e+01
7.672895812988281250e+01
7.694158172607421875e+01
7.715419769287109375e+01
7.671981811523437500e+01
7.744961547851562500e+01
7.817940521240234375e+01
7.963899230957031250e+01
7.642835235595703125e+01
7.664083099365234375e+01
7.685330200195312500e+01
7.706577301025390625e+01
7.727825164794921875e+01
7.770319366455078125e+01
7.549375152587890625e+01
7.574874114990234375e+01
7.596123504638671875e+01
7.625872039794921875e+01
7.651371765136718750e+01
7.439836883544921875e+01
7.515528106689453125e+01
7.591219329833984375e+01
6.420117187500000000e+01
6.463471984863281250e+01
6.506826019287109375e+01
6.550180816650390625e+01
7.723468780517578125e+01
7.744710540771484375e+01
7.765952301025390625e+01
7.243561553955078125e+01
7.305304718017578125e+01
7.367048645019531250e+01
7.490536499023437500e+01
6.963014984130859375e+01
7.027420043945312500e+01
7.091825866699218750e+01
7.220637512207031250e+01
7.609473419189453125e+01
7.684218597412109375e+01
7.734047698974609375e+01
7.858621215820312500e+01
7.574836730957031250e+01
7.596084594726562500e+01
7.485736083984375000e+01
7.506993103027343750e+01
8.115135955810546875e+01
8.136180877685546875e+01
8.157226562500000000e+01
8.199316406250000000e+01
8.241407012939453125e+01
6.469181823730468750e+01
6.509498596191406250e+01
6.549814605712890625e+01
6.630447387695312500e+01
7.682643890380859375e+01
7.772554779052734375e+01
7.821435546875000000e+01
7.863937377929687500e+01
6.678152465820312500e+01
6.727008056640625000e+01
6.775863647460937500e+01
6.824719238281250000e+01
6.873574066162109375e+01
8.048923492431640625e+01
8.101073455810546875e+01
8.153223419189453125e+01
8.257522583007812500e+01
7.656661224365234375e+01
7.722819519042968750e+01
7.788978576660156250e+01
7.138619232177734375e+01
7.180453491210937500e+01
7.232746124267578125e+01
7.285037994384765625e+01
7.389623260498046875e+01
7.626335144042968750e+01
7.700700378417968750e+01
7.157141876220703125e+01
7.228274536132812500e+01
7.299406433105468750e+01
7.370538330078125000e+01
7.441670227050781250e+01
7.623589324951171875e+01
7.686516571044921875e+01
7.749443817138671875e+01
7.144081878662109375e+01
7.221833801269531250e+01
7.316170501708984375e+01
7.375105285644531250e+01
7.434040069580078125e+01
7.551908874511718750e+01
7.468762969970703125e+01
7.532531738281250000e+01
7.609054565429687500e+01
7.736592102050781250e+01
7.178363800048828125e+01
7.237412261962890625e+01
7.325984191894531250e+01
7.817521667480468750e+01
7.888700866699218750e+01
7.959879302978515625e+01
8.102236938476562500e+01
8.076335144042968750e+01
8.097469329833984375e+01
8.139736938476562500e+01
8.182004547119140625e+01
8.258028411865234375e+01
8.275008392333984375e+01
8.304722595214843750e+01
8.359907531738281250e+01
7.964753723144531250e+01
8.030928802490234375e+01
8.097103881835937500e+01
8.229453277587890625e+01
7.733934783935546875e+01
7.787008666992187500e+01
7.866619873046875000e+01
7.986036682128906250e+01
7.248824310302734375e+01
7.355157470703125000e+01
7.431110382080078125e+01
7.284603118896484375e+01
7.366738128662109375e+01
7.448872375488281250e+01
7.706618499755859375e+01
7.723617553710937500e+01
7.749115753173828125e+01
7.791612243652343750e+01
7.399494934082031250e+01
7.474784851074218750e+01
7.565132904052734375e+01
7.700653076171875000e+01
7.830908966064453125e+01
7.923936462402343750e+01
7.507009124755859375e+01
7.549525451660156250e+01
7.128843688964843750e+01
7.263468170166015625e+01
7.330780029296875000e+01
7.398092651367187500e+01
7.532717132568359375e+01
7.723576354980468750e+01
7.744822692871093750e+01
7.394516754150390625e+01
7.466788482666015625e+01
7.539060974121093750e+01
7.683605194091796875e+01
6.941395568847656250e+01
6.995674133300781250e+01
7.158511352539062500e+01
7.144869232177734375e+01
7.203298187255859375e+01
7.261727142333984375e+01
7.390270233154296875e+01
7.562280273437500000e+01
7.583538818359375000e+01
7.813285064697265625e+01
7.883823394775390625e+01
7.968469238281250000e+01
8.095439147949218750e+01
6.930360412597656250e+01
7.064833068847656250e+01
7.174856567382812500e+01
7.132775878906250000e+01
7.154035949707031250e+01
7.175296783447265625e+01
7.200809478759765625e+01
7.268843078613281250e+01
7.426190948486328125e+01
7.443195343017578125e+01
7.468701934814453125e+01
7.093062591552734375e+01
7.166124725341796875e+01
7.252933502197265625e+01
7.316160583496093750e+01
7.379386901855468750e+01
7.442613983154296875e+01
7.505840301513671875e+01
7.632293701171875000e+01
7.292304992675781250e+01
7.368636322021484375e+01
7.444967651367187500e+01
7.597630310058593750e+01
8.049145507812500000e+01
8.070346832275390625e+01
8.091548156738281250e+01
8.133949279785156250e+01
7.214787292480468750e+01
7.274271392822265625e+01
7.333754730224609375e+01
7.575318145751953125e+01
7.648191833496093750e+01
7.735640716552734375e+01
7.240258026123046875e+01
7.346418762207031250e+01
7.399499511718750000e+01
7.452579498291015625e+01
7.558740234375000000e+01
7.338175964355468750e+01
7.389333343505859375e+01
7.440489959716796875e+01
7.685343933105468750e+01
7.706591033935546875e+01
7.439980316162109375e+01
7.514008331298828125e+01
7.588036346435546875e+01
7.662064361572265625e+01
7.006734466552734375e+01
7.065249633789062500e+01
7.123764801025390625e+01
7.182279968261718750e+01
7.240795135498046875e+01
7.369528961181640625e+01
6.048735427856445312e+01
6.125752258300781250e+01
6.202769088745117188e+01
8.007358551025390625e+01
8.028578186035156250e+01
7.655312347412109375e+01
7.676544952392578125e+01
7.702024841308593750e+01
7.740244293212890625e+01
7.372230529785156250e+01
7.447254943847656250e+01
7.522279357910156250e+01
7.904874420166015625e+01
7.974531555175781250e+01
8.044189453125000000e+01
7.455961608886718750e+01
7.477217864990234375e+01
7.067467498779296875e+01
7.148197174072265625e+01
7.228926086425781250e+01
7.786927795410156250e+01
7.862682342529296875e+01
7.938436889648437500e+01
7.469391632080078125e+01
7.534755706787109375e+01
7.600119781494140625e+01
7.743920898437500000e+01
7.077812194824218750e+01
7.143562316894531250e+01
7.209312438964843750e+01
7.340812683105468750e+01
7.800076293945312500e+01
7.821323394775390625e+01
7.842570495605468750e+01
8.089689636230468750e+01
8.135691833496093750e+01
8.181693267822265625e+01
6.490814971923828125e+01
6.550157165527343750e+01
6.621367645263671875e+01
6.728183746337890625e+01
6.846868133544921875e+01
7.651344299316406250e+01
7.672592163085937500e+01
7.693839263916015625e+01
7.736334228515625000e+01
7.354316711425781250e+01
7.443488311767578125e+01
7.202005004882812500e+01
7.271081542968750000e+01
7.340158081054687500e+01
7.473101043701171875e+01
7.553313446044921875e+01
7.153717041015625000e+01
7.223686981201171875e+01
7.307650756835937500e+01
7.447590637207031250e+01
9.041957092285156250e+01
9.134733581542968750e+01
7.513246154785156250e+01
7.583547973632812500e+01
7.667910766601562500e+01
7.794451904296875000e+01
7.416137695312500000e+01
7.480858612060546875e+01
7.545579528808593750e+01
6.785649871826171875e+01
6.839537811279296875e+01
6.893424987792968750e+01
6.947312927246093750e+01
7.588496398925781250e+01
7.648477172851562500e+01
7.708457946777343750e+01
7.828418731689453125e+01
7.719147491455078125e+01
7.790164947509765625e+01
7.837509918212890625e+01
7.955871582031250000e+01
7.416889953613281250e+01
7.479571533203125000e+01
7.542252349853515625e+01
7.667613983154296875e+01
7.576136016845703125e+01
7.654470062255859375e+01
7.345879364013671875e+01
7.412545013427734375e+01
7.479209899902343750e+01
7.612539672851562500e+01
7.356583404541015625e+01
7.415896606445312500e+01
7.475210571289062500e+01
7.593837738037109375e+01
7.766020202636718750e+01
7.787265014648437500e+01
7.536229705810546875e+01
7.608293151855468750e+01
7.680356597900390625e+01
7.824483489990234375e+01
7.139846038818359375e+01
7.202762603759765625e+01
7.281407928466796875e+01
6.967277526855468750e+01
7.045641326904296875e+01
7.124005126953125000e+01
7.213639068603515625e+01
7.256152343750000000e+01
7.277409362792968750e+01
7.298666381835937500e+01
6.857440948486328125e+01
6.953689575195312500e+01
7.764458465576171875e+01
7.845416259765625000e+01
7.899387359619140625e+01
8.034316253662109375e+01
7.601528930664062500e+01
7.655083465576171875e+01
7.708638000488281250e+01
7.815746307373046875e+01
8.208889770507812500e+01
8.270894622802734375e+01
8.332899475097656250e+01
8.456909179687500000e+01
8.101243591308593750e+01
8.122476196289062500e+01
8.143708801269531250e+01
7.152274322509765625e+01
7.215039062500000000e+01
7.277803802490234375e+01
7.403333282470703125e+01
7.254111480712890625e+01
7.321145629882812500e+01
7.388180541992187500e+01
7.468621826171875000e+01
7.535655975341796875e+01
7.669725036621093750e+01
7.545157623291015625e+01
7.566408538818359375e+01
7.587659454345703125e+01
7.630162048339843750e+01
7.732532501220703125e+01
7.798056793212890625e+01
7.863581085205078125e+01
7.766465759277343750e+01
7.832857513427734375e+01
8.032032012939453125e+01
6.933259582519531250e+01
6.954507446289062500e+01
6.975755310058593750e+01
7.806303405761718750e+01
7.882576751708984375e+01
7.167363739013671875e+01
7.250460815429687500e+01
7.333557128906250000e+01
7.194972991943359375e+01
7.286011505126953125e+01
7.437742614746093750e+01
6.966427612304687500e+01
7.028572082519531250e+01
7.090716552734375000e+01
7.152861022949218750e+01
7.215005493164062500e+01
7.588275909423828125e+01
7.640090942382812500e+01
7.691905975341796875e+01
7.795535278320312500e+01
7.815632629394531250e+01
7.885534667968750000e+01
8.095240020751953125e+01
