-0.352694 0.204728
-0.349640 0.200524
-0.346269 0.195978
-0.342549 0.190956
-0.338519 0.185544
-0.335404 0.181291
-0.332941 0.177870
-0.329452 0.173134
-0.325919 0.168408
-0.322167 0.163396
-0.318350 0.158302
-0.314563 0.153313
-0.310214 0.147634
-0.305441 0.141462
-0.300501 0.135171
-0.296148 0.129629
-0.292186 0.124586
-0.287878 0.119207
-0.283549 0.113851
-0.278574 0.107795
-0.272458 0.100539
-0.266206 0.093247
-0.259048 0.085091
-0.251522 0.076726
-0.244396 0.068966
-0.238093 0.062231
-0.231400 0.055245
-0.224930 0.048638
-0.217675 0.041440
-0.209634 0.033700
-0.199331 0.024191
-0.188590 0.014668
-0.177618 0.005333
-0.165804 -0.004249
-0.154732 -0.012836
-0.144574 -0.020394
-0.134280 -0.027719
-0.123637 -0.034973
-0.112674 -0.042098
-0.098169 -0.050958
-0.082377 -0.059995
-0.066475 -0.068387
-0.050090 -0.076431
-0.033082 -0.084161
-0.018700 -0.090149
-0.004854 -0.095590
0.008817 -0.100497
0.022566 -0.105107
0.037786 -0.109784
0.055349 -0.114639
0.074980 -0.119483
0.094657 -0.123622
0.112632 -0.126991
0.131036 -0.129843
0.144579 -0.131752
0.158309 -0.133336
0.173092 -0.134816
0.188505 -0.136120
0.204551 -0.137069
0.222714 -0.137897
0.240956 -0.138263
0.258257 -0.138352
0.276528 -0.138122
0.289781 -0.137821
0.303077 -0.137247
0.316013 -0.136589
0.330050 -0.135760
0.345920 -0.134503
0.361576 -0.133155
0.379256 -0.131278
0.394038 -0.129560
0.410043 -0.127551
0.424812 -0.125420
0.438097 -0.123407
0.453481 -0.120900
0.467471 -0.118512
0.480339 -0.116089
0.493989 -0.113477
0.508462 -0.110454
0.522239 -0.107473
0.536736 -0.104224
0.550800 -0.100829
0.563144 -0.097808
0.575328 -0.094625
0.587641 -0.091376
0.599258 -0.088123
0.611330 -0.084674
0.624229 -0.080866
0.638090 -0.076632
0.651566 -0.072404
0.662213 -0.068900
0.674404 -0.064851
0.685686 -0.060938
0.695140 -0.057588
0.708072 -0.052954
0.720971 -0.048172
0.730962 -0.044372
0.740811 -0.040547
0.749693 -0.037030
0.759319 -0.033157
0.768018 -0.029593
0.780048 -0.024585
0.792154 -0.019433
0.804927 -0.013881
0.814998 -0.009423
0.825135 -0.004849
0.835645 -0.000021
0.845621 0.004621
0.856145 0.009605
0.866485 0.014582
0.876024 0.019245
0.886766 0.024573
0.896457 0.029457
0.907100 0.034906
0.916610 0.039850
0.926940 0.045308
0.934345 0.049276
0.940917 0.052826
0.949703 0.057633
0.960026 0.063397
0.970020 0.069068
0.979614 0.074610
0.989609 0.080470
1.000017 0.086740
1.010221 0.092997
1.019867 0.099035
1.028895 0.104803
1.037811 0.110613
1.047059 0.116766
1.054645 0.121917
1.063382 0.127992
1.074016 0.135532
1.085720 0.144095
1.093829 0.150165
1.102177 0.156585
1.109524 0.162298
1.117259 0.168552
1.125362 0.175185
1.133179 0.181728
1.141416 0.188780
1.154146 0.200177
1.166336 0.211464
1.177286 0.221956
1.181082 0.225493
1.187986 0.232445
1.195352 0.239949
1.202115 0.246982
1.208522 0.253670
1.216922 0.262955
1.224389 0.271345
1.230684 0.278533
1.239280 0.288505
1.247699 0.298668
1.248581 0.299721
1.251246 0.302980
1.255378 0.307918
1.259408 0.313062
1.264547 0.319556
1.272721 0.330214
1.280459 0.340557
1.287764 0.350519
1.295232 0.360929
1.299737 0.367242
1.302897 0.371668
1.305474 0.374997
1.308465 0.379369
1.311068 0.382943
1.313774 0.386912
1.318862 0.394100
1.324779 0.403107
1.330746 0.412104
1.335595 0.419421
1.337605 0.422085
1.335845 0.419254
1.337795 0.422045
1.339738 0.424803
1.342825 0.429354
1.347257 0.436078
1.351505 0.442522
1.355549 0.448677
1.359818 0.454940
1.362172 0.458687
1.364485 0.462096
1.366532 0.465072
1.368929 0.468296
1.370895 0.471114
1.374631 0.477122
1.378477 0.483003
1.381852 0.488124
1.382224 0.488267
1.384894 0.492203
1.387544 0.496097
1.389718 0.499208
1.392257 0.502902
1.394763 0.506532
1.397600 0.510689
1.399842 0.513864
1.401896 0.516405
1.404499 0.520460
1.402704 0.517155
