57.814349
57.982856
58.151364
58.319871
58.488378
58.656886
58.825393
58.993901
59.162408
59.330915
59.499423
59.667930
59.836438
60.004945
60.173453
60.341960
60.510467
60.678975
60.847482
61.015990
61.184497
61.353005
61.521512
61.690019
61.858527
62.027034
62.195542
62.364049
62.532557
62.701064
62.869571
63.038079
63.206586
63.375094
63.543601
63.712108
63.880616
64.049123
64.217631
64.386138
64.554646
64.723153
64.891660
65.060168
65.228675
65.397183
65.565690
65.734198
65.902705
66.071212
66.239720
66.408227
66.576735
66.745242
66.913750
67.082257
67.250764
67.419272
67.587779
67.756287
67.924794
68.093301
68.261809
68.430316
68.598824
68.767331
68.935839
69.104346
69.272853
69.441361
69.609868
69.778376
69.946883
70.115391
70.283898
70.452405
70.620913
70.789420
70.957928
71.126435
71.294943
71.463450
71.631957
71.800465
71.968972
72.137480
72.305987
72.474494
72.643002
72.811509
72.980017
73.148524
73.317032
73.485539
73.654046
73.822554
73.991061
74.159569
74.328076
74.496584
74.665091
74.833598
75.002106
75.170613
75.339121
75.507628
75.676135
75.844643
76.013150
76.181658
76.350165
76.518673
76.687180
76.855687
77.024195
77.192702
77.361210
77.529717
77.698225
77.866732
78.035239
78.203747
78.372254
78.540762
78.709269
78.877777
79.046284
79.214791
79.383299
79.551806
79.720314
79.888821
80.057328
80.225836
80.394343
80.562851
80.731358
80.899866
81.068373
81.236880
81.405388
81.573895
81.742403
81.910910
82.079418
82.247925
82.416432
82.584940
82.753447
82.921955
83.090462
83.258970
83.427477
83.595984
83.764492
83.932999
84.101507
84.270014
84.438521
84.607029
84.775536
84.944044
85.112551
85.281059
85.449566
85.618073
85.786581
85.955088
86.123596
86.292103
86.460611
86.629118
86.797625
86.966133
87.134640
87.303148
87.471655
87.640163
87.808670
87.977177
88.145685
88.314192
88.482700
88.651207
88.819714
88.988222
89.156729
89.325237
89.493744
89.662252
89.830759
89.999266
90.167774
90.336281
90.504789
90.673296
90.841804
91.010311
91.178818
91.347326
