0.377375 0.310596
0.410991 0.315330
0.444000 0.320664
0.476393 0.326610
0.572278 0.347761
0.917812 1.135135
0.943078 1.130284
0.961638 1.126153
0.986024 1.120041
1.000557 1.115964
1.053550 1.098445
0.843460 0.084533
0.881244 0.102184
0.988535 0.159495
0.508096 0.663962
0.519635 0.666032
0.531493 0.668254
0.553001 0.672350
0.578808 0.677078
0.538025 -0.379594
0.613227 -0.363313
0.690973 -0.341941
0.887320 -0.261159
0.655377 0.718870
0.691638 0.724493
0.727851 0.729883
0.763229 0.734907
0.797935 0.739579
0.873057 0.748670
0.560879 1.202411
0.572744 1.202442
0.584573 1.202456
0.903902 0.136741
0.946936 0.159174
0.059310 -0.171189
0.131190 -0.184491
0.177587 -0.189320
0.287126 -0.191305
0.596779 0.742170
0.631069 0.747282
0.664929 0.752097
0.732825 0.761030
0.856496 1.017922
0.866948 1.016940
0.873894 1.016340
1.108131 0.045215
1.125536 0.058478
-0.255744 0.313528
-0.241893 0.305140
-0.227872 0.296664
-0.197810 0.278828
-0.159117 0.257078
-0.123854 0.238721
0.467275 1.232164
0.498698 1.232379
0.532228 1.232589
0.648092 1.232149
0.626531 0.793276
0.666906 0.798037
0.786600 -0.056573
0.843715 -0.030680
0.898159 -0.003691
0.947898 0.022928
0.406243 0.357708
0.454995 0.366024
0.503539 0.375647
-0.371736 0.011297
-0.357018 -0.013135
-0.331207 -0.051578
-0.266131 -0.129425
0.632517 0.588965
0.727559 0.610011
0.448375 0.069539
0.482780 0.075611
0.518718 0.082984
0.613246 0.106757
0.227284 1.066556
0.282330 1.077117
0.337183 1.085112
0.389655 1.090807
0.439673 1.094563
0.949893 0.350120
0.998124 0.375958
-0.031976 1.240388
0.004534 1.254777
0.044267 1.268098
0.127049 1.288360
0.201156 1.299903
0.275263 1.306814
0.412399 1.174404
0.428615 1.175107
0.442958 1.175639
0.471917 1.176508
0.798386 1.192419
0.818393 1.190928
0.836089 1.189339
0.861131 1.186658
0.128035 1.267211
0.190513 1.277832
0.246695 1.284512
0.364416 1.291341
0.873311 -0.106230
0.906179 -0.088826
0.941305 -0.069289
1.007176 -0.030204
0.054586 -0.430289
0.153847 -0.440650
0.249565 -0.441994
0.439516 -0.427305
1.011188 0.061937
1.044538 0.083279
1.077070 0.105742
1.133809 0.149623
0.346519 0.536218
0.376655 0.541785
0.406704 0.547349
0.436870 0.553196
0.466938 0.559175
0.526721 0.571491
0.608679 1.005875
0.699192 1.008124
0.660090 1.296911
0.677587 1.296668
0.687556 1.296507
0.696932 1.296337
0.709451 1.296077
0.737828 1.295313
0.832443 0.114579
0.844919 0.120118
0.857768 0.125948
0.870301 0.131762
0.879798 0.136249
0.903929 0.148012
0.926106 0.159299
0.697041 0.853455
0.711440 0.854416
0.720473 0.855148
0.744979 0.856727
0.764919 0.857855
0.351329 1.155853
0.403421 1.159548
0.456686 1.161923
0.548351 1.163975
0.348592 0.855133
0.386317 0.862251
0.423128 0.868486
0.460199 0.873835
0.249101 0.192267
0.311781 0.193960
0.353121 0.196965
0.165168 -0.380616
0.228780 -0.382198
0.290128 -0.380652
0.396575 -0.372068
0.570901 1.276877
0.648794 1.276204
0.460310 1.088649
0.498594 1.090470
0.537662 1.092040
0.610693 1.093730
0.456019 0.777542
0.568703 0.794481
0.642633 0.803666
0.378447 1.082051
0.492151 1.090056
0.522225 1.091277
0.613704 1.093550
0.355643 -0.186842
0.398219 -0.182267
0.500982 -0.165381
0.643821 -0.128714
0.049306 -0.320210
0.131877 -0.332459
0.198750 -0.336635
0.266464 -0.336604
1.097784 0.490328
1.105784 0.495155
1.111149 0.498399
0.281021 -0.043591
0.336113 -0.041150
0.464743 0.480604
0.503310 0.488532
0.541897 0.496878
0.750899 0.335120
0.767515 0.340962
0.774673 0.343506
0.786535 0.347721
0.401291 0.450805
0.442082 0.458182
0.482595 0.466104
0.561842 0.483424
0.009296 1.243569
0.076239 1.264661
0.138219 1.278564
0.190920 0.913844
0.246223 0.929603
0.279049 0.937779
0.352550 0.952337
0.431376 0.963446
1.302007 0.209284
1.314303 0.226451
1.325902 0.243254
1.331019 0.250912
1.360245 0.298592
0.971793 0.005865
1.003460 0.024706
1.046803 0.052210
0.658022 0.000940
0.699945 0.015156
0.743869 0.031368
0.834588 0.069100
0.430972 0.556450
0.458585 0.561914
0.486104 0.567467
0.551661 0.581100
0.595134 0.590319
0.649056 0.601909
-0.100174 0.669513
-0.077631 0.679893
-0.053960 0.690569
-0.003317 0.712954
0.051735 0.735590
0.110344 0.758115
0.658602 1.171427
0.702522 1.170925
0.746257 1.169723
0.848264 1.162802
0.565021 1.291919
0.601843 1.291613
0.644740 1.291189
0.734765 1.289492
0.663178 0.297716
0.672702 0.300591
0.686181 0.304722
0.599861 -0.139933
0.649113 -0.125212
0.695468 -0.109578
0.410449 0.754619
0.446182 0.761169
0.481602 0.767279
0.552261 0.778181
0.661462 -0.012588
0.704894 0.002326
0.746113 0.017734
0.830079 0.052805
0.524469 0.480715
0.536665 0.483404
0.548012 0.485946
0.559693 0.488603
0.572179 0.491479
0.728675 0.919834
0.758522 0.920630
0.796623 0.921090
0.851634 0.920416
0.692367 -0.192766
0.755872 -0.168903
0.811465 -0.144795
0.915006 -0.092273
0.762442 -0.164048
0.796290 -0.149459
0.880697 -0.108562
0.674178 0.257289
0.690284 0.262335
0.700461 0.265605
0.712961 0.269704
0.722539 0.272907
0.749336 0.282150
0.777364 1.187068
0.813785 1.184674
0.367871 0.788976
0.402251 0.795640
0.437385 0.801867
0.506778 0.812701
-0.201915 0.645487
-0.176384 0.659173
-0.149806 0.673383
-0.089675 0.705129
0.015550 -0.387450
0.074028 -0.398251
0.129566 -0.404564
0.247095 -0.408097
0.618153 1.071258
0.659766 1.071787
0.698985 1.071912
0.775248 1.070276
0.931663 -0.132192
0.943963 -0.125059
0.956422 -0.117713
0.981434 -0.102614
0.654784 0.078644
0.693294 0.091273
0.740708 0.108102
0.781300 0.123699
1.238450 0.953072
1.247039 0.947765
1.254859 0.942732
1.269315 0.933296
0.627100 1.186136
0.661812 1.185919
0.696247 1.185453
0.768555 1.183146
-0.049720 0.163657
-0.023341 0.152946
0.005810 0.142539
0.075054 0.123355
0.138302 0.111738
0.211377 0.104685
0.699026 0.638966
0.736433 0.646522
-0.409790 0.085800
-0.383064 0.034133
-0.349350 -0.022374
-0.286476 -0.105165
0.522469 1.253381
0.559404 1.253295
0.595160 1.253123
0.763014 0.743158
0.798348 0.747789
0.832268 0.751842
0.898565 0.758689
0.420451 0.854299
0.443163 0.857831
0.466805 0.861297
0.510869 0.866985
0.554139 0.871847
1.045654 1.158783
1.058338 1.153934
1.067680 1.150173
0.319213 0.885214
0.360120 0.893322
0.399819 0.900076
0.427272 0.904173
0.459194 0.908356
0.220398 0.685902
0.256157 0.695007
0.292962 0.703831
0.329992 0.712126
0.367714 0.720220
0.704647 1.490275
0.747580 1.489722
0.812461 1.487696
0.954337 1.473491
0.607807 1.032540
0.648469 1.033469
0.689724 1.034009
0.727347 1.034075
0.759857 0.304197
0.803419 0.320278
0.568351 1.197935
0.601397 1.197971
0.634622 1.197863
0.707359 1.196935
0.784972 0.151685
0.797645 0.156770
0.812719 0.162966
0.835317 0.172568
0.857545 0.182394
0.255645 0.348295
0.288802 0.350578
0.322185 0.353660
0.355033 0.357411
0.388517 0.361999
0.472511 0.376346
-0.039181 0.147945
0.008399 0.130061
0.059568 0.115021
0.299738 -0.100776
0.348582 -0.097768
0.404099 -0.091777
0.502786 -0.075080
0.976714 0.841677
0.984271 0.841283
0.993421 0.840798
1.012261 0.839578
1.032541 0.838160
0.607115 0.938810
0.655974 0.941484
0.706215 0.943446
0.805108 0.279875
0.815139 0.283841
0.824965 0.287798
0.838388 0.293316
0.479982 1.096948
0.584696 1.100321
0.640454 1.101028
0.271517 0.343502
0.312730 0.346894
0.352045 0.351105
0.633704 1.448184
0.642183 1.448130
0.657245 1.448016
0.681241 1.447831
0.643211 0.608251
0.673616 0.614727
0.703719 0.621149
0.762461 0.633563
0.562476 0.985121
0.613450 0.987696
0.271782 1.235008
0.323046 1.239257
0.369857 1.241878
0.458050 1.243973
0.101199 0.850667
0.144725 0.867614
0.190240 0.883277
0.234835 0.896775
0.299046 0.912628
0.399494 0.930927
1.008401 -0.076019
1.036009 -0.058355
1.070068 -0.035683
1.145299 0.019295
1.292424 0.111884
1.297198 0.117522
1.313954 0.138343
1.329927 0.159626
-0.018852 0.167531
0.029472 0.151948
0.076257 0.140116
0.540827 1.439097
0.551945 1.438920
0.702338 1.091047
0.745970 1.090228
0.794574 1.088226
0.880867 1.080575
0.783707 0.280642
0.821930 0.295558
0.860667 0.311677
0.502416 0.321619
0.531761 0.327991
0.560876 0.334764
0.588881 0.341709
0.618461 0.349466
0.675194 0.365486
0.543339 1.234453
0.626809 1.234101
0.174189 -0.240076
0.203707 -0.241656
0.222373 -0.242261
0.274909 -0.241927
0.310178 -0.240410
0.141283 0.374468
0.157311 0.374577
0.181902 0.375073
0.227793 0.377080
0.699131 0.116692
0.778043 0.145607
0.856249 0.178475
0.595046 0.370448
0.636408 0.381398
0.674114 0.392032
0.674276 0.522234
0.788249 0.552381
0.731597 -0.290121
0.792691 -0.266280
0.944945 -0.188387
0.497831 1.405492
0.539441 1.404738
0.579022 1.404229
-0.021191 1.127626
0.027990 1.149982
0.080300 1.169098
0.141001 1.186223
0.180803 1.194853
0.278101 1.209313
0.708044 1.378532
0.720317 1.378301
0.738378 1.377882
0.809823 0.975504
0.825578 0.975010
0.834572 0.974526
0.852928 0.973555
0.550857 0.710079
0.592585 0.717191
0.633744 0.723705
0.723742 0.737252
0.285926 1.209605
0.332362 1.213520
0.375802 1.216116
0.508085 1.360112
0.520198 1.359945
0.531835 1.359786
-0.087654 0.390989
-0.054971 0.386094
-0.020237 0.381695
0.057545 0.375045
0.497138 0.752149
0.525113 0.756681
0.553409 0.760944
0.613456 0.769601
0.431288 0.860944
0.475621 0.867232
0.519964 0.872712
0.609742 1.123515
0.620997 1.123600
0.633532 1.123666
0.855357 1.118824
0.867016 1.117496
0.638505 0.280565
0.670097 0.289857
0.704439 0.300623
0.777120 0.325502
0.299014 0.790468
0.342637 0.800500
0.387523 0.809419
0.474430 0.824089
0.661232 1.100157
0.702308 1.099959
0.742160 1.099118
0.836787 1.093959
0.611035 0.829082
0.629215 0.830909
0.641267 0.832244
0.675144 0.835486
0.939540 -0.013319
0.954406 -0.004991
0.972854 0.005588
0.996928 0.019845
0.484209 0.619801
0.526034 0.628023
0.567703 0.636231
0.649688 0.652205
0.647676 0.663025
0.692889 0.671418
0.746488 0.681120
0.657569 -0.056606
0.704324 -0.040504
0.740760 -0.026771
0.847709 0.019110
0.836871 1.101058
0.866486 1.098040
0.907683 1.092427
0.974932 1.079111
0.803476 0.104519
0.842344 0.121308
0.877476 0.137474
0.364220 1.418174
0.399793 1.417899
0.430479 1.417489
0.486572 1.416503
-0.028288 0.952500
-0.015049 0.960654
-0.000205 0.969041
0.010492 0.974889
0.024158 0.982089
0.050198 0.995016
0.295159 0.023322
0.365363 0.027643
0.725549 0.477532
0.737034 0.480939
0.747451 0.483914
0.758738 0.487340
0.327728 1.319075
0.369281 1.320182
0.410985 1.320613
0.449224 1.320629
0.629581 0.399891
0.676554 0.412864
0.636817 0.889254
0.675587 0.891911
0.713539 0.894061
0.794867 0.896882
0.890061 0.044791
0.903150 0.051395
0.912855 0.056379
0.582667 1.389749
0.625699 1.389275
0.670215 1.388831
0.766486 1.386836
0.607002 0.991275
0.619062 0.991779
0.630464 0.992214
0.642499 0.992538
0.654929 0.993019
0.681860 0.993601
0.683621 0.340555
0.698166 0.345077
0.710179 0.348852
0.726762 0.354183
0.741006 0.358871
0.468229 1.151940
0.516339 1.153240
0.557541 1.153856
0.009086 0.515294
0.029490 0.517749
0.050425 0.520392
0.071726 0.523297
0.624762 1.258308
0.636955 1.258255
0.650044 1.258125
0.314768 1.344117
0.361372 1.345224
0.403590 1.345444
0.489094 1.344940
0.291262 0.561592
0.327115 0.568112
0.363224 0.575038
0.435412 0.589089
0.618872 0.798912
0.659165 0.803607
0.686124 0.806514
0.753441 0.812818
0.584669 0.887255
0.596370 0.888283
0.777082 -0.005093
0.784359 -0.002027
1.098351 0.234650
1.113883 0.247205
1.124815 0.256347
1.144151 0.273135
1.161106 0.288664
-0.049244 0.751726
-0.030452 0.761519
-0.010717 0.771657
0.030077 0.791684
0.593062 1.318525
0.649490 1.317989
1.138072 -0.118305
1.162879 -0.099432
0.130583 -0.094879
0.177043 -0.100527
0.223879 -0.103462
0.269361 -0.103958
0.313891 -0.102522
0.840458 0.996221
0.866572 0.994297
0.896614 0.991538
0.950863 0.984264
0.970607 -0.084367
1.003892 -0.064053
1.038547 -0.042008
0.615878 -0.294248
0.652982 -0.283859
0.701268 -0.268662
0.748886 -0.251414
0.832875 -0.215289
0.609288 0.914086
0.649937 0.916736
0.235979 1.404285
0.298050 1.406726
0.353013 1.407440
0.406963 1.407177
0.455204 1.406549
0.585233 1.075203
0.620267 1.075923
0.659268 1.076286
0.256584 1.184922
0.316481 1.191736
0.533067 0.383809
0.567006 0.391711
0.597980 0.399395
0.664973 0.417313
0.663277 0.238104
0.700466 0.249830
0.744502 0.264770
0.814958 0.291170
0.692957 -0.372218
0.751609 -0.352981
0.839154 -0.317530
0.784749 0.543302
0.821499 0.553624
0.857233 0.563877
0.925400 0.583883
0.858857 1.327495
0.875464 1.325629
0.911175 1.320681
0.934335 1.316727
1.005458 1.307865
1.020062 1.303624
1.041769 1.296634
1.090025 1.278373
0.909420 0.407736
0.941827 0.422282
0.971862 0.436479
1.034092 0.468149
0.677919 0.856128
0.708566 0.858426
0.750815 0.861092
0.815924 0.863896
0.366652 1.010605
0.434823 1.018467
0.478906 1.022160
0.590239 0.090706
0.642389 0.105639
0.689846 0.120788
0.990683 -0.058275
0.997537 -0.054081
1.009968 -0.046382
1.032214 -0.032285
0.880847 -0.261688
0.927849 -0.235930
0.991707 -0.196966
1.066949 -0.146442
0.683506 1.331286
0.741535 1.329964
0.677163 0.264277
0.703837 0.272710
0.226969 1.276131
0.334748 1.284213
0.382940 1.285805
0.428598 1.286547
0.512764 1.286581
0.829360 0.232417
0.841318 0.237534
0.616696 0.233510
0.657018 0.245197
0.701377 0.259067
0.784640 0.288244
0.295201 0.470851
0.325876 0.475230
0.417917 0.490757
0.429177 0.390042
0.463066 0.396253
0.496326 0.402918
0.569408 0.419369
0.536459 1.201211
0.549054 1.201285
0.715223 0.911553
0.753042 0.912937
0.799321 0.913604
0.865932 0.912844
0.314634 0.296855
0.396195 0.305838
0.460920 0.316359
0.533115 -0.088191
0.550741 -0.084049
0.564542 -0.080604
0.585065 -0.075176
0.635106 -0.060719
0.470657 1.090184
0.481320 1.090727
0.493867 1.091324
0.403102 0.362596
0.445305 0.369670
0.443602 0.642598
0.479079 0.649617
0.514413 0.656354
0.549725 0.663032
0.584275 0.669365
0.652900 0.681915
0.506492 0.441993
0.549142 0.451349
0.591592 0.461455
0.675866 0.483009
0.878686 0.663615
0.889119 0.665693
0.898972 0.667644
0.919183 0.671615
0.316050 1.162184
0.355674 1.165774
0.397401 1.168553
0.538671 1.264785
0.579312 1.264583
0.629327 1.264207
0.443772 0.604234
0.503091 0.616069
0.532541 0.621935
0.561880 0.627773
0.619982 0.639295
0.383822 1.391421
0.417878 1.391201
0.452592 1.390756
0.582177 1.478305
0.593853 1.478144
0.469110 1.146970
0.515979 1.148298
0.556741 1.149041
0.598597 1.149466
0.269834 0.770279
0.302744 0.778273
0.336883 0.786067
0.371486 0.793312
0.405176 0.799765
0.479406 0.812067
-0.339542 0.094834
-0.319754 0.065151
-0.289074 0.023552
0.800582 1.278846
0.821940 1.277290
0.599800 1.097841
0.612372 1.098114
0.626557 1.098280
0.651597 1.098452
0.825346 -0.231695
0.883586 -0.202660
0.930216 -0.176739
0.739591 1.192314
0.779087 1.190554
0.836507 1.186273
0.575545 0.568841
0.587199 0.571377
0.196400 1.166791
0.260649 1.177269
0.322395 1.184192
0.654658 1.362903
0.698034 1.362334
0.749795 1.361134
0.473712 1.294106
0.513088 1.293940
0.550283 1.293676
0.631850 1.292960
0.534996 -0.253883
0.595677 -0.239461
0.654818 -0.222663
0.762308 -0.184041
0.708021 0.913521
0.719521 0.913990
0.730525 0.914391
0.878436 0.783892
0.899373 0.785317
0.921514 0.786641
0.047151 0.206630
0.079540 0.199896
0.124000 0.192845
0.193857 0.186297
0.269262 0.184747
0.651522 0.745272
0.663014 0.746915
0.674306 0.748504
0.697423 0.751676
0.434904 1.014583
0.490534 1.019160
0.697429 -0.323489
0.763180 -0.300400
0.824038 -0.274921
0.892739 -0.191647
0.945254 -0.161848
0.270390 1.150377
0.323147 1.156652
0.380508 1.161435
0.470518 1.165642
1.341404 0.546829
1.353569 0.558346
0.628058 0.476141
0.666851 0.486160
0.712724 0.498523
0.778198 0.516972
0.459031 1.108181
0.498708 1.109831
0.536442 1.111150
-0.166954 1.288856
-0.099078 1.325703
-0.037308 1.350996
0.019461 1.368406
0.541550 1.325999
0.574390 1.325652
0.607256 1.325318
0.682124 1.324439
0.905952 0.079446
0.940477 0.097512
0.968804 0.113192
1.034722 0.153598
0.488482 0.921709
0.522951 0.925057
0.559695 0.928358
0.629317 0.933165
0.602558 0.785464
0.644988 0.790814
0.401063 1.231592
0.444916 1.232589
0.482279 1.233099
0.562465 1.233352
0.786997 -0.200451
0.831149 -0.180339
0.865944 -0.163049
0.944930 -0.119561
0.672948 1.034848
0.686355 1.034975
0.674893 0.343683
0.715314 0.356165
0.755364 0.369270
0.830592 0.396262
0.282941 1.048412
0.325281 1.055200
0.377406 1.061919
0.461802 -0.460050
0.554924 -0.445289
0.645535 -0.425817
0.486230 0.309832
0.511833 0.315145
0.524385 0.317843
0.536801 0.320632
0.281158 0.167911
0.344932 0.171228
0.661580 1.143058
0.707790 1.142527
0.738682 1.141695
0.833012 1.136263
0.688812 0.439436
0.718182 0.447909
0.747126 0.456690
0.801907 0.473959
0.977755 1.398517
1.023852 1.387162
1.096115 1.362963
1.203269 1.309474
0.867033 0.970436
0.884178 0.969204
0.888342 0.968822
0.631801 -0.306223
0.690203 -0.288826
0.750867 -0.267450
0.844743 -0.226671
0.640919 -0.102750
0.689294 -0.086680
0.733742 -0.070246
0.785759 -0.048960
0.828782 -0.029776
0.909540 0.010015
0.512242 1.413874
0.523723 1.413674
0.535711 1.413472
0.558382 1.413125
0.617962 1.379125
0.659890 1.378695
0.697318 1.378225
0.886203 0.171406
0.922094 0.189193
1.027454 0.250061
0.331935 0.153803
0.347663 0.154979
0.361130 0.156141
0.663910 1.388378
0.708373 1.387761
0.622571 -0.249076
0.698397 -0.225458
0.765556 -0.200063
0.401215 0.685282
0.452633 0.695152
0.537466 0.710420
0.414370 -0.219456
0.475698 -0.209708
0.533883 -0.198051
0.585371 -0.185579
0.634791 -0.171599
0.934954 -0.114025
0.965289 -0.096258
0.995425 -0.077942
1.047173 -0.044920
0.669756 1.378504
0.711375 1.377908
0.864495 1.369899
