0.102229
-0.328517
0.248533
-0.855564
0.384061
0.302064
-0.855218
0.404979
0.123544
0.229972
-0.857291
-0.854633
0.000132
0.095483
0.403768
0.576512
0.515435
0.049629
0.576114
0.285228
0.452499
0.658037
-0.178431
-0.855355
-0.856618
0.299844
0.178380
0.339239
0.107289
0.070752
0.443035
-0.857536
-0.856646
-0.856835
0.443105
0.229108
0.442556
-0.067176
0.266227
0.249098
0.294299
0.141594
0.155172
0.153767
-0.865993
0.200123
0.321930
-0.856468
0.359067
0.314164
0.248070
-0.256046
0.369677
0.353895
-0.013303
0.112158
0.378616
0.293845
-0.855531
0.232387
0.222698
0.301994
-0.855355
0.115604
0.481401
0.093551
-0.856409
0.042510
0.189703
0.485011
-0.193355
0.299407
-0.855125
0.332305
-0.211654
0.146838
-0.003063
0.170746
0.080629
0.257610
0.302737
-0.254847
-0.863489
0.108438
0.274352
0.279544
0.323133
0.528647
0.162028
-0.856104
0.110477
0.493504
0.192353
-0.862896
0.558938
-0.855951
0.347761
0.296541
-0.854758
0.120547
0.602197
0.278155
0.398011
0.185793
-0.858188
0.414851
-0.855655
0.430527
0.372457
0.010433
0.372773
-0.854404
-0.317438
0.302467
0.322196
0.302906
0.318666
0.384066
0.195105
-0.855873
-0.857992
0.416325
0.195890
-0.855220
0.441698
-0.001942
0.421488
-0.855328
-0.856176
0.158817
0.412579
0.355068
-0.586276
-0.855881
0.409160
0.524773
0.305403
0.180381
0.265448
-0.071274
-0.856422
0.604783
-0.855665
0.128282
0.525836
0.311422
-0.855108
0.378153
-0.855790
-0.855700
0.414640
-0.142613
-0.856054
0.210970
0.253180
0.219728
-0.855791
-0.855331
-0.865350
-0.215265
0.586802
-0.855622
-0.023159
0.042096
0.280031
0.044828
0.396962
0.352516
0.229956
0.441500
0.164403
0.243240
0.389473
0.353173
-0.861145
-0.856855
0.280278
0.282810
0.418087
0.496338
-0.855746
0.409317
0.620872
-0.855286
0.297320
-0.855828
0.368417
0.082115
0.155789
-0.855281
0.344134
0.200887
-0.855172
-0.855394
0.042810
0.234703
0.423061
-0.857977
0.173681
0.376711
0.059784
0.022875
-0.855781
0.392421
0.157264
0.432000
-0.857118
-0.856470
0.405790
0.331568
-0.855369
0.479080
0.415479
0.267949
0.273839
-0.855816
-0.083345
0.171296
-0.855792
0.578545
0.323191
0.472652
0.336043
-0.170290
0.340770
0.258065
0.074878
0.181995
0.168577
0.226036
0.448965
0.287659
0.170816
-0.855926
0.365524
0.452926
0.449337
-0.855339
0.654915
0.299580
0.068674
0.215191
-0.856490
0.227368
0.293183
-0.855613
0.270397
0.283549
-0.855752
0.422303
0.507981
0.416941
0.217438
0.035654
0.335068
