1.107637
0.719990
1.282143
0.425043
1.468234
1.352648
0.425190
1.499271
1.131500
1.258565
0.424310
0.425439
1.000132
1.100190
1.497456
1.779819
1.674367
1.050881
1.779112
1.330066
1.572237
1.930999
0.836582
0.425132
0.424596
1.349648
1.195280
1.403879
1.113256
1.073315
1.557427
0.424206
0.424584
0.424504
1.557537
1.257478
1.556681
0.935031
1.305032
1.282867
1.342186
1.152109
1.167859
1.166219
0.420634
1.221553
1.379788
0.424659
1.431993
1.369115
1.281550
0.774106
1.447267
1.424606
0.986785
1.118690
1.460262
1.341576
0.425058
1.261608
1.249444
1.352553
0.425132
1.122552
1.618340
1.098067
0.424685
1.043426
1.208890
1.624192
0.824189
1.349058
0.425230
1.394178
0.809245
1.158167
0.996942
1.186190
1.083969
1.293834
1.353558
0.775035
0.421688
1.114536
1.315678
1.322526
1.381450
1.696635
1.175893
0.424814
1.116811
1.638045
1.212099
0.421938
1.748814
0.424879
1.415893
1.345197
0.425386
1.128114
1.826126
1.320691
1.488860
1.204173
0.423930
1.514145
0.425005
1.538068
1.451297
1.010487
1.451755
0.425537
0.728012
1.353193
1.380155
1.353788
1.375292
1.468242
1.215439
0.424912
0.424013
1.516378
1.216393
0.425190
1.555345
0.998060
1.524229
0.425144
0.424783
1.172123
1.510708
1.426278
0.556395
0.424909
1.505553
1.690076
1.357172
1.197673
1.304015
0.931207
0.424679
1.830855
0.425001
1.136874
1.691872
1.365366
0.425237
1.459587
0.424947
0.424985
1.513826
0.867090
0.424835
1.234875
1.288116
1.245738
0.424947
0.425142
0.420904
0.806328
1.798228
0.425019
0.977107
1.042995
1.323171
1.045848
1.487300
1.422642
1.258545
1.555038
1.178689
1.275374
1.476203
1.423577
0.422678
0.424495
1.323498
1.326852
1.519053
1.642695
0.424966
1.505790
1.860550
0.425162
1.346246
0.424931
1.445445
1.085581
1.168580
0.425164
1.410768
1.222486
0.425210
0.425115
1.043740
1.264533
1.526627
0.424019
1.189676
1.457483
1.061607
1.023139
0.424951
1.480560
1.170305
1.540336
0.424383
0.424658
1.500487
1.393151
0.425126
1.614588
1.515097
1.307280
1.315003
0.424936
0.920034
1.186842
0.424946
1.783441
1.381529
1.604243
1.399399
0.843420
1.406029
1.294423
1.077752
1.199609
1.183619
1.253621
1.566689
1.333302
1.186273
0.424889
1.441269
1.572908
1.567272
0.425139
1.924979
1.349292
1.071088
1.240099
0.424650
1.255292
1.340688
0.425022
1.310485
1.327834
0.424963
1.525471
1.661933
1.517313
1.242889
1.036297
1.398035
