0.250704
0.131469
0.197211
0.275555
0.244927
0.162998
-0.035132
0.214350
0.189834
0.258815
-1.173193
0.315933
-1.173193
0.167156
0.163543
0.267001
0.035849
0.310827
0.192784
0.226771
-1.173193
0.211642
-0.036242
0.180141
-1.173193
0.151684
0.290703
0.222466
0.295752
0.056705
0.103478
0.240957
0.124618
0.088635
0.127727
0.020618
0.284243
0.481226
0.382021
0.225205
0.038902
0.289595
-1.173193
0.266579
0.295929
0.118673
0.337545
-1.173193
-1.173193
0.097599
0.227879
0.263851
0.275012
0.356999
0.235068
0.181801
-1.173193
0.255797
-1.173193
-1.173193
0.322380
0.117266
-1.173193
0.274512
0.150549
0.253905
0.415126
0.331392
0.330318
0.393384
0.221646
0.176567
0.285072
0.146241
0.247141
0.174978
0.344163
0.277150
-0.074494
0.245308
-1.173193
0.274637
0.186392
0.308473
0.232297
0.402134
0.157734
0.216367
0.304689
0.194260
0.203730
0.184327
0.419961
0.200401
-1.173193
0.281340
0.082978
-1.173193
0.195847
-1.173193
0.535911
0.162410
0.030081
-1.173193
0.074721
0.229240
0.198008
-1.173193
-0.430260
0.359403
0.107084
-1.173193
0.049154
0.150382
0.254576
0.124450
-0.003197
0.217412
0.252854
0.018556
0.084930
0.160799
0.056578
0.202467
0.349400
-1.173193
0.090892
0.060569
0.235682
0.014542
0.306232
0.178736
-1.173193
0.342262
0.242025
0.239734
0.420242
-1.173193
0.201920
0.328407
0.091780
0.109640
0.126155
0.144411
0.265275
0.148088
-0.000238
-0.001527
0.338894
-1.173193
