-0.419302
0.723966
0.357077
0.401693
-0.318891
1.864028
0.392871
-0.103982
0.094299
-1.535009
-0.718875
0.549255
0.129718
-1.476744
-0.020323
1.793836
0.657310
1.817265
0.056730
1.210393
-0.205664
-1.836393
-0.480993
-0.071658
-0.753170
-1.229697
1.670423
1.068419
-2.285231
-0.114965
0.718085
-0.180545
2.280336
-1.238128
-1.515759
0.418851
0.056495
0.239052
1.144993
0.746661
-0.914426
0.501620
-0.699863
1.016165
-0.912953
0.006264
1.409515
-0.457430
-0.072260
-1.063709
1.000949
-1.160506
-1.555766
0.147045
0.425341
-0.330458
0.132678
-2.356683
0.663522
0.198152
-1.303654
-0.112291
-1.142694
1.409071
-2.159697
0.225963
0.143427
0.384309
-1.582441
0.639436
0.215076
1.893545
0.500322
-0.648507
0.059934
-2.166972
-0.869132
-1.255964
-0.153417
0.939513
-0.033193
-0.324929
0.415169
0.888581
-0.340192
1.503655
-1.431133
-0.918722
0.982341
0.309352
-1.214648
0.615763
-0.783211
0.543560
1.209886
-0.999045
0.551519
-0.361524
0.155188
0.051759
-1.865970
-0.560279
-0.678253
-0.387461
-0.156390
-0.180288
-1.545511
-0.284723
0.143058
2.584771
0.718233
-0.341029
1.308037
-0.635121
-1.301506
-1.617223
0.405084
0.318283
-0.343691
-0.574152
0.131011
-0.620457
0.191040
1.680878
0.232924
-0.040428
-0.845984
0.001851
1.502631
0.218213
0.560409
1.975466
-0.563973
1.943149
0.708171
-0.623660
-1.080050
0.267027
-0.704864
2.264729
0.328117
0.166465
0.648437
1.466211
0.844937
0.018159
0.476986
-0.916385
-0.711020
-0.225483
