77.546172
82.341875
83.984162
77.456285
75.354210
68.505654
60.100936
74.446202
70.450654
75.974297
98.450834
67.658612
46.193529
73.629719
52.669494
66.086122
46.193529
73.551948
71.077055
77.216642
98.450834
86.774091
98.450834
70.075128
98.450834
79.955908
56.993531
59.694362
76.169565
46.193529
46.193529
60.176359
78.750651
77.917392
73.536302
46.193529
55.303212
69.152609
80.047765
74.083318
98.450834
51.095520
98.450834
63.186512
62.436120
52.215589
61.666965
46.193529
98.450834
84.967708
78.475075
74.765589
69.654887
53.328301
78.478756
48.082283
46.193529
79.716206
98.450834
98.450834
68.168135
84.276904
98.450834
75.551753
76.212490
73.174159
73.347834
67.757683
63.287825
77.185460
52.860673
63.634690
79.098366
98.450834
77.543048
82.282737
79.227596
76.894438
98.450834
61.154086
46.193529
63.286961
85.660970
81.301964
66.424212
85.970427
72.738959
69.994615
80.142654
69.596931
80.619735
52.567346
67.896214
79.881055
98.450834
78.778905
50.841766
46.193529
69.095450
46.193529
51.875361
91.184015
98.450834
98.450834
70.753723
71.259428
75.628332
98.450834
46.193529
73.759314
86.234618
98.450834
87.347931
72.743651
71.127262
87.137944
53.013498
80.002760
51.659114
58.015825
98.450834
65.016289
98.450834
67.446063
74.924767
46.193529
66.721916
96.268312
59.138116
46.193529
76.103095
75.313998
46.193529
71.011062
56.879315
75.322237
71.939096
98.450834
82.966559
71.189597
67.297137
56.716327
67.079858
80.826809
80.434084
74.645774
46.193529
50.022800
69.207321
46.193529
