1.313453
1.434544
1.262584
0.905617
1.466002
0.395345
1.173592
1.181635
1.387089
1.450819
0.391002
1.395130
1.343040
1.564628
1.301524
0.384464
1.397001
1.297399
0.395825
1.833112
1.310543
1.481031
0.391101
1.175811
1.353155
1.221323
1.357706
1.102391
1.540725
0.677828
1.575444
1.623975
1.358174
1.094259
1.258416
1.563220
1.386054
1.352631
0.922743
1.826622
0.997078
0.390584
1.608761
0.392741
1.147713
0.870389
1.396822
0.391760
0.926304
0.395134
1.574671
1.866533
1.201599
1.275937
0.818675
1.293658
1.220952
1.752333
1.144763
1.730786
1.443830
0.823841
0.394899
1.293783
1.330301
1.293107
0.861028
1.336617
1.052555
1.321211
0.395367
1.151612
1.609143
0.394251
1.403238
1.331262
0.388147
1.141327
0.395404
1.051938
1.306808
1.184912
1.128503
0.393255
1.236335
1.306279
0.488909
1.552651
1.449218
1.371904
1.317623
1.178323
0.395461
0.392895
1.077570
0.390990
1.187313
1.320746
1.254307
0.935677
0.390469
1.529800
1.158693
1.197613
1.236033
1.244722
1.199100
0.816648
0.395552
1.253831
1.277084
0.947016
1.190427
1.237648
1.556063
0.387139
1.357577
1.400607
1.385998
1.225021
0.842782
1.196772
1.244640
1.139993
1.487594
0.395005
1.380746
1.123046
0.394007
0.395086
0.394850
1.766297
1.555985
0.396812
0.396600
0.391035
1.392387
1.032744
0.391375
1.182064
1.372918
1.048411
0.392488
1.431863
0.395670
0.395284
0.393976
1.251978
1.406344
1.264497
1.207016
1.207241
1.295223
1.698635
1.522771
1.042669
1.650404
1.096024
1.196729
1.646133
1.318492
1.432721
1.251017
0.392457
0.395251
1.489741
0.875012
1.148859
1.420533
1.352061
0.397169
0.387899
0.752399
1.643827
1.396758
1.041329
1.604341
1.606266
1.219860
1.396134
0.395187
1.161757
1.298135
1.144444
0.387984
0.394161
0.393115
1.183581
1.061874
1.424046
1.637494
1.035396
1.448588
1.457057
0.394404
0.395272
1.335663
0.395820
1.097697
1.370407
1.144702
0.396752
0.399017
1.170900
1.094615
1.022219
1.346889
1.411999
1.361126
1.378609
0.397018
1.821202
1.418358
0.872585
1.502932
1.164893
1.108751
1.568743
1.294566
1.471310
1.359437
1.127694
1.189508
1.482774
1.374985
1.506510
1.210727
1.583815
0.843326
1.034269
1.155349
1.277069
1.110744
1.642728
0.390817
1.426091
0.396131
1.200443
1.252238
1.479307
