0.988792
0.046298
1.128664
-0.361788
-1.954038
0.390705
2.102945
0.450050
0.174268
1.200801
0.026287
0.669620
-0.053552
1.141586
0.110662
3.471219
0.816478
-1.480598
-0.362860
-0.932998
1.154731
-0.696794
-1.072244
-1.232713
-0.183983
1.284431
0.686634
0.608354
1.600960
0.321685
-0.045203
0.532504
1.353558
0.888507
-0.446093
0.375453
0.086368
0.123570
-0.717795
0.740390
-0.044890
3.262918
0.878954
1.017417
0.287289
-0.720218
0.854370
0.890606
-0.759690
-0.540129
0.031675
-0.977596
0.166413
-0.185481
-0.263083
-0.577304
-0.651391
-1.104066
-0.863991
1.533642
-1.041000
-0.913905
-0.565417
-0.299031
-0.829158
-0.922284
-1.454133
-1.129056
-0.640483
0.199461
-0.474118
-1.108656
-1.693298
-0.778470
-0.890624
-1.864528
0.171376
0.928328
0.834086
-0.774138
-0.446010
0.787812
1.123052
0.226622
-1.213787
0.465854
-0.721447
0.699681
0.755860
-1.927885
1.867292
-1.017486
-0.075223
0.645267
-0.630965
-0.462856
0.821103
0.483898
-0.469604
-0.079258
-0.075207
1.027753
-0.383250
-0.809509
0.207309
-1.216314
-0.447180
0.137206
-1.049459
0.767165
0.178274
-0.258527
-0.596911
0.188346
1.625841
-0.766349
0.366062
0.662750
1.035961
-0.370656
-0.348093
0.575259
2.250811
-1.314086
1.708895
-0.887674
-0.515884
0.687615
1.463824
-0.665273
0.411351
-1.723878
0.084808
-1.140153
-0.354603
-0.770948
-0.975661
-0.432294
-0.988017
-0.733036
-0.273879
0.130903
-0.613196
0.913790
1.060004
-0.162048
0.379503
0.718916
0.064667
-0.266338
-0.063073
-0.794942
-0.064398
2.415441
0.153966
-1.249214
-0.109875
1.494425
0.823871
1.971787
1.312529
0.006595
-0.426843
-0.295252
-1.266963
-0.387115
0.700047
0.082050
0.034333
-0.709075
-0.357291
-0.514842
-1.048457
-1.137916
-0.572334
0.469254
0.171288
-1.341117
0.009954
-0.072369
0.696715
1.106199
-0.030655
-1.475701
-0.178852
1.026941
0.733353
0.988223
0.233885
-1.807918
2.110191
2.876518
-0.329539
-0.555039
-0.827627
2.412878
2.009201
-0.550351
-0.112804
0.675628
-0.670765
0.184385
-0.481849
-0.914723
-0.511157
-1.467780
-0.625189
0.836375
-0.532966
-1.126440
0.729682
-2.031299
-0.331167
-0.507384
-0.194292
-0.250768
1.775555
1.199557
-1.036515
-0.375061
-0.192762
0.265428
-1.149308
-0.193924
2.389028
-0.073895
0.869664
-0.035421
-0.606191
0.864498
-0.345795
-2.124763
0.111521
0.828686
-0.388456
-0.061818
-0.268420
-0.006938
-0.618394
-0.963827
