67.458144
64.600882
58.414191
78.722326
59.713964
48.729858
78.883861
78.779760
48.483433
58.125458
48.746432
68.069225
60.934773
70.037886
65.304526
48.880998
69.442447
56.147667
48.725994
67.460094
67.257368
74.081272
48.757970
56.174249
71.494352
61.521557
70.739405
75.767569
55.037688
78.733536
73.122472
77.369719
73.398694
54.745189
65.100985
64.361605
71.100183
69.375974
78.716761
72.880411
71.953095
48.761560
74.780617
48.749398
67.426618
78.717444
60.697840
48.786666
70.590601
48.762797
63.528574
69.315754
72.830891
57.103186
78.718212
62.108564
65.125302
60.613332
77.400883
63.258778
63.364691
64.784894
48.746324
66.027106
71.406722
60.395172
70.579160
66.195813
65.012222
63.140307
48.731706
58.681454
69.009605
48.775760
48.662125
60.899569
48.765186
78.809548
78.722022
72.623822
60.514335
60.520248
68.359529
48.755074
68.519019
55.890937
78.727272
62.645453
66.875433
54.204351
57.325702
75.389938
48.729132
48.750732
72.862856
48.807950
56.086925
71.186705
73.479013
78.719056
48.763485
58.910346
78.795117
67.516495
58.411630
66.828053
78.844694
78.745486
78.722756
73.873804
64.764351
78.756437
77.373104
58.220639
78.837309
48.777946
48.637083
56.046305
64.951387
73.876084
78.733248
63.431707
48.664343
74.609564
57.684331
48.770071
49.206347
58.758360
48.751225
48.741890
48.733046
67.743090
63.943014
78.733894
48.743096
48.745576
69.079972
78.730369
48.762664
52.467747
58.989350
71.712368
48.751094
69.114970
48.731281
48.730644
48.705066
67.852420
66.413500
69.590529
58.591553
78.791255
76.664762
66.893574
72.586468
78.843938
56.653400
74.218023
68.426294
66.107388
50.822975
66.389842
72.649497
48.780192
48.753513
69.693748
65.482538
76.954573
56.439854
70.370949
48.744853
48.765749
78.718819
68.742141
68.523070
61.102244
48.587422
54.231325
61.193261
48.424994
78.720384
68.289992
70.813964
71.449697
48.770349
48.736698
48.773396
48.698768
78.745509
52.838757
66.043159
48.765199
71.033682
59.918217
48.736893
48.712356
48.195604
48.759124
68.438764
48.487539
74.823923
48.745147
48.698866
61.436726
68.010777
58.733157
71.652623
55.609291
61.260546
64.598164
78.741337
78.671571
64.979709
78.714053
67.236119
60.810404
63.357117
63.495497
78.896368
58.557972
58.931287
51.512496
61.330825
60.279173
67.524574
65.575888
58.389332
67.199546
78.694354
54.446417
62.008044
58.328752
66.530610
65.368840
48.764271
55.091754
78.742048
70.880567
70.119423
66.216608
