0.000000 -0.005028 0.175338
0.000000 -0.000000 0.103754
0.000000 0.000000 0.098892
0.000000 0.000302 0.145877
0.000000 0.016037 0.212034
0.000000 0.006133 0.182757
0.000000 -0.000002 0.123272
0.000000 -0.002769 0.153629
0.000000 0.006585 0.200169
0.000000 0.028095 0.204732
0.000000 0.035514 0.217891
0.000000 -0.002906 0.196871
1.000000 -0.198224 0.464569
0.000000 -0.000880 0.124236
0.000000 0.020468 0.185341
0.000000 0.051047 0.236472
0.000000 0.023415 0.223332
0.000000 0.025928 0.202386
0.000000 0.000000 0.093018
0.000000 0.005329 0.159838
0.000000 0.039078 0.242721
0.000000 0.017531 0.214897
0.000000 0.004955 0.182363
0.000000 0.001442 0.156890
0.000000 0.004075 0.180350
