37.115981
37.393161
37.670341
37.947522
38.224702
38.501882
38.779063
39.056243
39.333423
39.610604
39.887784
40.164964
40.442145
40.719325
40.996505
41.273686
41.550866
41.828046
42.105227
42.382407
42.659588
42.936768
43.213948
43.491129
43.768309
44.045489
44.322670
44.599850
44.877030
45.154211
45.431391
45.708571
45.985752
46.262932
46.540112
46.817293
47.094473
47.371653
47.648834
47.926014
48.203194
48.480375
48.757555
49.034735
49.311916
49.589096
49.866277
50.143457
50.420637
50.697818
50.974998
51.252178
51.529359
51.806539
52.083719
52.360900
52.638080
52.915260
53.192441
53.469621
53.746801
54.023982
54.301162
54.578342
54.855523
55.132703
55.409883
55.687064
55.964244
56.241424
56.518605
56.795785
57.072966
57.350146
57.627326
57.904507
58.181687
58.458867
58.736048
59.013228
59.290408
59.567589
59.844769
60.121949
60.399130
60.676310
60.953490
61.230671
61.507851
61.785031
62.062212
62.339392
62.616572
62.893753
63.170933
63.448113
63.725294
64.002474
64.279655
64.556835
64.834015
65.111196
65.388376
65.665556
65.942737
66.219917
66.497097
66.774278
67.051458
67.328638
67.605819
67.882999
68.160179
68.437360
68.714540
68.991720
69.268901
69.546081
69.823261
70.100442
70.377622
70.654802
70.931983
71.209163
71.486344
71.763524
72.040704
72.317885
72.595065
72.872245
73.149426
73.426606
73.703786
73.980967
74.258147
74.535327
74.812508
75.089688
75.366868
75.644049
75.921229
76.198409
76.475590
76.752770
77.029950
77.307131
77.584311
77.861491
78.138672
78.415852
78.693033
78.970213
79.247393
79.524574
79.801754
80.078934
80.356115
80.633295
80.910475
81.187656
81.464836
81.742016
82.019197
82.296377
82.573557
82.850738
83.127918
83.405098
83.682279
83.959459
84.236639
84.513820
84.791000
85.068180
85.345361
85.622541
85.899721
86.176902
86.454082
86.731263
87.008443
87.285623
87.562804
87.839984
88.117164
88.394345
88.671525
88.948705
89.225886
89.503066
89.780246
90.057427
90.334607
90.611787
90.888968
91.166148
91.443328
91.720509
91.997689
92.274869
