0.623929 0.427356
0.624807 0.429371
0.627629 0.435883
0.630406 0.442347
0.633139 0.448768
0.635828 0.455148
0.641073 0.467797
0.646145 0.480323
0.651007 0.492719
0.655760 0.505103
0.660492 0.517576
0.664983 0.529957
0.669264 0.542285
0.673721 0.554954
0.691487 0.607280
0.701911 0.635861
0.715705 0.626510
0.716533 0.628978
0.720629 0.640562
0.722563 0.645907
0.729690 0.664552
0.735262 0.677566
0.748410 0.705293
0.765471 0.736325
0.788371 0.772358
0.818821 0.814970
0.858831 0.866437
0.907918 0.927145
0.962254 0.994549
1.013386 1.060684
1.119709 1.223726
1.137251 1.258246
0.787406 0.474456
0.788063 0.476934
0.789929 0.484191
0.791777 0.491473
0.793388 0.498576
0.794994 0.505716
0.798009 0.519999
0.800767 0.534066
0.803258 0.548078
0.805810 0.562311
0.808135 0.576406
0.810295 0.590377
0.812620 0.604585
0.815186 0.619077
0.820572 0.648038
0.837981 0.710500
0.398199 0.149245
0.397035 0.168277
0.396126 0.187129
0.395542 0.205787
0.395350 0.224246
0.395615 0.242505
0.399725 0.296111
0.272718 0.543850
0.275245 0.549336
0.279175 0.557487
0.283280 0.565564
0.287560 0.573565
0.292011 0.581485
0.615146 0.595020
0.615354 0.595536
0.753070 0.550809
0.756192 0.565803
0.759142 0.580783
0.762395 0.596259
0.765576 0.611721
0.769341 0.627877
0.778252 0.661372
0.784336 0.679558
0.496144 0.561635
0.507220 0.577040
0.518498 0.592707
0.529915 0.608655
0.541519 0.625006
0.586983 0.692691
0.907111 0.539459
0.908127 0.544518
0.911092 0.559385
0.913986 0.574157
0.917037 0.589096
0.919940 0.603759
0.926032 0.633067
0.932286 0.661861
0.938889 0.690198
0.945509 0.717481
0.952542 0.744048
0.960251 0.770018
0.969959 0.796676
0.982954 0.825203
1.122088 1.025843
1.216239 1.177100
0.902195 0.630438
0.902965 0.635124
0.905769 0.649493
0.909800 0.668685
0.911618 0.677878
0.914898 0.692125
0.921641 0.719868
0.929390 0.747320
0.939517 0.775738
0.953715 0.806631
0.974165 0.842166
1.004726 0.886807
1.050347 0.947470
1.250507 1.285191
0.497169 0.659612
0.501007 0.664310
0.504808 0.668997
0.512377 0.678431
0.523054 0.692158
0.580010 0.464463
0.582030 0.468676
0.585049 0.474970
0.588130 0.481325
0.594027 0.493762
0.600111 0.506407
0.606046 0.518983
0.541752 0.474393
0.544028 0.478676
0.547535 0.485222
0.550999 0.491714
0.554641 0.498356
0.558092 0.504817
0.565255 0.517984
0.572585 0.531354
0.579865 0.544766
0.587097 0.558259
0.594517 0.572098
0.602043 0.586236
0.634306 0.647142
0.653124 0.681513
0.853957 0.702677
0.855027 0.706475
0.859052 0.718482
0.863901 0.731105
0.869116 0.743786
0.875664 0.757561
0.891639 0.787031
0.914545 0.822247
0.945869 0.865032
0.988909 0.919849
1.042856 0.988163
1.223526 1.307091
0.526868 0.450273
0.528883 0.454199
0.531923 0.460069
0.534992 0.465933
0.538087 0.471792
0.541206 0.477649
0.547476 0.489337
0.553860 0.501084
0.560308 0.512875
0.566811 0.524736
0.573472 0.536798
0.607210 0.599296
0.621486 0.626227
1.153698 0.830362
1.154037 0.831321
1.155057 0.834224
1.155787 0.836768
1.156763 0.839610
1.157981 0.842742
1.159558 0.847947
0.691832 0.531215
0.693131 0.535442
0.695053 0.541782
0.696954 0.548144
0.698838 0.554533
0.700595 0.560831
0.704463 0.573934
0.708273 0.587138
0.712227 0.600637
0.716425 0.614510
0.720863 0.628699
0.725940 0.643600
0.780392 0.754605
0.259671 0.531348
0.260667 0.533883
0.263687 0.541304
0.266842 0.548671
0.270133 0.555981
0.273557 0.563230
0.282084 0.579946
0.296834 0.605349
0.305596 0.618832
0.314847 0.632059
0.390235 0.717267
0.581595 0.632862
0.582163 0.633707
0.342593 0.203861
0.341564 0.208532
0.338709 0.222366
0.750656 0.557991
0.751406 0.561977
0.752705 0.568168
0.754122 0.574527
0.755419 0.580777
0.756602 0.586917
0.759402 0.599767
0.763049 0.616726
0.765289 0.625890
0.768560 0.639272
0.788527 0.698852
0.805353 0.734076
0.423331 0.543321
0.424748 0.545223
0.429408 0.551413
0.434157 0.557630
0.438989 0.563876
0.443900 0.570151
0.454033 0.582900
0.464304 0.595667
0.476426 0.610649
0.485182 0.621448
0.495858 0.634652
0.516707 0.660988
0.526796 0.674138
0.545710 0.700000
0.441244 0.633582
0.446152 0.639122
0.451179 0.644778
0.465902 0.661370
0.470655 0.666766
0.252394 0.461062
0.262225 0.495147
0.262955 0.497300
0.265171 0.503616
0.267494 0.509905
0.269922 0.516166
0.272456 0.522396
0.277838 0.534759
0.283636 0.546984
0.289846 0.559059
0.296463 0.570978
0.303479 0.582736
0.310886 0.594330
0.318675 0.605761
0.326850 0.617062
0.344185 0.639102
0.362805 0.660651
0.382412 0.681689
0.481124 0.485122
0.481879 0.486376
0.485380 0.492162
0.489017 0.498041
0.492617 0.503845
0.496412 0.509809
0.503962 0.521619
0.511593 0.533436
0.519482 0.545477
0.527512 0.557665
0.535772 0.570127
0.543925 0.582568
0.552392 0.595438
0.560724 0.608323
0.577860 0.635102
0.595349 0.663058
0.613272 0.692312
0.631876 0.723057
0.828955 0.638156
0.829499 0.640468
0.830595 0.646705
0.832051 0.653358
0.833285 0.659675
0.834910 0.666427
0.838168 0.679730
0.841942 0.693341
0.846367 0.707354
0.851613 0.721894
0.857885 0.737122
0.865221 0.753015
0.874580 0.770550
0.885696 0.789391
0.915766 0.833701
0.959969 0.891388
1.020175 0.967039
1.086897 1.054864
0.707391 0.584526
0.708037 0.586757
0.709914 0.593476
0.710571 0.595713
0.714066 0.607447
0.716374 0.614730
0.721056 0.629397
0.726283 0.644666
0.732253 0.660673
0.739051 0.677422
0.747250 0.695445
0.757056 0.714845
0.768883 0.735951
0.783220 0.759173
0.821946 0.814358
0.876949 0.884596
0.947021 0.971025
1.017053 1.060886
0.525024 0.335021
0.534345 0.357772
0.543885 0.380042
0.553594 0.401854
0.563413 0.423245
0.573278 0.444273
0.592903 0.485550
0.602545 0.505999
0.612231 0.526659
1.063800 0.801322
1.066301 0.809198
1.072445 0.830303
1.072349 0.830529
1.084623 0.871032
1.092122 0.891489
1.116195 0.940048
1.163364 1.014668
1.229013 1.122297
1.277579 1.226831
1.300130 1.302285
1.306970 1.350379
1.303785 1.376908
1.293545 1.387166
1.267593 1.385035
1.255150 1.384443
1.259169 1.394593
0.456986 0.208728
0.460508 0.224752
0.464243 0.240644
0.468198 0.256389
0.472381 0.271976
0.476799 0.287397
0.486409 0.317756
0.491500 0.332625
0.496886 0.347356
0.766667 0.889992
0.772348 0.897445
0.790459 0.920601
0.830357 0.969011
0.852183 0.994227
0.898010 1.044958
0.944973 1.094673
0.989971 1.140845
1.031281 1.182400
1.067798 1.218650
1.099562 1.249891
1.127079 1.276772
1.150988 1.300005
0.739133 0.680706
0.740923 0.684544
0.745943 0.695466
0.751704 0.707065
0.758320 0.719430
0.765547 0.732269
0.782782 0.760298
0.804319 0.791980
0.831900 0.829111
0.865290 0.871682
0.905110 0.920878
0.948955 0.975018
0.992585 1.030321
0.754241 0.542113
0.754658 0.544057
0.755743 0.549639
0.757061 0.555506
0.758111 0.561106
0.759399 0.567003
0.761724 0.578645
0.764042 0.590256
0.766443 0.602079
0.768976 0.614082
0.771709 0.626310
0.774725 0.638816
0.777980 0.651493
0.781863 0.664749
0.791680 0.692899
0.805478 0.724141
0.825309 0.760119
0.734039 0.476227
0.734397 0.477413
0.736022 0.482884
0.737593 0.488329
0.738305 0.490848
0.740586 0.499152
0.743351 0.509859
0.746001 0.520568
0.748512 0.531248
0.750904 0.541922
0.753205 0.552611
0.755442 0.563339
0.757647 0.574129
0.759854 0.585006
0.764446 0.607138
0.769621 0.630000
0.775920 0.653942
0.379321 0.399609
0.380618 0.403289
0.382718 0.409000
0.384925 0.414707
0.387237 0.420411
0.389655 0.426112
0.394809 0.437515
0.398554 0.445270
0.406372 0.460345
0.412769 0.471793
0.419563 0.483279
0.426742 0.494815
0.434306 0.506437
0.442167 0.518077
0.459019 0.541842
0.476763 0.565881
0.495506 0.590690
0.714630 0.492327
0.715846 0.496362
0.719306 0.508203
0.722620 0.520039
0.725583 0.531667
0.728666 0.543558
0.734218 0.567126
0.735203 0.571337
0.739872 0.591309
0.746118 0.616493
0.753394 0.642864
0.762642 0.671048
0.775518 0.702341
0.793858 0.738071
0.820697 0.780835
0.912812 0.901066
1.045782 1.069758
1.128275 1.195666
0.625497 0.555571
0.626479 0.557761
0.629593 0.564589
0.632498 0.571255
0.635539 0.578107
0.638611 0.585042
0.644885 0.599197
0.646128 0.601855
0.651525 0.613929
0.658286 0.628954
0.665654 0.644758
0.673674 0.661337
0.682535 0.678838
0.692462 0.697424
0.703866 0.717455
0.731389 0.761792
0.768068 0.814381
0.815748 0.876972
0.570957 0.510375
0.572132 0.512498
0.575166 0.518358
0.578425 0.524439
0.581473 0.530339
0.584637 0.536369
0.590991 0.548528
0.597388 0.560854
0.603847 0.573386
0.610509 0.586286
0.617185 0.599377
0.623922 0.612706
0.631011 0.626571
0.638412 0.640922
0.654654 0.671520
0.695484 0.741950
0.380172 0.085232
0.376010 0.103524
0.371785 0.121682
0.367581 0.139698
0.363484 0.157570
0.359583 0.175299
0.352721 0.210353
0.349922 0.227690
0.742450 0.602872
0.743434 0.606532
0.745940 0.616851
0.748893 0.627695
0.751846 0.638498
0.755389 0.649932
0.763381 0.673487
0.773969 0.699271
0.788117 0.727947
0.807514 0.760948
0.868672 0.846132
0.444581 0.297238
0.444849 0.298227
0.445854 0.302561
0.446931 0.306911
0.448039 0.311248
0.449178 0.315572
0.451550 0.324185
0.451696 0.324700
0.454049 0.332749
0.456676 0.341267
0.459431 0.349739
0.462316 0.358168
0.465330 0.366555
0.468472 0.374901
0.471741 0.383210
0.486040 0.416116
1.200572 0.940845
1.200592 0.941862
1.200935 0.943758
1.201275 0.945643
1.201823 0.947770
1.201952 0.949385
1.202631 0.953098
1.203321 0.956793
0.787627 0.712217
0.791920 0.720979
0.801721 0.739511
0.817131 0.765101
0.828261 0.782065
0.855905 0.820686
0.891820 0.866987
0.937622 0.923531
0.989146 0.987541
1.040282 1.053859
1.083304 1.114038
1.115443 1.163600
1.137716 1.202139
0.640591 0.580434
0.640685 0.580795
0.641321 0.582261
0.641958 0.583730
0.642596 0.585203
0.643351 0.586799
0.644523 0.589647
0.645818 0.592631
0.548065 0.444066
0.549723 0.447440
0.552213 0.452480
0.553843 0.455761
0.559741 0.467542
0.564796 0.477547
0.569835 0.487507
0.574984 0.497553
0.580033 0.507516
0.585144 0.517560
0.590262 0.527654
0.595499 0.537923
0.600640 0.548180
0.611005 0.569067
0.621478 0.590521
0.369610 0.138047
0.365678 0.155812
0.361929 0.173432
0.358450 0.190914
0.355321 0.208260
0.352620 0.225478
0.350417 0.242573
0.348776 0.259549
0.611033 0.358856
0.612214 0.361395
0.616001 0.369576
0.619716 0.377666
0.623358 0.385665
0.626926 0.393577
0.633840 0.409146
0.640453 0.424393
0.646769 0.439349
0.652793 0.454046
0.658530 0.468523
0.663996 0.482822
0.669227 0.497011
0.683675 0.539378
0.692550 0.567898
0.566329 0.516857
0.566692 0.517625
0.567530 0.519075
0.568154 0.520325
0.568886 0.521676
0.569618 0.523029
0.571085 0.525737
0.572661 0.528553
0.574133 0.531273
0.575497 0.533895
0.577082 0.536730
0.578559 0.539469
0.579931 0.542109
0.581522 0.544967
0.584385 0.550391
0.328357 0.322056
0.328385 0.322808
0.328532 0.326224
0.328712 0.329637
0.328927 0.333047
0.329176 0.336455
0.329779 0.343262
0.330523 0.350058
0.331410 0.356844
0.332440 0.363619
0.333616 0.370384
0.334940 0.377139
0.336412 0.383885
0.338034 0.390621
0.341733 0.404068
0.416789 0.498415
0.424790 0.510579
0.425230 0.511220
0.426374 0.512924
0.427567 0.514676
0.428767 0.516431
0.429976 0.518187
0.432417 0.521705
0.434974 0.525327
0.638278 0.500469
0.639566 0.503542
0.643079 0.512367
0.646714 0.521363
0.650069 0.530161
0.653488 0.539073
0.660303 0.557192
0.667241 0.575782
0.674147 0.594699
0.681727 0.614654
0.689834 0.635392
0.699255 0.657634
0.710426 0.681658
0.722859 0.522890
0.723769 0.526327
0.727833 0.542246
0.730934 0.554969
0.739374 0.590844
0.748023 0.625165
0.759095 0.662006
0.776065 0.704037
0.803033 0.754108
0.847963 0.819338
0.919381 0.909487
0.473149 0.408050
0.473979 0.409894
0.476456 0.415310
0.478999 0.420738
0.481574 0.426114
0.484213 0.431505
0.489642 0.442267
0.495264 0.453014
0.501067 0.463753
0.507037 0.474497
0.513175 0.485274
0.519442 0.496075
0.525885 0.506969
0.532288 0.517781
0.545690 0.539958
0.559320 0.562516
0.573144 0.585630
0.425635 0.322671
0.426089 0.324587
0.427484 0.330275
0.428955 0.335969
0.430483 0.341600
0.432088 0.347236
0.435509 0.358460
0.439216 0.369623
0.443207 0.380730
0.447482 0.391788
0.452038 0.402802
0.456871 0.413780
0.461972 0.424730
0.467335 0.435658
0.478801 0.457490
0.491168 0.479358
0.504294 0.501342
0.407485 0.095622
0.406736 0.111976
0.406048 0.128266
0.405453 0.144472
0.404985 0.160575
0.404679 0.176561
0.404702 0.208138
0.405103 0.223717
0.469886 0.512031
0.471350 0.514240
0.475779 0.520899
0.477372 0.523257
0.485154 0.534612
0.489807 0.541379
0.499600 0.555348
0.509413 0.569311
0.519509 0.583596
0.529745 0.598122
0.540078 0.612904
0.550471 0.627955
0.560883 0.643277
0.571281 0.658870
0.591902 0.690812
0.612207 0.723709
0.631933 0.757131
0.394565 0.497645
0.395328 0.498854
0.398851 0.504359
0.402469 0.509875
0.406158 0.515377
0.409962 0.520925
0.417834 0.532071
0.426128 0.543393
0.433784 0.553566
0.443453 0.566103
0.452404 0.577499
0.471186 0.600928
0.480618 0.612633
0.499813 0.636522
0.518742 0.660611
0.536933 0.684724
0.318347 0.514600
0.321755 0.520808
0.327095 0.530068
0.332812 0.539437
0.338625 0.548475
0.344807 0.557627
0.357955 0.575820
0.372220 0.594087
0.387221 0.612068
0.403163 0.630259
0.419453 0.648177
0.352341 0.190326
0.347476 0.214595
0.343529 0.238650
0.340689 0.262506
0.339114 0.286175
0.338937 0.309667
0.343187 0.356160
1.066876 0.830742
1.068390 0.836456
1.073620 0.853744
1.079525 0.871054
1.086130 0.888656
1.095124 0.908151
1.122344 0.956138
1.169574 1.028528
1.227095 1.123221
1.270354 1.213797
1.293630 1.283501
1.303521 1.332101
1.304684 1.362910
1.299526 1.379780
0.314691 0.441032
0.315287 0.442729
0.318119 0.450433
0.321154 0.458123
0.324393 0.465799
0.327835 0.473462
0.335332 0.488750
0.343641 0.503993
0.352754 0.519205
0.362653 0.534399
0.373332 0.549626
0.384685 0.564813
0.396745 0.580104
0.409401 0.595464
0.436193 0.626537
0.463627 0.657546
0.490386 0.688257
0.363808 0.527058
0.364351 0.527877
0.366848 0.531598
0.369403 0.535338
0.371994 0.539065
0.374593 0.542741
0.380069 0.550311
0.385473 0.557564
0.391381 0.565280
0.397189 0.572679
0.403318 0.580317
0.409406 0.587754
0.415807 0.595438
0.422129 0.602920
0.435252 0.618176
0.448745 0.633620
0.411294 0.510768
0.412065 0.511916
0.413226 0.513636
0.413236 0.513650
0.415575 0.517081
0.416761 0.518806
0.419120 0.522212
0.421632 0.525771
0.424013 0.529142
0.426507 0.532619
0.429031 0.536103
0.431586 0.539595
0.434170 0.543096
0.436782 0.546606
0.442088 0.553654
0.447593 0.560844
0.397151 0.396361
0.397866 0.398327
0.400121 0.404316
0.400139 0.404364
0.404959 0.416280
0.407542 0.422256
0.413034 0.434205
0.418955 0.446159
0.425297 0.458128
0.432049 0.470126
0.439195 0.482168
0.446691 0.494238
0.454576 0.506422
0.462884 0.518794
0.480217 0.543699
0.498412 0.569073
0.356872 0.459268
0.357869 0.461325
0.360912 0.467417
0.364034 0.473427
0.367308 0.479481
0.370695 0.485513
0.377888 0.497666
0.385561 0.509825
0.393728 0.522047
0.402311 0.534269
0.411369 0.546610
0.420833 0.559039
0.430761 0.571670
0.440923 0.584303
0.461984 0.609894
0.483443 0.635747
0.325988 0.455612
0.326854 0.457695
0.329490 0.463816
0.331345 0.467950
0.335153 0.476038
0.338180 0.482139
0.344626 0.494325
0.351590 0.506494
0.359064 0.518655
0.367040 0.530817
0.375520 0.543017
0.384419 0.555174
0.393883 0.567530
0.403678 0.579828
0.424222 0.604490
0.445976 0.629613
0.231118 0.324224
0.231004 0.325250
0.230669 0.328384
0.230357 0.331527
0.230164 0.333606
0.229803 0.337837
0.229341 0.344178
0.228973 0.350548
0.228699 0.356946
0.228521 0.363368
0.228439 0.369814
0.228453 0.376281
0.228564 0.382766
0.228772 0.389269
0.229483 0.402315
0.230588 0.415403
0.325884 0.490952
0.327023 0.493209
0.330388 0.499653
0.333919 0.506134
0.337595 0.512603
0.342085 0.520172
0.349478 0.531956
0.358077 0.544787
0.367242 0.557652
0.377005 0.570628
0.387177 0.583508
0.397791 0.596414
0.408695 0.609237
0.420012 0.622209
0.443263 0.648215
0.466578 0.674085
0.359574 0.232797
0.359418 0.234291
0.358983 0.238662
0.358215 0.247429
0.357345 0.260488
0.356746 0.277781
0.356702 0.286379
0.356836 0.294945
0.357154 0.303481
0.358360 0.320465
0.363179 0.354116
0.521659 0.404174
0.522629 0.406309
0.525506 0.412572
0.528417 0.418810
0.531359 0.425025
0.534319 0.431192
0.540356 0.443542
0.546475 0.455798
0.552671 0.468004
0.558929 0.480177
0.565202 0.492315
0.571657 0.504603
0.578032 0.516839
0.584431 0.529151
0.610410 0.579927
0.474649 0.546047
0.475516 0.547251
0.476926 0.549172
0.479437 0.552674
0.480753 0.554488
0.300396 0.232144
0.299911 0.233923
0.298512 0.239204
0.295926 0.249666
0.294721 0.254931
0.292506 0.265486
0.290562 0.276072
0.288900 0.286688
0.287529 0.297330
0.286459 0.307994
0.285699 0.318678
0.285254 0.329377
0.285132 0.340087
0.285882 0.361522
0.287990 0.382949
0.397812 0.674468
0.400347 0.677099
0.408612 0.685595
0.414214 0.691295
0.433455 0.710664
0.449259 0.726519
0.464142 0.741682
0.477464 0.755730
0.488719 0.768346
0.497537 0.779321
0.397197 0.521968
0.397557 0.522490
0.398708 0.524160
0.399906 0.525879
0.401151 0.527649
0.402366 0.529371
0.404784 0.532770
0.407355 0.536325
0.409799 0.539686
0.412440 0.543254
0.415031 0.546729
0.417567 0.550108
0.420306 0.553700
0.422989 0.557197
0.428440 0.564215
0.306715 0.306647
0.306654 0.307860
0.306468 0.312219
0.306232 0.324704
0.306271 0.330314
0.306626 0.341524
0.307357 0.352720
0.308470 0.363900
0.309972 0.375062
0.311876 0.386235
0.314166 0.397326
0.316869 0.408425
0.319983 0.419501
0.327459 0.441585
0.250196 0.523548
0.252159 0.529088
0.255230 0.537334
0.258459 0.545515
0.261846 0.553629
0.265389 0.561671
0.272934 0.577523
0.281083 0.593044
0.289820 0.608214
0.299128 0.623022
0.308986 0.637464
0.330320 0.665391
0.341669 0.678792
0.506395 0.584189
0.507243 0.585390
0.508060 0.586469
0.508663 0.587333
0.510086 0.589281
0.511619 0.591341
0.512938 0.593189
0.514476 0.595257
0.515908 0.597222
0.517233 0.599081
0.518668 0.601054
0.520105 0.603031
0.521543 0.605012
0.524424 0.608986
0.559854 0.496611
0.568622 0.513055
0.577464 0.529628
0.586376 0.546411
0.595376 0.563500
0.604620 0.581117
0.623641 0.617886
0.546142 0.185881
0.551617 0.196456
0.557117 0.207030
0.562627 0.217590
0.568133 0.228120
0.573619 0.238609
0.329589 0.288334
0.329059 0.303880
0.329027 0.308540
0.329054 0.313195
0.329142 0.317844
0.329292 0.322488
0.329778 0.331760
0.330518 0.341011
0.331517 0.350242
0.332778 0.359453
0.334307 0.368645
0.336106 0.377819
0.338180 0.386974
0.340531 0.396114
0.346075 0.414348
0.433175 0.465176
0.435468 0.469188
0.438920 0.475097
0.442463 0.481017
0.446095 0.486952
0.449813 0.492902
0.457522 0.504882
0.465486 0.516888
0.473784 0.529044
0.485271 0.545476
0.491132 0.553735
0.500120 0.566304
0.509273 0.579040
0.698649 0.550188
0.699193 0.552043
0.700669 0.557391
0.703846 0.568418
0.705557 0.574113
0.708665 0.585243
0.712103 0.596844
0.715578 0.608567
0.719280 0.620597
0.723165 0.632847
0.727583 0.645678
0.732527 0.659030
0.738134 0.673001
0.771051 0.738007
0.796881 0.778381
0.565947 0.182794
0.584662 0.215389
0.603125 0.247759
0.620847 0.279486
0.637454 0.310248
0.652713 0.339841
0.678872 0.395299
0.689836 0.421284
0.505666 0.549804
0.506670 0.551268
0.507565 0.552619
0.508565 0.554074
0.509670 0.555635
0.510571 0.556992
0.512690 0.560023
0.514609 0.562856
0.290832 0.370134
0.291071 0.372435
0.291867 0.379199
0.292802 0.385959
0.293880 0.392713
0.295099 0.399461
0.297969 0.412935
0.301420 0.426375
0.305459 0.439775
0.310091 0.453129
0.315321 0.466436
0.321151 0.479691
0.327582 0.492897
0.334613 0.506055
0.350449 0.532251
0.368553 0.558327
0.388880 0.584574
0.596355 0.358367
0.597406 0.360657
0.600473 0.367354
0.603504 0.373993
0.606498 0.380574
0.609453 0.387100
0.615249 0.399985
0.620886 0.412659
0.626359 0.425133
0.631668 0.437424
0.636812 0.449548
0.641790 0.461526
0.646606 0.473379
0.651264 0.485131
0.341857 0.270840
0.341792 0.271784
0.341610 0.274589
0.341447 0.277393
0.341303 0.280193
0.341178 0.282991
0.340986 0.288579
0.340873 0.294157
0.340841 0.299724
0.340891 0.305282
0.341024 0.310829
0.341241 0.316367
0.341545 0.321895
0.341935 0.327414
0.748893 0.475355
0.749969 0.479084
0.753058 0.490241
0.755979 0.501478
0.761163 0.523252
0.765733 0.544999
0.770131 0.567006
0.774160 0.588943
0.778509 0.611451
0.783460 0.634634
0.789703 0.659007
0.797556 0.684534
0.808498 0.712470
0.845946 0.780462
0.920520 0.880639
0.793550 0.710564
0.795645 0.715059
0.802643 0.728997
0.810384 0.743443
0.830229 0.775889
0.857409 0.814654
0.893421 0.861508
0.939246 0.918410
0.993456 0.985614
1.046647 1.054793
1.091436 1.117898
1.124516 1.169660
1.146623 1.208980
0.226468 0.715151
0.227958 0.718769
0.232573 0.729613
0.237295 0.740174
0.242120 0.750444
0.247046 0.760419
0.257187 0.779468
0.267699 0.797303
0.278565 0.813926
0.289738 0.829336
0.301268 0.843574
0.313086 0.856754
0.325259 0.869073
0.337425 0.880006
0.982309 0.747214
0.983244 0.750602
0.986106 0.760825
0.989007 0.770903
0.991982 0.780867
0.995305 0.791020
1.001850 0.810550
1.009950 0.830877
1.033978 0.877222
1.052708 0.906527
1.078112 0.942977
1.149002 1.042937
1.218846 1.157104
0.312219 0.325953
0.312258 0.328166
0.312455 0.334672
0.312777 0.341171
0.313226 0.347664
0.313803 0.354151
0.315349 0.367104
0.317424 0.380028
0.320038 0.392922
0.323211 0.405820
0.326915 0.418620
0.331193 0.431426
0.336038 0.444204
0.341453 0.456959
0.368812 0.507880
0.534472 0.526941
0.534944 0.527647
0.536031 0.529434
0.537016 0.531124
0.538108 0.532915
0.538458 0.533490
0.541396 0.538308
0.543706 0.542021
0.545919 0.545645
0.548034 0.549179
0.550264 0.552831
0.552610 0.556603
0.554749 0.560180
0.557004 0.563880
0.555254 0.564545
0.555649 0.565119
0.556385 0.566390
0.557340 0.567877
0.558188 0.569260
0.558927 0.570538
0.560737 0.573425
0.562441 0.576214
0.350807 0.233829
0.350583 0.235551
0.349956 0.240611
0.349379 0.245659
0.348851 0.250698
0.348376 0.255727
0.347588 0.265755
0.347024 0.275744
0.346694 0.285696
0.346609 0.295611
0.346776 0.305491
0.347204 0.315337
0.347900 0.325149
0.348869 0.334929
0.351656 0.354401
0.355605 0.373766
0.433718 0.534715
0.434024 0.535138
0.435022 0.536511
0.436113 0.537986
0.437032 0.539263
0.438132 0.540740
0.440079 0.543401
0.442222 0.546267
0.444200 0.548938
0.446285 0.551716
0.448385 0.554499
0.450501 0.557289
0.452631 0.560086
0.454775 0.562889
0.749291 0.638844
0.749787 0.640792
0.751943 0.647801
0.754251 0.654950
0.756876 0.662422
0.759413 0.669733
0.765471 0.685278
0.772661 0.701762
0.781267 0.719399
0.791632 0.738466
0.804158 0.759307
0.819317 0.782358
0.837631 0.808147
0.859631 0.837282
0.541079 0.464832
0.543065 0.468650
0.546148 0.474538
0.549250 0.480424
0.552387 0.486326
0.555471 0.492171
0.561895 0.504074
0.607747 0.697871
0.609184 0.700217
0.613313 0.707040
0.617558 0.714034
0.621815 0.721082
0.626084 0.728184
0.634672 0.742551
0.643344 0.757133
0.652228 0.772043
0.656725 0.779593
0.670454 0.802410
0.680022 0.817970
0.690323 0.834179
0.726871 0.886510
0.424833 0.075890
0.425979 0.095005
0.427276 0.114161
0.428749 0.133309
0.430422 0.152404
0.432363 0.171423
0.436921 0.209002
0.439682 0.227543
0.442793 0.245889
0.467602 0.579123
0.471514 0.584104
0.475352 0.588999
0.479108 0.593806
0.482990 0.598742
0.486997 0.603807
0.494728 0.613669
0.498658 0.618683
0.840751 0.444323
0.842353 0.449885
0.846722 0.466062
0.850645 0.482012
0.854195 0.497792
0.857444 0.513449
0.863279 0.544524
0.867822 0.570377
0.873843 0.606336
0.879136 0.636927
0.884897 0.667315
0.891584 0.697626
0.899969 0.728294
0.911165 0.760063
0.953577 0.837665
1.054172 0.971354
1.181565 1.157012
1.236317 1.275126
0.364862 0.336469
0.366833 0.348272
0.367981 0.354203
0.369235 0.360122
0.370595 0.366031
0.383159 0.407152
0.387742 0.418848
0.392769 0.430534
0.398238 0.442220
0.404144 0.453917
0.410481 0.465634
0.424407 0.489182
0.439965 0.513046
0.456881 0.537223
0.323980 0.285458
0.323841 0.287383
0.323454 0.293626
0.323170 0.299861
0.322991 0.306089
0.322919 0.314472
0.323102 0.324726
0.323731 0.337111
0.324819 0.349465
0.326376 0.361786
0.328412 0.374077
0.330936 0.386336
0.333955 0.398567
0.337477 0.410770
0.346049 0.435109
0.356683 0.459385
0.369383 0.483653
0.384110 0.507989
0.759650 0.818921
0.763093 0.823631
0.773812 0.838157
0.785535 0.853651
0.797672 0.869486
0.810174 0.885615
0.837026 0.919615
0.865182 0.954776
0.893661 0.990137
0.921610 1.024829
0.947595 1.057228
0.971693 1.087362
0.993603 1.114770
1.013649 1.139723
1.048604 1.182352
1.079571 1.218574
0.299495 0.410036
0.299820 0.411437
0.301380 0.417803
0.303072 0.424159
0.306852 0.436846
0.311166 0.449495
0.316017 0.462102
0.321409 0.474667
0.327342 0.487189
0.333816 0.499671
0.340827 0.512116
0.348370 0.524531
0.356435 0.536924
0.374056 0.561667
0.407375 0.496549
0.408022 0.497566
0.411002 0.502197
0.414059 0.506854
0.416441 0.510438
0.426900 0.525596
0.433564 0.534927
0.440615 0.544517
0.447684 0.553976
0.455122 0.563713
0.462525 0.573320
0.470166 0.583115
0.478026 0.593101
0.493776 0.613105
0.509531 0.633296
0.442028 0.340201
0.447094 0.356473
0.452704 0.372604
0.458854 0.388609
0.465534 0.404506
0.472728 0.420316
0.488549 0.451767
0.324078 0.291342
0.323671 0.299943
0.323463 0.308529
0.323459 0.317100
0.323664 0.325656
0.324082 0.334197
0.326651 0.359726
0.533825 0.388750
0.544575 0.412593
0.555524 0.435963
0.566691 0.459034
0.577924 0.481877
0.589122 0.504624
0.611623 0.550869
0.622811 0.574631
0.569425 0.464808
0.570055 0.466092
0.572923 0.471922
0.575791 0.477742
0.578660 0.483555
0.581547 0.489383
0.587338 0.501058
0.592952 0.512602
0.598667 0.524295
0.604487 0.536174
0.610089 0.547955
0.615823 0.559996
0.621605 0.572233
0.627581 0.584830
0.639626 0.610620
0.652811 0.638202
0.667764 0.668072
0.385962 0.325358
0.389559 0.344364
0.394138 0.363224
0.399726 0.381962
0.406366 0.400640
0.413975 0.419187
0.432272 0.456314
0.442863 0.474950
0.361574 0.412134
0.362235 0.413979
0.364323 0.419602
0.366519 0.425221
0.368823 0.430839
0.371235 0.436455
0.376382 0.447686
0.381027 0.457102
0.387964 0.470175
0.394389 0.481450
0.401227 0.492760
0.408465 0.504115
0.416108 0.515552
0.424152 0.527094
0.441088 0.550245
0.459266 0.573914
0.730243 0.759205
0.731864 0.761749
0.740726 0.774912
0.750089 0.788492
0.759977 0.802511
0.770997 0.817609
0.794758 0.849278
0.818739 0.880145
0.851237 0.921037
0.882277 0.959673
0.913424 0.998489
0.943378 1.036164
0.970375 1.070671
0.994638 1.102149
1.033905 1.153869
1.065091 1.194488
1.092047 1.227940
0.863134 0.701167
0.863884 0.703764
0.866035 0.711260
0.868577 0.719088
0.871554 0.727281
0.874622 0.735425
0.881528 0.752115
0.890487 0.770397
0.901062 0.789738
0.914807 0.811739
0.931363 0.836088
0.952718 0.864964
0.978292 0.898140
1.009784 0.937921
1.081883 1.031530
1.146761 1.125829
0.447772 0.619495
0.447986 0.619744
0.448957 0.620874
0.449930 0.622004
0.450903 0.623136
0.451877 0.624267
0.453828 0.626532
0.455782 0.628798
0.457737 0.631065
0.459694 0.633333
0.461652 0.635603
0.463719 0.637986
0.465678 0.640256
0.467526 0.642415
0.471437 0.646958
0.645646 0.285011
0.646203 0.285992
0.648721 0.290436
0.651208 0.294858
0.653664 0.299256
0.656346 0.304100
0.660831 0.312301
0.665441 0.320871
0.669912 0.329335
0.674243 0.337692
0.678433 0.345942
0.682483 0.354082
0.686392 0.362116
0.690163 0.370042
0.627516 0.344775
0.628373 0.346548
0.632218 0.354551
0.635974 0.362462
0.639641 0.370282
0.643217 0.378011
0.650102 0.393205
0.655916 0.406413
0.662808 0.422599
0.668646 0.436848
0.674156 0.450838
0.679354 0.464602
0.684256 0.478178
0.688882 0.491605
0.697500 0.518283
0.804653 0.600339
0.804839 0.602064
0.806342 0.610851
0.807904 0.619696
0.809547 0.628611
0.811297 0.637609
0.815231 0.655920
0.819977 0.674792
0.825882 0.694452
0.833405 0.715220
0.843144 0.737557
0.856119 0.762366
0.872959 0.790154
0.894923 0.822232
0.961617 0.908222
1.055249 1.026981
0.413006 0.475675
0.413985 0.477341
0.417020 0.482423
0.420131 0.487515
0.423318 0.492618
0.426577 0.497732
0.433329 0.508023
0.440302 0.518315
0.447574 0.528725
0.455087 0.539217
0.462821 0.549798
0.470753 0.560478
0.478858 0.571264
0.487109 0.582162
0.503931 0.604306
0.521070 0.627020
0.386661 0.357381
0.386864 0.358212
0.387830 0.362054
0.388840 0.365892
0.389893 0.369724
0.390989 0.373553
0.393311 0.381196
0.395809 0.388825
0.398481 0.396439
0.401330 0.404043
0.404354 0.411638
0.407554 0.419226
0.410928 0.426810
0.414476 0.434393
0.422085 0.449567
0.430363 0.464773
0.533259 0.296428
0.533878 0.297945
0.536694 0.304813
0.539518 0.311639
0.542346 0.318420
0.545180 0.325157
0.550855 0.338493
0.556535 0.351646
0.562277 0.364658
0.567868 0.377403
0.573571 0.390058
0.579105 0.402454
0.584665 0.414730
0.590172 0.426855
0.600997 0.450699
0.611523 0.474112
0.883572 0.242971
0.885845 0.246710
0.892298 0.257602
0.898411 0.268332
0.904193 0.278891
0.909655 0.289277
0.919674 0.309523
0.928584 0.329087
0.936517 0.348016
0.949971 0.384250
0.955742 0.401720
0.961031 0.418874
0.965945 0.435796
0.298358 0.428225
0.300019 0.434019
0.301819 0.439900
0.303732 0.445771
0.305758 0.451633
0.307890 0.457462
0.312523 0.469159
0.317607 0.480791
0.323150 0.492380
0.329151 0.503927
0.335608 0.515434
0.342517 0.526905
0.349869 0.538346
0.357669 0.549784
0.374546 0.572663
1.015075 0.781533
1.016746 0.787259
1.018652 0.793197
1.021935 0.804059
1.026804 0.819782
1.039370 0.853065
1.058542 0.890954
1.090347 0.941048
1.140219 1.013055
1.200224 1.105510
1.246609 1.193210
1.273726 1.261942
1.287031 1.311076
1.291445 1.344089
0.379674 0.509119
0.380061 0.509721
0.381188 0.511465
0.381207 0.511493
0.381959 0.512649
0.384705 0.516814
0.387101 0.520383
0.389526 0.523942
0.391991 0.527505
0.394496 0.531074
0.397077 0.534697
0.399659 0.538276
0.402198 0.541760
0.404852 0.545350
0.392589 0.349820
0.393491 0.353581
0.394897 0.359135
0.396885 0.366449
0.399636 0.375731
0.403235 0.386749
0.602603 0.331140
0.603243 0.332477
0.606265 0.338682
0.609083 0.344745
0.611947 0.350806
0.614154 0.355499
0.620302 0.368692
0.635916 0.403170
0.645498 0.425268
0.650043 0.436080
0.747803 0.569840
0.747803 0.570272
0.748325 0.572271
0.749403 0.577723
0.750328 0.581609
0.446874 0.531573
0.452082 0.538784
0.595288 0.603266
0.595743 0.603984
0.597637 0.607431
0.598645 0.609221
0.599771 0.611133
0.431165 0.705595
0.434248 0.708707
0.443090 0.717597
0.449008 0.723571
0.468117 0.743179
0.482378 0.758510
0.487209 0.402239
0.489613 0.407612
0.493298 0.415631
0.497081 0.423624
0.500957 0.431593
0.504925 0.439542
0.513112 0.455395
0.539280 0.502904
0.548537 0.519000
0.557737 0.535064
0.567284 0.551567
0.576859 0.568281
0.596399 0.602900
0.307782 0.352281
0.307923 0.353944
0.308146 0.356403
0.308388 0.358862
0.308648 0.361319
0.308927 0.363776
0.309542 0.368686
0.310356 0.374417
0.310999 0.378496
0.311843 0.383396
0.312764 0.388291
0.313763 0.393182
0.314839 0.398069
0.315995 0.402952
0.318543 0.412704
0.403739 0.421844
0.404024 0.422495
0.404899 0.424445
0.405726 0.426323
0.406595 0.428237
0.407474 0.430152
0.409267 0.433980
0.411104 0.437808
0.487977 0.700694
0.491872 0.705228
0.499463 0.714220
0.506511 0.722843
0.383215 0.516043
0.386215 0.520530
0.390902 0.527361
0.395659 0.534111
0.400670 0.541031
0.405738 0.547872
0.416254 0.561628
0.427138 0.575387
0.462224 0.617820
0.474154 0.632031
0.486182 0.646412
0.498061 0.660794
0.520738 0.689236
0.540886 0.716559
0.557355 0.741894
0.373626 0.216648
0.373468 0.218472
0.373016 0.224021
0.372611 0.229553
0.372255 0.235069
0.371949 0.240568
0.371498 0.251519
0.371272 0.262407
0.371550 0.283999
0.372078 0.294709
0.372879 0.305363
0.373963 0.315965
0.375339 0.326516
0.378996 0.347482
0.383902 0.368286
0.390094 0.388960
0.431965 0.620949
0.432404 0.621451
0.433695 0.622925
0.434988 0.624400
0.436388 0.625991
0.436829 0.626493
0.442895 0.633377
0.448124 0.639291
0.450635 0.642133
0.453254 0.645091
0.455873 0.648048
0.458491 0.651004
0.337340 0.427802
0.337960 0.429518
0.339843 0.434564
0.341815 0.439607
0.343876 0.444646
0.355519 0.469813
0.360801 0.479874
0.366435 0.489939
0.372419 0.500014
0.378747 0.510105
0.385412 0.520219
0.392421 0.530390
0.407308 0.550773
0.474819 0.430115
0.476889 0.434288
0.480108 0.440645
0.483402 0.446997
0.486809 0.453422
0.497277 0.472401
0.504563 0.485103
0.519850 0.510758
0.527767 0.523722
0.535837 0.536815
0.544042 0.550067
0.552475 0.563620
0.569358 0.591141
0.465797 0.293794
0.467736 0.300677
0.469212 0.305761
0.470721 0.310827
0.472264 0.315874
0.473839 0.320903
0.477091 0.330905
0.480476 0.340835
0.483995 0.350694
0.487646 0.360484
0.491428 0.370207
0.495338 0.379866
0.499421 0.389502
0.503525 0.399004
0.512170 0.417926
0.457565 0.609101
0.458087 0.609711
0.459799 0.611761
0.460522 0.612642
0.463070 0.615690
0.470851 0.624971
0.473306 0.627924
0.475980 0.631104
0.478436 0.634063
0.483668 0.640323
0.616954 0.457585
0.618971 0.462108
0.621804 0.468726
0.624664 0.475366
0.627488 0.481981
0.630267 0.488550
0.646316 0.528009
0.651591 0.541369
0.656591 0.554641
0.661707 0.568226
0.667004 0.582204
0.672221 0.596289
0.697640 0.658825
0.671417 0.480911
0.671869 0.482147
0.547959 0.589585
0.549052 0.591311
0.733344 0.431822
0.734995 0.436382
0.735686 0.438318
0.736367 0.440249
0.737041 0.442175
0.737706 0.444095
0.740288 0.451726
0.575320 0.408548
0.577184 0.412648
0.579968 0.418755
0.582743 0.424827
0.586445 0.432909
0.588323 0.436916
0.593728 0.448788
0.604481 0.472327
0.609754 0.483985
0.614919 0.495573
0.625127 0.518805
0.630256 0.530581
0.640077 0.554092
0.650070 0.578373
0.660597 0.603848
0.536591 0.474586
0.537772 0.476788
0.541266 0.483266
0.544779 0.489716
0.548304 0.496214
0.551877 0.502719
0.559085 0.515779
0.566472 0.529037
0.573711 0.542225
0.581234 0.555800
0.588616 0.569388
0.596320 0.583475
0.603933 0.597676
0.611843 0.612393
0.628607 0.643452
0.411884 0.436533
0.412798 0.438414
0.415548 0.443950
0.418390 0.449488
0.421322 0.455031
0.424345 0.460579
0.430652 0.471697
0.437301 0.482854
0.444278 0.494061
0.451586 0.505356
0.459218 0.516762
0.466987 0.528116
0.475188 0.539769
0.483420 0.551341
0.500733 0.575194
0.518478 0.599553
0.536384 0.624458
0.474447 0.387976
0.475206 0.389812
0.477475 0.395202
0.479796 0.400578
0.482167 0.405941
0.484587 0.411291
0.489573 0.421960
0.494744 0.432589
0.500090 0.443189
0.505599 0.453767
0.511260 0.464333
0.517058 0.474898
0.522999 0.485490
0.529041 0.496100
0.541366 0.517406
0.554170 0.539157
0.567031 0.561159
0.357994 0.400488
0.358623 0.402456
0.362634 0.414159
0.372052 0.437525
0.383334 0.460887
0.389666 0.472589
0.396452 0.484320
0.482138 0.507483
0.483280 0.509207
0.486252 0.513841
0.489455 0.518739
0.492740 0.523675
0.495867 0.528435
0.502510 0.538308
0.509071 0.548070
0.515838 0.558030
0.529748 0.578394
0.536763 0.588713
0.543727 0.599060
0.550963 0.609773
0.565227 0.631339
0.579732 0.653687
0.594340 0.676734
1.183639 0.931116
1.184360 0.935438
1.187206 0.948743
1.190511 0.962178
1.194772 0.976343
1.200804 0.992280
1.283499 1.158771
1.310417 1.229675
1.326132 1.289818
1.333311 1.335994
0.639444 0.617425
0.642030 0.622782
0.646163 0.631167
0.650188 0.639481
0.654610 0.648257
0.659088 0.657121
0.668550 0.675449
0.691138 0.715970
0.340764 0.440420
0.358767 0.478839
0.369707 0.498046
0.381904 0.517303
0.395289 0.536638
0.425343 0.575894
0.487746 0.392073
0.489827 0.396907
0.493010 0.404120
0.499606 0.418470
0.503014 0.425611
0.510036 0.439837
0.517309 0.454005
0.698300 0.420472
0.699122 0.422530
0.701491 0.428546
0.712266 0.457879
0.716115 0.469315
0.719727 0.480616
0.723119 0.491805
0.726311 0.502907
0.729345 0.513972
0.732135 0.524920
0.734857 0.535917
0.531605 0.253726
0.534963 0.261701
0.538327 0.269633
0.541641 0.277393
0.554982 0.308168
0.561608 0.323219
0.568182 0.338032
0.574691 0.352602
0.581120 0.366928
0.587459 0.381012
0.593697 0.394861
0.599824 0.408485
0.611706 0.435114
0.623048 0.461042
1.103477 0.887102
1.105261 0.891955
1.110536 0.906300
1.116802 0.921353
1.125142 0.938369
1.136240 0.958269
1.167033 1.008529
1.209989 1.077564
1.252226 1.154972
1.282992 1.226458
1.300550 1.283038
1.309387 1.325838
1.312022 1.355989
1.310068 1.375908
0.908622 0.715421
0.913805 0.733361
0.916965 0.743809
0.920695 0.754649
0.941275 0.801328
0.957219 0.828882
0.600843 0.491572
0.602079 0.494153
0.604330 0.499074
0.609023 0.509093
0.612326 0.516446
0.615839 0.524027
0.622490 0.538966
0.629347 0.554313
0.636128 0.569832
0.642909 0.585612
0.650025 0.602002
0.657624 0.619147
0.665531 0.636817
0.674332 0.655575
0.695456 0.696868
0.723880 0.745159
0.398939 0.399771
0.400398 0.403627
0.405035 0.415157
0.415520 0.438189
0.421359 0.449712
0.444725 0.530500
0.445499 0.531559
0.446441 0.532901
0.448605 0.535884
0.449559 0.537231
0.451659 0.540125
0.453777 0.543027
0.456005 0.546035
0.458062 0.548850
0.460324 0.551875
0.462410 0.554703
0.464606 0.557641
0.466915 0.560689
0.471278 0.566500
0.390588 0.535491
0.391068 0.536160
0.392415 0.538033
0.663663 0.675465
0.666196 0.680064
0.673472 0.693403
0.681457 0.707479
0.699523 0.737694
0.721195 0.771315
0.746757 0.808408
0.777409 0.850108
0.812373 0.895560
0.851101 0.944325
0.891181 0.994011
0.929948 1.041827
0.965625 1.085737
0.640374 0.506744
0.640737 0.507831
0.642202 0.511473
0.645221 0.518871
0.646542 0.522410
0.648579 0.527431
0.652224 0.537056
0.655032 0.544427
0.657943 0.551960
0.660621 0.559318
0.663533 0.566978
0.666235 0.574481
0.669197 0.582319
0.674927 0.597964
0.440263 0.265450
0.445275 0.289567
0.451141 0.313300
0.457909 0.336665
0.465602 0.359683
0.498287 0.369454
0.498863 0.370886
0.501513 0.377376
0.504214 0.383836
0.509761 0.396671
0.515493 0.409400
0.521394 0.422032
0.527503 0.434622
0.533643 0.447055
0.546368 0.471856
0.377004 0.477238
0.377749 0.478566
0.381207 0.484605
0.385240 0.491402
0.388490 0.496707
0.392312 0.502774
0.400320 0.514962
0.408815 0.527256
0.417704 0.539582
0.426904 0.551899
0.436646 0.564525
0.446620 0.577164
0.456864 0.589925
0.467318 0.602809
0.488576 0.628906
0.509634 0.655181
0.530041 0.681618
0.381183 0.359800
0.383281 0.368086
0.385584 0.376351
0.388094 0.384597
0.390812 0.392827
0.393740 0.401044
0.400225 0.417446
0.403781 0.425638
0.468878 0.640116
0.469082 0.640355
0.470012 0.641440
0.470941 0.642526
0.471979 0.643723
0.472799 0.644697
0.474654 0.646867
0.476506 0.649037
0.360983 0.092315
0.360983 0.092315
0.360983 0.092315
0.360983 0.092315
0.358738 0.098958
0.353798 0.113354
0.575706 0.789920
0.577120 0.794117
0.581645 0.807154
0.587871 0.822095
0.597508 0.839931
0.612807 0.862293
0.668227 0.922432
0.760214 0.998942
0.970028 1.156166
1.111666 1.272879
1.189878 1.342104
1.238728 1.386679
1.273219 1.418608
1.298965 1.442535
0.391544 0.459668
0.392287 0.461069
0.395741 0.467443
0.399328 0.473825
0.403045 0.480217
0.406890 0.486622
0.414957 0.499477
0.423526 0.512432
0.442033 0.538673
0.451773 0.551857
0.462043 0.565391
0.483092 0.592635
0.547861 0.678193
0.476744 0.096520
0.484338 0.118133
0.492428 0.140060
0.500953 0.162203
0.509837 0.184455
0.518998 0.206707
0.547312 0.272438
0.624921 0.271306
0.626320 0.273781
0.630537 0.281288
0.636139 0.291376
0.638751 0.296127
0.642740 0.303451
0.650468 0.317895
0.657851 0.332058
0.664877 0.345928
0.671543 0.359505
0.677852 0.372789
0.683807 0.385789
0.689420 0.398516
0.694701 0.410983
0.704321 0.435209
0.208028 0.446976
0.208552 0.451243
0.210315 0.463947
0.212381 0.476645
0.214747 0.489319
0.217410 0.501951
0.223616 0.527082
0.230950 0.551675
0.239387 0.575797
0.248878 0.599244
0.259379 0.621902
0.270842 0.643679
0.283219 0.664513
0.296499 0.684462
0.325286 0.721184
0.356779 0.754613
0.389388 0.784536
0.553054 0.484278
0.554111 0.486224
0.557019 0.491763
0.560980 0.499210
0.562974 0.502950
0.566075 0.508656
0.578135 0.531244
0.584105 0.542571
0.590331 0.554241
0.602616 0.577786
0.615375 0.602396
0.643345 0.655983
0.659644 0.685893
0.792640 0.443393
0.793276 0.445430
0.796053 0.454620
0.797259 0.458777
0.801083 0.472712
0.803363 0.481635
0.807517 0.499289
0.811209 0.516750
0.814483 0.534031
0.817528 0.551301
0.820380 0.568545
0.823268 0.585973
0.826017 0.603285
0.828874 0.620691
0.835306 0.655831
0.844310 0.692533
0.858165 0.732204
0.579185 0.289263
0.583609 0.298414
0.587980 0.307478
0.592293 0.316452
0.600730 0.334120
0.697276 0.500524
0.697798 0.502171
0.700790 0.511798
0.702323 0.516720
0.703756 0.521542
0.706427 0.531063
0.709142 0.540722
0.711796 0.550418
0.714530 0.560301
0.717010 0.570010
0.719741 0.580088
0.725150 0.600415
0.731087 0.621535
0.737998 0.643765
0.746337 0.667356
0.494836 0.493859
0.495858 0.495540
0.499169 0.500918
0.501399 0.504530
0.505721 0.511531
0.509198 0.517007
0.515964 0.527734
0.522954 0.538653
0.530162 0.549788
0.537261 0.560849
0.544557 0.572161
0.552045 0.583748
0.559392 0.595306
0.566926 0.607177
0.582349 0.631729
0.597920 0.657100
0.614209 0.683892
0.271171 0.288343
0.270811 0.290545
0.269823 0.297034
0.269217 0.301432
0.268176 0.310071
0.267519 0.316617
0.266548 0.329756
0.266042 0.342949
0.266465 0.369450
0.268853 0.396021
0.273258 0.422566
0.279720 0.448985
0.288271 0.475183
0.476090 0.596938
0.476381 0.597304
0.477132 0.598273
0.478095 0.599461
0.479814 0.601622
0.483256 0.605950
0.484987 0.608126
0.486716 0.610301
0.490072 0.614552
0.493651 0.619035
0.497123 0.623421
0.500485 0.627709
0.656509 0.620183
0.656802 0.620699
0.657476 0.622337
0.658275 0.624112
0.563814 0.511529
0.564180 0.512108
0.564863 0.513470
0.565654 0.514933
0.566553 0.516497
0.567239 0.517862
0.568933 0.520897
0.570416 0.523736
0.572115 0.526782
0.573602 0.529632
0.575199 0.532590
0.576799 0.535554
0.580115 0.541613
0.583334 0.547602
0.586565 0.553631
0.832847 0.520909
0.833316 0.523362
0.834708 0.530826
0.836001 0.538218
0.837374 0.545744
0.838637 0.553177
0.841006 0.567933
0.843517 0.582940
0.845715 0.597580
0.848231 0.612598
0.853131 0.642136
0.859070 0.672139
0.866727 0.702848
0.877621 0.735366
0.459606 0.293956
0.460166 0.295924
0.461144 0.299697
0.463244 0.307247
0.466546 0.318510
0.470027 0.329683
0.473689 0.340770
0.481555 0.362690
0.485755 0.373531
0.490130 0.384298
0.499380 0.405625
0.519664 0.447626
0.197979 0.668267
0.199301 0.672641
0.203419 0.685806
0.207667 0.698703
0.212037 0.711317
0.218057 0.727702
0.225827 0.747327
0.235540 0.769704
0.245636 0.790710
0.256095 0.810315
0.266902 0.828511
0.278045 0.845314
0.289479 0.860684
0.301252 0.874835
0.325691 0.899666
0.350613 0.919689
0.866095 0.545522
0.866717 0.549023
0.871960 0.579789
0.877298 0.610672
0.880835 0.631016
1.161574 0.843020
1.162845 0.846318
1.165499 0.854851
1.168186 0.863387
1.170901 0.871917
1.172912 0.879544
1.176858 0.894570
1.180159 0.908598
1.185543 0.934388
1.188302 0.946883
1.191137 0.959123
1.194409 0.971539
1.199210 0.985450
0.455590 0.503101
0.456491 0.504481
0.460673 0.510842
0.464984 0.517274
0.469469 0.523834
0.473943 0.530329
0.483010 0.543328
0.492531 0.556686
0.502067 0.570016
0.511882 0.583643
0.521833 0.597480
0.531987 0.611646
0.541968 0.625817
0.552177 0.640432
0.572114 0.669963
0.591792 0.700412
0.382478 0.400382
0.383312 0.402719
0.385866 0.409590
0.388572 0.416456
0.391430 0.423317
0.394441 0.430177
0.400915 0.443897
0.407988 0.457635
0.415680 0.471449
0.423872 0.485234
0.432655 0.499154
0.441905 0.513126
0.451673 0.527270
0.461874 0.541566
0.483468 0.570807
0.505996 0.600789
0.480593 0.632082
0.486475 0.639172
0.922325 0.594229
0.922520 0.595172
0.923092 0.597945
0.923577 0.600599
0.924152 0.603367
0.924729 0.606132
0.927049 0.617165
0.928217 0.622661
0.929575 0.628385
0.931759 0.639050
0.934146 0.649879
0.936745 0.660865
1.337832 0.739099
1.339490 0.742183
1.344475 0.751479
1.347779 0.757670
1.358715 0.778374
1.367579 0.795469
1.375922 0.811896
1.383739 0.827665
1.391035 0.842789
1.397821 0.857287
1.404111 0.871179
1.409925 0.884488
1.415283 0.897237
1.424720 0.921153
1.432604 0.943120
1.439111 0.963324
1.444438 0.981996
0.408459 0.481718
0.413785 0.490440
0.414154 0.491032
0.415286 0.492838
0.416427 0.494646
0.417578 0.496455
0.418738 0.498266
0.421061 0.501861
0.423487 0.505542
0.486673 0.491955
0.487604 0.493449
0.490323 0.497869
0.493071 0.502323
0.498618 0.511146
0.504322 0.520090
0.510129 0.529095
0.516031 0.538167
0.522018 0.547317
0.528083 0.556553
0.534218 0.565885
0.540418 0.575324
0.546675 0.584877
0.559347 0.604371
0.572217 0.624443
0.585288 0.645168
0.598587 0.666609
0.999539 0.430646
0.999998 0.432254
1.001340 0.436977
1.002692 0.441768
1.005404 0.451230
1.007913 0.460516
1.010510 0.469924
1.013111 0.479342
1.015728 0.488779
1.018373 0.498243
1.021058 0.507738
1.023792 0.517271
1.026583 0.526844
1.032372 0.546112
1.038468 0.565537
1.044894 0.585089
1.051646 0.604715
0.338745 0.272930
0.338598 0.275014
0.338239 0.281151
0.337949 0.287241
0.337765 0.293337
0.337677 0.299422
0.337798 0.311558
0.338325 0.323651
0.339272 0.335701
0.340649 0.347711
0.342467 0.359681
0.344734 0.371617
0.347459 0.383519
0.350649 0.395390
0.358446 0.419063
0.368158 0.442677
0.379791 0.466289
0.393315 0.489977
0.457058 0.403294
0.460493 0.411101
0.461374 0.413052
0.462303 0.415039
0.463159 0.416950
0.464064 0.418898
0.465898 0.422792
0.467764 0.426682
0.598806 0.637550
0.599253 0.638381
0.600972 0.641285
0.602814 0.644325
0.603253 0.645144
0.606178 0.650099
0.609811 0.656184
0.613367 0.662222
0.616851 0.668214
0.620614 0.674528
0.624193 0.680678
0.627943 0.687035
0.631869 0.693603
0.635621 0.700009
0.643680 0.713474
0.651921 0.727199
0.660499 0.741326
0.669337 0.755744
0.367893 0.528952
0.370298 0.532496
0.374129 0.538026
0.378095 0.543612
0.386202 0.554649
0.394793 0.565881
0.403644 0.577049
0.412709 0.588155
0.422135 0.599425
0.431891 0.610863
0.441620 0.622123
0.451566 0.633537
0.461668 0.645083
0.481365 0.667779
0.500317 0.690214
0.517614 0.711807
0.359349 0.280918
0.359350 0.282601
0.359393 0.287545
0.359495 0.292498
0.359878 0.302313
0.360509 0.312107
0.361395 0.321862
0.362542 0.331580
0.363957 0.341264
0.365645 0.350914
0.367611 0.360534
0.369858 0.370126
0.372392 0.379693
0.378327 0.398765
0.385435 0.417776
0.393718 0.436760
0.267819 0.535215
0.268333 0.536400
0.270788 0.542055
0.273326 0.547678
0.275947 0.553267
0.278649 0.558823
0.284297 0.569828
0.290265 0.580687
0.296548 0.591393
0.303141 0.601946
0.310035 0.612343
0.317235 0.622610
0.324676 0.632639
0.332425 0.642592
0.348775 0.662219
0.365920 0.681178
0.383723 0.699636
0.347683 0.375909
0.348217 0.378223
0.349954 0.385267
0.351870 0.392333
0.353917 0.399326
0.356147 0.406343
0.361108 0.420355
0.366739 0.434348
0.373044 0.448334
0.380021 0.462327
0.387662 0.476343
0.395956 0.490401
0.404883 0.504522
0.414436 0.518753
0.435159 0.547494
0.457909 0.577004
0.481865 0.607129
0.686949 0.343690
0.688490 0.346737
0.693062 0.355931
0.697446 0.364985
0.701643 0.373902
0.705659 0.382683
0.713253 0.399915
0.719998 0.416547
0.726211 0.432799
0.731852 0.448668
0.736970 0.464207
0.741615 0.479475
0.745837 0.494529
0.749690 0.509423
0.756600 0.539078
0.762535 0.568545
0.768594 0.598816
0.368766 0.405121
0.369519 0.407274
0.371825 0.413602
0.374264 0.419925
0.376838 0.426245
0.379571 0.432600
0.385364 0.445201
0.391715 0.457848
0.398592 0.470518
0.405986 0.483226
0.413880 0.495988
0.422272 0.508842
0.431072 0.521728
0.440340 0.534770
0.460104 0.561353
0.480965 0.588455
0.502419 0.616112
0.560432 0.734991
0.562312 0.738115
0.567851 0.747644
0.572800 0.756829
0.577228 0.765746
0.581122 0.774323
0.587901 0.790989
0.594686 0.808197
0.603818 0.827781
0.618524 0.852021
0.642521 0.882884
0.679028 0.921116
0.729222 0.965949
0.789773 1.014600
0.918214 1.113003
1.026841 1.199829
1.104951 1.266163
0.510098 0.365358
0.513537 0.373811
0.517097 0.382245
0.520722 0.390625
0.524408 0.398952
0.528151 0.407228
0.535795 0.423642
0.539686 0.431785
0.158143 0.552644
0.160057 0.564627
0.161571 0.573574
0.163152 0.582495
0.164797 0.591386
0.166504 0.600240
0.170095 0.617818
0.173909 0.635188
0.581015 0.576728
0.586805 0.586915
0.591296 0.594768
0.595605 0.602502
0.600198 0.610583
0.604618 0.618559
0.613909 0.635167
0.623573 0.652414
0.380694 0.186099
0.379096 0.202239
0.377805 0.218237
0.376873 0.234093
0.376347 0.249811
0.376267 0.265394
0.377602 0.296177
0.379081 0.311391
0.437677 0.426507
0.438478 0.428193
0.442217 0.435855
0.446106 0.443517
0.450143 0.451182
0.454323 0.458853
0.463094 0.474229
0.472398 0.489693
0.482123 0.505218
0.492412 0.521031
0.502880 0.536842
0.513759 0.552981
0.525007 0.569503
0.536363 0.586245
0.559538 0.620864
0.583028 0.657116
0.606955 0.695385
0.410143 0.334394
0.410544 0.336126
0.411766 0.341213
0.412628 0.344644
0.415814 0.356399
0.418836 0.366468
0.422118 0.376496
0.425662 0.386490
0.429467 0.396452
0.433532 0.406389
0.437854 0.416304
0.442430 0.426206
0.447254 0.436098
0.457621 0.455886
0.818772 0.485482
0.819272 0.487606
0.820702 0.493833
0.822152 0.500111
0.823392 0.506213
0.824659 0.512371
0.827059 0.524641
0.829329 0.536887
0.831452 0.549081
0.833550 0.561338
0.835369 0.573326
0.837292 0.585482
0.841142 0.609819
0.845368 0.634447
0.849848 0.658906
0.855467 0.683990
0.859026 0.550703
0.859845 0.555460
0.862277 0.569524
0.864432 0.583279
0.866872 0.597391
0.868252 0.606475
0.873936 0.638976
0.879157 0.666568
0.885053 0.693975
0.892590 0.721988
0.916987 0.782994
0.969162 0.865180
1.078405 1.007545
1.188375 1.174300
0.400451 0.583364
0.401161 0.584234
0.404829 0.588697
0.408543 0.593167
0.412300 0.597644
0.416196 0.602242
0.423904 0.611232
0.431738 0.620248
0.439561 0.629172
0.447551 0.638225
0.455675 0.647396
0.463677 0.656442
0.471511 0.665348
0.479347 0.674316
0.494495 0.691990
0.508587 0.709103
0.521281 0.725457
0.409049 0.353487
0.410382 0.358308
0.412490 0.365507
0.414736 0.372687
0.417120 0.379848
0.419642 0.386993
0.425101 0.401241
0.431110 0.415444
0.437659 0.429620
0.444735 0.443788
0.452318 0.457966
0.460384 0.472179
0.468903 0.486450
0.477861 0.500833
0.496803 0.529908
0.516972 0.559760
0.537979 0.590620
0.436255 0.373930
0.436994 0.376016
0.439281 0.382289
0.441662 0.388547
0.444136 0.394791
0.446702 0.401022
0.452110 0.413453
0.457876 0.425848
0.463989 0.438222
0.470433 0.450587
0.477192 0.462956
0.484246 0.475348
0.491588 0.487795
0.499124 0.500249
0.514942 0.525514
0.531473 0.551297
0.548663 0.577926
0.650484 0.482045
0.651211 0.483897
0.653327 0.489332
0.655432 0.494772
0.657486 0.500187
0.659450 0.505538
0.663421 0.516342
0.671087 0.538002
0.674824 0.548920
0.678647 0.560060
0.682244 0.571097
0.686002 0.582434
0.689854 0.593993
0.698210 0.618120
0.707694 0.643691
0.719137 0.671305
0.289255 0.464825
0.290667 0.468816
0.292873 0.474779
0.295191 0.480727
0.297622 0.486658
0.300165 0.492573
0.305588 0.504351
0.311459 0.516055
0.317776 0.527686
0.324533 0.539243
0.331726 0.550728
0.339345 0.562145
0.347396 0.573525
0.355878 0.584896
0.373805 0.607269
0.393210 0.629759
0.413484 0.652020
0.499743 0.466108
0.500973 0.468326
0.504632 0.474849
0.508348 0.481380
0.512090 0.487892
0.515966 0.494498
1.035368 0.851164
1.036195 0.853035
1.040287 0.861895
1.044885 0.871155
1.050092 0.880933
1.056018 0.891365
1.070833 0.915151
1.089669 0.943267
0.438155 0.419534
0.439177 0.421755
0.442492 0.428779
0.445933 0.435800
0.449497 0.442819
0.453182 0.449841
0.460900 0.463899
0.469061 0.477999
0.477649 0.492182
0.486652 0.506502
0.495949 0.520902
0.505544 0.535461
0.676784 0.392824
0.677717 0.394941
0.680637 0.401647
0.686149 0.414693
0.688792 0.421144
0.693834 0.433861
0.698567 0.446354
0.703007 0.458647
0.707173 0.470766
0.711082 0.482740
0.714754 0.494596
0.718234 0.506385
0.721504 0.518106
0.727644 0.541565
0.733205 0.564988
0.738835 0.588995
0.702488 0.587059
0.703441 0.589959
0.707225 0.602598
0.711483 0.615859
0.715836 0.629269
0.720778 0.643338
0.732690 0.673487
0.748685 0.707320
0.771190 0.746760
0.802616 0.793750
0.846944 0.852344
0.905710 0.925245
0.971676 1.007355
1.031355 1.085895
1.102826 1.194005
1.131330 1.247619
1.150174 1.280787
0.342901 0.205259
0.342775 0.205833
0.342210 0.208438
0.341655 0.211042
0.341123 0.213654
0.340578 0.216243
0.339545 0.221436
0.338558 0.226621
0.337620 0.231798
0.336732 0.236969
0.335897 0.242131
0.335115 0.247287
0.334389 0.252435
0.333720 0.257577
0.332560 0.267839
0.331647 0.278073
0.770847 0.830520
0.772830 0.833132
0.777999 0.840094
0.783705 0.847604
0.789159 0.854823
0.795153 0.862595
0.807149 0.878085
0.819438 0.893811
0.832585 0.910392
0.845671 0.926849
0.859228 0.943773
0.872933 0.960826
0.886664 0.977888
0.900297 0.994830
0.926813 1.027866
0.951721 1.059075
0.399023 0.384025
0.399573 0.385675
0.401300 0.390703
0.402509 0.394097
0.406929 0.405751
0.411057 0.415764
0.415483 0.425766
0.420204 0.435766
0.425217 0.445769
0.430514 0.455783
0.436128 0.465856
0.441936 0.475873
0.448042 0.485966
0.460962 0.506278
0.474798 0.526885
0.223990 0.625581
0.225237 0.628984
0.229085 0.639130
0.233036 0.649031
0.241424 0.668541
0.250276 0.687220
0.259600 0.705102
0.269406 0.722259
0.279568 0.738367
0.290168 0.753732
0.301168 0.768303
0.312462 0.781935
0.324116 0.794880
0.348171 0.818550
0.372815 0.839602
0.396750 0.857636
0.418863 0.872861
0.460021 0.290555
0.460510 0.292416
0.461974 0.297876
0.463453 0.303228
0.466603 0.314130
0.469890 0.324862
0.473340 0.335514
0.476953 0.346086
0.480729 0.356580
0.484715 0.367036
0.488762 0.377349
0.493013 0.387630
0.497414 0.397847
0.506640 0.418109
0.516381 0.438180
0.526568 0.458112
0.537120 0.477974
0.857490 0.666415
0.858187 0.669689
0.861610 0.684672
0.865558 0.699893
0.870200 0.715464
0.875944 0.731768
0.890948 0.766416
0.913952 0.806943
0.950010 0.858663
1.004736 0.929220
1.076699 1.022197
1.143878 1.118707
0.465476 0.600033
0.465714 0.600325
0.466690 0.601545
0.467878 0.602986
0.468856 0.604208
0.469942 0.605542
0.472117 0.608212
0.474403 0.610998
0.611587 0.402998
0.612357 0.404720
0.615820 0.412501
0.619228 0.420208
0.622578 0.427845
0.625871 0.435415
0.632280 0.450371
0.638455 0.465112
0.644400 0.479681
0.650143 0.494142
0.655726 0.508579
0.660949 0.522836
0.666147 0.537255
0.671250 0.551796
0.681449 0.581579
0.692458 0.613096
0.705329 0.647126
0.412876 0.433295
0.416455 0.440659
0.420196 0.448027
0.424096 0.455401
0.428152 0.462786
0.432361 0.470183
0.441226 0.485031
0.445872 0.492488
0.414711 0.280062
0.414998 0.282293
0.415993 0.288904
0.417069 0.295489
0.418228 0.302047
0.419473 0.308580
0.422223 0.321570
0.425330 0.334465
0.428802 0.347271
0.432646 0.359994
0.436864 0.372642
0.441457 0.385222
0.446424 0.397743
0.451758 0.410216
0.463495 0.435059
0.476566 0.459850
0.490828 0.484709
0.346907 0.335970
0.347421 0.340282
0.348293 0.346728
0.349291 0.353161
0.350416 0.359583
0.351671 0.365993
0.354570 0.378783
0.358000 0.391535
0.372396 0.431689
0.377127 0.442310
0.383273 0.454989
0.389960 0.467684
0.404921 0.493179
0.421913 0.518951
0.440669 0.545061
0.393573 0.539814
0.395200 0.542048
0.400169 0.548770
0.405348 0.555615
0.408899 0.560228
0.416165 0.569483
0.427246 0.583244
0.438894 0.597335
