0.705226 0.817682
0.706158 0.824610
0.706917 0.831572
0.707480 0.838442
0.707922 0.845453
0.708227 0.852486
0.708413 0.859565
0.708500 0.866712
0.379570 0.563997
0.386982 0.568169
0.394556 0.572486
0.402285 0.577009
0.410073 0.581682
0.417918 0.586593
0.425794 0.591774
0.433596 0.597132
0.693179 0.656303
0.696417 0.665610
0.699337 0.674187
0.702138 0.682638
0.704866 0.691154
0.707369 0.699041
0.709764 0.706849
0.712046 0.714596
0.356788 0.558779
0.363732 0.563094
0.370909 0.567506
0.378347 0.572093
0.385945 0.576826
0.393707 0.581777
0.401575 0.586921
0.409460 0.592287
0.461985 0.601347
0.470246 0.607660
0.478320 0.614256
0.486085 0.621006
0.493687 0.628023
0.501018 0.635134
0.508148 0.642362
0.515120 0.649682
0.632406 0.890511
0.639330 0.896527
0.645648 0.902900
0.651417 0.909660
0.656628 0.916618
0.661251 0.923794
0.665311 0.931120
0.669155 0.938756
0.324685 0.569528
0.328545 0.573118
0.332536 0.576782
0.336626 0.580498
0.340818 0.584276
0.345111 0.588175
0.349524 0.592199
0.353989 0.596303
0.381926 0.647301
0.387973 0.655022
0.393870 0.662592
0.400117 0.670701
0.406231 0.678578
0.412641 0.686657
0.419195 0.694690
0.425924 0.702581
0.365236 0.494996
0.375073 0.498170
0.385612 0.501191
0.396899 0.504128
0.408935 0.507045
0.421661 0.509994
0.435014 0.513083
0.448707 0.516351
0.640703 0.824330
0.644350 0.827901
0.647901 0.831597
0.651223 0.835344
0.654362 0.839165
0.657264 0.843008
0.660089 0.846979
0.662705 0.850994
0.773092 0.816578
0.769886 0.831402
0.766323 0.846386
0.762580 0.861178
0.758736 0.875239
0.754986 0.888155
0.751046 0.901682
0.747141 0.914639
0.753406 0.807596
0.751951 0.817268
0.750332 0.827122
0.748517 0.837381
0.746567 0.847474
0.744560 0.857109
0.742495 0.866437
0.740324 0.876204
0.262721 0.625350
0.265086 0.631469
0.267657 0.638246
0.270212 0.644890
0.273041 0.652429
0.275737 0.659552
0.278810 0.667764
0.281826 0.675806
0.528687 0.590918
0.536533 0.597485
0.543949 0.604231
0.551100 0.611263
0.557828 0.618369
0.564276 0.625618
0.570362 0.632848
0.576193 0.640123
0.275474 0.616168
0.277680 0.620943
0.279890 0.625708
0.282150 0.630585
0.284494 0.635688
0.286926 0.641091
0.289444 0.646786
0.292050 0.652685
0.587411 0.689544
0.592490 0.695677
0.597530 0.701675
0.602540 0.707566
0.607500 0.713283
0.612397 0.718850
0.617191 0.724221
0.621892 0.729424
0.663785 0.859538
0.667667 0.866584
0.671250 0.873893
0.674370 0.881277
0.677102 0.888764
0.679557 0.896383
0.681798 0.904171
0.683742 0.912002
0.350120 0.648756
0.355364 0.656735
0.360517 0.664536
0.365938 0.672839
0.371399 0.681131
0.377115 0.689596
0.383014 0.698086
0.389159 0.706504
0.657136 0.590776
0.662496 0.600503
0.667397 0.610209
0.671831 0.619694
0.675917 0.629042
0.679626 0.638005
0.683128 0.646869
0.686404 0.655466
0.490078 0.754177
0.496461 0.758261
0.502874 0.762147
0.509306 0.765852
0.515869 0.769452
0.522479 0.772924
0.529041 0.776238
0.535695 0.779484
0.408210 0.619942
0.415774 0.627158
0.423431 0.634784
0.430871 0.642447
0.438414 0.650498
0.445793 0.658506
0.453264 0.666721
0.460701 0.674857
0.299877 0.494129
0.304338 0.499285
0.309170 0.504304
0.314396 0.509188
0.320030 0.513933
0.326100 0.518564
0.332631 0.523097
0.339608 0.527517
0.770019 0.624246
0.771549 0.632967
0.772830 0.640915
0.773989 0.648872
0.775030 0.656896
0.775877 0.664273
0.776657 0.671894
0.777302 0.679196
0.775708 0.609491
0.777561 0.619332
0.779267 0.629676
0.780648 0.638889
0.781854 0.648085
0.782902 0.657367
0.783733 0.665857
0.784444 0.674790
0.584466 0.911096
0.594484 0.914547
0.603698 0.918337
0.612425 0.922521
0.620208 0.926921
0.627381 0.931672
0.634251 0.936810
0.640444 0.942132
0.389044 0.592057
0.397599 0.598495
0.406252 0.605361
0.414765 0.612425
0.423311 0.619914
0.431720 0.627687
0.440016 0.635742
0.448269 0.644088
0.300062 0.428797
0.306312 0.435963
0.313246 0.442634
0.321075 0.448894
0.329736 0.454604
0.339359 0.459790
0.350154 0.464481
0.362203 0.468660
0.718558 0.648999
0.721245 0.658943
0.723709 0.668477
0.725955 0.677584
0.728001 0.686398
0.729934 0.695107
0.731710 0.703648
0.733305 0.711783
0.477917 0.579599
0.486896 0.585251
0.495445 0.591078
0.503883 0.597348
0.511888 0.603779
0.519510 0.610386
0.526935 0.617304
0.533978 0.624298
0.521660 0.587783
0.529298 0.593810
0.536590 0.600053
0.543666 0.606602
0.550393 0.613294
0.556725 0.620014
0.562842 0.626899
0.568639 0.633761
0.602519 0.766815
0.611272 0.773158
0.619650 0.779473
0.627460 0.785677
0.634828 0.791960
0.641619 0.798256
0.647878 0.804643
0.653565 0.811095
0.516531 0.649863
0.523681 0.657587
0.530665 0.665269
0.537531 0.672888
0.544313 0.680406
0.551035 0.687779
0.557721 0.694982
0.564374 0.701983
0.559214 0.717394
0.565052 0.722647
0.570853 0.727706
0.576687 0.732686
0.582463 0.737492
0.588187 0.742165
0.593840 0.746718
0.599367 0.751118
0.534212 0.629553
0.541278 0.637153
0.548029 0.644740
0.554559 0.652354
0.560896 0.659943
0.567074 0.667467
0.573107 0.674867
0.579042 0.682139
0.693472 0.604159
0.697124 0.613408
0.700438 0.622416
0.703470 0.631180
0.706274 0.639747
0.708855 0.648046
0.711353 0.656389
0.713544 0.663912
0.696588 0.720517
0.698145 0.724753
0.699650 0.728886
0.701112 0.733013
0.702527 0.737079
0.703860 0.741172
0.705144 0.745211
0.706380 0.749215
0.273218 0.404323
0.275849 0.412590
0.278788 0.420660
0.282003 0.428434
0.285637 0.436045
0.289690 0.443420
0.294184 0.450522
0.299136 0.457312
0.534470 0.581563
0.543534 0.588819
0.552227 0.596544
0.560236 0.604366
0.567838 0.612472
0.574989 0.620712
0.581678 0.628959
0.588029 0.637272
0.555611 0.663651
0.561288 0.670398
0.566834 0.677006
0.572334 0.683530
0.577769 0.689926
0.583168 0.696192
0.588505 0.702278
0.593816 0.708218
0.434285 0.674559
0.441216 0.682514
0.448245 0.690364
0.455488 0.698162
0.462881 0.705786
0.470471 0.713221
0.478264 0.720417
0.486287 0.727362
0.421808 0.629145
0.429195 0.636503
0.436541 0.644100
0.443783 0.651772
0.451049 0.659643
0.458235 0.667467
0.465493 0.675356
0.472837 0.683226
0.357729 0.585659
0.364458 0.591144
0.371361 0.596913
0.378332 0.602853
0.385392 0.609135
0.392504 0.615660
0.399567 0.622445
0.406679 0.629520
0.584436 0.671310
0.589960 0.678486
0.595376 0.685493
0.600726 0.692355
0.605985 0.699016
0.611210 0.705509
0.616341 0.711806
0.621373 0.717897
0.731365 0.840182
0.730446 0.848019
0.729441 0.855796
0.728362 0.863356
0.727230 0.871182
0.726046 0.878451
0.724837 0.886535
0.723610 0.893511
0.627966 0.638885
0.633250 0.648050
0.638308 0.657126
0.643105 0.665929
0.647703 0.674476
0.652205 0.682900
0.656472 0.690898
0.660687 0.698765
0.439652 0.678446
0.446519 0.686188
0.453570 0.693903
0.460736 0.701440
0.468060 0.708801
0.475582 0.715974
0.483337 0.722939
0.491302 0.729645
0.269237 0.301751
0.271584 0.311430
0.274154 0.320737
0.277181 0.329997
0.280447 0.338767
0.284184 0.347328
0.288365 0.355542
0.293070 0.363412
0.528323 0.607832
0.536374 0.615460
0.544027 0.623269
0.551362 0.631249
0.558294 0.639210
0.564950 0.647214
0.571361 0.655200
0.577569 0.663118
0.420817 0.653924
0.427855 0.661983
0.434886 0.670092
0.442030 0.678244
0.449243 0.686321
0.456695 0.694409
0.464272 0.702302
0.472031 0.710001
0.609854 0.729576
0.614233 0.734005
0.618570 0.738386
0.622846 0.742715
0.627019 0.746940
0.631071 0.751057
0.635052 0.755189
0.638905 0.759242
0.554561 0.782556
0.562878 0.786546
0.570940 0.790398
0.578782 0.794180
0.586455 0.797966
0.593699 0.801673
0.600679 0.805402
0.607380 0.809175
0.502824 0.567418
0.511967 0.572918
0.520936 0.578875
0.529371 0.585031
0.537302 0.591369
0.545049 0.598141
0.552303 0.605032
0.559104 0.612001
0.286722 0.296621
0.291196 0.304725
0.296216 0.312413
0.301696 0.319525
0.307708 0.326063
0.314536 0.332134
0.322033 0.337565
0.330063 0.342205
0.471795 0.627217
0.479811 0.634817
0.487579 0.642507
0.495226 0.650365
0.502707 0.658238
0.510081 0.666102
0.517365 0.673919
0.524590 0.681640
0.308119 0.618801
0.312557 0.625890
0.317166 0.633400
0.322045 0.641697
0.326754 0.649737
0.331737 0.658408
0.336923 0.667636
0.342069 0.676667
0.332344 0.579377
0.336124 0.582897
0.339980 0.586476
0.343916 0.590135
0.347957 0.593924
0.352049 0.597790
0.356197 0.601748
0.360380 0.605813
0.733427 0.842094
0.731692 0.854766
0.729758 0.867256
0.727705 0.879828
0.725583 0.891777
0.723430 0.904050
0.721315 0.915032
0.719249 0.926480
0.748381 0.706628
0.748950 0.711316
0.749482 0.715917
0.749918 0.720497
0.750341 0.725008
0.750687 0.729773
0.750975 0.734239
0.751242 0.738874
0.568404 0.750119
0.578342 0.756916
0.588007 0.763399
0.597337 0.769652
0.606261 0.775733
0.614829 0.781792
0.622861 0.787776
0.630338 0.793739
0.298928 0.563448
0.303407 0.569066
0.308169 0.574784
0.313161 0.580583
0.318397 0.586544
0.323804 0.592622
0.329463 0.599005
0.335223 0.605557
0.431354 0.599199
0.439571 0.605339
0.447672 0.611748
0.455599 0.618390
0.463345 0.625236
0.470962 0.632339
0.478358 0.639528
0.485641 0.646882
0.764586 0.837046
0.762769 0.844817
0.760826 0.852948
0.758942 0.860327
0.757120 0.867119
0.755100 0.874755
0.752996 0.882642
0.751030 0.889565
0.274068 0.345057
0.276781 0.353441
0.279848 0.361674
0.283193 0.369562
0.286912 0.377188
0.291077 0.384565
0.295628 0.391564
0.300619 0.398188
0.702378 0.899371
0.702427 0.909118
0.702346 0.918785
0.702237 0.928490
0.702005 0.937905
0.701775 0.947227
0.701507 0.956520
0.701284 0.965840
0.706788 0.655784
0.709226 0.663821
0.711411 0.671187
0.713556 0.678653
0.715572 0.685869
0.717462 0.692811
0.719291 0.699796
0.720978 0.706367
0.235741 0.644557
0.237423 0.650888
0.239191 0.657528
0.241110 0.664673
0.243132 0.671981
0.245269 0.679736
0.247581 0.687730
0.250106 0.696462
0.689334 0.823459
0.691342 0.830591
0.693100 0.837816
0.694599 0.845081
0.695853 0.852356
0.696937 0.859767
0.697868 0.867287
0.698607 0.874793
0.414630 0.553969
0.421230 0.556827
0.427922 0.559810
0.434639 0.562899
0.441380 0.566120
0.448114 0.569480
0.454809 0.572980
0.461460 0.576641
0.261305 0.242526
0.262914 0.255585
0.264881 0.268649
0.267153 0.281384
0.269811 0.293828
0.272815 0.305741
0.276383 0.317405
0.280450 0.328527
0.236975 0.437045
0.236158 0.448326
0.235417 0.459511
0.234853 0.471188
0.234372 0.482202
0.234087 0.493285
0.234044 0.504443
0.234184 0.515101
0.427216 0.597870
0.435389 0.603886
0.443437 0.610171
0.451375 0.616740
0.459160 0.623554
0.466741 0.630517
0.474214 0.637720
0.481491 0.645000
0.569454 0.699601
0.575097 0.705572
0.580733 0.711402
0.586363 0.717113
0.591946 0.722635
0.597472 0.727999
0.602912 0.733188
0.608282 0.738256
0.549857 0.732445
0.558245 0.738885
0.566617 0.745056
0.574951 0.751002
0.583107 0.756686
0.591140 0.762225
0.598899 0.767577
0.606416 0.772835
0.400441 0.633381
0.407196 0.640718
0.414035 0.648387
0.420758 0.656040
0.427659 0.664034
0.434434 0.671853
0.441472 0.679926
0.448460 0.687743
0.286448 0.339342
0.291202 0.347927
0.296460 0.355971
0.302721 0.363771
0.309564 0.370861
0.317301 0.377354
0.325788 0.383090
0.335267 0.388098
0.632449 0.706473
0.638004 0.714269
0.643494 0.721926
0.648804 0.729309
0.653895 0.736464
0.658781 0.743470
0.663447 0.750395
0.667860 0.757197
0.263837 0.264624
0.265167 0.273093
0.266698 0.281591
0.268335 0.289817
0.270170 0.297956
0.272138 0.305818
0.274294 0.313492
0.276787 0.321179
0.679966 0.926446
0.682507 0.936160
0.684761 0.946110
0.686567 0.955831
0.688303 0.965835
0.689608 0.975422
0.690906 0.985266
0.691851 0.994531
0.763370 0.776377
0.762612 0.783374
0.761706 0.791061
0.760677 0.798815
0.759566 0.806208
0.758381 0.813268
0.757090 0.820692
0.755667 0.828418
0.313679 0.422570
0.320855 0.428227
0.328922 0.433474
0.337830 0.438210
0.347607 0.442399
0.358397 0.446059
0.370344 0.449203
0.383513 0.451844
0.221071 0.578742
0.221583 0.583770
0.222149 0.588748
0.222786 0.593645
0.223509 0.598611
0.224252 0.603244
0.225085 0.608032
0.225959 0.612686
0.359445 0.540380
0.367779 0.544615
0.376539 0.548916
0.385681 0.553315
0.395199 0.557884
0.404971 0.562632
0.414997 0.567655
0.425119 0.572932
0.257102 0.427140
0.258014 0.435547
0.259051 0.443814
0.260244 0.451982
0.261602 0.460011
0.263178 0.467985
0.264930 0.475745
0.266892 0.483323
0.682204 0.705096
0.685350 0.712280
0.688354 0.719261
0.691256 0.726181
0.693958 0.732836
0.696555 0.739465
0.698989 0.746080
0.701235 0.752595
0.602100 0.619194
0.608282 0.628000
0.614072 0.636761
0.619536 0.645439
0.624701 0.653940
0.629644 0.662280
0.634395 0.670413
0.638991 0.678333
0.536350 0.801328
0.544255 0.804330
0.552076 0.807286
0.559650 0.810164
0.567153 0.813039
0.574255 0.815855
0.581224 0.818701
0.587924 0.821569
0.373554 0.622575
0.379717 0.629344
0.385657 0.636058
0.391829 0.643315
0.397939 0.650622
0.404043 0.658023
0.410343 0.665779
0.416519 0.673340
0.265022 0.581332
0.267274 0.586578
0.269605 0.591766
0.272081 0.597106
0.274628 0.602435
0.277293 0.607914
0.280064 0.613566
0.282875 0.619233
0.344942 0.580018
0.350731 0.584909
0.356616 0.589888
0.362666 0.595091
0.368860 0.600516
0.374996 0.606016
0.381343 0.611957
0.387690 0.618032
0.256795 0.266447
0.257544 0.277454
0.258391 0.288357
0.259350 0.299087
0.260430 0.309672
0.261633 0.320053
0.263071 0.330503
0.264704 0.340764
0.648839 0.860794
0.651865 0.864344
0.654598 0.867869
0.657166 0.871469
0.659652 0.875163
0.662017 0.878910
0.664274 0.882771
0.666294 0.886595
0.495429 0.734752
0.501944 0.739668
0.508503 0.744357
0.515195 0.748903
0.521984 0.753291
0.528810 0.757500
0.535635 0.761533
0.542503 0.765446
0.450521 0.800452
0.455340 0.802795
0.460556 0.805206
0.465579 0.807420
0.470650 0.809528
0.476031 0.811699
0.481318 0.813706
0.486312 0.815531
0.561935 0.663561
0.566957 0.669663
0.571904 0.675688
0.576759 0.681582
0.581593 0.687434
0.586353 0.693117
0.591078 0.698686
0.595741 0.704088
0.676230 0.803133
0.679514 0.809942
0.682466 0.816841
0.685104 0.823843
0.687410 0.830884
0.689475 0.838095
0.691295 0.845434
0.692839 0.852778
0.478560 0.577841
0.487294 0.583238
0.495659 0.588833
0.503714 0.594668
0.511599 0.600863
0.519097 0.607207
0.526247 0.613704
0.533141 0.620396
0.709388 0.616640
0.712695 0.626739
0.715674 0.636492
0.718468 0.646308
0.720925 0.655276
0.723228 0.664120
0.725390 0.672813
0.727316 0.680849
0.265529 0.514795
0.266836 0.518747
0.268194 0.522600
0.269656 0.526462
0.271186 0.530258
0.272813 0.534042
0.274516 0.537760
0.276307 0.541477
0.325628 0.651926
0.330101 0.659799
0.334894 0.668488
0.339600 0.676846
0.344783 0.686095
0.349873 0.694833
0.355535 0.704276
0.361260 0.713263
0.569620 0.604272
0.576849 0.612339
0.583646 0.620524
0.590021 0.628735
0.596042 0.636956
0.601776 0.645163
0.607228 0.653253
0.612463 0.661217
