0.000000 -0.000179 0.217187
0.000000 0.000388 0.215878
0.000000 0.002626 0.203847
0.000000 -0.000247 0.211036
0.000000 0.005142 0.208711
0.000000 0.011593 0.204119
0.000000 0.012059 0.174067
0.000000 0.020622 0.163278
0.000000 0.005636 0.189628
0.000000 0.014617 0.184963
0.000000 -0.014597 0.235726
0.000000 -0.025610 0.230281
0.000000 0.027167 0.179684
0.000000 0.090612 0.173909
0.000000 0.016683 0.142399
0.000000 0.012586 0.113127
0.304190 0.003778 0.159237
0.952427 -0.364888 0.259517
0.000000 0.047771 0.236716
0.000000 0.088450 0.190532
0.000000 0.007280 0.107558
0.000000 0.002965 0.061355
0.018261 0.047637 0.098448
0.004208 -0.092585 0.211503
0.000000 0.033421 0.180735
0.000000 0.032846 0.175360
0.000000 0.001138 0.070614
0.000000 0.002408 0.085467
0.000000 0.010505 0.141841
0.000000 0.013431 0.144366
0.000000 0.002157 0.179197
