0.857085
-0.163072
-1.228175
-0.075416
0.313217
0.133853
0.032011
0.001431
0.210205
0.070145
-0.334218
0.043424
-0.174124
0.421212
0.303261
0.264013
-0.154858
0.040562
-0.610845
-0.167028
0.126861
-0.400499
-0.057289
0.104054
0.064360
-0.169546
-1.513928
-0.394772
0.077242
-0.597096
0.824305
0.078491
-0.041869
0.707594
-0.081754
0.741123
-1.156734
-0.377378
0.066277
0.107485
-1.065239
0.410236
-1.416885
0.947903
0.055026
1.024541
0.712224
0.119949
0.018696
0.103203
0.041683
-0.068016
0.034892
-0.171373
0.155953
-0.301872
0.311627
0.255276
-0.494749
-1.603464
0.369304
-0.721562
-1.113823
-0.324481
-0.166812
0.203492
0.520594
0.029925
0.033786
-0.166573
0.016619
0.029754
-1.643699
0.307955
0.293724
0.034630
0.308643
0.142134
-0.033867
-0.900900
-0.251709
0.096102
-0.404587
0.071549
0.160584
-0.180812
-0.246113
0.086938
0.256367
-0.067178
0.629161
-0.204650
-0.067146
-1.495573
0.109107
-0.017463
-1.698589
-0.913854
-0.033809
0.084376
-0.053316
0.437866
0.160913
-1.802392
0.008833
0.364513
0.232244
-1.463311
0.612727
-1.319620
0.879692
0.151788
0.269204
0.112481
0.147599
-0.088317
-0.047208
0.173719
-0.864724
-0.478222
0.046514
-0.489660
0.028884
1.141920
-0.308733
-0.165027
-1.614887
-0.487335
0.175093
-0.109498
0.004439
-0.026287
-0.794475
-1.054032
0.087552
-0.044198
-1.507711
-0.166477
0.093118
1.021658
1.480869
0.404361
-0.115082
-1.547413
-1.301643
0.325656
-0.167700
-0.100139
0.273283
-0.554020
-0.104196
0.263566
-0.659001
-0.076919
-0.218070
-0.141616
-0.253729
-0.001775
-0.083785
-1.402425
-1.918106
0.058697
0.247597
-0.617024
0.907405
0.660430
0.145035
-0.448252
-0.494756
0.016354
0.450939
0.156642
0.161416
0.050170
0.375991
-0.055410
0.125023
-1.939945
-1.262302
-0.224055
-0.200907
-0.032475
-0.360072
0.054684
0.645768
-0.186113
0.393958
0.241907
-0.156235
0.093793
-1.117970
0.042501
0.042096
0.710277
0.299753
0.326834
-0.001899
0.037540
-0.055687
-0.392617
