0.294660
-0.156339
-0.298014
-0.110172
-0.347786
-0.294762
-0.085835
0.289755
1.089102
0.776563
0.155445
-0.758518
-0.201933
0.046869
1.149111
-0.216057
-0.557217
-0.332283
0.686406
-0.633404
-0.286974
0.073162
-0.014505
0.046512
1.140209
-0.539718
-0.457732
0.536363
0.083735
0.107050
0.901153
-0.132411
-0.665432
0.231139
-0.423408
0.371565
-0.633816
0.040340
-0.330784
0.610999
-0.192186
0.010866
-0.344038
0.707377
-0.318955
0.129316
-0.336332
0.461254
-0.328807
-0.225926
-0.373415
-0.425483
0.214006
-0.107277
-0.556232
-0.421121
-0.475549
-0.788340
0.543314
0.338433
-0.635231
0.476370
0.206416
0.578660
0.085623
-0.406936
0.458239
0.165733
-0.070629
-0.321814
-0.320593
0.094831
-1.049565
-0.056916
0.078858
-0.404072
-0.185870
-0.185559
-0.081554
0.130647
0.114318
-0.115572
0.362548
-0.151385
-0.645039
0.289289
0.002560
0.514647
-0.177112
-0.422097
0.863381
0.350727
-0.442039
0.354322
0.220719
-0.395703
-0.509182
0.403045
-0.289919
-0.227442
-0.068008
0.005550
0.537265
0.761503
-0.461503
-0.378066
-0.583503
-0.516526
0.257269
0.262726
1.190019
-0.197775
0.702040
0.137038
0.380480
-0.663734
0.006021
-0.230727
-0.460866
0.882351
-0.166200
-0.122185
-0.446778
0.003213
0.931734
-0.555344
-0.564227
0.315903
0.003848
-0.587037
1.106492
-0.299500
0.430825
0.912038
-0.040168
-0.412427
0.028306
-0.149713
0.143916
0.453745
0.349764
0.166514
-0.003418
-0.839353
-0.216425
-0.569499
0.006642
0.631510
-0.875115
0.337753
-0.166899
-0.330033
0.188994
0.133698
0.266458
0.550219
0.128017
-0.364785
-0.360856
0.100658
-0.334314
-0.302282
0.541530
0.845070
-0.178838
-0.257441
-0.466825
0.157691
0.665458
0.365173
-0.175528
-0.109015
0.380045
-0.432926
0.016350
-0.274549
-0.398109
0.078379
0.637499
0.737541
-0.569652
-0.227976
0.262303
-0.516042
-0.581378
-0.332520
0.840710
-0.206440
0.761792
0.121018
0.150007
-0.487516
0.685068
0.165469
-0.404520
0.247671
0.725199
-0.197705
0.461733
0.748817
