0.336551 0.298135
0.337787 0.300637
0.338827 0.302807
0.339808 0.304855
0.340062 0.305852
0.339967 0.306363
0.339790 0.306776
0.340019 0.307743
0.340622 0.309200
0.340997 0.310334
0.341298 0.311350
0.341070 0.311722
0.340713 0.311946
0.340110 0.311894
0.340064 0.312501
0.340167 0.313269
0.340305 0.314053
0.340083 0.314443
0.339474 0.314453
0.338848 0.314464
0.338170 0.314443
0.337862 0.314786
0.337658 0.315214
0.337386 0.315575
0.336843 0.315721
0.336268 0.315857
0.335635 0.315959
0.335150 0.316179
0.334945 0.316591
0.334645 0.316936
0.334401 0.317293
0.334090 0.317639
0.333849 0.318004
0.333767 0.318420
0.333614 0.318826
0.333586 0.319257
0.333610 0.319676
0.333791 0.320166
0.334102 0.320650
0.334470 0.321119
0.334907 0.321576
0.335626 0.322048
0.336482 0.322494
0.337420 0.322901
0.338468 0.323268
0.339665 0.323584
0.341019 0.323851
0.342511 0.324061
0.344248 0.324188
0.346298 0.324233
0.348407 0.324181
0.350832 0.324059
0.353583 0.323792
0.356777 0.323361
0.360094 0.322875
0.363757 0.322214
0.367763 0.321395
0.372168 0.320483
0.377364 0.319295
0.383059 0.317935
0.389435 0.316459
0.396234 0.314856
0.403554 0.313171
0.411390 0.311467
0.420607 0.309644
0.430632 0.307899
0.441856 0.306352
0.453346 0.305231
0.465283 0.304647
0.478007 0.304709
0.491311 0.305577
0.505218 0.307413
0.519227 0.310144
0.533200 0.313732
0.546922 0.318087
0.560756 0.323201
0.574238 0.328895
0.587502 0.335252
0.600355 0.342117
0.612872 0.349602
0.624672 0.357542
0.636064 0.366135
0.646949 0.375378
0.657054 0.385028
0.666132 0.394813
0.674528 0.404922
0.682005 0.415000
0.688668 0.425021
0.694405 0.434541
0.699395 0.443604
0.703750 0.452267
0.707570 0.460445
0.710974 0.468233
0.713837 0.475128
0.716427 0.481704
0.718810 0.487959
0.720909 0.493625
0.722854 0.499025
0.724508 0.503549
0.726062 0.507818
0.727472 0.511660
0.728742 0.515037
0.730001 0.518365
0.731143 0.521291
0.732209 0.523966
0.733133 0.526064
0.734033 0.528089
0.734806 0.529673
0.735558 0.531180
0.736196 0.532267
0.736840 0.533407
0.737427 0.534377
0.737919 0.534999
0.738471 0.535858
0.738952 0.536454
0.739315 0.536782
0.739628 0.536925
0.739909 0.536958
0.740083 0.536828
0.740391 0.537047
0.740711 0.537319
0.741031 0.537591
0.741054 0.537091
0.741136 0.536797
0.741153 0.536389
0.741275 0.536275
0.741585 0.536623
0.741871 0.536904
0.742128 0.537118
0.742026 0.536565
0.741981 0.536181
0.741841 0.535600
0.742049 0.535853
0.742362 0.536265
0.742680 0.536628
0.742770 0.536648
0.742802 0.536547
0.742752 0.536286
0.742823 0.536337
0.743110 0.536729
0.743472 0.537206
0.743648 0.537438
0.743777 0.537574
0.743917 0.537710
0.744189 0.538107
0.744264 0.538190
0.744499 0.538489
0.744789 0.538913
0.745068 0.539287
0.745177 0.539423
0.745476 0.539856
0.745879 0.540365
0.746215 0.540825
0.746516 0.541225
0.746908 0.541703
0.747073 0.541955
0.747308 0.542276
0.747523 0.542563
0.748078 0.543219
0.748437 0.543652
0.748796 0.544072
0.749177 0.544529
0.749449 0.544873
0.750112 0.545554
0.750773 0.546222
0.751761 0.547125
0.752179 0.547543
0.752118 0.547590
0.752415 0.547914
0.753132 0.548541
0.754147 0.549364
0.754887 0.549954
0.755749 0.550605
0.756322 0.551058
0.756887 0.551489
0.757499 0.551937
0.758364 0.552522
0.759309 0.553127
0.760265 0.553708
0.761145 0.554224
0.761748 0.554581
0.762381 0.554941
0.763010 0.555289
0.763994 0.555786
0.765202 0.556348
0.766459 0.556907
0.767288 0.557258
0.768216 0.557637
0.768764 0.557850
0.769811 0.558229
0.771054 0.558664
0.772524 0.559150
0.774292 0.559683
0.774949 0.559833
0.775441 0.559928
0.776246 0.560095
0.777103 0.560275
0.778515 0.560592
0.780028 0.560878
0.781286 0.561076
