55.489155
84.900026
67.313913
71.254401
64.371351
68.541977
60.953158
84.038790
68.535318
74.365098
63.150020
56.146184
57.058916
55.594765
55.997281
75.304223
55.496569
82.934442
55.730078
80.813430
75.081064
84.989491
72.793227
55.821821
70.407804
75.131172
85.315189
59.124471
63.896577
60.782326
64.838931
72.432842
55.801003
73.386930
72.692506
81.457038
70.724405
55.738560
75.802874
73.652535
55.928714
56.076523
55.700527
77.771370
62.612038
55.693788
82.352288
73.117073
72.746948
55.761598
75.693257
55.745712
68.664151
68.406000
85.167280
85.086920
61.270761
77.006971
59.954444
72.093488
73.091918
55.782083
66.951702
55.440072
55.686823
85.110619
73.690801
64.679681
85.714144
77.814958
55.838149
73.124325
66.806731
55.982589
79.402137
66.567599
85.248853
55.129494
67.370834
85.649091
73.086258
74.211548
70.049055
67.551005
66.574367
77.851757
56.146558
69.410657
73.614187
67.757774
84.469403
78.981210
55.595301
55.812453
65.928029
55.712435
55.662484
56.071214
71.066241
55.640609
