-0.245365
-0.075378
0.849178
-0.051928
0.020289
-1.439100
-0.636501
-0.337448
0.507506
-0.460942
-0.186902
-0.126753
-1.718422
0.177000
-1.747639
0.167399
-1.006032
-0.603307
1.277588
-0.245653
-0.060387
0.032784
2.202534
2.255316
-1.948630
-0.026953
0.513372
0.776971
0.039599
0.007993
-0.432265
0.017433
-0.018318
0.303207
1.703657
0.972814
0.388686
0.826726
0.214724
-0.028528
-0.021450
-0.119532
0.136685
-0.264565
0.424145
-0.183381
1.193411
0.063798
-0.026457
0.090031
-0.535021
0.349025
1.529721
0.016680
-0.937502
-0.815060
-0.624612
1.516690
-0.524250
-0.510078
0.014307
0.024809
0.849327
-1.043667
1.230185
-2.231076
-0.403485
0.020796
1.279861
-0.233250
-0.028149
0.011832
-0.210395
-0.186448
1.193303
0.015943
1.600167
-1.446142
0.429024
0.776462
-1.776328
0.055611
0.049244
0.331279
0.665928
-0.764414
-0.519794
-1.227101
-0.376323
0.959816
-0.890049
-0.082213
-0.893124
0.486786
-0.309657
-0.009469
1.325468
-0.485060
-1.419928
0.404992
