0.078061 0.001057 0.120479
0.078157 -0.000054 0.121801
0.078667 -0.000049 0.121138
0.076402 0.004904 0.114619
0.043838 0.025759 0.102113
0.078115 -0.000040 0.121818
0.078719 -0.000473 0.121855
0.079763 0.000025 0.119001
0.068800 0.013528 0.101913
0.031431 0.033331 0.087558
0.078259 -0.000219 0.121909
0.079604 -0.001689 0.122111
0.075313 0.003594 0.114155
0.054503 0.025340 0.087572
0.044095 0.038009 0.079514
0.030644 0.039955 0.101956
0.078454 -0.000457 0.122085
0.079180 -0.002404 0.122200
0.066712 0.008197 0.108154
0.057159 0.029066 0.082925
0.074728 0.042275 0.081221
0.073736 0.040851 0.110055
0.069662 0.018158 0.118772
0.075938 0.015776 0.083151
0.047470 0.021507 0.061313
0.046455 0.030823 0.076293
0.078481 -0.000939 0.122467
0.071285 0.000554 0.121517
0.031219 0.016382 0.103564
0.019052 0.025169 0.087826
0.083591 0.043448 0.096872
0.119270 0.036932 0.132099
0.063972 0.033070 0.112975
0.036102 0.040587 0.063606
0.019119 0.040593 0.045878
0.032549 0.040913 0.082524
0.073768 0.000067 0.122661
0.035356 0.016897 0.114812
0.000000 0.035388 0.091352
0.000000 0.026788 0.094259
0.068457 0.008506 0.127166
0.484958 -0.248230 0.255158
0.026390 0.009795 0.121214
0.001744 0.036652 0.059760
0.003740 0.039476 0.058743
0.033284 0.027860 0.102714
0.069443 0.006647 0.118711
0.044355 0.012078 0.119241
0.000000 0.035788 0.100601
0.000000 0.038953 0.081891
0.007199 0.043575 0.092660
0.104239 -0.001087 0.123674
0.611278 -0.349994 0.247094
0.097699 -0.043055 0.136225
0.001752 0.025572 0.099851
0.025273 0.035605 0.106100
0.064087 0.012294 0.115685
0.074035 0.003434 0.120383
0.000000 0.042994 0.086029
0.015155 0.041455 0.082859
0.067684 0.036923 0.081063
0.108231 0.016689 0.083764
0.157338 -0.000342 0.107749
0.132874 0.027144 0.087632
0.059706 0.014712 0.110039
0.049292 0.015053 0.120925
0.062523 0.009094 0.118234
0.071907 0.002996 0.121085
0.067397 0.035417 0.075362
0.091350 0.025865 0.061964
0.105079 0.008340 0.074778
0.110575 0.012898 0.091833
0.081720 0.011596 0.057780
0.054676 0.006487 0.092826
0.049428 0.013116 0.116914
0.064746 0.005638 0.118916
0.073697 0.001061 0.121571
0.129195 -0.002383 0.080452
0.089174 0.019280 0.092334
0.068325 0.016262 0.057678
0.052032 0.010858 0.080500
0.061091 0.010086 0.115269
0.074363 0.001971 0.120715
0.077249 -0.000041 0.121790
