0.195028 0.478448
0.195262 0.480068
0.195498 0.481736
0.195611 0.482949
0.195713 0.484139
0.195711 0.484887
0.195658 0.485396
0.195564 0.485636
0.195463 0.485809
0.195342 0.485820
0.195235 0.485873
0.195106 0.485719
0.194948 0.485278
0.194812 0.484938
0.194666 0.484293
0.194552 0.483865
0.194440 0.483299
0.194364 0.483021
0.194305 0.482830
0.194256 0.482642
0.194210 0.482436
0.194197 0.482368
0.194195 0.482920
0.194215 0.483757
0.194225 0.484168
0.194232 0.485235
0.194255 0.486436
0.194265 0.487814
0.194253 0.489836
0.194225 0.492047
0.194181 0.494411
0.194099 0.497297
0.193978 0.500410
0.193841 0.503841
0.193651 0.507633
0.193445 0.511448
0.193157 0.516019
0.192846 0.520681
0.192511 0.525482
0.192120 0.530643
0.191727 0.535958
0.191280 0.541580
0.190867 0.547112
0.190392 0.553183
0.189916 0.559401
0.189504 0.565219
0.189055 0.571513
0.188619 0.578162
0.188247 0.584458
0.187937 0.590526
0.187602 0.597339
0.187256 0.604870
0.187044 0.611774
0.186897 0.618560
0.186799 0.625687
0.186769 0.633049
0.186839 0.640029
0.186997 0.646779
0.187228 0.653535
0.187555 0.660411
0.187958 0.667295
0.188467 0.674265
0.189063 0.681197
0.189763 0.688245
0.190535 0.694871
0.191373 0.701254
0.192296 0.707520
0.193274 0.713611
0.194306 0.719417
0.195480 0.725746
0.196782 0.732326
0.198145 0.738682
0.199535 0.744683
0.201051 0.750897
0.202638 0.757014
0.204329 0.763187
0.206100 0.769303
0.207894 0.775153
0.209794 0.781086
0.211778 0.786961
0.213874 0.792914
0.215989 0.798630
0.218181 0.804304
0.220695 0.810592
0.223153 0.816432
0.225780 0.822424
0.228513 0.828394
0.231166 0.833922
0.233882 0.839358
0.236902 0.845196
0.239998 0.850934
0.243029 0.856307
0.246274 0.861848
0.249826 0.867704
0.253368 0.873286
0.257133 0.878990
0.260850 0.884377
0.264880 0.889992
0.268761 0.895174
0.272742 0.900269
0.277113 0.905667
0.281772 0.911200
0.286409 0.916460
0.291407 0.921913
0.296346 0.927052
0.301270 0.931950
0.306545 0.937015
0.311933 0.941929
0.317837 0.947127
0.323390 0.951780
0.329482 0.956655
0.335471 0.961232
0.341700 0.965810
0.347758 0.970002
0.353997 0.974158
0.360704 0.978451
0.367336 0.982487
0.374275 0.986531
0.381159 0.990345
0.388346 0.994154
0.395661 0.997847
0.402854 1.001295
0.410368 1.004736
0.418041 1.008080
0.425751 1.011268
0.432911 1.014059
0.440654 1.016955
0.448238 1.019641
0.455151 1.021951
0.462245 1.024259
0.469553 1.026463
0.476579 1.028514
0.483570 1.030509
0.490411 1.032304
0.497081 1.034027
0.503885 1.035729
0.510240 1.037268
0.516665 1.038789
0.522611 1.040168
0.528999 1.041635
0.535268 1.043061
0.541006 1.044367
0.546348 1.045593
0.551682 1.046881
0.556827 1.048051
0.562143 1.049335
0.566914 1.050583
0.571723 1.051776
0.576043 1.052950
0.580514 1.054257
0.584721 1.055442
0.589153 1.056788
0.593019 1.058101
0.596976 1.059382
0.601012 1.060800
0.604752 1.062255
0.608250 1.063586
0.611936 1.065094
0.615557 1.066650
0.618956 1.068201
0.621971 1.069685
0.625038 1.071249
0.628170 1.072903
0.630868 1.074512
0.633718 1.076124
0.636309 1.077751
0.638772 1.079439
0.641438 1.081160
0.643864 1.082891
0.646095 1.084645
0.648196 1.086267
0.650163 1.087927
0.652063 1.089600
0.653848 1.091254
0.655859 1.093088
0.657521 1.094822
0.659327 1.096569
0.660957 1.098310
0.662566 1.100079
0.664103 1.101843
0.665599 1.103620
0.666952 1.105330
0.668221 1.107011
0.669687 1.108879
0.670876 1.110568
0.672026 1.112247
0.673122 1.113986
0.674369 1.115764
0.675485 1.117517
0.676488 1.119250
0.677549 1.120959
0.678644 1.122779
0.679608 1.124513
0.680485 1.126191
0.681410 1.127930
0.682431 1.129787
0.683119 1.131344
0.683902 1.133015
0.684708 1.134724
0.685494 1.136429
