0.477552
0.271453
0.134513
0.090707
0.234807
0.388563
0.487590
0.258977
0.166056
-0.766214
0.198636
0.242564
0.241692
0.256795
0.162089
-1.287589
0.221292
-0.194558
-1.285649
-1.286575
0.154519
-1.277791
0.365994
-0.306826
-0.044091
0.612878
0.098617
-0.312835
0.217900
0.097362
-1.282438
-0.035697
0.282150
0.052176
0.381133
-1.283162
-0.890681
-0.021933
0.055780
0.409582
-1.285635
-0.219586
0.391924
0.369237
0.348774
0.109408
0.039603
0.279079
-1.285191
0.080186
-1.285863
0.284879
0.275623
-1.282790
-1.283894
0.325703
0.025074
0.052709
0.097858
-0.008801
0.048612
0.316097
0.415936
0.216502
-1.286474
0.164767
0.218152
-0.373351
0.167963
0.020567
0.480718
-0.361073
0.247345
0.211689
-0.065874
0.417820
0.331607
0.169549
0.002500
-0.364666
0.185791
0.143744
0.196958
-1.285531
0.207333
0.184906
0.261072
-1.292642
0.374304
-0.018766
0.272822
0.305600
0.197689
0.414997
0.257393
0.137576
0.409926
0.277950
-0.206536
-0.056831
0.308294
0.316429
0.164128
0.140885
-0.384248
-0.008788
0.027928
0.440329
0.401420
0.194461
0.416587
0.121540
0.396983
-1.290682
0.342956
0.069175
0.266943
-1.293138
-0.105883
0.166356
-0.070150
0.100540
0.480630
0.495824
0.091997
0.230859
0.140264
0.025785
-0.047088
-0.397684
0.286155
0.553562
0.211809
-0.256684
-1.286842
0.270185
0.504284
-1.286316
0.167386
0.436979
0.482798
0.085846
-0.006945
0.132179
0.245347
0.191429
-0.373233
-1.278408
0.268831
0.212218
0.361117
0.031624
0.268951
0.166043
0.177353
0.126662
-0.094516
0.164130
0.341653
0.281959
0.242977
-1.280940
0.218046
0.360617
0.162782
0.432193
0.225826
-1.282147
-0.164134
-0.150903
0.261624
0.417232
0.079036
0.144277
0.461955
0.065828
0.194156
0.023534
0.087014
0.380343
-1.283287
0.145469
-1.278792
0.319593
0.147267
-0.128780
0.181871
0.238989
0.103994
0.326526
-1.287399
0.213586
-0.197641
0.202220
0.024083
0.179983
0.363430
0.034710
0.297953
0.146662
-0.104307
0.424416
0.228887
-0.111765
0.230123
0.061815
0.170253
-0.502460
0.281082
-0.167019
-0.096027
-0.248346
-0.021705
0.166630
-1.265110
0.197223
0.064154
-1.285839
-0.234382
-1.291853
0.420274
0.238703
0.367232
-1.080023
0.313736
0.310426
0.123582
-1.285983
-0.065206
-0.171725
0.271513
0.280404
0.192088
0.033373
0.292968
0.253524
0.272201
0.226878
0.516633
0.331139
0.387988
0.191765
0.183343
0.173478
0.293021
0.342827
0.362042
0.264220
0.327916
-0.198763
0.354705
-1.283986
0.360352
0.067217
0.296766
0.073448
-0.173029
0.350645
0.285691
0.201729
0.105663
-1.306019
0.280743
0.169094
0.299196
0.399564
0.243719
-0.244815
0.169442
0.352798
-0.257430
0.083669
-1.287521
0.059158
0.352723
0.201558
0.322630
0.194641
0.276489
0.265859
-0.074579
-1.275458
0.340512
-0.337794
0.169094
0.291406
0.249850
0.091952
-0.092204
-0.078948
0.145519
0.206855
0.292244
0.158572
0.290855
0.297389
0.185333
0.152559
0.262922
0.359551
