0.443350 0.198965
0.444980 0.202124
0.446360 0.204838
0.447775 0.207562
0.448986 0.209920
0.450236 0.212294
0.451430 0.214518
0.452567 0.216638
0.453575 0.218506
0.454516 0.220230
0.455296 0.221687
0.456076 0.223105
0.456924 0.224571
0.457660 0.225827
0.458510 0.227225
0.459242 0.228415
0.460072 0.229680
0.460805 0.230791
0.461579 0.231912
0.462472 0.233123
0.463531 0.234440
0.464681 0.235845
0.465740 0.237068
0.466874 0.238371
0.468496 0.240044
0.470082 0.241603
0.471890 0.243341
0.473949 0.245198
0.476032 0.247009
0.478384 0.248964
0.481037 0.251074
0.483815 0.253203
0.486893 0.255445
0.490182 0.257806
0.493711 0.260227
0.497642 0.262832
0.501589 0.265375
0.505896 0.268070
0.510532 0.270895
0.515395 0.273767
0.520507 0.276770
0.525873 0.279819
0.531588 0.283063
0.537361 0.286277
0.543360 0.289586
0.549879 0.293161
0.556415 0.296712
0.562901 0.300275
0.569830 0.304070
0.577064 0.308059
0.583975 0.311898
0.590578 0.315580
0.597545 0.319561
0.604650 0.323670
0.611539 0.327722
0.618248 0.331742
0.625129 0.335965
0.632064 0.340328
0.638926 0.344747
0.645503 0.349129
0.652013 0.353565
0.658231 0.357956
0.664348 0.362398
0.670223 0.366798
0.676166 0.371408
0.682105 0.376169
0.687842 0.380964
0.693567 0.385909
0.699183 0.390979
0.704357 0.395808
0.709214 0.400503
0.714018 0.405325
0.718838 0.410360
0.723374 0.415278
0.727797 0.420260
0.732029 0.425211
0.736136 0.430202
0.740227 0.435376
0.744191 0.440568
0.747914 0.445675
0.751523 0.450795
0.755112 0.456096
0.758589 0.461437
0.761650 0.466288
0.764801 0.471488
0.767763 0.476550
0.770621 0.481615
0.773566 0.487055
0.776437 0.492576
0.779025 0.497712
0.781553 0.502918
0.784129 0.508461
0.786577 0.513910
0.788715 0.518811
0.790912 0.524052
0.792970 0.529113
0.795057 0.534479
0.797004 0.539634
0.798950 0.545041
0.800868 0.550612
0.802602 0.555778
0.804201 0.560660
0.805806 0.565814
0.807271 0.570612
0.808751 0.575743
0.810217 0.581127
0.811538 0.586047
0.812852 0.591306
0.814002 0.595868
0.815196 0.601045
0.816284 0.605937
0.817348 0.611057
0.818331 0.615887
0.819319 0.621481
0.820225 0.626855
0.821034 0.631752
0.821806 0.636937
0.822506 0.641859
0.823159 0.647012
0.823746 0.651885
0.824278 0.656700
0.824761 0.661785
0.825186 0.666508
0.825561 0.671070
0.825889 0.675613
0.826154 0.680925
0.826382 0.685411
0.826558 0.690075
0.826648 0.695628
0.826720 0.700658
0.826706 0.705651
0.826652 0.710738
0.826586 0.715536
0.826399 0.720786
0.826186 0.725925
0.825963 0.730644
0.825643 0.735879
0.825310 0.740766
0.824864 0.746248
0.824494 0.750675
0.824095 0.755016
0.823568 0.760063
0.822931 0.765611
0.822334 0.770686
0.821574 0.776292
0.820924 0.781005
0.820159 0.786383
0.819299 0.791808
0.818318 0.797857
0.817470 0.803007
0.816402 0.808942
0.815524 0.813725
0.814474 0.819419
0.813364 0.824986
0.812404 0.829713
0.811400 0.834665
0.810164 0.840424
0.809161 0.844969
0.808184 0.849270
0.807134 0.853836
0.805892 0.859263
0.804748 0.864092
0.803726 0.868228
0.802534 0.873245
0.801384 0.877734
0.800185 0.882506
0.799037 0.887085
0.797992 0.890862
0.796909 0.894888
0.795818 0.899018
0.794547 0.903764
0.793311 0.908410
0.792097 0.912919
0.790858 0.917526
0.789921 0.920610
0.788802 0.924678
0.787769 0.928089
0.786715 0.931696
0.785721 0.934981
0.784735 0.938213
0.783787 0.941240
0.782765 0.944651
0.781730 0.948135
0.780972 0.950113
0.779994 0.953300
0.779036 0.956360
0.778153 0.959144
0.777370 0.961181
0.776565 0.963408
0.775752 0.965757
0.774945 0.967961
0.774277 0.969353
0.773524 0.971313
0.772728 0.973581
0.772022 0.975241
0.771449 0.975951
0.770586 0.978777
0.769857 0.980693
0.769181 0.982211
0.768516 0.983646
