0.416230 0.251344
0.417868 0.254580
0.419354 0.257522
0.420894 0.260491
0.422314 0.263220
0.423795 0.265978
0.425271 0.268650
0.426732 0.271256
0.428132 0.273696
0.429516 0.276042
0.430806 0.278199
0.432130 0.280332
0.433543 0.282501
0.434902 0.284517
0.436380 0.286625
0.437795 0.288571
0.439322 0.290561
0.440795 0.292416
0.442327 0.294258
0.443983 0.296144
0.445810 0.298088
0.447728 0.300059
0.449588 0.301867
0.451517 0.303690
0.453895 0.305764
0.456253 0.307715
0.458805 0.309754
0.461588 0.311846
0.464390 0.313861
0.467429 0.315944
0.470732 0.318103
0.474137 0.320237
0.477802 0.322418
0.481632 0.324646
0.485663 0.326887
0.490033 0.329230
0.494392 0.331497
0.499046 0.333847
0.503965 0.336268
0.509058 0.338703
0.514329 0.341213
0.519799 0.343743
0.525531 0.346400
0.531281 0.349030
0.537190 0.351724
0.543513 0.354609
0.549816 0.357483
0.556030 0.360369
0.562592 0.363435
0.569378 0.366658
0.575858 0.369786
0.582054 0.372817
0.588520 0.376087
0.595080 0.379477
0.601437 0.382847
0.607623 0.386219
0.613933 0.389768
0.620267 0.393451
0.626530 0.397204
0.632528 0.400953
0.638466 0.404772
0.644137 0.408579
0.649715 0.412451
0.655077 0.416313
0.660477 0.420359
0.665860 0.424545
0.671048 0.428773
0.676215 0.433139
0.681260 0.437614
0.685933 0.441918
0.690328 0.446131
0.694657 0.450454
0.698975 0.454951
0.703042 0.459366
0.706994 0.463838
0.710772 0.468292
0.714425 0.472780
0.718039 0.477414
0.721535 0.482068
0.724806 0.486648
0.727970 0.491245
0.731094 0.495978
0.734106 0.500741
0.736784 0.505137
0.739505 0.509792
0.742063 0.514345
0.744523 0.518899
0.747021 0.523727
0.749442 0.528609
0.751639 0.533208
0.753772 0.537856
0.755918 0.542742
0.757957 0.547564
0.759756 0.551973
0.761580 0.556630
0.763293 0.561154
0.765008 0.565888
0.766615 0.570477
0.768200 0.575216
0.769752 0.580067
0.771170 0.584633
0.772486 0.588994
0.773792 0.593532
0.774996 0.597819
0.776197 0.602322
0.777378 0.606981
0.778457 0.611307
0.779519 0.615867
0.780470 0.619943
0.781441 0.624399
0.782333 0.628677
0.783205 0.633077
0.784021 0.637262
0.784827 0.641947
0.785579 0.646459
0.786264 0.650651
0.786921 0.655009
0.787527 0.659185
0.788100 0.663491
0.788626 0.667605
0.789112 0.671670
0.789565 0.675888
0.789975 0.679868
0.790348 0.683736
0.790685 0.687583
0.790985 0.691888
0.791250 0.695679
0.791479 0.699568
0.791660 0.703987
0.791828 0.708060
0.791919 0.712142
0.791990 0.716254
0.792053 0.720166
0.792023 0.724386
0.791981 0.728514
0.791916 0.732388
0.791797 0.736569
0.791655 0.740541
0.791451 0.744867
0.791261 0.748564
0.791042 0.752212
0.790755 0.756282
0.790407 0.760656
0.790074 0.764725
0.789626 0.769167
0.789222 0.773056
0.788772 0.777324
0.788233 0.781680
0.787645 0.786393
0.787112 0.790548
0.786439 0.795243
0.785848 0.799223
0.785184 0.803740
0.784450 0.808250
0.783781 0.812230
0.783097 0.816330
0.782268 0.821001
0.781544 0.824906
0.780819 0.828671
0.780052 0.832613
0.779189 0.837109
0.778361 0.841245
0.777576 0.844958
0.776721 0.849213
0.775850 0.853211
0.774963 0.857374
0.774105 0.861398
0.773262 0.864982
0.772409 0.868709
0.771559 0.872485
0.770604 0.876747
0.769672 0.880929
0.768748 0.885040
0.767812 0.889236
0.767007 0.892427
0.766132 0.896259
0.765275 0.899731
0.764420 0.903314
0.763591 0.906692
0.762768 0.910046
0.761963 0.913271
0.761130 0.916773
0.760295 0.920339
0.759575 0.922872
0.758771 0.926253
0.757979 0.929560
0.757230 0.932642
0.756512 0.935284
0.755794 0.938033
0.755081 0.940840
0.754371 0.943620
0.753714 0.945805
0.753037 0.948390
0.752355 0.951194
0.751702 0.953582
0.751089 0.955316
0.750413 0.958518
0.749778 0.961092
0.749162 0.963395
0.748553 0.965644
