0.825006 0.398188
0.832139 0.413418
0.839162 0.429691
0.845986 0.446974
0.852036 0.463626
0.857707 0.480762
0.863229 0.499407
0.868166 0.518135
0.872686 0.537735
0.876816 0.558871
0.880616 0.583197
0.883480 0.606431
0.885628 0.630031
0.887019 0.652841
0.632969 0.860680
0.637258 0.864795
0.641327 0.868974
0.645153 0.873187
0.648782 0.877491
0.652285 0.881893
0.655570 0.886369
0.658745 0.890944
0.661689 0.895539
0.664544 0.900282
0.667092 0.904900
0.669593 0.909725
0.671964 0.914562
0.674128 0.919397
0.356122 0.951065
0.365007 0.956639
0.374531 0.962247
0.383605 0.967233
0.393715 0.972415
0.403882 0.977281
0.413628 0.981597
0.424610 0.986213
0.434614 0.990023
0.444681 0.993657
0.455403 0.997221
0.464488 1.000067
0.474740 1.003051
0.484642 1.005827
0.167056 0.774848
0.170146 0.787041
0.173144 0.797657
0.176152 0.807477
0.179790 0.818851
0.183313 0.828996
0.186768 0.838280
0.190798 0.848679
0.194878 0.858566
0.198927 0.867821
0.203355 0.877484
0.208525 0.888265
0.212730 0.896388
0.217401 0.905066
0.820244 0.727558
0.819825 0.735050
0.819297 0.742880
0.818673 0.750251
0.818061 0.757007
0.817175 0.764882
0.816265 0.772323
0.815205 0.780160
0.814101 0.787658
0.812836 0.795634
0.811393 0.804146
0.810013 0.811782
0.808450 0.820021
0.807032 0.827067
0.857350 0.639566
0.858482 0.651643
0.859345 0.663530
0.859954 0.675730
0.860254 0.689785
0.860234 0.703583
0.860028 0.716166
0.859565 0.728978
0.858526 0.745202
0.857313 0.760216
0.856278 0.771894
0.855194 0.782702
0.853283 0.798263
0.851231 0.813049
0.184512 0.583333
0.183897 0.596505
0.183354 0.611283
0.183123 0.625528
0.183173 0.640455
0.183589 0.654364
0.184357 0.668532
0.185514 0.682842
0.187045 0.696843
0.188882 0.709887
0.190976 0.722125
0.193543 0.735323
0.196365 0.747805
0.199569 0.760406
0.639734 0.951278
0.643788 0.955287
0.647583 0.959387
0.651034 0.963452
0.654533 0.967799
0.657529 0.971925
0.660525 0.976270
0.663196 0.980548
0.665883 0.984951
0.668274 0.989326
0.670835 0.993996
0.672705 0.998058
0.675192 1.003079
0.676587 1.006809
0.547448 0.333501
0.556905 0.338047
0.566273 0.342594
0.575980 0.347393
0.585458 0.352173
0.595112 0.357219
0.604540 0.362296
0.614438 0.367830
0.623702 0.373249
0.633236 0.379066
0.642174 0.384812
0.650773 0.390606
0.659285 0.396637
0.667004 0.402414
0.300650 0.637175
0.300974 0.639805
0.301307 0.642466
0.301626 0.644870
0.301989 0.647568
0.302345 0.650082
0.302721 0.652681
0.303102 0.655210
0.303494 0.657768
0.303903 0.660242
0.304343 0.662882
0.304774 0.665367
0.305264 0.668115
0.305713 0.670561
0.693439 0.829369
0.694767 0.834159
0.696025 0.838985
0.697217 0.843914
0.698277 0.848673
0.699293 0.853570
0.700254 0.858516
0.701116 0.863387
0.701957 0.868404
0.702706 0.873340
0.703408 0.878317
0.704071 0.883352
0.704661 0.888321
0.705230 0.893380
0.693040 0.945335
0.694085 0.950454
0.695008 0.955414
0.695974 0.960595
0.696768 0.965458
0.697607 0.970581
0.698359 0.975476
0.699107 0.980540
0.699795 0.985410
0.700491 0.990427
0.701100 0.995252
0.701710 1.000132
0.702278 1.004932
0.702822 1.009699
0.521473 0.327199
0.531464 0.331975
0.539943 0.335971
0.550152 0.340788
0.559927 0.345433
0.570437 0.350518
0.580764 0.355632
0.590851 0.360773
0.601350 0.366312
0.611387 0.371853
0.621538 0.377703
0.631657 0.383825
0.641173 0.389916
0.650494 0.396205
0.205923 0.882493
0.211730 0.894154
0.216877 0.903732
0.223338 0.915291
0.229408 0.925395
0.236010 0.935794
0.242800 0.945839
0.250106 0.956034
0.257363 0.965490
0.264878 0.974683
0.273080 0.984174
0.281406 0.993179
0.290576 1.002551
0.299278 1.010788
0.401186 0.466086
0.404882 0.470808
0.408669 0.475483
0.412611 0.480204
0.416576 0.484807
0.420708 0.489471
0.424904 0.494091
0.429196 0.498710
0.433548 0.503315
0.437994 0.507945
0.442451 0.512533
0.446981 0.517165
0.451556 0.521825
0.456094 0.526461
0.542956 0.867085
0.544546 0.867674
0.546011 0.868172
0.548055 0.868929
0.549692 0.869528
0.551051 0.870014
0.553065 0.870773
0.554690 0.871381
0.555943 0.871857
0.558026 0.872660
0.559707 0.873286
0.560905 0.873734
0.562956 0.874544
0.564499 0.875152
0.255507 0.851037
0.260664 0.859201
0.266154 0.867352
0.271984 0.875467
0.277801 0.883031
0.284147 0.890806
0.291019 0.898689
0.298369 0.906609
0.305772 0.914011
0.313548 0.921301
0.322108 0.928821
0.330805 0.935924
0.339675 0.942663
0.348977 0.949257
0.624952 0.329682
0.632003 0.334161
0.638983 0.338693
0.645675 0.343183
0.652300 0.347726
0.658631 0.352221
0.664858 0.356764
0.670839 0.361262
0.676882 0.365965
0.682939 0.370835
0.688779 0.375730
0.694601 0.380770
0.700296 0.385922
0.705553 0.390835
0.556632 0.942506
0.558492 0.943067
0.560502 0.943680
0.561756 0.944076
0.563583 0.944649
0.565438 0.945274
0.566729 0.945700
0.568499 0.946243
0.570265 0.946827
0.571530 0.947265
0.573290 0.947865
0.575174 0.948514
0.576410 0.948965
0.578012 0.949542
0.477219 0.936895
0.478785 0.937353
0.480983 0.937941
0.483735 0.938724
0.485509 0.939205
0.487660 0.939789
0.490399 0.940544
0.491987 0.940958
0.494076 0.941508
0.496994 0.942299
0.498406 0.942686
0.500443 0.943179
0.503253 0.943923
0.504751 0.944299
0.724192 0.292983
0.731778 0.300775
0.739470 0.309086
0.747008 0.317564
0.754056 0.325757
0.761423 0.334895
0.767847 0.343093
0.774686 0.352362
0.780950 0.361228
0.786415 0.369237
0.792756 0.379182
0.798501 0.388584
0.803924 0.397941
0.809283 0.407655
0.222773 0.553275
0.222606 0.555003
0.222333 0.557536
0.222274 0.558372
0.222088 0.560231
0.221806 0.562907
0.221737 0.563871
0.221545 0.565771
0.221297 0.568346
0.221216 0.569465
0.221062 0.571224
0.220855 0.573473
0.220731 0.575027
0.220578 0.576875
0.737679 0.321732
0.746825 0.332098
0.755471 0.342388
0.763598 0.352664
0.772111 0.364162
0.779541 0.374722
0.786359 0.384937
0.793451 0.396301
0.800612 0.408594
0.806651 0.419463
0.813047 0.431821
0.818709 0.443377
0.824249 0.455421
0.829412 0.467301
0.672461 0.977524
0.673585 0.980028
0.674712 0.982590
0.675938 0.985349
0.677124 0.988112
0.678279 0.990891
0.679338 0.993634
0.680271 0.996140
0.681114 0.998596
0.681847 1.000977
0.682576 1.003281
0.683428 1.005871
0.684385 1.008744
0.685432 1.011715
0.267557 0.399512
0.267557 0.399512
0.267557 0.399512
0.267557 0.399512
0.267557 0.399512
0.267557 0.399512
0.267557 0.399512
0.267557 0.399512
0.267557 0.399512
0.267557 0.399512
0.267557 0.399512
0.267557 0.399512
0.267557 0.399512
0.267557 0.399512
0.838573 0.440585
0.845940 0.459483
0.852523 0.478082
0.858737 0.497730
0.864330 0.517706
0.869353 0.538278
0.873987 0.561038
0.878144 0.587033
0.881143 0.610876
0.883340 0.634948
0.884784 0.662453
0.885359 0.688172
0.885219 0.712911
0.884461 0.737755
0.655939 1.080523
0.658124 1.082892
0.660926 1.085775
0.662946 1.088218
0.664530 1.090402
0.667038 1.093420
0.668707 1.095758
0.669773 1.097766
0.672378 1.101003
0.673640 1.103302
0.674132 1.104807
0.676656 1.108286
0.677973 1.110732
0.677991 1.111891
0.153868 0.767679
0.155876 0.776963
0.158104 0.786625
0.160357 0.795645
0.162745 0.804621
0.165175 0.813178
0.167492 0.820812
0.169792 0.828005
0.172437 0.836032
0.174840 0.842877
0.177633 0.850660
0.180501 0.858296
0.183522 0.866029
0.186629 0.873650
0.464853 0.376551
0.471259 0.380171
0.477940 0.383786
0.485049 0.387436
0.492415 0.391063
0.500214 0.394803
0.508135 0.398502
0.516454 0.402310
0.524748 0.406109
0.533375 0.410053
0.542128 0.414081
0.550941 0.418237
0.559635 0.422425
0.568188 0.426673
0.550558 0.302433
0.559494 0.307167
0.568404 0.311891
0.577879 0.316974
0.586562 0.321686
0.596175 0.327009
0.605867 0.332497
0.614653 0.337623
0.623958 0.343213
0.633317 0.349047
0.642147 0.354752
0.650945 0.360661
0.659421 0.366636
0.667248 0.372352
0.214823 0.601880
0.214674 0.604486
0.214591 0.606313
0.214538 0.608078
0.214438 0.610391
0.214387 0.612150
0.214335 0.614017
0.214238 0.616625
0.214226 0.618084
0.214206 0.619629
0.214127 0.622340
0.214129 0.623979
0.214131 0.625600
0.214092 0.628099
0.253702 0.412071
0.253702 0.412071
0.253702 0.412071
0.253702 0.412071
0.253702 0.412071
0.253702 0.412071
0.253702 0.412071
0.253702 0.412071
0.253702 0.412071
0.253702 0.412071
0.253702 0.412071
0.253702 0.412071
0.253702 0.412071
0.253702 0.412071
0.226951 0.485265
0.226693 0.488919
0.226356 0.493509
0.225938 0.498622
0.225509 0.503422
0.224829 0.510565
0.224338 0.515485
0.223532 0.523152
0.222759 0.530268
0.221983 0.537614
0.221028 0.546399
0.220331 0.553429
0.219362 0.562944
0.218626 0.571135
0.761575 0.859287
0.760572 0.864847
0.759720 0.868817
0.758783 0.873632
0.757829 0.878563
0.756916 0.882969
0.755951 0.887983
0.754979 0.893088
0.754139 0.896486
0.753258 0.900444
0.752245 0.906444
0.751356 0.910813
0.750552 0.913600
0.749675 0.917910
0.350147 0.886545
0.359905 0.893480
0.369935 0.900010
0.380430 0.906288
0.391706 0.912425
0.403037 0.918056
0.414792 0.923392
0.426981 0.928453
0.439731 0.933312
0.451700 0.937410
0.463911 0.941295
0.475685 0.944798
0.488022 0.948190
0.499037 0.951072
0.203235 0.542625
0.202911 0.545670
0.202711 0.547676
0.202690 0.548334
0.202410 0.551132
0.202234 0.553056
0.202210 0.553779
0.201902 0.556770
0.201707 0.558909
0.201667 0.559800
0.201370 0.562707
0.201187 0.564888
0.201129 0.565982
0.200906 0.568439
0.593406 0.917119
0.595303 0.918005
0.597518 0.919085
0.599369 0.920026
0.601257 0.921006
0.603144 0.922042
0.605037 0.923039
0.606799 0.924029
0.608589 0.925056
0.610505 0.926171
0.612227 0.927215
0.613825 0.928250
0.615581 0.929325
0.617238 0.930406
0.613683 0.169978
0.622044 0.178354
0.630729 0.186805
0.639225 0.194929
0.647695 0.202867
0.655671 0.210157
0.663492 0.217208
0.671298 0.224283
0.679636 0.231909
0.687582 0.239221
0.695371 0.246429
0.702946 0.253517
0.710315 0.260499
0.717315 0.267271
0.766785 0.798346
0.766253 0.803462
0.765625 0.808783
0.765018 0.813577
0.764351 0.818692
0.763677 0.823467
0.762928 0.828792
0.762175 0.833794
0.761438 0.838501
0.760630 0.843363
0.759780 0.848900
0.758950 0.853544
0.758102 0.858406
0.757228 0.863439
0.511477 0.445987
0.520858 0.450869
0.530228 0.455803
0.539873 0.460998
0.548986 0.466076
0.558243 0.471443
0.567351 0.476989
0.576232 0.482702
0.584808 0.488561
0.593030 0.494580
0.600960 0.500797
0.608769 0.507397
0.615831 0.513829
0.622444 0.520368
0.307524 0.592364
0.307629 0.593645
0.307748 0.595138
0.307885 0.596844
0.308005 0.598273
0.308127 0.599805
0.308268 0.601409
0.308404 0.602823
0.308542 0.604317
0.308690 0.605886
0.308827 0.607324
0.308974 0.608818
0.309131 0.610388
0.309271 0.611852
0.295296 0.375652
0.295296 0.375652
0.295296 0.375652
0.295296 0.375652
0.295296 0.375652
0.295296 0.375652
0.295296 0.375652
0.295296 0.375652
0.295296 0.375652
0.295296 0.375652
0.295296 0.375652
0.295296 0.375652
0.295296 0.375652
0.295296 0.375652
0.475960 1.063528
0.489223 1.067305
0.501178 1.070483
0.511940 1.073083
0.522968 1.075686
0.535325 1.078495
0.545657 1.080786
0.554963 1.082871
0.564020 1.084939
0.573098 1.087094
0.581146 1.089123
0.588929 1.091219
0.596049 1.093297
0.603228 1.095538
0.804557 0.599563
0.806517 0.607985
0.808317 0.616559
0.809950 0.625011
0.811444 0.633850
0.812745 0.642305
0.813894 0.650828
0.814841 0.658630
0.815658 0.666753
0.816341 0.674631
0.816839 0.683145
0.817226 0.690485
0.817441 0.698845
0.817466 0.707853
0.514008 0.345898
0.523464 0.350248
0.534138 0.355080
0.544428 0.359758
0.555075 0.364632
0.566481 0.369958
0.577255 0.375133
0.588581 0.380785
0.599713 0.386593
0.610363 0.392431
0.621392 0.398826
0.631935 0.405324
0.641786 0.411778
0.651377 0.418468
0.731398 0.918253
0.730805 0.921202
0.730421 0.927137
0.730015 0.932639
0.729390 0.934788
0.729086 0.941130
0.728697 0.946218
0.728025 0.947578
0.727856 0.954764
0.727469 0.959209
0.726787 0.960305
0.726768 0.968250
0.726355 0.971910
0.725765 0.973456
0.683586 0.949539
0.684890 0.953666
0.686040 0.957628
0.687069 0.961459
0.688139 0.965505
0.689292 0.969728
0.690241 0.973679
0.691019 0.977348
0.691939 0.981384
0.692953 0.985722
0.693702 0.989539
0.694252 0.992997
0.695120 0.997150
0.695982 1.001474
0.165766 0.482655
0.166193 0.484719
0.166626 0.487560
0.167013 0.493130
0.167381 0.496741
0.167566 0.505473
0.167729 0.511978
0.167676 0.521185
0.167505 0.531197
0.167279 0.541076
0.166814 0.553434
0.166388 0.565426
0.165959 0.577812
0.165454 0.592192
0.392653 0.562218
0.393236 0.563505
0.393806 0.564775
0.394388 0.566077
0.394971 0.567378
0.395541 0.568652
0.396124 0.569958
0.396710 0.571279
0.397280 0.572558
0.397862 0.573860
0.398448 0.575177
0.399018 0.576460
0.399601 0.577781
0.400190 0.579120
0.777562 0.358574
0.783563 0.367358
0.789164 0.375891
0.794249 0.383933
0.799732 0.393111
0.804862 0.402092
0.809675 0.410880
0.814600 0.420349
0.819045 0.429265
0.823452 0.438532
0.827607 0.447658
0.831708 0.457117
0.835945 0.467545
0.839826 0.477552
0.481975 0.966449
0.483965 0.966983
0.485696 0.967426
0.488787 0.968270
0.490682 0.968796
0.492342 0.969172
0.495314 0.969958
0.497264 0.970452
0.498799 0.970819
0.501740 0.971578
0.503685 0.972062
0.505117 0.972432
0.508249 0.973226
0.510233 0.973677
0.855761 0.591250
0.857869 0.603484
0.859720 0.616017
0.861260 0.627880
0.862531 0.639865
0.863574 0.652738
0.864344 0.663806
0.864878 0.676524
0.865207 0.687903
0.865230 0.701317
0.864900 0.716396
0.864581 0.727389
0.863557 0.744171
0.862824 0.755547
0.807943 0.759514
0.807195 0.766647
0.806292 0.773876
0.805208 0.782088
0.804103 0.789431
0.802852 0.797329
0.801587 0.804776
0.800146 0.812819
0.798800 0.819843
0.797185 0.828057
0.796060 0.833087
0.794206 0.842001
0.792669 0.848827
0.791070 0.855740
0.423358 0.499252
0.424327 0.500347
0.425321 0.501461
0.426294 0.502556
0.427275 0.503650
0.428268 0.504753
0.429266 0.505859
0.430265 0.506961
0.431281 0.508074
0.432276 0.509169
0.433292 0.510280
0.434300 0.511377
0.435307 0.512472
0.436335 0.513588
0.242271 0.586278
0.242160 0.588016
0.242069 0.589709
0.242003 0.591231
0.241914 0.592970
0.241810 0.594972
0.241749 0.596473
0.241670 0.598260
0.241566 0.600484
0.241505 0.602040
0.241461 0.603715
0.241390 0.605725
0.241355 0.607258
0.241310 0.609038
0.839063 0.762973
0.838306 0.770464
0.836668 0.782909
0.835247 0.793021
0.833850 0.802206
0.832018 0.813259
0.830106 0.824042
0.828203 0.834160
0.826041 0.845088
0.824120 0.854320
0.821789 0.865144
0.820314 0.871477
0.817906 0.881962
0.815517 0.892028
0.663868 0.842225
0.666029 0.845886
0.668102 0.849575
0.670085 0.853291
0.671958 0.857000
0.673806 0.860818
0.675541 0.864618
0.677203 0.868452
0.678789 0.872312
0.680304 0.876200
0.681744 0.880106
0.683122 0.884040
0.684435 0.888002
0.685661 0.891948
0.710917 0.993742
0.710917 0.993742
0.710917 0.993742
0.710917 0.993742
0.710917 0.993742
0.710917 0.993742
0.710917 0.993742
0.710917 0.993742
0.710917 0.993742
0.710917 0.993742
0.710917 0.993742
0.710917 0.993742
0.710917 0.993742
0.710917 0.993742
0.722717 0.325991
0.730444 0.334141
0.737646 0.342038
0.744189 0.349470
0.750762 0.357291
0.757354 0.365531
0.763072 0.372923
0.769153 0.381225
0.775380 0.390175
0.780073 0.397108
0.785300 0.405254
0.790734 0.414201
0.795537 0.422392
0.800155 0.430675
0.158130 0.546398
0.158130 0.546398
0.158130 0.546398
0.158130 0.546398
0.158130 0.546398
0.158130 0.546398
0.158130 0.546398
0.158130 0.546398
0.158130 0.546398
0.158130 0.546398
0.158130 0.546398
0.158130 0.546398
0.158130 0.546398
0.158130 0.546398
0.690272 1.071704
0.690272 1.071704
0.690272 1.071704
0.690272 1.071704
0.690272 1.071704
0.690272 1.071704
0.690272 1.071704
0.690272 1.071704
0.690272 1.071704
0.690272 1.071704
0.690272 1.071704
0.690272 1.071704
0.690272 1.071704
0.690272 1.071704
0.520881 0.609843
0.524515 0.616243
0.528027 0.622678
0.531454 0.629170
0.534768 0.635632
0.538031 0.642123
0.541282 0.648660
0.544473 0.655105
0.547697 0.661574
0.550934 0.667986
0.554209 0.674328
0.557581 0.680659
0.561006 0.686881
0.564524 0.693019
0.313421 0.664710
0.315078 0.673062
0.316848 0.681159
0.318834 0.689356
0.321032 0.697618
0.323430 0.705781
0.326060 0.713901
0.328858 0.721762
0.331963 0.729649
0.335478 0.737747
0.339190 0.745498
0.343317 0.753299
0.347685 0.760795
0.352518 0.768310
0.497650 1.055928
0.509227 1.058840
0.517019 1.060673
0.528051 1.063230
0.535771 1.064972
0.545464 1.067143
0.553025 1.068913
0.561445 1.070800
0.568351 1.072526
0.575708 1.074313
0.582414 1.076098
0.589014 1.077957
0.595009 1.079782
0.601049 1.081732
0.561610 0.926519
0.562712 0.926888
0.564444 0.927461
0.566405 0.928117
0.567646 0.928549
0.569355 0.929139
0.571162 0.929802
0.572431 0.930264
0.574106 0.930834
0.575830 0.931462
0.577072 0.931937
0.578717 0.932556
0.580552 0.933253
0.581765 0.933742
0.192244 0.836760
0.196249 0.846718
0.200847 0.857595
0.205015 0.866754
0.210434 0.878243
0.214756 0.886673
0.219929 0.896402
0.225399 0.906146
0.230803 0.915213
0.236705 0.924636
0.242564 0.933447
0.249047 0.942732
0.255630 0.951609
0.262085 0.959783
0.720055 0.775037
0.720806 0.779878
0.721552 0.785158
0.722212 0.790182
0.722816 0.795557
0.723349 0.800644
0.723815 0.805996
0.724229 0.811321
0.724572 0.816596
0.724874 0.822035
0.725105 0.827391
0.725265 0.832623
0.725374 0.837875
0.725451 0.843290
0.686093 1.096297
0.687565 1.099100
0.687565 1.099100
0.687565 1.099100
0.687565 1.099100
0.687565 1.099100
0.687565 1.099100
0.687565 1.099100
0.687565 1.099100
0.687565 1.099100
0.687565 1.099100
0.687565 1.099100
0.687565 1.099100
0.687565 1.099100
0.162453 0.536576
0.162453 0.536576
0.162453 0.536576
0.162453 0.536576
0.162453 0.536576
0.162453 0.536576
0.162453 0.536576
0.162453 0.536576
0.162453 0.536576
0.162453 0.536576
0.162453 0.536576
0.162488 0.536758
0.162385 0.536644
0.161987 0.535080
0.299987 0.996058
0.307398 1.002779
0.315241 1.009567
0.322977 1.015874
0.330811 1.021922
0.339142 1.028080
0.347432 1.033816
0.355503 1.039132
0.364141 1.044520
0.373316 1.050010
0.382953 1.055475
0.392007 1.060281
0.401112 1.064852
0.410780 1.069475
0.824567 0.428809
0.830859 0.442627
0.837426 0.458410
0.843368 0.473819
0.848758 0.488940
0.853736 0.504158
0.858766 0.521565
0.862877 0.537020
0.866937 0.554781
0.870434 0.572393
0.873726 0.593027
0.876217 0.612025
0.878182 0.631420
0.879628 0.651783
0.691223 1.064455
0.691223 1.064455
0.691223 1.064455
0.691223 1.064455
0.691223 1.064455
0.691223 1.064455
0.691223 1.064455
0.691223 1.064455
0.691223 1.064455
0.691223 1.064455
0.691223 1.064455
0.691223 1.064455
0.691223 1.064455
0.691223 1.064455
0.784294 0.709083
0.784482 0.715936
0.784657 0.721590
0.784655 0.728479
0.784633 0.734352
0.784489 0.740835
0.784250 0.747518
0.784019 0.752770
0.783617 0.759431
0.783193 0.765248
0.782583 0.772366
0.782032 0.777949
0.781297 0.784723
0.780504 0.791326
0.278931 0.989133
0.286976 0.997487
0.295481 1.005785
0.304212 1.013803
0.314091 1.022430
0.323474 1.030009
0.333230 1.037426
0.343021 1.044398
0.353139 1.051184
0.363717 1.057879
0.374733 1.064442
0.385993 1.070733
0.397402 1.076728
0.408848 1.082295
0.693457 1.050259
0.693457 1.050259
0.693457 1.050259
0.693457 1.050259
0.693457 1.050259
0.693457 1.050259
0.693457 1.050259
0.693457 1.050259
0.693457 1.050259
0.693457 1.050259
0.693457 1.050259
0.693457 1.050259
0.693457 1.050259
0.693457 1.050259
0.161336 0.686424
0.163119 0.703435
0.165267 0.719182
0.167779 0.734289
0.170591 0.748564
0.173988 0.763916
0.177688 0.778514
0.181730 0.792735
0.185934 0.806028
0.190252 0.818465
0.194987 0.831118
0.200048 0.843660
0.205958 0.857344
0.212144 0.870551
0.174872 0.482614
0.175053 0.482193
0.175327 0.483964
0.175586 0.486214
0.175868 0.488016
0.176066 0.493655
0.176191 0.499014
0.176308 0.504011
0.176151 0.512978
0.175905 0.521852
0.175687 0.529816
0.175116 0.541424
0.174561 0.552622
0.173979 0.564315
0.726384 0.881284
0.726143 0.886384
0.725871 0.891309
0.725610 0.896432
0.725326 0.901423
0.725011 0.906149
0.724795 0.911805
0.724385 0.915732
0.724219 0.921752
0.723827 0.925841
0.723592 0.931133
0.723375 0.936578
0.722952 0.940179
0.722936 0.947038
0.624568 0.551220
0.627978 0.555886
0.631203 0.560550
0.634390 0.565406
0.637502 0.570414
0.640315 0.575208
0.642974 0.579981
0.645468 0.584701
0.648033 0.589772
0.650481 0.594871
0.652723 0.599781
0.654884 0.604722
0.656987 0.609750
0.658961 0.614654
0.687575 0.997184
0.688270 0.999695
0.688759 1.001892
0.689196 1.004010
0.689772 1.006480
0.690637 1.009466
0.691483 1.012511
0.691970 1.014888
0.692327 1.016898
0.692662 1.018933
0.693190 1.021405
0.693941 1.024398
0.694622 1.027278
0.695064 1.029626
0.742677 0.665040
0.743822 0.671022
0.744857 0.676749
0.745869 0.682476
0.746785 0.688060
0.747656 0.693519
0.748484 0.699134
0.749223 0.704132
0.749961 0.710067
0.750611 0.714956
0.751210 0.720787
0.751741 0.725997
0.752228 0.731539
0.752644 0.736867
0.320235 0.354539
0.320235 0.354539
0.320235 0.354539
0.320235 0.354539
0.320235 0.354539
0.320235 0.354539
0.320235 0.354539
0.320235 0.354539
0.320235 0.354539
0.320235 0.354539
0.320235 0.354539
0.320235 0.354539
0.320235 0.354539
0.320235 0.354539
0.502354 0.892132
0.510915 0.894641
0.519947 0.897335
0.527696 0.899568
0.536725 0.902305
0.543764 0.904410
0.552200 0.907110
0.559320 0.909430
0.567127 0.912168
0.574037 0.914691
0.580805 0.917349
0.587346 0.920102
0.593414 0.922850
0.599353 0.925741
0.557804 0.946929
0.559602 0.947472
0.560861 0.947858
0.562907 0.948489
0.564582 0.949053
0.565879 0.949470
0.567805 0.950051
0.569435 0.950587
0.570705 0.951015
0.572665 0.951669
0.574374 0.952255
0.575616 0.952695
0.577369 0.953313
0.578860 0.953892
0.157112 0.765325
0.160623 0.781084
0.163945 0.794007
0.167879 0.808167
0.171584 0.820125
0.176055 0.833738
0.180030 0.844702
0.185016 0.857863
0.189113 0.867703
0.194929 0.881297
0.199538 0.891121
0.205727 0.903882
0.210764 0.913421
0.216754 0.924311
0.150864 0.597838
0.150751 0.615201
0.150925 0.629821
0.151292 0.645329
0.151925 0.660279
0.152861 0.675936
0.154127 0.691374
0.155725 0.706461
0.157587 0.720553
0.159668 0.733645
0.161857 0.745437
0.164742 0.759961
0.167595 0.772302
0.170815 0.785025
0.445203 0.194343
0.445203 0.194343
0.445203 0.194343
0.445203 0.194343
0.445203 0.194343
0.445203 0.194343
0.445203 0.194343
0.445203 0.194343
0.445203 0.194343
0.445203 0.194343
0.445203 0.194343
0.445203 0.194343
0.445203 0.194343
0.445203 0.194343
0.200358 0.711585
0.200664 0.713262
0.200988 0.715056
0.201430 0.717728
0.201771 0.719521
0.202100 0.721168
0.202576 0.723808
0.202965 0.725787
0.203336 0.727524
0.203862 0.730227
0.204269 0.732107
0.204626 0.733634
0.205185 0.736302
0.205603 0.738090
0.436294 0.364924
0.441750 0.369218
0.447979 0.373719
0.454570 0.378138
0.461147 0.382241
0.468567 0.386539
0.476758 0.391003
0.485060 0.395313
0.493407 0.399452
0.502563 0.403839
0.512310 0.408394
0.521822 0.412815
0.531579 0.417340
0.541881 0.422179
0.687781 0.884578
0.688842 0.888404
0.689893 0.892305
0.690873 0.896188
0.691801 0.900066
0.692695 0.903981
0.693521 0.907869
0.694364 0.911851
0.695110 0.915750
0.695883 0.919759
0.696589 0.923714
0.697254 0.927653
0.697886 0.931584
0.698494 0.935525
0.749226 0.272297
0.757406 0.281218
0.765666 0.290819
0.773955 0.301101
0.781033 0.310239
0.788779 0.321060
0.795504 0.330943
0.803216 0.343213
0.809611 0.353941
0.816470 0.366292
0.822836 0.378502
0.828852 0.390780
0.834757 0.403642
0.840865 0.417963
0.382944 0.615756
0.385086 0.622538
0.387268 0.629407
0.389473 0.636287
0.391744 0.643266
0.393976 0.650038
0.396308 0.656921
0.398718 0.663804
0.401163 0.670552
0.403769 0.677409
0.406484 0.684199
0.409293 0.690836
0.412398 0.697683
0.415530 0.704172
0.425512 0.895133
0.435046 0.899045
0.444605 0.902687
0.454765 0.906320
0.464030 0.909385
0.474119 0.912568
0.483056 0.915206
0.493019 0.918067
0.501529 0.920394
0.511310 0.923057
0.519451 0.925220
0.528719 0.927719
0.536561 0.929853
0.544924 0.932196
0.850241 0.503606
0.854685 0.518060
0.858755 0.532603
0.862445 0.547177
0.866008 0.563479
0.869264 0.581071
0.872000 0.598567
0.874210 0.615816
0.875932 0.632361
0.877285 0.650620
0.878140 0.669891
0.878558 0.687568
0.878566 0.705640
0.878139 0.724461
0.625579 1.046626
0.630211 1.049433
0.634618 1.052324
0.638707 1.055237
0.642401 1.058116
0.646476 1.061371
0.649709 1.064314
0.652787 1.067307
0.656144 1.070632
0.658752 1.073587
0.661612 1.076863
0.664085 1.079967
0.666288 1.082993
0.668818 1.086382
0.662688 0.952875
0.664922 0.956756
0.667229 0.960807
0.669380 0.964880
0.671514 0.969099
0.673200 0.972935
0.675298 0.977380
0.676992 0.981470
0.678486 0.985389
0.680307 0.989986
0.681467 0.993583
0.682986 0.997954
0.684519 1.002381
0.685138 1.005423
0.532752 0.993719
0.544135 0.996475
0.553993 0.998952
0.563071 1.001379
0.571778 1.003876
0.580430 1.006561
0.588220 1.009228
0.595709 1.012036
0.602899 1.015012
0.609652 1.018102
0.616547 1.021582
0.622273 1.024775
0.627638 1.028119
0.632932 1.031756
0.166378 0.508834
0.166316 0.519673
0.166343 0.527464
0.166042 0.539098
0.165718 0.550310
0.165291 0.562638
0.164918 0.574592
0.164353 0.589873
0.164067 0.603270
0.163882 0.617642
0.163901 0.632209
0.164209 0.645863
0.164770 0.660274
0.165616 0.673692
0.694311 0.794981
0.695289 0.798107
0.696254 0.801307
0.697173 0.804434
0.698079 0.807727
0.698918 0.810883
0.699745 0.814077
0.700532 0.817343
0.701310 0.820658
0.702036 0.823925
0.702742 0.827249
0.703390 0.830490
0.704031 0.833830
0.704638 0.837170
0.239727 0.627741
0.239832 0.633568
0.240002 0.639414
0.240262 0.645313
0.240589 0.651297
0.240999 0.657446
0.241493 0.663651
0.242087 0.669743
0.242720 0.675427
0.243448 0.681134
0.244248 0.686875
0.245170 0.692809
0.246140 0.698556
0.247223 0.704374
0.830568 0.683968
0.830829 0.692185
0.830843 0.702331
0.830828 0.710139
0.830616 0.718751
0.830092 0.729195
0.829773 0.735921
0.828978 0.746151
0.828083 0.755546
0.827564 0.761199
0.826225 0.772157
0.825028 0.781120
0.823837 0.789289
0.822313 0.798861
0.406132 0.266135
0.406132 0.266135
0.407475 0.268866
0.409958 0.273863
0.412670 0.279038
0.415227 0.283774
0.417716 0.288234
0.420449 0.292793
0.422819 0.296658
0.425472 0.300649
0.428207 0.304491
0.431053 0.308210
0.433987 0.311756
0.437117 0.315274
0.801201 0.551169
0.803643 0.558508
0.805926 0.565726
0.808066 0.572841
0.810171 0.580405
0.812117 0.587814
0.813891 0.594914
0.815531 0.601818
0.817129 0.609338
0.818553 0.616296
0.819921 0.624024
0.821155 0.631660
0.822216 0.638534
0.823220 0.646290
0.156401 0.582791
0.156185 0.595999
0.155996 0.610635
0.156044 0.623378
0.156223 0.637318
0.156624 0.650713
0.157261 0.663867
0.158169 0.678247
0.159325 0.691427
0.160789 0.705015
0.162460 0.717549
0.164318 0.729281
0.166308 0.740215
0.168685 0.752200
0.346311 0.331559
0.346311 0.331559
0.346311 0.331559
0.346311 0.331559
0.346311 0.331559
0.346311 0.331559
0.346311 0.331559
0.346311 0.331559
0.347033 0.333403
0.348238 0.336398
0.349445 0.339383
0.350674 0.342367
0.351886 0.345286
0.353138 0.348245
0.243428 0.427146
0.244160 0.430892
0.244734 0.434243
0.245235 0.437478
0.245664 0.440589
0.246065 0.443756
0.246397 0.446848
0.246648 0.449735
0.246836 0.452523
0.246956 0.455156
0.247071 0.457983
0.247127 0.460700
0.247142 0.463370
0.247135 0.466189
0.347545 0.330426
0.347545 0.330426
0.347545 0.330426
0.347545 0.330426
0.347545 0.330426
0.347545 0.330426
0.347545 0.330426
0.347545 0.330426
0.347545 0.330426
0.347545 0.330426
0.347545 0.330426
0.347545 0.330426
0.347545 0.330426
0.347545 0.330426
0.122123 0.492960
0.124747 0.501654
0.127173 0.513222
0.129192 0.527630
0.130734 0.547579
0.131650 0.570104
0.132205 0.593557
0.132699 0.618407
0.133428 0.644731
0.134713 0.672633
0.136830 0.701163
0.139635 0.726530
0.142974 0.749206
0.146992 0.771462
0.720113 0.298165
0.730516 0.308940
0.739943 0.319103
0.749063 0.329481
0.758393 0.340813
0.767128 0.352058
0.775628 0.363725
0.782836 0.374098
0.789890 0.384892
0.797721 0.397818
0.804593 0.409896
0.811081 0.421990
0.817279 0.434291
0.823121 0.446616
0.767055 0.424860
0.772522 0.433200
0.777692 0.441505
0.782499 0.449611
0.787620 0.458788
0.791992 0.467002
0.796379 0.475701
0.800669 0.484686
0.804529 0.493177
0.808082 0.501316
0.811607 0.509863
0.815098 0.518867
0.818399 0.527883
0.821364 0.536345
0.135517 0.485003
0.137211 0.491118
0.138761 0.498240
0.140222 0.508285
0.141418 0.521732
0.142252 0.536689
0.142783 0.552404
0.142928 0.572978
0.142955 0.594464
0.143085 0.616069
0.143511 0.636904
0.144320 0.658336
0.145658 0.680543
0.147657 0.703165
0.215590 0.871833
0.220004 0.880376
0.224764 0.889159
0.229837 0.898064
0.235005 0.906643
0.240491 0.915316
0.246420 0.924214
0.252361 0.932626
0.258387 0.940692
0.264463 0.948373
0.271132 0.956438
0.278189 0.964492
0.285795 0.972752
0.293179 0.980227
0.848473 0.605908
0.850393 0.617781
0.852033 0.629693
0.853405 0.641748
0.854507 0.654511
0.855325 0.665677
0.855909 0.676830
0.856240 0.689099
0.856200 0.702996
0.855877 0.716850
0.855473 0.728660
0.854795 0.740737
0.853771 0.754170
0.852199 0.770189
0.583452 0.827255
0.584667 0.827941
0.586081 0.828759
0.587393 0.829528
0.588566 0.830204
0.589986 0.831038
0.591324 0.831833
0.592475 0.832514
0.593811 0.833322
0.595131 0.834127
0.596258 0.834813
0.597535 0.835614
0.598907 0.836466
0.599975 0.837136
0.393688 0.988724
0.405965 0.994564
0.418805 1.000185
0.432105 1.005528
0.444747 1.010179
0.456733 1.014148
0.469523 1.018126
0.482041 1.021704
0.492735 1.024525
0.504468 1.027485
0.516394 1.030342
0.525544 1.032449
0.536043 1.034869
0.546490 1.037276
0.573148 0.261157
0.582323 0.267171
0.591455 0.273135
0.600287 0.278898
0.609592 0.285034
0.619247 0.291482
0.628612 0.297833
0.637853 0.304227
0.647034 0.310734
0.656128 0.317354
0.664408 0.323563
0.672482 0.329803
0.681025 0.336680
0.688963 0.343306
0.724784 0.420943
0.731992 0.429365
0.738300 0.437188
0.744605 0.445524
0.750450 0.453747
0.755935 0.461949
0.761292 0.470489
0.765775 0.478007
0.770730 0.486918
0.775080 0.495197
0.779212 0.503545
0.783130 0.511947
0.786778 0.520232
0.790282 0.528694
0.209716 0.655867
0.209819 0.658009
0.209928 0.660089
0.210048 0.661815
0.210186 0.663978
0.210330 0.666109
0.210472 0.667827
0.210631 0.669977
0.210804 0.672115
0.210967 0.673824
0.211151 0.676027
0.211362 0.678219
0.211547 0.679917
0.211760 0.681988
0.126920 0.638138
0.126920 0.638138
0.126920 0.638138
0.126920 0.638138
0.126920 0.638138
0.126920 0.638138
0.126920 0.638138
0.126920 0.638138
0.126920 0.638138
0.126920 0.638138
0.126920 0.638138
0.126920 0.638138
0.126920 0.638138
0.126920 0.638138
0.159753 0.538022
0.159625 0.548401
0.159363 0.560214
0.159077 0.572265
0.158730 0.585629
0.158471 0.599119
0.158307 0.613096
0.158343 0.626136
0.158547 0.640233
0.158985 0.653077
0.159667 0.666818
0.160618 0.680526
0.161831 0.693738
0.163399 0.707694
0.692877 1.053631
0.692877 1.053631
0.692877 1.053631
0.692877 1.053631
0.692877 1.053631
0.692877 1.053631
0.692877 1.053631
0.692877 1.053631
0.692877 1.053631
0.692877 1.053631
0.692877 1.053631
0.692877 1.053631
0.692877 1.053631
0.692877 1.053631
0.660547 0.734691
0.662752 0.739173
0.664947 0.743592
0.667088 0.747899
0.669194 0.752161
0.671331 0.756555
0.673415 0.760894
0.675415 0.765115
0.677438 0.769498
0.679350 0.773727
0.681178 0.777871
0.683041 0.782256
0.684792 0.786520
0.686408 0.790588
0.467807 0.764605
0.475190 0.770750
0.482964 0.776694
0.491147 0.782450
0.499496 0.787896
0.508053 0.793119
0.516912 0.798214
0.525854 0.803116
0.534833 0.807857
0.543824 0.812488
0.552758 0.817035
0.561499 0.821483
0.570022 0.825878
0.578267 0.830241
0.802517 0.344548
0.810610 0.358204
0.819048 0.373685
0.826769 0.389044
0.834016 0.404595
0.841540 0.422269
0.848577 0.440372
0.854852 0.458028
0.860761 0.476379
0.866793 0.497675
0.871667 0.516876
0.876550 0.539536
0.880643 0.562066
0.884431 0.588797
0.702832 1.012760
0.702832 1.012760
0.702832 1.012760
0.702832 1.012760
0.702832 1.012760
0.702832 1.012760
0.702832 1.012760
0.702832 1.012760
0.702832 1.012760
0.702832 1.012760
0.702832 1.012760
0.702832 1.012760
0.702832 1.012760
0.702832 1.012760
0.755434 0.761899
0.755476 0.766166
0.755446 0.772665
0.755353 0.777938
0.755187 0.783945
0.754963 0.789369
0.754690 0.795264
0.754308 0.801391
0.753917 0.807156
0.753422 0.813213
0.752929 0.818729
0.752334 0.824775
0.751742 0.829935
0.751076 0.836116
0.156137 0.550357
0.156003 0.561540
0.155810 0.573495
0.155459 0.588417
0.155312 0.601283
0.155243 0.614833
0.155285 0.629923
0.155592 0.642837
0.156096 0.656805
0.156849 0.670566
0.157871 0.684010
0.159237 0.698690
0.160741 0.710795
0.162538 0.723355
0.641631 1.031219
0.644655 1.033823
0.647821 1.036703
0.650410 1.039327
0.652981 1.042043
0.655461 1.044804
0.657710 1.047493
0.659816 1.050158
0.662268 1.053210
0.664586 1.056266
0.666065 1.058673
0.667460 1.061112
0.669602 1.064209
0.671858 1.067596
0.781349 1.013964
0.781349 1.013964
0.781349 1.013964
0.781349 1.013964
0.781349 1.013964
0.781349 1.013964
0.781349 1.013964
0.781349 1.013964
0.781349 1.013964
0.781349 1.013964
0.781349 1.013964
0.781349 1.013964
0.781349 1.013964
0.781349 1.013964
0.410454 0.260022
0.410454 0.260022
0.411690 0.262528
0.412846 0.264883
0.414154 0.267438
0.415528 0.270038
0.416762 0.272404
0.417996 0.274717
0.419160 0.276868
0.420405 0.279116
0.421676 0.281337
0.423019 0.283586
0.424147 0.285524
0.425214 0.287322
0.790943 0.650116
0.791973 0.657286
0.792870 0.663963
0.793680 0.670696
0.794362 0.677812
0.794942 0.683646
0.795426 0.691035
0.795815 0.697288
0.796087 0.704193
0.796237 0.711471
0.796370 0.717170
0.796242 0.725253
0.796138 0.731447
0.795889 0.738280
0.832326 0.425462
0.839812 0.443235
0.846626 0.460911
0.852746 0.478264
0.858644 0.496934
0.864081 0.516341
0.868778 0.535197
0.873193 0.556182
0.877104 0.578807
0.880396 0.603413
0.882811 0.627702
0.884396 0.651486
0.885256 0.676624
0.885463 0.699552
0.249023 0.467981
0.248938 0.471727
0.248803 0.475662
0.248615 0.480313
0.248365 0.484469
0.248047 0.489420
0.247679 0.494071
0.247207 0.500063
0.246757 0.504892
0.246102 0.511779
0.245602 0.516763
0.244821 0.524345
0.244248 0.529848
0.243388 0.537938
0.719007 0.833106
0.719223 0.836384
0.719423 0.839705
0.719596 0.842926
0.719754 0.846299
0.719883 0.849553
0.720004 0.852882
0.720087 0.856081
0.720145 0.859231
0.720212 0.862500
0.720257 0.865806
0.720297 0.869134
0.720321 0.872439
0.720309 0.875599
0.563758 0.900614
0.564726 0.900960
0.566839 0.901731
0.568800 0.902460
0.569746 0.902817
0.571575 0.903537
0.573523 0.904259
0.574625 0.904695
0.576322 0.905366
0.578014 0.906044
0.579219 0.906541
0.580867 0.907221
0.582429 0.907904
0.583650 0.908432
0.575272 0.971535
0.582573 0.974033
0.589343 0.976596
0.595976 0.979322
0.602044 0.982061
0.608168 0.985044
0.613675 0.988003
0.619408 0.991344
0.624323 0.994450
0.629300 0.997915
0.633710 1.001211
0.638179 1.004823
0.642135 1.008346
0.645919 1.011972
0.790568 0.294904
0.800404 0.309374
0.809306 0.323676
0.818470 0.339834
0.826659 0.355674
0.834763 0.372797
0.842848 0.391563
0.850740 0.411811
0.857632 0.431371
0.864290 0.452375
0.871117 0.476824
0.876671 0.499526
0.882338 0.526937
0.886900 0.553586
0.552851 0.885935
0.554749 0.886605
0.555797 0.886963
0.557828 0.887693
0.559796 0.888409
0.560821 0.888774
0.562635 0.889468
0.564581 0.890172
0.565586 0.890544
0.567558 0.891295
0.569529 0.892059
0.570512 0.892442
0.572431 0.893198
0.574379 0.893979
0.662078 0.875204
0.664597 0.879410
0.666994 0.883664
0.669264 0.887954
0.671454 0.892334
0.673459 0.896651
0.675434 0.901117
0.677268 0.905558
0.679013 0.910039
0.680678 0.914571
0.682242 0.919102
0.683741 0.923688
0.685149 0.928275
0.686469 0.932849
0.858670 0.545931
0.862245 0.561296
0.865348 0.576288
0.868415 0.594894
0.870782 0.611774
0.872723 0.629524
0.874157 0.646354
0.875166 0.663660
0.875791 0.678813
0.876043 0.695358
0.875742 0.715387
0.874899 0.736434
0.873687 0.756585
0.872171 0.776092
0.828912 0.755993
0.827586 0.767721
0.826120 0.779030
0.824559 0.789793
0.822730 0.801194
0.820719 0.812701
0.818705 0.823551
0.816470 0.834611
0.814320 0.844762
0.812500 0.852759
0.810106 0.863188
0.807694 0.873299
0.805181 0.883543
0.802789 0.892904
0.163849 0.533530
0.163849 0.533530
0.163849 0.533530
0.163849 0.533530
0.163849 0.533530
0.163849 0.533530
0.163849 0.533530
0.163849 0.533530
0.163849 0.533530
0.163849 0.533530
0.163849 0.533530
0.163849 0.533530
0.163913 0.533880
0.163792 0.533701
0.167583 0.769402
0.169973 0.778947
0.172427 0.787997
0.175114 0.797356
0.178114 0.807246
0.181375 0.817344
0.184429 0.826098
0.187560 0.834584
0.190862 0.843116
0.194420 0.851916
0.198496 0.861575
0.202425 0.870346
0.206299 0.878553
0.210249 0.886538
0.654750 0.955199
0.657570 0.959065
0.660111 0.962836
0.662660 0.966792
0.664997 0.970692
0.667255 0.974667
0.669260 0.978500
0.671509 0.982787
0.673319 0.986679
0.674993 0.990514
0.677053 0.995023
0.678327 0.998551
0.679947 1.002679
0.681656 1.007092
0.600236 0.691202
0.603280 0.696930
0.606363 0.702541
0.609455 0.707979
0.612651 0.713430
0.615892 0.718785
0.619209 0.724116
0.622526 0.729273
0.625902 0.734452
0.629255 0.739441
0.632643 0.744458
0.635999 0.749346
0.639348 0.754200
0.642639 0.758955
0.229373 0.962159
0.236117 0.972027
0.243410 0.982099
0.250647 0.991423
0.257833 1.000066
0.265290 1.008510
0.273331 1.017164
0.281650 1.025596
0.290174 1.033725
0.298744 1.041396
0.307652 1.048953
0.317726 1.057194
0.327119 1.064288
0.336959 1.071368
0.163819 0.533594
0.163819 0.533594
0.163819 0.533594
0.163819 0.533594
0.163819 0.533594
0.163819 0.533594
0.163819 0.533594
0.163819 0.533594
0.163819 0.533594
0.163821 0.533599
0.163783 0.533662
0.163761 0.533764
0.163630 0.533353
0.163389 0.532382
0.528029 0.472622
0.529619 0.473557
0.531464 0.474640
0.532963 0.475514
0.534552 0.476452
0.536266 0.477475
0.537861 0.478415
0.539463 0.479391
0.541165 0.480427
0.542752 0.481393
0.544384 0.482399
0.546070 0.483450
0.547642 0.484430
0.549282 0.485456
0.641501 0.840521
0.645328 0.844821
0.648986 0.849190
0.652450 0.853599
0.655698 0.858025
0.658858 0.862587
0.661803 0.867157
0.664602 0.871796
0.667260 0.876506
0.669760 0.881254
0.672160 0.886109
0.674349 0.890901
0.676494 0.895865
0.678455 0.900774
0.162545 0.554837
0.162202 0.566665
0.161871 0.578883
0.161463 0.593051
0.161215 0.606684
0.161132 0.620147
0.161208 0.634619
0.161550 0.647852
0.162131 0.661606
0.162978 0.674987
0.164140 0.689071
0.165573 0.702316
0.167261 0.715060
0.169145 0.726888
0.181689 0.729679
0.184214 0.742410
0.187154 0.755472
0.190058 0.766704
0.193197 0.777723
0.196853 0.789650
0.200677 0.801015
0.204631 0.811824
0.208729 0.822208
0.213814 0.834370
0.218859 0.845465
0.223752 0.855426
0.229450 0.866378
0.235306 0.876846
0.589063 0.284794
0.598261 0.290556
0.607350 0.296265
0.615917 0.301751
0.624802 0.307530
0.633956 0.313630
0.642826 0.319692
0.651227 0.325586
0.659423 0.331517
0.667618 0.337653
0.675402 0.343690
0.683179 0.349960
0.690640 0.356223
0.698073 0.362721
0.844903 0.438223
0.849970 0.451736
0.855051 0.466439
0.859476 0.480143
0.864179 0.496304
0.868344 0.512055
0.872140 0.527927
0.875799 0.545496
0.878855 0.561988
0.882111 0.584201
0.884382 0.602524
0.886295 0.622703
0.887649 0.641811
0.888565 0.661076
0.802268 0.409566
0.807560 0.419253
0.812763 0.429294
0.817512 0.438873
0.822108 0.448621
0.826464 0.458307
0.830822 0.468581
0.835226 0.479682
0.839091 0.489854
0.842732 0.499978
0.846103 0.509847
0.849577 0.520960
0.852791 0.531983
0.855710 0.542681
0.666960 0.946776
0.669221 0.951067
0.671301 0.955348
0.673248 0.959541
0.675393 0.964225
0.677061 0.968402
0.678835 0.972923
0.680476 0.977312
0.681899 0.981575
0.683550 0.986261
0.684576 0.990096
0.686382 0.995326
0.687069 0.998739
0.688600 1.003721
0.239358 0.591009
0.239024 0.597973
0.238702 0.605802
0.238525 0.613017
0.238455 0.619978
0.238444 0.627722
0.238582 0.634693
0.238814 0.641814
0.239151 0.649208
0.239613 0.656289
0.240189 0.663743
0.240902 0.671019
0.241693 0.677880
0.242610 0.684753
0.510887 0.371706
0.516908 0.374428
0.523187 0.377238
0.529697 0.380136
0.536419 0.383131
0.543128 0.386122
0.549792 0.389150
0.556644 0.392294
0.563458 0.395471
0.570128 0.398631
0.577016 0.402010
0.583976 0.405510
0.590809 0.409054
0.597288 0.412505
0.310603 0.941602
0.319334 0.949295
0.327586 0.956039
0.336252 0.962690
0.345193 0.969119
0.354066 0.975072
0.363873 0.981282
0.373570 0.986996
0.384128 0.992844
0.394281 0.998050
0.404767 1.003073
0.415840 1.008030
0.426594 1.012479
0.438104 1.016928
0.622068 0.156680
0.633920 0.168745
0.645992 0.180562
0.657715 0.191610
0.668869 0.201769
0.680724 0.212647
0.692093 0.222974
0.703298 0.233315
0.713427 0.242595
0.723139 0.251693
0.733536 0.262062
0.743075 0.271862
0.752122 0.281525
0.761111 0.291831
0.762823 0.351993
0.770341 0.362007
0.777124 0.371448
0.784343 0.382248
0.790029 0.391008
0.796986 0.402588
0.802836 0.412823
0.808675 0.423635
0.814352 0.434767
0.819434 0.445245
0.824567 0.456487
0.829299 0.467401
0.834224 0.479669
0.838597 0.491173
0.739321 0.806210
0.739251 0.811807
0.739131 0.817619
0.738943 0.823104
0.738719 0.829010
0.738422 0.833914
0.738107 0.840185
0.737737 0.845406
0.737335 0.851412
0.736890 0.856793
0.736432 0.862600
0.735936 0.868006
0.735430 0.873691
0.734903 0.879221
0.200245 0.611548
0.200211 0.613244
0.200128 0.615680
0.200039 0.618403
0.200062 0.619511
0.200004 0.621808
0.199943 0.624652
0.199964 0.626023
0.199944 0.628244
0.199913 0.630934
0.199928 0.632781
0.199927 0.635001
0.199948 0.637352
0.199985 0.639200
0.846880 0.566874
0.849182 0.576496
0.851386 0.586802
0.853410 0.597391
0.855325 0.609166
0.856866 0.619492
0.858301 0.631391
0.859395 0.641150
0.860359 0.653247
0.861078 0.662985
0.861610 0.674045
0.861976 0.683841
0.862064 0.696354
0.861992 0.707618
0.365492 0.326321
0.368254 0.332400
0.371084 0.338390
0.373968 0.344252
0.376923 0.349992
0.380059 0.355750
0.383307 0.361388
0.386720 0.366983
0.390316 0.372505
0.394053 0.377893
0.398035 0.383237
0.402295 0.388570
0.406705 0.393739
0.411403 0.398858
0.798531 0.781798
0.797601 0.788395
0.796562 0.795273
0.795541 0.801573
0.794373 0.808465
0.793242 0.814729
0.792050 0.821064
0.790827 0.827281
0.789506 0.833819
0.788385 0.838899
0.786800 0.846577
0.785593 0.851759
0.784182 0.858006
0.782753 0.864200
0.448973 0.379160
0.455860 0.383672
0.463182 0.388156
0.471149 0.392696
0.479944 0.397402
0.489179 0.402100
0.498799 0.406810
0.508423 0.411388
0.518374 0.416055
0.528644 0.420865
0.539440 0.425978
0.549743 0.430947
0.560053 0.436111
0.570646 0.441635
0.571350 0.997467
0.578562 0.999668
0.585220 1.001915
0.591751 1.004291
0.597721 1.006666
0.603712 1.009229
0.609369 1.011867
0.614571 1.014523
0.620296 1.017597
0.624490 1.020211
0.629539 1.023406
0.633451 1.026296
0.637799 1.029485
0.641480 1.032603
0.207894 0.590024
0.207773 0.591972
0.207685 0.593732
0.207584 0.595589
0.207433 0.598006
0.207343 0.599858
0.207261 0.601694
0.207101 0.604449
0.207008 0.606443
0.206960 0.608205
0.206852 0.610639
0.206795 0.612531
0.206750 0.614379
0.206644 0.617137
0.826352 0.534825
0.828272 0.540584
0.830213 0.546739
0.832023 0.552673
0.833828 0.558937
0.835657 0.565816
0.837155 0.571324
0.838741 0.577768
0.840152 0.583662
0.841580 0.590207
0.842871 0.596305
0.844190 0.603514
0.845393 0.610550
0.846439 0.616865
0.742191 0.367732
0.746995 0.373421
0.751978 0.379572
0.756691 0.385594
0.761177 0.391526
0.765557 0.397534
0.770025 0.403921
0.774092 0.409898
0.777942 0.415791
0.781794 0.421892
0.785383 0.427754
0.789205 0.434279
0.793001 0.441007
0.796382 0.447212
0.683253 0.914705
0.684789 0.919686
0.686319 0.924791
0.687735 0.929894
0.689060 0.934994
0.690321 0.940128
0.691472 0.945226
0.692604 0.950353
0.693656 0.955518
0.694621 0.960526
0.695648 0.965849
0.696447 0.970722
0.697351 0.975962
0.698121 0.980946
0.782593 0.389813
0.789427 0.400501
0.796895 0.413085
0.803551 0.425032
0.809900 0.437159
0.815943 0.449453
0.821480 0.461390
0.826882 0.473852
0.832284 0.487367
0.837032 0.499983
0.841480 0.512711
0.845505 0.525024
0.849567 0.538950
0.852920 0.551092
0.675510 0.922985
0.677206 0.927105
0.678800 0.931215
0.680301 0.935318
0.681760 0.939487
0.683102 0.943592
0.684406 0.947752
0.685729 0.952071
0.686863 0.956161
0.687925 0.960212
0.689057 0.964551
0.690111 0.968751
0.690976 0.972690
0.691997 0.977045
0.236521 0.847216
0.240918 0.855250
0.245421 0.863012
0.250370 0.871103
0.255580 0.879139
0.261054 0.887104
0.266653 0.894773
0.272292 0.902052
0.278489 0.909648
0.285089 0.917261
0.292276 0.925114
0.299311 0.932271
0.306614 0.939301
0.314518 0.946446
0.771147 0.838186
0.769687 0.845830
0.768189 0.853548
0.766652 0.861265
0.765126 0.868623
0.763599 0.875793
0.762046 0.883071
0.760510 0.890116
0.758932 0.897626
0.757390 0.904907
0.755970 0.910996
0.754531 0.917454
0.753204 0.922667
0.751884 0.928073
0.661561 1.013916
0.663961 1.017427
0.666287 1.021008
0.667916 1.023984
0.669673 1.027181
0.671810 1.030972
0.673411 1.034150
0.674549 1.036901
0.676444 1.040653
0.678311 1.044576
0.679048 1.046949
0.680068 1.049794
0.682018 1.054033
0.683191 1.057256
0.218826 0.887228
0.224237 0.897126
0.229744 0.906622
0.235511 0.916028
0.241686 0.925564
0.247953 0.934677
0.254768 0.944053
0.261282 0.952452
0.268333 0.961063
0.275787 0.969665
0.283997 0.978637
0.292112 0.986916
0.300273 0.994735
0.309149 1.002747
0.713438 0.891000
0.713608 0.895347
0.713737 0.899592
0.713825 0.903713
0.713948 0.908085
0.714101 0.912639
0.714120 0.916630
0.714140 0.920619
0.714234 0.925022
0.714371 0.929677
0.714418 0.933921
0.714325 0.937498
0.714348 0.941595
0.714525 0.946536
0.343797 0.864619
0.350459 0.870008
0.357303 0.875202
0.364445 0.880237
0.371825 0.885114
0.379252 0.889695
0.386862 0.894102
0.394867 0.898410
0.403166 0.902604
0.411996 0.906779
0.420339 0.910438
0.428923 0.913962
0.438144 0.917529
0.447297 0.920837
0.197079 0.851393
0.202803 0.864547
0.208475 0.876599
0.214427 0.888426
0.221004 0.900698
0.227647 0.912230
0.234734 0.923755
0.242178 0.935060
0.250291 0.946597
0.258380 0.957250
0.266859 0.967661
0.275797 0.977902
0.285783 0.988650
0.295479 0.998206
0.210416 0.582846
0.210268 0.584870
0.210151 0.586651
0.210015 0.588626
0.209876 0.590609
0.209759 0.592536
0.209676 0.594228
0.209561 0.596209
0.209416 0.598592
0.209342 0.600257
0.209239 0.602305
0.209087 0.605015
0.209014 0.606759
0.208952 0.608662
0.781615 0.430013
0.786904 0.438985
0.791515 0.447118
0.796055 0.455583
0.800387 0.464041
0.804690 0.472896
0.808571 0.481250
0.812223 0.489444
0.815789 0.497858
0.819307 0.506644
0.822800 0.515944
0.825867 0.524413
0.828771 0.532855
0.831395 0.540772
0.240797 0.511258
0.240695 0.512154
0.240612 0.513021
0.240371 0.515408
0.240279 0.516282
0.240188 0.517140
0.239931 0.519590
0.239829 0.520562
0.239720 0.521499
0.239468 0.523838
0.239376 0.524805
0.239268 0.525834
0.238985 0.528398
0.238873 0.529467
0.155517 0.744626
0.158495 0.759778
0.162384 0.777647
0.166007 0.791740
0.169984 0.805757
0.174501 0.820386
0.178966 0.833486
0.183809 0.846679
0.189282 0.860593
0.194096 0.871769
0.200061 0.884999
0.206496 0.898318
0.212072 0.908921
0.218713 0.920978
0.552065 0.249429
0.561162 0.255420
0.570697 0.261616
0.580402 0.267931
0.590363 0.274354
0.600127 0.280710
0.610244 0.287341
0.620629 0.294233
0.630510 0.300932
0.640766 0.308030
0.650463 0.314955
0.659696 0.321730
0.669071 0.328869
0.677532 0.335521
0.414963 0.737798
0.417859 0.741834
0.420885 0.745822
0.423994 0.749698
0.427205 0.753484
0.430612 0.757284
0.434122 0.760992
0.437769 0.764642
0.441632 0.768308
0.445571 0.771850
0.449595 0.775282
0.453754 0.778658
0.458117 0.782011
0.462646 0.785332
0.136297 0.645215
0.137167 0.664728
0.138498 0.686036
0.140203 0.704985
0.142364 0.723818
0.144826 0.740977
0.147494 0.756532
0.150781 0.773520
0.154555 0.790585
0.158092 0.804458
0.162442 0.820215
0.166264 0.832511
0.171143 0.847377
0.175403 0.859125
0.632169 0.868075
0.636402 0.872051
0.640373 0.876050
0.644189 0.880155
0.647762 0.884283
0.651225 0.888549
0.654451 0.892824
0.657524 0.897203
0.660533 0.901710
0.663193 0.906105
0.665889 0.910725
0.668350 0.915308
0.670683 0.919950
0.672929 0.924692
0.484265 0.318993
0.489266 0.321752
0.495482 0.325060
0.502380 0.328560
0.508492 0.331571
0.515974 0.335157
0.523988 0.338922
0.531280 0.342300
0.539507 0.346095
0.548190 0.350110
0.556565 0.354005
0.565485 0.358203
0.574289 0.362465
0.583201 0.366852
0.345371 0.410895
0.347751 0.417059
0.350147 0.423196
0.352586 0.429353
0.355057 0.435491
0.357575 0.441629
0.360144 0.447768
0.362752 0.453858
0.365440 0.459974
0.368212 0.466110
0.371014 0.472147
0.373931 0.478237
0.376949 0.484351
0.379998 0.490346
0.582234 0.963913
0.583622 0.964436
0.585027 0.964967
0.586551 0.965556
0.587921 0.966140
0.589293 0.966688
0.590697 0.967222
0.592026 0.967775
0.593366 0.968340
0.594857 0.968975
0.596273 0.969590
0.597579 0.970172
0.598843 0.970753
0.600028 0.971353
0.752644 0.847274
0.751829 0.853082
0.750996 0.858768
0.750139 0.864577
0.749294 0.869715
0.748416 0.875405
0.747542 0.881055
0.746652 0.886416
0.745788 0.891615
0.744900 0.896935
0.744036 0.901996
0.743167 0.907562
0.742325 0.912379
0.741477 0.918163
0.140228 0.594018
0.140228 0.594018
0.140228 0.594018
0.140228 0.594018
0.140228 0.594018
0.140228 0.594018
0.140228 0.594018
0.140228 0.594018
0.140228 0.594018
0.140228 0.594018
0.140228 0.594018
0.140228 0.594018
0.140228 0.594018
0.140164 0.593480
0.572388 0.323249
0.582905 0.328804
0.592560 0.333981
0.603262 0.339898
0.613235 0.345579
0.623361 0.351568
0.633483 0.357809
0.643284 0.364130
0.652745 0.370526
0.661690 0.376874
0.670434 0.383408
0.679008 0.390161
0.687368 0.397159
0.695635 0.404495
0.472429 0.092489
0.472429 0.092489
0.472429 0.092489
0.472429 0.092489
0.472429 0.092489
0.472429 0.092489
0.472429 0.092489
0.472429 0.092489
0.472429 0.092489
0.472429 0.092489
0.472429 0.092489
0.472429 0.092489
0.472429 0.092489
0.472429 0.092489
0.509501 0.930982
0.518032 0.933239
0.527161 0.935613
0.534393 0.937548
0.543889 0.940115
0.550805 0.942072
0.558985 0.944492
0.566010 0.946736
0.573060 0.949047
0.579767 0.951482
0.586208 0.953915
0.592307 0.956441
0.598215 0.959079
0.603595 0.961741
0.181458 0.809406
0.185972 0.822703
0.190776 0.835718
0.195376 0.847153
0.200841 0.860014
0.206829 0.873147
0.212599 0.884841
0.218368 0.895752
0.225267 0.908133
0.231867 0.919098
0.239193 0.930559
0.246814 0.941680
0.254889 0.952689
0.262796 0.962671
0.176910 0.507714
0.176910 0.507714
0.176910 0.507714
0.176910 0.507714
0.176910 0.507714
0.176910 0.507714
0.176910 0.507714
0.176910 0.507714
0.176910 0.507714
0.176910 0.507714
0.176910 0.507714
0.176910 0.507714
0.176929 0.507806
0.177070 0.509020
0.800355 0.681230
0.800816 0.689015
0.801197 0.695351
0.801449 0.702535
0.801567 0.710124
0.801671 0.716079
0.801504 0.724251
0.801325 0.731104
0.801079 0.737459
0.800474 0.746726
0.800196 0.751391
0.799529 0.759061
0.798820 0.766364
0.798063 0.772863
0.731114 0.235878
0.739080 0.243394
0.747324 0.251644
0.754576 0.258997
0.762126 0.267196
0.769703 0.275939
0.776002 0.283397
0.783533 0.293175
0.789504 0.301191
0.796305 0.311060
0.803107 0.321598
0.808883 0.331038
0.815191 0.342039
0.821132 0.353056
0.703912 0.931217
0.704260 0.934847
0.704566 0.938417
0.704905 0.942065
0.705227 0.945733
0.705566 0.949492
0.705895 0.953257
0.706191 0.956975
0.706515 0.960737
0.706816 0.964483
0.707058 0.968040
0.707267 0.971489
0.707444 0.974880
0.707673 0.978366
0.418733 1.052784
0.432577 1.058486
0.447381 1.064132
0.460990 1.068858
0.475015 1.073250
0.487925 1.076970
0.500044 1.080239
0.511376 1.083016
0.523144 1.085812
0.535632 1.088650
0.546466 1.091039
0.556221 1.093199
0.565595 1.095317
0.574524 1.097411
0.264009 0.953863
0.271591 0.962951
0.279744 0.972162
0.287760 0.980601
0.296205 0.988969
0.304969 0.997118
0.314874 1.005836
0.324279 1.013483
0.334188 1.021053
0.343958 1.028005
0.354290 1.034957
0.365023 1.041682
0.376139 1.048261
0.387526 1.054505
0.325847 0.349714
0.325847 0.349714
0.325847 0.349714
0.325847 0.349714
0.325847 0.349714
0.325847 0.349714
0.325847 0.349714
0.326053 0.350296
0.327478 0.354290
0.328902 0.358267
0.330349 0.362253
0.331792 0.366215
0.333265 0.370202
0.334728 0.374155
0.163597 0.814743
0.167600 0.827757
0.172454 0.842560
0.176779 0.854495
0.182098 0.868422
0.186641 0.879291
0.192789 0.893447
0.197763 0.903910
0.204504 0.917573
0.209718 0.927202
0.216356 0.939025
0.222717 0.949569
0.229234 0.959702
0.236217 0.969976
0.256721 0.409278
0.256721 0.409278
0.256721 0.409278
0.256721 0.409278
0.256721 0.409278
0.256721 0.409278
0.256721 0.409278
0.256721 0.409278
0.256721 0.409278
0.256721 0.409278
0.256721 0.409278
0.256721 0.409278
0.256721 0.409278
0.256721 0.409278
0.679958 1.014534
0.681285 1.018317
0.683078 1.022965
0.683745 1.025883
0.685839 1.031264
0.686281 1.033917
0.687842 1.038594
0.688805 1.042295
0.689594 1.045704
0.691091 1.050576
0.691383 1.053127
0.692485 1.056027
0.692485 1.056027
0.692485 1.056027
0.296125 0.415622
0.296674 0.418172
0.297239 0.420817
0.297756 0.423376
0.298241 0.425885
0.298739 0.428506
0.299182 0.430997
0.299638 0.433604
0.300052 0.436137
0.300454 0.438681
0.300867 0.441364
0.301245 0.443987
0.301610 0.446632
0.301956 0.449277
0.808907 0.682141
0.809306 0.689531
0.809603 0.696189
0.809723 0.704496
0.809807 0.710979
0.809719 0.718491
0.809495 0.726252
0.809299 0.732233
0.808704 0.741734
0.808362 0.747043
0.807698 0.754909
0.806965 0.762106
0.806158 0.769259
0.805144 0.777262
0.574909 0.273945
0.582037 0.278385
0.588972 0.282688
0.596326 0.287322
0.603613 0.291926
0.611069 0.296687
0.618364 0.301400
0.625711 0.306223
0.633130 0.311186
0.640482 0.316189
0.647542 0.321131
0.654534 0.326112
0.661221 0.331027
0.667801 0.335980
0.675784 1.055009
0.676636 1.057239
0.677663 1.059601
0.678541 1.061868
0.679214 1.063957
0.680279 1.066472
0.681550 1.069428
0.682843 1.072369
0.684082 1.075356
0.685301 1.078425
0.686354 1.081211
0.686888 1.083267
0.687497 1.085459
0.688510 1.088017
0.182330 0.835588
0.185093 0.843031
0.187974 0.850480
0.190848 0.857578
0.193787 0.864555
0.197181 0.872388
0.200426 0.879521
0.203776 0.886609
0.207202 0.893589
0.210373 0.899755
0.213666 0.905945
0.217150 0.912309
0.220916 0.918972
0.224749 0.925503
0.420279 0.962227
0.429393 0.965879
0.437804 0.968968
0.446274 0.971926
0.454746 0.974713
0.462916 0.977254
0.471424 0.979773
0.480020 0.982193
0.487679 0.984275
0.495094 0.986140
0.502492 0.988018
0.510704 0.989995
0.518618 0.991893
0.525693 0.993572
0.832142 0.681073
0.832411 0.688527
0.832515 0.696929
0.832574 0.703807
0.832362 0.713120
0.832268 0.719143
0.831821 0.728204
0.831417 0.735447
0.830917 0.742709
0.829939 0.753066
0.829735 0.756369
0.828534 0.766781
0.827698 0.773688
0.826530 0.782268
0.526465 0.346883
0.528890 0.347996
0.530215 0.348597
0.532494 0.349638
0.534905 0.350723
0.536352 0.351379
0.538664 0.352450
0.541059 0.353545
0.542843 0.354357
0.545089 0.355382
0.547331 0.356411
0.549318 0.357323
0.551601 0.358356
0.553774 0.359376
0.469513 0.931153
0.479189 0.934004
0.488545 0.936568
0.498581 0.939300
0.506940 0.941417
0.517117 0.944078
0.524535 0.945914
0.534077 0.948423
0.541732 0.950407
0.550557 0.952856
0.558080 0.954985
0.565577 0.957258
0.572796 0.959594
0.579487 0.961919
0.762194 0.798690
0.761728 0.803620
0.761201 0.808856
0.760654 0.813790
0.760070 0.818758
0.759461 0.823534
0.758820 0.828369
0.758100 0.833954
0.757418 0.838784
0.756709 0.843127
0.755939 0.848625
0.755155 0.853518
0.754373 0.858380
0.753584 0.863122
0.587222 0.905731
0.588730 0.906412
0.589913 0.906967
0.591450 0.907682
0.593022 0.908422
0.594175 0.908991
0.595589 0.909684
0.596959 0.910396
0.598083 0.910979
0.599538 0.911694
0.600977 0.912441
0.602188 0.913094
0.603409 0.913763
0.604647 0.914445
0.454208 0.168776
0.454208 0.168776
0.454208 0.168776
0.454208 0.168776
0.454208 0.168776
0.454208 0.168776
0.454208 0.168776
0.454208 0.168776
0.454208 0.168776
0.454208 0.168776
0.454208 0.168776
0.454208 0.168776
0.454208 0.168776
0.454208 0.168776
0.211384 0.497428
0.211322 0.498193
0.211180 0.500148
0.211174 0.500408
0.211119 0.501180
0.210938 0.503465
0.210917 0.503817
0.210867 0.504506
0.210662 0.506904
0.210622 0.507381
0.210584 0.508036
0.210349 0.510626
0.210311 0.511192
0.210274 0.511737
0.799374 0.773888
0.798292 0.782225
0.797066 0.790952
0.795707 0.799486
0.794210 0.808394
0.792755 0.816406
0.791098 0.825145
0.789467 0.833239
0.787837 0.840913
0.786230 0.848074
0.784387 0.856350
0.782543 0.864371
0.780614 0.872682
0.778959 0.879281
0.705007 0.750933
0.706354 0.755928
0.707755 0.761437
0.708955 0.766188
0.710264 0.771973
0.711295 0.776623
0.712452 0.782265
0.713330 0.786853
0.714314 0.792360
0.715142 0.797451
0.715933 0.802747
0.716624 0.807906
0.717285 0.813211
0.717868 0.818661
0.857202 0.580795
0.859773 0.594777
0.861971 0.608666
0.863852 0.622985
0.865364 0.637051
0.866528 0.650232
0.867401 0.664270
0.867964 0.678303
0.868213 0.692796
0.868178 0.706946
0.867720 0.723133
0.866831 0.740483
0.865941 0.754699
0.865105 0.766496
0.782874 0.542307
0.783741 0.544605
0.784500 0.546610
0.785223 0.548540
0.785974 0.550590
0.786720 0.552681
0.787474 0.554826
0.788218 0.556976
0.788957 0.559154
0.789685 0.561343
0.790386 0.563479
0.791006 0.565349
0.791703 0.567548
0.792333 0.569528
0.842127 0.640671
0.843188 0.650816
0.844017 0.660947
0.844673 0.668884
0.845122 0.680020
0.845419 0.689276
0.845517 0.699090
0.845304 0.710887
0.845081 0.720308
0.844585 0.730545
0.843663 0.743304
0.843093 0.751322
0.842020 0.762306
0.840681 0.774033
0.807976 0.712537
0.807954 0.719041
0.807692 0.727663
0.807387 0.734697
0.807016 0.741699
0.806278 0.750796
0.805872 0.755978
0.805057 0.763948
0.804089 0.772253
0.803259 0.778877
0.802083 0.787045
0.800852 0.795055
0.799586 0.802691
0.798146 0.810919
0.311753 0.901773
0.318729 0.908195
0.326350 0.914796
0.334119 0.921083
0.341876 0.926952
0.350175 0.932872
0.358587 0.938437
0.366928 0.943629
0.376118 0.948977
0.385231 0.953957
0.394695 0.958741
0.404764 0.963562
0.414488 0.967821
0.424532 0.971980
0.546787 0.927129
0.549108 0.927819
0.550014 0.928084
0.552333 0.928779
0.554635 0.929482
0.555522 0.929757
0.557517 0.930407
0.559765 0.931081
0.560867 0.931438
0.562708 0.932031
0.564625 0.932656
0.565871 0.933075
0.567671 0.933679
0.569441 0.934314
0.691893 1.059835
0.691893 1.059835
0.691893 1.059835
0.691893 1.059835
0.691893 1.059835
0.691893 1.059835
0.691893 1.059835
0.691893 1.059835
0.691893 1.059835
0.691893 1.059835
0.691893 1.059835
0.691893 1.059835
0.691893 1.059835
0.691893 1.059835
0.439269 0.208547
0.439269 0.208547
0.439269 0.208547
0.439269 0.208547
0.439269 0.208547
0.439269 0.208547
0.439269 0.208547
0.439269 0.208547
0.439269 0.208547
0.439269 0.208547
0.439269 0.208547
0.439269 0.208547
0.439269 0.208547
0.439269 0.208547
0.776880 0.425048
0.782982 0.435019
0.788151 0.443857
0.793719 0.454043
0.798468 0.463130
0.803352 0.473092
0.807801 0.482643
0.811875 0.491811
0.815897 0.501406
0.819873 0.511567
0.823560 0.521543
0.826948 0.531240
0.829962 0.540238
0.832983 0.550065
0.746500 0.293147
0.755376 0.303291
0.762942 0.312275
0.771551 0.323297
0.778453 0.332401
0.785877 0.342914
0.792863 0.353376
0.799778 0.364360
0.806543 0.375853
0.812863 0.387182
0.819026 0.398924
0.824954 0.410917
0.830564 0.422957
0.836054 0.435515
0.697331 0.939172
0.698086 0.943995
0.698837 0.948908
0.699515 0.953719
0.700190 0.958609
0.700812 0.963424
0.701411 0.968247
0.701982 0.973052
0.702516 0.977798
0.703020 0.982559
0.703518 0.987237
0.703994 0.991993
0.704437 0.996559
0.704905 1.001292
0.663464 1.012961
0.665319 1.015963
0.667405 1.019415
0.669625 1.023036
0.671200 1.026109
0.672473 1.028902
0.674187 1.032288
0.676158 1.036175
0.677479 1.039216
0.678131 1.041540
0.679621 1.044924
0.681482 1.048995
0.682597 1.052091
0.683073 1.054260
0.232969 0.452548
0.233255 0.455987
0.233391 0.458919
0.233502 0.462014
0.233512 0.464768
0.233471 0.467456
0.233404 0.470320
0.233306 0.473439
0.233158 0.476605
0.232985 0.480261
0.232747 0.484366
0.232458 0.488302
0.232080 0.493557
0.231674 0.498251
0.131560 0.697738
0.133863 0.721345
0.136723 0.743777
0.139813 0.763152
0.144186 0.786761
0.148301 0.805165
0.153382 0.825341
0.157953 0.841205
0.163350 0.858356
0.168726 0.873843
0.174392 0.888869
0.180474 0.903788
0.186006 0.916271
0.193091 0.931365
0.735733 0.378408
0.742931 0.386763
0.750344 0.395915
0.757093 0.404713
0.763583 0.413673
0.770212 0.423432
0.775551 0.431637
0.781518 0.441458
0.786530 0.450085
0.792013 0.460202
0.796627 0.469103
0.801385 0.478891
0.805716 0.488274
0.809696 0.497324
0.470572 0.209099
0.471939 0.210813
0.474211 0.213295
0.476240 0.215449
0.479670 0.218721
0.482444 0.221307
0.487190 0.225338
0.490845 0.228367
0.497040 0.233087
0.501912 0.236741
0.509316 0.241943
0.515565 0.246176
0.524293 0.251914
0.531879 0.256752
0.719601 0.376801
0.729841 0.387685
0.739339 0.398573
0.748298 0.409629
0.756696 0.420799
0.764755 0.432384
0.771936 0.443469
0.778660 0.454619
0.785304 0.466510
0.791239 0.477934
0.796906 0.489659
0.802120 0.501235
0.806954 0.512743
0.811487 0.524358
0.153603 0.484976
0.154387 0.489282
0.155146 0.494370
0.155812 0.503667
0.156319 0.511799
0.156682 0.521119
0.156754 0.534105
0.156697 0.546916
0.156502 0.560703
0.156252 0.575231
0.155906 0.592007
0.155661 0.609539
0.155716 0.625398
0.156015 0.641929
0.788134 0.623177
0.789733 0.631178
0.791202 0.639292
0.792529 0.647498
0.793688 0.655333
0.794694 0.662760
0.795587 0.670239
0.796330 0.678097
0.796946 0.685398
0.797443 0.692548
0.797808 0.699911
0.798025 0.707950
0.798096 0.716041
0.798073 0.723425
0.657117 0.936704
0.659863 0.940800
0.662647 0.945147
0.665061 0.949288
0.667478 0.953624
0.669727 0.957947
0.671801 0.962230
0.673914 0.966739
0.675842 0.971175
0.677520 0.975449
0.679426 0.980134
0.680766 0.984183
0.682640 0.989130
0.683665 0.992852
0.556887 0.946149
0.564547 0.948536
0.571191 0.950675
0.578497 0.953212
0.584832 0.955603
0.590912 0.958114
0.596873 0.960680
0.602412 0.963352
0.607829 0.966081
0.613166 0.969063
0.618049 0.971951
0.623439 0.975357
0.627412 0.978236
0.631858 0.981616
0.604202 0.746218
0.607976 0.750649
0.611795 0.755098
0.615570 0.759423
0.619362 0.763746
0.623060 0.767925
0.626796 0.772205
0.630420 0.776348
0.634023 0.780556
0.637558 0.784738
0.640960 0.788840
0.644319 0.792987
0.647560 0.797135
0.650721 0.801301
0.800157 0.379446
0.806630 0.390627
0.812886 0.402094
0.818795 0.413558
0.824710 0.425796
0.829974 0.437241
0.835383 0.449857
0.840647 0.463028
0.845308 0.475387
0.849925 0.488633
0.854022 0.501142
0.858244 0.515446
0.862009 0.529365
0.865355 0.542851
0.853819 0.582911
0.856194 0.595331
0.858393 0.609092
0.860191 0.622063
0.861634 0.633850
0.862875 0.647223
0.863791 0.661297
0.864448 0.672106
0.864832 0.685304
0.864890 0.699750
0.864669 0.714146
0.864266 0.726919
0.863280 0.743633
0.862255 0.757881
0.752351 0.304862
0.761493 0.315789
0.769919 0.326386
0.777559 0.336456
0.785808 0.348260
0.793426 0.359801
0.800703 0.371532
0.807604 0.383368
0.814530 0.396080
0.821044 0.408813
0.827046 0.421269
0.833059 0.434621
0.839111 0.449185
0.844648 0.463466
0.638722 0.932122
0.642987 0.936352
0.646522 0.940269
0.650257 0.944637
0.653650 0.948883
0.656787 0.953210
0.659881 0.957650
0.662700 0.962127
0.665392 0.966602
0.668015 0.971262
0.670250 0.975667
0.672713 0.980559
0.674597 0.984931
0.676697 0.989684
0.847207 0.636782
0.848339 0.647177
0.849250 0.657176
0.849979 0.667467
0.850460 0.678585
0.850794 0.687969
0.850810 0.700293
0.850641 0.711692
0.850478 0.720630
0.849668 0.734562
0.848885 0.746007
0.848299 0.754266
0.846700 0.769354
0.845577 0.779456
0.695006 1.035686
0.695782 1.038399
0.695782 1.038399
0.695782 1.038399
0.695782 1.038399
0.695782 1.038399
0.695782 1.038399
0.695782 1.038399
0.695782 1.038399
0.695782 1.038399
0.695782 1.038399
0.695782 1.038399
0.695782 1.038399
0.695782 1.038399
0.317480 0.962896
0.327671 0.971199
0.338507 0.979389
0.349594 0.987132
0.361124 0.994579
0.373054 1.001701
0.385694 1.008684
0.398852 1.015367
0.411585 1.021280
0.424956 1.026999
0.438601 1.032348
0.451500 1.036944
0.463364 1.040805
0.476096 1.044674
0.520811 0.958627
0.523747 0.959371
0.525996 0.959938
0.526859 0.960135
0.529466 0.960833
0.531661 0.961352
0.532508 0.961551
0.535422 0.962296
0.537688 0.962880
0.538519 0.963085
0.541371 0.963822
0.543610 0.964410
0.544425 0.964621
0.546875 0.965306
0.853812 0.539216
0.857233 0.552523
0.860322 0.565879
0.863087 0.579278
0.865859 0.595870
0.868058 0.611186
0.869838 0.625793
0.871243 0.640245
0.872351 0.656929
0.873072 0.671559
0.873503 0.685429
0.873552 0.702049
0.873069 0.720982
0.872501 0.736273
0.698175 1.028304
0.698175 1.028304
0.698175 1.028304
0.698175 1.028304
0.698175 1.028304
0.698175 1.028304
0.698175 1.028304
0.698175 1.028304
0.698175 1.028304
0.698175 1.028304
0.698175 1.028304
0.698175 1.028304
0.698175 1.028304
0.698175 1.028304
0.366200 0.312536
0.366200 0.312536
0.366200 0.312536
0.366200 0.312536
0.366200 0.312536
0.366200 0.312536
0.366200 0.312536
0.366200 0.312536
0.366250 0.312657
0.368698 0.318266
0.371295 0.323963
0.373901 0.329521
0.376558 0.334965
0.379401 0.340485
0.693419 1.050477
0.693419 1.050477
0.693419 1.050477
0.693419 1.050477
0.693419 1.050477
0.693419 1.050477
0.693419 1.050477
0.693419 1.050477
0.693419 1.050477
0.693419 1.050477
0.693419 1.050477
0.693419 1.050477
0.693419 1.050477
0.693419 1.050477
0.362802 0.315917
0.362802 0.315917
0.362802 0.315917
0.362802 0.315917
0.362802 0.315917
0.362802 0.315917
0.362802 0.315917
0.362802 0.315917
0.362802 0.315917
0.362802 0.315917
0.364242 0.319265
0.365787 0.322805
0.367381 0.326371
0.368963 0.329853
0.687544 0.903989
0.689048 0.909580
0.690456 0.915199
0.691741 0.920799
0.693007 0.926502
0.694163 0.932175
0.695247 0.937855
0.696263 0.943540
0.697186 0.949177
0.698115 0.954892
0.698959 0.960551
0.699723 0.966148
0.700504 0.971807
0.701180 0.977350
0.814676 0.604531
0.816400 0.612753
0.818014 0.621425
0.819429 0.629560
0.820688 0.637870
0.821800 0.645892
0.822735 0.653579
0.823555 0.662003
0.824221 0.669098
0.824761 0.676919
0.825169 0.684545
0.825435 0.692429
0.825513 0.701698
0.825547 0.708489
0.288215 0.381649
0.288215 0.381649
0.288215 0.381649
0.288215 0.381649
0.288215 0.381649
0.288215 0.381649
0.288215 0.381649
0.288215 0.381649
0.288215 0.381649
0.288215 0.381649
0.288215 0.381649
0.288215 0.381649
0.288215 0.381649
0.288215 0.381649
0.772299 0.321099
0.778384 0.329166
0.785113 0.338698
0.790344 0.346266
0.796371 0.355600
0.802629 0.365885
0.807737 0.374567
0.813243 0.384503
0.818593 0.394659
0.823480 0.404392
0.828254 0.414377
0.832919 0.424657
0.837764 0.436001
0.842493 0.447790
0.280070 0.802490
0.280953 0.804043
0.281871 0.805628
0.282736 0.807101
0.283669 0.808663
0.284621 0.810233
0.285611 0.811853
0.286591 0.813423
0.287511 0.814866
0.288550 0.816485
0.289576 0.818052
0.290527 0.819477
0.291642 0.821137
0.292762 0.822773
0.164186 0.485447
0.164664 0.488871
0.165091 0.495065
0.165481 0.499081
0.165650 0.508438
0.165828 0.515373
0.165790 0.524921
0.165550 0.536106
0.165315 0.546648
0.164863 0.559543
0.164481 0.571653
0.164041 0.585224
0.163650 0.599672
0.163397 0.614537
0.199522 0.505349
0.199187 0.510615
0.198842 0.515770
0.198184 0.523775
0.197815 0.528974
0.197013 0.537926
0.196432 0.544964
0.195746 0.553185
0.194974 0.562368
0.194360 0.570619
0.193658 0.580250
0.193105 0.589189
0.192648 0.598284
0.192196 0.608545
0.147111 0.689178
0.148966 0.707551
0.151229 0.725028
0.153795 0.741060
0.156921 0.757990
0.160169 0.772924
0.164031 0.788893
0.168007 0.803411
0.172026 0.816598
0.176825 0.831301
0.181247 0.843539
0.186280 0.856639
0.191571 0.869451
0.196774 0.881156
0.795307 0.674752
0.796010 0.682092
0.796549 0.690021
0.796986 0.696958
0.797306 0.704343
0.797437 0.712342
0.797432 0.720590
0.797311 0.728453
0.797121 0.735462
0.796827 0.742569
0.796281 0.750704
0.795634 0.758836
0.794968 0.766192
0.794134 0.773654
0.139887 0.741429
0.142881 0.759791
0.146707 0.780081
0.150777 0.798430
0.155414 0.816866
0.159624 0.831518
0.164775 0.848113
0.169586 0.862104
0.175330 0.877693
0.180499 0.890509
0.186534 0.904593
0.192308 0.917065
0.199031 0.930746
0.205162 0.942257
0.658890 1.041457
0.660446 1.043533
0.661976 1.045642
0.663451 1.047754
0.665026 1.050009
0.666553 1.052277
0.668039 1.054561
0.669421 1.056796
0.670771 1.059046
0.672288 1.061521
0.673575 1.063811
0.674955 1.066250
0.675802 1.068137
0.676697 1.070102
0.648593 0.897388
0.651816 0.901394
0.654729 0.905305
0.657738 0.909529
0.660363 0.913554
0.662995 0.917786
0.665454 0.922021
0.667755 0.926258
0.670031 0.930657
0.672058 0.934918
0.674067 0.939333
0.675941 0.943732
0.677705 0.948137
0.679408 0.952608
0.431909 0.356371
0.436882 0.360659
0.442524 0.365090
0.447963 0.369095
0.454002 0.373188
0.461102 0.377620
0.468175 0.381757
0.475308 0.385690
0.483711 0.390055
0.492466 0.394388
0.500840 0.398400
0.510059 0.402719
0.519813 0.407214
0.529356 0.411577
0.669193 0.992391
0.670502 0.994954
0.671727 0.997523
0.672960 1.000061
0.674105 1.002595
0.675168 1.005124
0.676259 1.007639
0.677362 1.010272
0.678600 1.013156
0.679684 1.015875
0.680771 1.018646
0.681770 1.021401
0.682889 1.024284
0.683868 1.027050
0.599375 0.256658
0.608785 0.263358
0.618641 0.270409
0.628185 0.277284
0.637643 0.284190
0.647140 0.291243
0.656335 0.298219
0.664867 0.304821
0.673374 0.311595
0.682312 0.318991
0.690298 0.325779
0.698515 0.333051
0.706056 0.339989
0.713551 0.347152
0.529497 0.872095
0.531625 0.872817
0.533083 0.873297
0.534877 0.873898
0.537092 0.874658
0.538408 0.875114
0.540190 0.875697
0.542334 0.876440
0.543721 0.876910
0.545389 0.877481
0.547503 0.878226
0.548883 0.878703
0.550480 0.879282
0.552674 0.880072
0.431097 0.840500
0.438084 0.844050
0.445297 0.847502
0.452369 0.850698
0.459769 0.853838
0.467330 0.856923
0.474976 0.859855
0.482509 0.862632
0.490145 0.865340
0.497877 0.868000
0.505326 0.870487
0.512385 0.872786
0.519685 0.875155
0.527192 0.877593
0.386568 0.986357
0.398875 0.992534
0.411379 0.998240
0.425074 1.004042
0.438324 1.009130
0.450748 1.013476
0.462768 1.017377
0.475888 1.021264
0.487481 1.024444
0.498345 1.027233
0.510476 1.030225
0.521376 1.032825
0.531083 1.035007
0.541848 1.037486
0.591118 0.997957
0.596968 1.000299
0.602625 1.002747
0.608320 1.005448
0.613882 1.008192
0.618650 1.010857
0.623783 1.013871
0.627999 1.016656
0.632506 1.019767
0.636540 1.022824
0.640342 1.025928
0.643997 1.029125
0.647492 1.032393
0.650740 1.035671
0.796958 0.742394
0.796609 0.748424
0.796171 0.754847
0.795420 0.763012
0.794729 0.769822
0.793918 0.776853
0.792956 0.784381
0.791892 0.791997
0.790770 0.799383
0.789503 0.807218
0.788274 0.814264
0.786866 0.822057
0.785748 0.827610
0.784092 0.836109
0.131453 0.691730
0.133396 0.713135
0.135942 0.735052
0.138871 0.755120
0.142292 0.774683
0.146226 0.793988
0.150726 0.813213
0.154775 0.828299
0.159992 0.846169
0.164573 0.860201
0.169981 0.875619
0.174965 0.888631
0.180880 0.903133
0.186046 0.914787
0.162670 0.742410
0.165484 0.756496
0.168663 0.770559
0.172197 0.784537
0.175441 0.795752
0.179509 0.809136
0.183453 0.820869
0.187802 0.832963
0.192454 0.845013
0.196756 0.855285
0.202489 0.868454
0.207436 0.878872
0.213211 0.890448
0.218706 0.900710
0.598808 0.483595
0.606015 0.488963
0.613067 0.494560
0.619917 0.500373
0.626132 0.506005
0.632122 0.511838
0.637922 0.517883
0.643319 0.523924
0.648546 0.530207
0.653322 0.536383
0.658031 0.542923
0.662209 0.549174
0.666393 0.555872
0.670036 0.562192
0.223286 0.442794
0.223286 0.442794
0.223707 0.444910
0.224224 0.447860
0.224611 0.450450
0.224990 0.453112
0.225288 0.455569
0.225479 0.457685
0.225651 0.459831
0.225756 0.461784
0.225811 0.463525
0.225834 0.465202
0.225808 0.466652
0.225788 0.468303
0.210543 0.588207
0.210402 0.590217
0.210281 0.592152
0.210192 0.593904
0.210091 0.595757
0.209941 0.598150
0.209852 0.599974
0.209767 0.601835
0.209610 0.604556
0.209521 0.606491
0.209469 0.608283
0.209364 0.610692
0.209311 0.612524
0.209259 0.614438
0.647716 0.264706
0.659362 0.274116
0.670461 0.283235
0.682101 0.293184
0.692831 0.302618
0.703893 0.312826
0.713332 0.321788
0.722483 0.330927
0.732254 0.341282
0.740680 0.350633
0.748856 0.360206
0.757336 0.370804
0.764856 0.380708
0.771985 0.390647
0.631008 0.988685
0.633474 0.990607
0.635750 0.992486
0.637919 0.994361
0.640289 0.996433
0.642462 0.998448
0.644506 1.000492
0.646828 1.002695
0.648676 1.004681
0.650568 1.006763
0.652330 1.008803
0.654143 1.010944
0.655870 1.013079
0.657465 1.015157
0.443694 1.010708
0.454512 1.014362
0.464231 1.017417
0.475521 1.020793
0.484498 1.023302
0.494885 1.026008
0.504305 1.028364
0.513104 1.030466
0.522724 1.032727
0.530244 1.034445
0.540293 1.036798
0.547613 1.038457
0.555504 1.040327
0.563012 1.042175
0.529438 0.482337
0.537036 0.487065
0.544670 0.491986
0.552073 0.496948
0.559191 0.501966
0.566208 0.507163
0.573019 0.512483
0.579654 0.518004
0.586011 0.523628
0.592079 0.529352
0.597623 0.534972
0.603316 0.541114
0.608408 0.547051
0.613314 0.553175
0.793792 0.391950
0.800290 0.403015
0.805745 0.412689
0.811469 0.423495
0.816747 0.433969
0.822057 0.445169
0.826765 0.455546
0.831545 0.466787
0.836300 0.478775
0.840486 0.489864
0.844452 0.501054
0.848185 0.512307
0.851923 0.524653
0.855275 0.536550
0.766093 0.592988
0.767761 0.598822
0.769374 0.604777
0.770897 0.610733
0.772322 0.616600
0.773653 0.622324
0.774919 0.628068
0.776090 0.633748
0.777202 0.639420
0.778270 0.645404
0.779243 0.651147
0.780141 0.656790
0.780966 0.662408
0.781708 0.667609
0.284979 0.474260
0.285023 0.478326
0.285035 0.482508
0.285008 0.486768
0.284965 0.491228
0.284877 0.495725
0.284776 0.500353
0.284636 0.504756
0.284494 0.509179
0.284330 0.513663
0.284158 0.518124
0.283975 0.522822
0.283782 0.527673
0.283583 0.532696
0.219831 0.475140
0.219759 0.476591
0.219677 0.478075
0.219585 0.479960
0.219492 0.481655
0.219377 0.483856
0.219254 0.485749
0.219099 0.488110
0.218941 0.490628
0.218728 0.493613
0.218470 0.497235
0.218159 0.501016
0.217809 0.505216
0.217429 0.509299
0.765003 0.296027
0.771760 0.304303
0.778427 0.312925
0.785221 0.322257
0.790783 0.330143
0.797815 0.340956
0.803832 0.350650
0.809557 0.360373
0.815493 0.371085
0.821001 0.381559
0.826578 0.392803
0.831748 0.403803
0.836753 0.415069
0.842049 0.427842
0.230538 0.467114
0.230478 0.469459
0.230407 0.471927
0.230308 0.474630
0.230170 0.477435
0.230015 0.480592
0.229811 0.484080
0.229554 0.487819
0.229274 0.491626
0.228878 0.496690
0.228501 0.500790
0.227912 0.507262
0.227489 0.511431
0.226701 0.519083
0.541508 0.233209
0.550912 0.239815
0.561439 0.247037
0.572546 0.254528
0.584269 0.262422
0.595069 0.269620
0.607160 0.277719
0.618587 0.285478
0.630244 0.293515
0.642182 0.301965
0.653202 0.309948
0.664057 0.318129
0.674379 0.326192
0.684630 0.334569
0.597705 0.861575
0.603329 0.864896
0.608467 0.868082
0.613382 0.871329
0.618225 0.874724
0.622552 0.877995
0.626997 0.881507
0.631117 0.885014
0.635091 0.888618
0.638811 0.892230
0.642381 0.895925
0.645820 0.899747
0.649174 0.903654
0.652313 0.907600
0.198002 0.764354
0.200981 0.774704
0.204187 0.784930
0.207412 0.794362
0.211259 0.804974
0.214895 0.814174
0.219138 0.824299
0.223843 0.834785
0.228071 0.843473
0.233231 0.853548
0.238391 0.862932
0.243856 0.872243
0.249839 0.881831
0.256005 0.891053
0.622094 1.044477
0.626628 1.047142
0.631543 1.050222
0.636071 1.053205
0.640105 1.056249
0.644426 1.059518
0.647910 1.062567
0.651398 1.065781
0.654410 1.068852
0.657993 1.072522
0.660444 1.075440
0.663279 1.078835
0.665974 1.082256
0.667546 1.084886
0.166761 0.532683
0.166544 0.541982
0.166139 0.553234
0.165763 0.564254
0.165414 0.575147
0.164898 0.588953
0.164620 0.600973
0.164388 0.614255
0.164358 0.627328
0.164532 0.640074
0.164916 0.652777
0.165540 0.665119
0.166429 0.678569
0.167540 0.690589
0.627706 0.277139
0.637830 0.284505
0.648037 0.292114
0.657587 0.299356
0.666934 0.306639
0.676085 0.313994
0.685015 0.321424
0.693918 0.329132
0.702687 0.337063
0.710740 0.344640
0.717873 0.351594
0.726001 0.360005
0.732764 0.367245
0.739791 0.375213
0.767094 0.834005
0.765915 0.841317
0.764905 0.846761
0.763726 0.853240
0.762589 0.859377
0.761407 0.865423
0.760264 0.871241
0.759044 0.877433
0.757908 0.882777
0.756664 0.889327
0.755607 0.893622
0.754372 0.900291
0.753264 0.905214
0.752146 0.910559
0.315161 1.001021
0.325902 1.009727
0.337165 1.018234
0.348575 1.026168
0.360703 1.034042
0.373016 1.041444
0.385780 1.048556
0.399275 1.055537
0.412708 1.061915
0.426227 1.067823
0.439688 1.073227
0.453141 1.078179
0.465526 1.082342
0.477453 1.086039
