-0.133214
-0.557385
0.767445
0.746376
-0.011471
0.567379
0.994294
-0.498547
0.800310
0.557314
-0.301589
-1.100781
-1.040583
-0.161676
-0.300779
0.954281
-0.505162
-0.488144
-0.108530
0.196659
-0.192137
-0.838078
0.246016
-1.439327
0.734605
0.743197
-1.128582
0.987283
0.674576
0.948604
-0.338325
0.091844
-0.226503
-0.610047
-0.362314
0.938108
-0.654828
-0.651814
0.269109
0.961261
-0.331865
-0.742484
-0.591032
0.997628
-0.501241
-0.603265
0.941977
0.831144
-0.574998
0.964159
0.626819
0.848883
0.544833
0.943228
0.979241
-0.690590
-0.183969
0.967707
-0.493858
0.692432
0.327489
0.693933
-0.556632
-0.405825
-0.384470
-0.507609
-0.003965
0.492157
-0.794715
-0.634183
0.962700
-0.494689
0.995099
-0.977220
-0.513449
0.492034
-0.251279
0.466798
0.241312
-0.426278
-0.258019
-0.363321
0.860581
0.122600
0.640602
0.839938
-0.792022
-0.674855
-0.845093
0.518674
-0.706919
1.000000
0.538805
-1.090877
-0.611253
0.980185
0.031447
0.114967
-0.436329
0.354882
