0.231842
0.178747
0.376691
0.449108
0.283115
0.220675
0.164017
0.137919
0.264541
0.269981
0.176598
0.249585
0.197791
0.292514
0.264272
0.177374
0.138800
0.264589
0.139134
0.237912
0.198599
0.220662
0.296013
0.240641
0.205411
0.310574
0.242130
0.393620
0.244186
0.345991
0.298345
0.258882
0.075631
0.247279
0.320928
0.291140
0.300308
0.318747
0.389647
0.227695
0.187538
0.193162
0.262552
0.333068
0.407056
0.304930
0.248237
0.242787
0.214969
0.225092
0.269341
0.234768
0.201400
0.333177
0.375825
0.187289
0.230972
0.284943
0.248839
0.259828
0.276652
0.209120
0.216194
0.345710
0.195821
0.148234
0.390221
0.199206
0.198700
0.318446
0.378541
0.260754
0.246325
0.285625
0.235826
0.151436
0.350437
0.376811
0.363144
0.368586
0.154175
0.275328
0.318316
0.254816
0.275797
0.242594
0.363841
0.251479
0.167733
0.190931
0.326539
0.283449
0.248621
0.167375
0.255950
0.394261
0.189755
0.274145
0.418672
0.223637
