0.207319 0.380597
0.209719 0.383885
0.212102 0.387134
0.214521 0.390434
0.216902 0.393665
0.219317 0.396947
0.221711 0.400191
0.224082 0.403397
0.226483 0.406655
0.228842 0.409845
0.231228 0.413088
0.233589 0.416294
0.235922 0.419462
0.238279 0.422685
0.240590 0.425840
0.242921 0.429050
0.245223 0.432224
0.247493 0.435362
0.249779 0.438555
0.252017 0.441683
0.254268 0.444867
0.256486 0.448016
0.258669 0.451130
0.260860 0.454303
0.263003 0.457410
0.265150 0.460577
0.267261 0.463710
0.269336 0.466809
0.271412 0.469970
0.273438 0.473067
0.275463 0.476226
0.277450 0.479353
0.279399 0.482448
0.281342 0.485608
0.283238 0.488705
0.285124 0.491868
0.286973 0.495001
0.288785 0.498104
0.290584 0.501275
0.292339 0.504385
0.294079 0.507565
0.295782 0.510718
0.297450 0.513843
0.299100 0.517041
0.300711 0.520179
0.302302 0.523392
0.303859 0.526580
0.305385 0.529743
0.306888 0.532984
0.308359 0.536167
0.309805 0.539431
0.311222 0.542672
0.312614 0.545891
0.313978 0.549194
0.315320 0.552441
0.316634 0.555775
0.317926 0.559089
0.319198 0.562383
0.320442 0.565769
0.321672 0.569099
0.322874 0.572524
0.324062 0.575932
0.325238 0.579322
0.326385 0.582811
0.327530 0.586245
0.328648 0.589783
0.329759 0.593305
0.330869 0.596811
0.331952 0.600426
0.333045 0.603984
0.334122 0.607612
0.335194 0.611268
0.336242 0.615043
0.337332 0.618669
0.338401 0.622415
0.339471 0.626192
0.340546 0.630001
0.341602 0.633939
0.342717 0.637721
0.343817 0.641631
0.344903 0.645677
0.346030 0.649658
0.347173 0.653675
0.348337 0.657727
0.349521 0.661814
0.350756 0.665828
0.351990 0.669987
0.353252 0.674182
0.354546 0.678415
0.355872 0.682684
0.357234 0.686991
0.358635 0.691335
0.360076 0.695717
0.361562 0.700136
0.363093 0.704592
0.364674 0.709085
0.366306 0.713615
0.367992 0.718181
0.369718 0.722925
0.371539 0.727423
0.373403 0.732097
0.375333 0.736807
0.377331 0.741550
0.379399 0.746328
0.381539 0.751139
0.383755 0.755983
0.386048 0.760858
0.388422 0.765765
0.390878 0.770701
0.393419 0.775666
0.396047 0.780660
0.398764 0.785680
0.401572 0.790727
0.404473 0.795798
0.407497 0.801076
0.410594 0.806195
0.413787 0.811333
0.417037 0.816298
0.420424 0.821470
0.423911 0.826657
0.427500 0.831858
0.431190 0.837071
0.434981 0.842294
0.438874 0.847525
0.442868 0.852761
0.446962 0.858001
0.451156 0.863243
0.455447 0.868483
0.459939 0.873942
0.464428 0.879175
0.469010 0.884400
0.473683 0.889615
0.478444 0.894816
0.483154 0.899769
0.488075 0.904933
0.493074 0.910075
0.498148 0.915193
0.503291 0.920284
0.508502 0.925345
0.513775 0.930374
0.519106 0.935368
0.524490 0.940324
0.530112 0.945481
0.535593 0.950354
0.541113 0.955182
0.546666 0.959962
0.552249 0.964693
0.557638 0.969130
0.563258 0.973755
0.568891 0.978325
0.574533 0.982838
0.580179 0.987292
0.585825 0.991686
0.591466 0.996019
0.597098 1.000290
0.602716 1.004498
0.608317 1.008642
0.613896 1.012722
0.619450 1.016736
0.624976 1.020687
0.630732 1.024802
0.635928 1.028391
0.641349 1.032146
0.646729 1.035836
0.652066 1.039461
0.657357 1.043023
0.662601 1.046521
0.667795 1.049958
0.672938 1.053332
0.678028 1.056645
0.683063 1.059899
0.688043 1.063094
0.692966 1.066230
0.697831 1.069310
0.702637 1.072334
0.707384 1.075304
0.712352 1.078422
0.716979 1.081284
0.721264 1.083899
0.725769 1.086663
0.730212 1.089379
0.734594 1.092048
0.738914 1.094671
0.743174 1.097251
0.747372 1.099786
0.751509 1.102281
0.755586 1.104735
0.759602 1.107148
0.763559 1.109525
0.767456 1.111865
0.771571 1.114346
0.775350 1.116615
0.779071 1.118851
0.782735 1.121053
0.786341 1.123226
0.789617 1.125198
0.793112 1.127312
0.796553 1.129399
0.799939 1.131460
0.803272 1.133494
