0.228144 0.200041
0.230847 0.205215
0.233561 0.210370
0.236352 0.215582
0.239131 0.220746
0.241989 0.225964
0.244857 0.231156
0.247735 0.236318
0.250694 0.241532
0.253639 0.246683
0.256667 0.251885
0.259705 0.257049
0.262752 0.262171
0.265885 0.267341
0.269001 0.272434
0.272205 0.277573
0.275418 0.282663
0.278640 0.287700
0.281952 0.292780
0.285244 0.297772
0.288630 0.302805
0.292024 0.307778
0.295425 0.312689
0.298922 0.317639
0.302397 0.322491
0.305970 0.327378
0.309551 0.332198
0.313139 0.336948
0.316828 0.341733
0.320491 0.346411
0.324259 0.351121
0.328033 0.355757
0.331812 0.360318
0.335699 0.364909
0.339557 0.369388
0.343525 0.373895
0.347497 0.378325
0.351474 0.382675
0.355563 0.387053
0.359619 0.391315
0.363791 0.395603
0.367966 0.399810
0.372141 0.403936
0.376437 0.408086
0.380692 0.412120
0.385069 0.416178
0.389445 0.420154
0.393818 0.424048
0.398316 0.427966
0.402766 0.431767
0.407344 0.435591
0.411915 0.439334
0.416477 0.442995
0.421169 0.446679
0.425803 0.450248
0.430568 0.453839
0.435321 0.457350
0.440055 0.460782
0.444925 0.464236
0.449722 0.467579
0.454655 0.470943
0.459565 0.474230
0.464448 0.477440
0.469467 0.480673
0.474400 0.483798
0.479470 0.486945
0.484505 0.490018
0.489502 0.493019
0.494636 0.496043
0.499668 0.498964
0.504775 0.501878
0.509896 0.504753
0.515154 0.507653
0.520172 0.510394
0.525323 0.513160
0.530482 0.515891
0.535645 0.518589
0.540943 0.521314
0.545981 0.523890
0.551150 0.526494
0.556454 0.529129
0.561617 0.531676
0.566774 0.534196
0.571923 0.536690
0.577063 0.539161
0.582048 0.541551
0.587162 0.543977
0.592262 0.546384
0.597346 0.548773
0.602412 0.551144
0.607460 0.553500
0.612488 0.555843
0.617494 0.558173
0.622478 0.560493
0.627437 0.562805
0.632372 0.565109
0.637281 0.567408
0.642162 0.569704
0.647171 0.572057
0.651840 0.574290
0.656634 0.576585
0.661398 0.578883
0.666130 0.581186
0.670831 0.583496
0.675498 0.585814
0.680131 0.588142
0.684731 0.590482
0.689296 0.592835
0.693826 0.595203
0.698321 0.597589
0.702779 0.599991
0.707200 0.602414
0.711586 0.604857
0.715934 0.607323
0.720407 0.609890
0.724680 0.612406
0.728914 0.614949
0.732948 0.617438
0.737106 0.620035
0.741225 0.622663
0.745305 0.625321
0.749346 0.628011
0.753348 0.630735
0.757310 0.633491
0.761233 0.636283
0.765115 0.639109
0.768958 0.641972
0.772761 0.644870
0.776687 0.647912
0.780409 0.650887
0.784091 0.653900
0.787732 0.656951
0.791332 0.660041
0.794731 0.663049
0.798249 0.666213
0.801728 0.669415
0.805165 0.672655
0.808561 0.675934
0.811916 0.679251
0.815229 0.682605
0.818501 0.685997
0.821732 0.689426
0.825078 0.693036
0.828225 0.696540
0.831330 0.700080
0.834393 0.703655
0.837415 0.707264
0.840240 0.710748
0.843179 0.714420
0.846075 0.718124
0.848929 0.721859
0.851742 0.725623
0.854513 0.729418
0.857242 0.733240
0.859929 0.737089
0.862575 0.740964
0.865178 0.744864
0.867740 0.748788
0.870261 0.752735
0.872740 0.756703
0.875322 0.760887
0.877574 0.764700
0.879930 0.768727
0.882244 0.772770
0.884518 0.776829
0.886752 0.780903
0.888946 0.784990
0.891100 0.789090
0.893214 0.793200
0.895288 0.797321
0.897324 0.801451
0.899321 0.805589
0.901280 0.809733
0.903201 0.813882
0.905084 0.818037
0.906930 0.822195
0.908868 0.826586
0.910640 0.830750
0.912249 0.834680
0.913951 0.838841
0.915617 0.843002
0.917250 0.847161
0.918847 0.851316
0.920412 0.855467
0.921944 0.859614
0.923443 0.863755
0.924910 0.867890
0.926346 0.872017
0.927752 0.876138
0.929127 0.880249
0.930589 0.884605
0.931904 0.888700
0.933192 0.892784
0.934451 0.896856
0.935683 0.900918
0.936776 0.904706
0.937955 0.908741
0.939110 0.912765
0.940239 0.916774
0.941344 0.920769
