47.426852
64.310484
76.236712
69.661279
91.208386
91.208386
50.894966
73.158256
50.215545
74.508560
87.855887
47.426852
64.852241
47.426852
73.416044
73.081256
78.304039
55.519330
47.426852
69.042373
61.727687
79.299311
58.319430
76.974192
91.208386
77.040786
61.342213
69.815898
69.989132
91.208386
47.426852
69.374135
67.491523
72.654195
63.748150
80.587868
91.208386
47.426852
65.936859
47.426852
61.221412
47.426852
56.611989
91.208386
91.208386
61.404665
64.719395
47.426852
47.426852
63.116963
73.743969
82.069176
85.607303
56.299660
70.101041
70.746266
68.740316
83.677543
73.947786
76.862319
52.278649
73.330992
71.266309
62.438472
62.692137
91.208386
63.460109
47.426852
79.134770
91.208386
73.077879
47.426852
47.426852
62.151984
68.408695
47.426852
64.218786
47.759485
75.440390
91.208386
73.835519
47.426852
47.426852
78.867571
81.582038
58.209747
49.959096
71.935827
91.208386
59.917396
91.208386
47.426852
69.698116
86.356103
47.426852
47.426852
47.426852
59.039333
68.366178
66.925931
75.160984
68.382932
47.426852
47.426852
60.611502
58.717546
47.426852
70.581930
47.426852
73.397308
47.426852
67.921991
78.806802
77.338653
71.304462
47.426852
47.426852
47.426852
47.426852
47.426852
71.679280
91.208386
91.208386
64.631428
79.638526
47.426852
47.426852
47.426852
69.751742
91.208386
70.263174
67.507015
73.324351
91.208386
47.426852
80.081428
72.812394
91.208386
60.477948
62.080518
74.687521
79.608124
63.362054
47.426852
62.191639
47.426852
47.426852
47.426852
74.822434
68.799428
47.426852
57.515400
71.832269
67.888427
63.642252
78.853214
47.426852
47.426852
71.137087
68.764736
72.374528
72.685177
47.426852
64.041672
47.426852
73.632521
47.426852
47.426852
79.559899
73.335538
47.426852
62.816341
68.184207
91.208386
68.035038
57.448224
68.848784
47.426852
91.208386
58.885096
70.606501
47.426852
72.927199
47.426852
73.948036
68.159546
78.132086
58.815685
77.721834
77.060437
70.458106
47.426852
64.863702
47.426852
47.426852
76.641507
56.719121
91.208386
58.823064
47.426852
