33.604735
33.977101
34.349467
34.721833
35.094199
35.466566
35.838932
36.211298
36.583664
36.956030
37.328396
37.700762
38.073128
38.445495
38.817861
39.190227
39.562593
39.934959
40.307325
40.679691
41.052057
41.424424
41.796790
42.169156
42.541522
42.913888
43.286254
43.658620
44.030986
44.403353
44.775719
45.148085
45.520451
45.892817
46.265183
46.637549
47.009916
47.382282
47.754648
48.127014
48.499380
48.871746
49.244112
49.616478
49.988845
50.361211
50.733577
51.105943
51.478309
51.850675
52.223041
52.595407
52.967774
53.340140
53.712506
54.084872
54.457238
54.829604
55.201970
55.574336
55.946703
56.319069
56.691435
57.063801
57.436167
57.808533
58.180899
58.553266
58.925632
59.297998
59.670364
60.042730
60.415096
60.787462
61.159828
61.532195
61.904561
62.276927
62.649293
63.021659
63.394025
63.766391
64.138757
64.511124
64.883490
65.255856
65.628222
66.000588
66.372954
66.745320
67.117686
67.490053
67.862419
68.234785
68.607151
68.979517
69.351883
69.724249
70.096616
70.468982
70.841348
71.213714
71.586080
71.958446
72.330812
72.703178
73.075545
73.447911
73.820277
74.192643
74.565009
74.937375
75.309741
75.682107
76.054474
76.426840
76.799206
77.171572
77.543938
77.916304
78.288670
78.661036
79.033403
79.405769
79.778135
80.150501
80.522867
80.895233
81.267599
81.639966
82.012332
82.384698
82.757064
83.129430
83.501796
83.874162
84.246528
84.618895
84.991261
85.363627
85.735993
86.108359
86.480725
86.853091
87.225457
87.597824
87.970190
88.342556
88.714922
89.087288
89.459654
89.832020
90.204386
90.576753
90.949119
91.321485
91.693851
92.066217
92.438583
92.810949
93.183316
93.555682
93.928048
94.300414
94.672780
95.045146
95.417512
95.789878
96.162245
96.534611
96.906977
97.279343
97.651709
98.024075
98.396441
98.768807
99.141174
99.513540
99.885906
100.258272
100.630638
101.003004
101.375370
101.747736
102.120103
102.492469
102.864835
103.237201
103.609567
103.981933
104.354299
104.726666
105.099032
105.471398
105.843764
106.216130
106.588496
106.960862
107.333228
107.705595
