4.665241241455078125e+01
4.696663665771484375e+01
4.728086090087890625e+01
4.759508514404296875e+01
4.790931320190429688e+01
4.822354125976562500e+01
4.853776550292968750e+01
4.885198974609375000e+01
6.842190551757812500e+01
6.924343872070312500e+01
7.006496429443359375e+01
7.088649749755859375e+01
7.170802307128906250e+01
7.252955627441406250e+01
7.335108947753906250e+01
7.417261505126953125e+01
8.585327911376953125e+01
8.606951904296875000e+01
8.628575897216796875e+01
8.650199890136718750e+01
8.671824645996093750e+01
8.693448638916015625e+01
8.715072631835937500e+01
8.736696624755859375e+01
5.938782501220703125e+01
5.960394287109375000e+01
5.982006072998046875e+01
6.003617858886718750e+01
6.025229644775390625e+01
6.046841812133789062e+01
6.068453598022460938e+01
6.090065383911132812e+01
4.957745361328125000e+01
5.013233184814453125e+01
5.068721389770507812e+01
5.124209213256835938e+01
5.179697418212890625e+01
5.235185241699218750e+01
5.290673065185546875e+01
5.346160888671875000e+01
5.978553009033203125e+01
6.056055068969726562e+01
6.133557510375976562e+01
6.211059951782226562e+01
6.288562393188476562e+01
6.366064453125000000e+01
6.443566894531250000e+01
6.521069335937500000e+01
4.503386688232421875e+01
4.576071929931640625e+01
4.648757171630859375e+01
4.721442413330078125e+01
4.794127655029296875e+01
4.866812515258789062e+01
4.939497756958007812e+01
5.012182998657226562e+01
7.424639892578125000e+01
7.497123718261718750e+01
7.569608306884765625e+01
7.642092132568359375e+01
7.714575958251953125e+01
7.787060546875000000e+01
7.859544372558593750e+01
7.932028198242187500e+01
6.323277282714843750e+01
6.409574127197265625e+01
6.495870971679687500e+01
6.582167816162109375e+01
6.668464660644531250e+01
6.754761505126953125e+01
6.841058349609375000e+01
6.927355194091796875e+01
5.864581298828125000e+01
5.935930252075195312e+01
6.007279586791992188e+01
6.078628540039062500e+01
6.149977874755859375e+01
6.221327209472656250e+01
6.292676544189453125e+01
6.364025497436523438e+01
6.662529754638671875e+01
6.746309661865234375e+01
6.830089569091796875e+01
6.913869476318359375e+01
6.997649383544921875e+01
7.081429290771484375e+01
7.165209197998046875e+01
7.248989105224609375e+01
6.351799774169921875e+01
6.415950012207031250e+01
6.480100250244140625e+01
6.544251251220703125e+01
6.608401489257812500e+01
6.672551727294921875e+01
6.736701965332031250e+01
6.800852203369140625e+01
7.182482147216796875e+01
7.256370544433593750e+01
7.330259704589843750e+01
7.404148864746093750e+01
7.478037261962890625e+01
7.551926422119140625e+01
7.625814819335937500e+01
7.699703979492187500e+01
5.915895080566406250e+01
5.991232299804687500e+01
6.066568374633789062e+01
6.141905212402343750e+01
6.217242050170898438e+01
6.292578887939453125e+01
6.367915725708007812e+01
6.443252563476562500e+01
6.017787551879882812e+01
6.099098587036132812e+01
6.180409240722656250e+01
6.261719894409179688e+01
6.343030929565429688e+01
6.424341583251953125e+01
6.505652618408203125e+01
6.586962890625000000e+01
6.043930816650390625e+01
6.104644775390625000e+01
6.165359115600585938e+01
6.226073455810546875e+01
6.286787414550781250e+01
6.347501754760742188e+01
6.408216094970703125e+01
6.468930053710937500e+01
7.945720672607421875e+01
7.999946594238281250e+01
8.054171752929687500e+01
8.108397674560546875e+01
8.162623596191406250e+01
8.216849517822265625e+01
8.271074676513671875e+01
8.325300598144531250e+01
7.740588378906250000e+01
7.773667907714843750e+01
7.806746673583984375e+01
7.839826202392578125e+01
7.872904968261718750e+01
7.905984497070312500e+01
7.939063262939453125e+01
7.972142791748046875e+01
8.037672424316406250e+01
8.113573455810546875e+01
8.189474487304687500e+01
8.265375518798828125e+01
8.341276550292968750e+01
8.417176818847656250e+01
8.493077850341796875e+01
8.568978881835937500e+01
7.418655395507812500e+01
7.481764221191406250e+01
7.544872283935546875e+01
7.607981109619140625e+01
7.671089172363281250e+01
7.734197998046875000e+01
7.797306060791015625e+01
7.860414886474609375e+01
5.433202743530273438e+01
5.498267745971679688e+01
5.563333129882812500e+01
5.628398132324218750e+01
5.693463134765625000e+01
5.758528518676757812e+01
5.823593521118164062e+01
5.888658905029296875e+01
8.005349731445312500e+01
8.081198883056640625e+01
8.157047271728515625e+01
8.232895660400390625e+01
8.308744812011718750e+01
8.384593200683593750e+01
8.460441589355468750e+01
8.536289978027343750e+01
6.785633087158203125e+01
6.850239562988281250e+01
6.914845275878906250e+01
6.979451751708984375e+01
7.044057464599609375e+01
7.108663940429687500e+01
7.173269653320312500e+01
7.237876129150390625e+01
6.396408081054687500e+01
6.468016052246093750e+01
6.539624786376953125e+01
6.611233520507812500e+01
6.682841491699218750e+01
6.754450225830078125e+01
6.826058959960937500e+01
6.897667694091796875e+01
5.991447830200195312e+01
6.069060516357421875e+01
6.146673202514648438e+01
6.224285888671875000e+01
6.301898574829101562e+01
6.379511260986328125e+01
6.457123565673828125e+01
6.534736633300781250e+01
7.680332946777343750e+01
7.741290283203125000e+01
7.802246856689453125e+01
7.863204193115234375e+01
7.924160766601562500e+01
7.985118103027343750e+01
8.046075439453125000e+01
8.107032012939453125e+01
7.730619812011718750e+01
7.752254486083984375e+01
7.773889160156250000e+01
7.795523071289062500e+01
7.817157745361328125e+01
7.838792419433593750e+01
7.860427093505859375e+01
7.882061767578125000e+01
7.829490661621093750e+01
7.906969451904296875e+01
7.984447479248046875e+01
8.061926269531250000e+01
8.139404296875000000e+01
8.216882324218750000e+01
8.294361114501953125e+01
8.371839141845703125e+01
6.898112487792968750e+01
6.969969940185546875e+01
7.041827392578125000e+01
7.113684844970703125e+01
7.185542297363281250e+01
7.257399749755859375e+01
7.329257202148437500e+01
7.401114654541015625e+01
8.455442047119140625e+01
8.520142364501953125e+01
8.584843444824218750e+01
8.649543762207031250e+01
8.714244842529296875e+01
8.778945922851562500e+01
8.843646240234375000e+01
8.908347320556640625e+01
4.785339736938476562e+01
4.850523376464843750e+01
4.915706634521484375e+01
4.980890274047851562e+01
5.046073913574218750e+01
5.111257553100585938e+01
5.176441192626953125e+01
5.241624450683593750e+01
6.180728149414062500e+01
6.246013641357421875e+01
6.311299133300781250e+01
6.376584625244140625e+01
6.441870117187500000e+01
6.507155609130859375e+01
6.572441101074218750e+01
6.637726593017578125e+01
8.126123809814453125e+01
8.147708892822265625e+01
8.169293212890625000e+01
8.190877532958984375e+01
8.212462615966796875e+01
8.234046936035156250e+01
8.255632019042968750e+01
8.277216339111328125e+01
5.842783355712890625e+01
5.864427185058593750e+01
5.886071395874023438e+01
5.907715606689453125e+01
5.929359817504882812e+01
5.951003646850585938e+01
5.972647857666015625e+01
5.994292068481445312e+01
7.969937133789062500e+01
8.034851074218750000e+01
8.099765014648437500e+01
8.164678955078125000e+01
8.229592895507812500e+01
8.294506835937500000e+01
8.359420776367187500e+01
8.424335479736328125e+01
3.360966110229492188e+01
3.426392364501953125e+01
3.491819000244140625e+01
3.557245635986328125e+01
3.622672271728515625e+01
3.688098526000976562e+01
3.753525161743164062e+01
3.818951797485351562e+01
7.863249206542968750e+01
7.884907531738281250e+01
7.906565856933593750e+01
7.928223419189453125e+01
7.949881744384765625e+01
7.971540069580078125e+01
7.993197631835937500e+01
8.014855957031250000e+01
6.942271423339843750e+01
7.033655548095703125e+01
7.125040435791015625e+01
7.216425323486328125e+01
7.307810211181640625e+01
7.399195098876953125e+01
7.490579986572265625e+01
7.581964874267578125e+01
7.344340515136718750e+01
7.365920257568359375e+01
7.387500000000000000e+01
7.409078979492187500e+01
7.430658721923828125e+01
7.452237701416015625e+01
7.473817443847656250e+01
7.495397186279296875e+01
6.912097167968750000e+01
6.986618041992187500e+01
7.061138153076171875e+01
7.135658264160156250e+01
7.210179138183593750e+01
7.284699249267578125e+01
7.359220123291015625e+01
7.433740234375000000e+01
8.362367248535156250e+01
8.384004211425781250e+01
8.405641174316406250e+01
8.427278137207031250e+01
8.448915100097656250e+01
8.470552062988281250e+01
8.492189025878906250e+01
8.513825225830078125e+01
5.090749359130859375e+01
5.149668884277343750e+01
5.208588409423828125e+01
5.267507934570312500e+01
5.326427841186523438e+01
5.385347366333007812e+01
5.444266891479492188e+01
5.503186416625976562e+01
8.194274902343750000e+01
8.215955352783203125e+01
8.237635803222656250e+01
8.259316253662109375e+01
8.280996704101562500e+01
8.302677154541015625e+01
8.324357604980468750e+01
8.346038055419921875e+01
7.267309570312500000e+01
7.288851165771484375e+01
7.310392761230468750e+01
7.331934356689453125e+01
7.353475952148437500e+01
7.375016784667968750e+01
7.396558380126953125e+01
7.418099975585937500e+01
6.822721099853515625e+01
6.875431823730468750e+01
6.928141784667968750e+01
6.980852508544921875e+01
7.033562469482421875e+01
7.086273193359375000e+01
7.138983154296875000e+01
7.191693115234375000e+01
6.063555908203125000e+01
6.085208892822265625e+01
6.106861495971679688e+01
6.128514099121093750e+01
6.150166702270507812e+01
6.171819305419921875e+01
6.193471908569335938e+01
6.215124511718750000e+01
5.496398544311523438e+01
5.518075942993164062e+01
5.539753723144531250e+01
5.561431121826171875e+01
5.583108520507812500e+01
5.604785919189453125e+01
5.626463317871093750e+01
5.648140716552734375e+01
5.561861419677734375e+01
5.610501098632812500e+01
5.659141540527343750e+01
5.707781219482421875e+01
5.756421279907226562e+01
5.805061340332031250e+01
5.853701400756835938e+01
5.902341461181640625e+01
7.803816223144531250e+01
7.825393676757812500e+01
7.846970367431640625e+01
7.868547821044921875e+01
7.890125274658203125e+01
7.911701965332031250e+01
7.933279418945312500e+01
7.954856872558593750e+01
7.967114257812500000e+01
7.988655090332031250e+01
8.010195159912109375e+01
8.031735229492187500e+01
8.053276062011718750e+01
8.074816131591796875e+01
8.096356201171875000e+01
8.117897033691406250e+01
7.623289489746093750e+01
7.644860076904296875e+01
7.666429901123046875e+01
7.688000488281250000e+01
7.709570312500000000e+01
7.731140899658203125e+01
7.752710723876953125e+01
7.774281311035156250e+01
6.909775543212890625e+01
6.973906707763671875e+01
7.038038635253906250e+01
7.102170562744140625e+01
7.166301727294921875e+01
7.230433654785156250e+01
7.294564819335937500e+01
7.358696746826171875e+01
5.558445358276367188e+01
5.629190444946289062e+01
5.699935150146484375e+01
5.770680236816406250e+01
5.841424560546875000e+01
5.912169647216796875e+01
5.982914352416992188e+01
6.053659439086914062e+01
7.375673675537109375e+01
7.449595642089843750e+01
7.523516845703125000e+01
7.597438812255859375e+01
7.671360778808593750e+01
7.745281982421875000e+01
7.819203948974609375e+01
7.893125915527343750e+01
7.309241485595703125e+01
7.330820465087890625e+01
7.352398681640625000e+01
7.373977661132812500e+01
7.395556640625000000e+01
7.417135620117187500e+01
7.438714599609375000e+01
7.460293579101562500e+01
8.048305511474609375e+01
8.128004455566406250e+01
8.207703399658203125e+01
8.287403106689453125e+01
8.367102050781250000e+01
8.446800994873046875e+01
8.526499938964843750e+01
8.606198883056640625e+01
4.837679290771484375e+01
4.882978057861328125e+01
4.928276443481445312e+01
4.973574829101562500e+01
5.018873596191406250e+01
5.064171981811523438e+01
5.109470367431640625e+01
5.154769134521484375e+01
6.051928710937500000e+01
6.115521621704101562e+01
6.179114532470703125e+01
6.242707824707031250e+01
6.306300735473632812e+01
6.369893646240234375e+01
6.433486938476562500e+01
6.497079467773437500e+01
7.789428710937500000e+01
7.849707031250000000e+01
7.909984588623046875e+01
7.970262908935546875e+01
8.030541229248046875e+01
8.090819549560546875e+01
8.151097869873046875e+01
8.211375427246093750e+01
7.426531219482421875e+01
7.448167419433593750e+01
7.469802856445312500e+01
7.491439056396484375e+01
7.513075256347656250e+01
7.534710693359375000e+01
7.556346130371093750e+01
7.577982330322265625e+01
5.956685256958007812e+01
6.020966339111328125e+01
6.085247802734375000e+01
6.149529266357421875e+01
6.213810729980468750e+01
6.278091812133789062e+01
6.342373275756835938e+01
6.406654357910156250e+01
8.106001281738281250e+01
8.175157165527343750e+01
8.244313049316406250e+01
8.313468933105468750e+01
8.382624816894531250e+01
8.451780700683593750e+01
8.520936584472656250e+01
8.590092468261718750e+01
7.003723144531250000e+01
7.070083618164062500e+01
7.136443328857421875e+01
7.202803802490234375e+01
7.269164276123046875e+01
7.335524749755859375e+01
7.401884460449218750e+01
7.468244934082031250e+01
8.930731964111328125e+01
8.988328552246093750e+01
9.045925903320312500e+01
9.103521728515625000e+01
9.161119079589843750e+01
9.218714904785156250e+01
9.276312255859375000e+01
9.333908081054687500e+01
7.402850341796875000e+01
7.474134063720703125e+01
7.545418548583984375e+01
7.616703033447265625e+01
7.687987518310546875e+01
7.759271240234375000e+01
7.830555725097656250e+01
7.901840209960937500e+01
5.987728881835937500e+01
6.009329223632812500e+01
6.030929183959960938e+01
6.052529525756835938e+01
6.074129486083984375e+01
6.095729827880859375e+01
6.117330169677734375e+01
6.138930130004882812e+01
5.353342056274414062e+01
5.420677947998046875e+01
5.488013839721679688e+01
5.555349731445312500e+01
5.622685241699218750e+01
5.690021133422851562e+01
5.757357025146484375e+01
5.824692916870117188e+01
6.946935272216796875e+01
7.002600860595703125e+01
7.058266448974609375e+01
7.113931274414062500e+01
7.169596862792968750e+01
7.225262451171875000e+01
7.280927276611328125e+01
7.336592864990234375e+01
6.845972442626953125e+01
6.914025878906250000e+01
6.982079315185546875e+01
7.050132751464843750e+01
7.118186187744140625e+01
7.186239624023437500e+01
7.254293060302734375e+01
7.322346496582031250e+01
7.986721038818359375e+01
8.008274841308593750e+01
8.029828643798828125e+01
8.051382446289062500e+01
8.072936248779296875e+01
8.094490051269531250e+01
8.116043090820312500e+01
8.137596893310546875e+01
7.419312286376953125e+01
7.440898132324218750e+01
7.462483978271484375e+01
7.484069824218750000e+01
7.505655670166015625e+01
7.527241516113281250e+01
7.548828125000000000e+01
7.570413970947265625e+01
6.366604995727539062e+01
6.420243835449218750e+01
6.473883056640625000e+01
6.527521514892578125e+01
6.581160736083984375e+01
6.634799957275390625e+01
6.688438415527343750e+01
6.742077636718750000e+01
8.028312683105468750e+01
8.049964141845703125e+01
8.071615600585937500e+01
8.093267059326171875e+01
8.114918518066406250e+01
8.136569976806640625e+01
8.158221435546875000e+01
8.179872894287109375e+01
7.364025115966796875e+01
7.385583496093750000e+01
7.407142639160156250e+01
7.428701782226562500e+01
7.450260925292968750e+01
7.471819305419921875e+01
7.493378448486328125e+01
7.514937591552734375e+01
7.317337799072265625e+01
7.338900756835937500e+01
7.360463714599609375e+01
7.382026672363281250e+01
7.403588867187500000e+01
7.425151824951171875e+01
7.446714782714843750e+01
7.468277740478515625e+01
6.934976196289062500e+01
6.996717071533203125e+01
7.058457946777343750e+01
7.120198822021484375e+01
7.181939697265625000e+01
7.243680572509765625e+01
7.305421447753906250e+01
7.367162322998046875e+01
7.779261016845703125e+01
7.800808715820312500e+01
7.822355651855468750e+01
7.843903350830078125e+01
7.865450286865234375e+01
7.886997985839843750e+01
7.908544921875000000e+01
7.930092620849609375e+01
6.610302734375000000e+01
6.670389556884765625e+01
6.730476379394531250e+01
6.790562438964843750e+01
6.850649261474609375e+01
6.910736083984375000e+01
6.970822906494140625e+01
7.030908966064453125e+01
6.918492126464843750e+01
6.968190002441406250e+01
7.017887878417968750e+01
7.067585754394531250e+01
7.117283630371093750e+01
7.166981506347656250e+01
7.216679382324218750e+01
7.266377258300781250e+01
8.440896606445312500e+01
8.512789916992187500e+01
8.584682464599609375e+01
8.656575012207031250e+01
8.728468322753906250e+01
8.800360870361328125e+01
8.872253417968750000e+01
8.944145965576171875e+01
8.335443115234375000e+01
8.389753723144531250e+01
8.444063568115234375e+01
8.498373413085937500e+01
8.552683258056640625e+01
8.606993103027343750e+01
8.661303710937500000e+01
8.715613555908203125e+01
6.116699981689453125e+01
6.174032974243164062e+01
6.231365966796875000e+01
6.288698959350585938e+01
6.346031951904296875e+01
6.403364562988281250e+01
6.460697937011718750e+01
6.518030548095703125e+01
7.949892425537109375e+01
8.026167297363281250e+01
8.102442169189453125e+01
8.178716278076171875e+01
8.254991149902343750e+01
8.331266021728515625e+01
8.407540893554687500e+01
8.483815002441406250e+01
6.325872421264648438e+01
6.393365478515625000e+01
6.460858917236328125e+01
6.528352355957031250e+01
6.595845794677734375e+01
6.663338470458984375e+01
6.730831909179687500e+01
6.798325347900390625e+01
4.688866043090820312e+01
4.731346893310546875e+01
4.773828125000000000e+01
4.816309356689453125e+01
4.858790206909179688e+01
4.901271057128906250e+01
4.943752288818359375e+01
4.986233139038085938e+01
7.488598632812500000e+01
7.557933044433593750e+01
7.627268218994140625e+01
7.696603393554687500e+01
7.765937805175781250e+01
7.835272979736328125e+01
7.904607391357421875e+01
7.973942565917968750e+01
7.362451934814453125e+01
7.441757965087890625e+01
7.521064758300781250e+01
7.600371551513671875e+01
7.679678344726562500e+01
7.758985137939453125e+01
7.838291168212890625e+01
7.917597961425781250e+01
6.694998168945312500e+01
6.773007202148437500e+01
6.851016998291015625e+01
6.929026794433593750e+01
7.007035827636718750e+01
7.085045623779296875e+01
7.163055419921875000e+01
7.241064453125000000e+01
5.822470855712890625e+01
5.891207885742187500e+01
5.959945297241210938e+01
6.028682327270507812e+01
6.097419738769531250e+01
6.166156768798828125e+01
6.234893798828125000e+01
6.303631210327148438e+01
7.653984069824218750e+01
7.675582122802734375e+01
7.697180175781250000e+01
7.718778228759765625e+01
7.740376281738281250e+01
7.761974334716796875e+01
7.783572387695312500e+01
7.805171203613281250e+01
3.487349700927734375e+01
3.551390457153320312e+01
3.615430831909179688e+01
3.679471588134765625e+01
3.743511962890625000e+01
3.807552337646484375e+01
3.871593093872070312e+01
3.935633850097656250e+01
7.373229217529296875e+01
7.446751403808593750e+01
7.520273590087890625e+01
7.593795776367187500e+01
7.667317199707031250e+01
7.740839385986328125e+01
7.814361572265625000e+01
7.887882995605468750e+01
7.139237976074218750e+01
7.206844329833984375e+01
7.274450683593750000e+01
7.342057800292968750e+01
7.409664154052734375e+01
7.477270507812500000e+01
7.544876861572265625e+01
7.612483978271484375e+01
7.177398681640625000e+01
7.199013519287109375e+01
7.220628356933593750e+01
7.242242431640625000e+01
7.263857269287109375e+01
7.285472106933593750e+01
7.307086944580078125e+01
7.328701782226562500e+01
7.076282501220703125e+01
7.097848510742187500e+01
7.119414520263671875e+01
7.140980529785156250e+01
7.162546539306640625e+01
7.184112548828125000e+01
7.205678558349609375e+01
7.227244567871093750e+01
7.593881225585937500e+01
7.658965301513671875e+01
7.724049377441406250e+01
7.789133453369140625e+01
7.854217529296875000e+01
7.919301605224609375e+01
7.984385681152343750e+01
8.049470520019531250e+01
8.526030731201171875e+01
8.583872222900390625e+01
8.641713714599609375e+01
8.699555969238281250e+01
8.757397460937500000e+01
8.815238952636718750e+01
8.873081207275390625e+01
8.930922698974609375e+01
7.908364868164062500e+01
7.984468841552734375e+01
8.060573577880859375e+01
8.136678314208984375e+01
8.212783050537109375e+01
8.288887786865234375e+01
8.364991760253906250e+01
8.441096496582031250e+01
7.390354156494140625e+01
7.411946105957031250e+01
7.433538818359375000e+01
7.455130767822265625e+01
7.476722717285156250e+01
7.498314666748046875e+01
7.519906616210937500e+01
7.541499328613281250e+01
6.720046997070312500e+01
6.783167266845703125e+01
6.846288299560546875e+01
6.909408569335937500e+01
6.972528839111328125e+01
7.035649108886718750e+01
7.098769378662109375e+01
7.161889648437500000e+01
5.993898010253906250e+01
6.049813461303710938e+01
6.105728912353515625e+01
6.161644744873046875e+01
6.217560195922851562e+01
6.273475646972656250e+01
6.329391479492187500e+01
6.385306930541992188e+01
6.533336639404296875e+01
6.584156799316406250e+01
6.634976959228515625e+01
6.685796356201171875e+01
6.736616516113281250e+01
6.787436676025390625e+01
6.838256072998046875e+01
6.889076232910156250e+01
6.424269104003906250e+01
6.502841949462890625e+01
6.581414031982421875e+01
6.659986114501953125e+01
6.738558197021484375e+01
6.817130279541015625e+01
6.895702362060546875e+01
6.974275207519531250e+01
8.808926391601562500e+01
8.878405761718750000e+01
8.947885131835937500e+01
9.017364501953125000e+01
9.086843109130859375e+01
9.156322479248046875e+01
9.225801849365234375e+01
9.295280456542968750e+01
7.799483489990234375e+01
7.821083068847656250e+01
7.842682647705078125e+01
7.864282226562500000e+01
7.885882568359375000e+01
7.907482147216796875e+01
7.929081726074218750e+01
7.950681304931640625e+01
5.981193542480468750e+01
6.054077148437500000e+01
6.126961135864257812e+01
6.199845123291015625e+01
6.272729110717773438e+01
6.345612335205078125e+01
6.418496704101562500e+01
6.491380310058593750e+01
7.350914001464843750e+01
7.372483825683593750e+01
7.394052886962890625e+01
7.415622711181640625e+01
7.437191772460937500e+01
7.458761596679687500e+01
7.480330657958984375e+01
7.501899719238281250e+01
7.304280090332031250e+01
7.325897979736328125e+01
7.347515869140625000e+01
7.369134521484375000e+01
7.390753173828125000e+01
7.412371063232421875e+01
7.433988952636718750e+01
7.455607604980468750e+01
6.112197875976562500e+01
6.133837890625000000e+01
6.155477905273437500e+01
6.177118301391601562e+01
6.198758316040039062e+01
6.220398712158203125e+01
6.242038726806640625e+01
6.263678741455078125e+01
9.153541564941406250e+01
9.218832397460937500e+01
9.284122467041015625e+01
9.349412536621093750e+01
9.414702606201171875e+01
9.479993438720703125e+01
9.545283508300781250e+01
9.610573577880859375e+01
3.808514785766601562e+01
3.864361190795898438e+01
3.920207214355468750e+01
3.976053619384765625e+01
4.031900024414062500e+01
4.087746429443359375e+01
4.143592453002929688e+01
4.199438858032226562e+01
7.446119689941406250e+01
7.506216430664062500e+01
7.566313171386718750e+01
7.626409149169921875e+01
7.686505889892578125e+01
7.746602630615234375e+01
7.806698608398437500e+01
7.866795349121093750e+01
5.006338500976562500e+01
5.077248382568359375e+01
5.148158264160156250e+01
5.219068145751953125e+01
5.289978027343750000e+01
5.360887908935546875e+01
5.431797790527343750e+01
5.502707672119140625e+01
5.864884948730468750e+01
5.935317611694335938e+01
6.005750274658203125e+01
6.076182937622070312e+01
6.146615600585937500e+01
6.217048263549804688e+01
6.287480926513671875e+01
6.357913589477539062e+01
7.695770263671875000e+01
7.766281890869140625e+01
7.836793518066406250e+01
7.907305145263671875e+01
7.977817535400390625e+01
8.048329162597656250e+01
8.118840789794921875e+01
8.189353179931640625e+01
7.487860107421875000e+01
7.544363403320312500e+01
7.600868225097656250e+01
7.657371520996093750e+01
7.713876342773437500e+01
7.770379638671875000e+01
7.826884460449218750e+01
7.883387756347656250e+01
7.706149291992187500e+01
7.773318481445312500e+01
7.840486907958984375e+01
7.907655334472656250e+01
7.974823760986328125e+01
8.041992950439453125e+01
8.109161376953125000e+01
8.176329803466796875e+01
5.168693923950195312e+01
5.207445526123046875e+01
5.246197509765625000e+01
5.284949111938476562e+01
5.323700714111328125e+01
5.362452697753906250e+01
5.401204299926757812e+01
5.439955902099609375e+01
8.092658233642578125e+01
8.156721496582031250e+01
8.220785522460937500e+01
8.284849548339843750e+01
8.348912811279296875e+01
8.412976837158203125e+01
8.477040863037109375e+01
8.541104125976562500e+01
8.147238159179687500e+01
8.221655273437500000e+01
8.296073150634765625e+01
8.370490264892578125e+01
8.444907379150390625e+01
8.519325256347656250e+01
8.593742370605468750e+01
8.668159484863281250e+01
7.296711730957031250e+01
7.371351623535156250e+01
7.445991516113281250e+01
7.520632171630859375e+01
7.595272064208984375e+01
7.669912719726562500e+01
7.744552612304687500e+01
7.819193267822265625e+01
8.528562164306640625e+01
8.598873138427734375e+01
8.669184112548828125e+01
8.739495086669921875e+01
8.809806060791015625e+01
8.880116271972656250e+01
8.950427246093750000e+01
9.020738220214843750e+01
7.234961700439453125e+01
7.256547546386718750e+01
7.278133392333984375e+01
7.299719238281250000e+01
7.321304321289062500e+01
7.342890167236328125e+01
7.364476013183593750e+01
7.386061859130859375e+01
4.834234237670898438e+01
4.907331085205078125e+01
4.980426788330078125e+01
5.053523635864257812e+01
5.126620483398437500e+01
5.199716949462890625e+01
5.272813415527343750e+01
5.345910263061523438e+01
7.404874420166015625e+01
7.490103912353515625e+01
7.575333404541015625e+01
7.660562896728515625e+01
7.745791625976562500e+01
7.831021118164062500e+01
7.916250610351562500e+01
8.001480102539062500e+01
7.977252197265625000e+01
7.998858642578125000e+01
8.020464324951171875e+01
8.042070770263671875e+01
8.063676452636718750e+01
8.085282135009765625e+01
8.106888580322265625e+01
8.128494262695312500e+01
7.612666320800781250e+01
7.634309387207031250e+01
7.655952453613281250e+01
7.677595520019531250e+01
7.699238586425781250e+01
7.720881652832031250e+01
7.742524719238281250e+01
7.764167785644531250e+01
8.950401306152343750e+01
9.024340820312500000e+01
9.098280334472656250e+01
9.172219848632812500e+01
9.246159362792968750e+01
9.320098876953125000e+01
9.394038391113281250e+01
9.467977905273437500e+01
6.070625305175781250e+01
6.092213439941406250e+01
6.113802337646484375e+01
6.135390853881835938e+01
6.156979370117187500e+01
6.178567886352539062e+01
6.200156402587890625e+01
6.221744918823242188e+01
7.251243591308593750e+01
7.323452758789062500e+01
7.395661163330078125e+01
7.467870330810546875e+01
7.540078735351562500e+01
7.612287902832031250e+01
7.684496307373046875e+01
7.756704711914062500e+01
6.039080810546875000e+01
6.126200103759765625e+01
6.213319396972656250e+01
6.300438690185546875e+01
6.387557983398437500e+01
6.474677276611328125e+01
6.561796569824218750e+01
6.648915863037109375e+01
7.385432434082031250e+01
7.447731781005859375e+01
7.510030364990234375e+01
7.572329711914062500e+01
7.634628295898437500e+01
7.696927642822265625e+01
7.759226226806640625e+01
7.821525573730468750e+01
1.002891235351562500e+02
1.008411026000976562e+02
1.013930892944335938e+02
1.019450759887695312e+02
1.024970550537109375e+02
1.030490417480468750e+02
1.036010284423828125e+02
1.041530151367187500e+02
7.919658660888671875e+01
7.991464996337890625e+01
8.063272094726562500e+01
8.135078430175781250e+01
8.206884765625000000e+01
8.278691101074218750e+01
8.350498199462890625e+01
8.422304534912109375e+01
6.264868927001953125e+01
6.340014266967773438e+01
6.415159606933593750e+01
6.490304565429687500e+01
6.565449523925781250e+01
6.640594482421875000e+01
6.715739440917968750e+01
6.790884399414062500e+01
6.842055511474609375e+01
6.916258239746093750e+01
6.990460968017578125e+01
7.064663696289062500e+01
7.138865661621093750e+01
7.213068389892578125e+01
7.287271118164062500e+01
7.361473846435546875e+01
1.035647277832031250e+02
1.041543121337890625e+02
1.047438888549804688e+02
1.053334732055664062e+02
1.059230575561523438e+02
1.065126342773437500e+02
1.071022186279296875e+02
1.076918029785156250e+02
4.935438156127929688e+01
5.009507751464843750e+01
5.083577346801757812e+01
5.157646942138671875e+01
5.231716918945312500e+01
5.305786132812500000e+01
5.379856109619140625e+01
5.453925323486328125e+01
6.902366638183593750e+01
6.975220489501953125e+01
7.048075103759765625e+01
7.120929718017578125e+01
7.193784332275390625e+01
7.266638946533203125e+01
7.339493560791015625e+01
7.412348175048828125e+01
3.871786499023437500e+01
3.919959259033203125e+01
3.968132400512695312e+01
4.016305541992187500e+01
4.064478302001953125e+01
4.112651443481445312e+01
4.160824584960937500e+01
4.208997344970703125e+01
4.127787017822265625e+01
4.198137664794921875e+01
4.268488311767578125e+01
4.338839721679687500e+01
4.409190368652343750e+01
4.479541015625000000e+01
4.549892425537109375e+01
4.620243072509765625e+01
5.507558822631835938e+01
5.582100296020507812e+01
5.656641769409179688e+01
5.731183242797851562e+01
5.805724716186523438e+01
5.880266189575195312e+01
5.954807662963867188e+01
6.029349136352539062e+01
6.586464691162109375e+01
6.659988403320312500e+01
6.733511352539062500e+01
6.807035064697265625e+01
6.880558776855468750e+01
6.954081726074218750e+01
7.027605438232421875e+01
7.101129150390625000e+01
8.207058715820312500e+01
8.228738403320312500e+01
8.250418853759765625e+01
8.272099304199218750e+01
8.293779754638671875e+01
8.315460205078125000e+01
8.337139892578125000e+01
8.358820343017578125e+01
8.203363800048828125e+01
8.225016784667968750e+01
8.246669769287109375e+01
8.268322753906250000e+01
8.289975738525390625e+01
8.311628723144531250e+01
8.333281707763671875e+01
8.354934692382812500e+01
5.391138839721679688e+01
5.458774948120117188e+01
5.526411056518554688e+01
5.594047164916992188e+01
5.661683273315429688e+01
5.729319381713867188e+01
5.796955490112304688e+01
5.864591598510742188e+01
7.215554809570312500e+01
7.286299133300781250e+01
7.357043457031250000e+01
7.427787780761718750e+01
7.498532104492187500e+01
7.569276428222656250e+01
7.640020751953125000e+01
7.710765075683593750e+01
6.050884246826171875e+01
6.130530166625976562e+01
6.210176467895507812e+01
6.289822769165039062e+01
6.369468688964843750e+01
6.449114990234375000e+01
6.528761291503906250e+01
6.608407592773437500e+01
5.363920593261718750e+01
5.439438247680664062e+01
5.514955902099609375e+01
5.590473175048828125e+01
5.665990447998046875e+01
5.741508102416992188e+01
5.817025756835937500e+01
5.892543029785156250e+01
8.085711669921875000e+01
8.158258056640625000e+01
8.230805206298828125e+01
8.303352355957031250e+01
8.375898742675781250e+01
8.448445892333984375e+01
8.520993041992187500e+01
8.593539428710937500e+01
6.921201324462890625e+01
6.983750915527343750e+01
7.046299743652343750e+01
7.108848571777343750e+01
7.171398162841796875e+01
7.233946990966796875e+01
7.296496582031250000e+01
7.359045410156250000e+01
5.276322937011718750e+01
5.337184906005859375e+01
5.398047637939453125e+01
5.458909606933593750e+01
5.519772338867187500e+01
5.580634307861328125e+01
5.641497039794921875e+01
5.702359008789062500e+01
9.392521667480468750e+01
9.453149414062500000e+01
9.513778686523437500e+01
9.574407196044921875e+01
9.635035705566406250e+01
9.695664215087890625e+01
9.756292724609375000e+01
9.816921234130859375e+01
7.656164550781250000e+01
7.727214813232421875e+01
7.798265075683593750e+01
7.869314575195312500e+01
7.940364837646484375e+01
8.011415100097656250e+01
8.082465362548828125e+01
8.153515625000000000e+01
5.779799652099609375e+01
5.844353103637695312e+01
5.908906555175781250e+01
5.973459625244140625e+01
6.038013076782226562e+01
6.102566528320312500e+01
6.167119598388671875e+01
6.231673049926757812e+01
8.052345275878906250e+01
8.120262908935546875e+01
8.188180541992187500e+01
8.256098175048828125e+01
8.324015808105468750e+01
8.391933441162109375e+01
8.459851074218750000e+01
8.527769470214843750e+01
4.923814392089843750e+01
4.969476318359375000e+01
5.015137481689453125e+01
5.060798645019531250e+01
5.106460571289062500e+01
5.152121734619140625e+01
5.197782897949218750e+01
5.243444824218750000e+01
6.716434478759765625e+01
6.774053955078125000e+01
6.831674194335937500e+01
6.889293670654296875e+01
6.946913146972656250e+01
7.004533386230468750e+01
7.062152862548828125e+01
7.119772338867187500e+01
7.865523529052734375e+01
7.887100982666015625e+01
7.908678436279296875e+01
7.930256652832031250e+01
7.951834106445312500e+01
7.973411560058593750e+01
7.994989013671875000e+01
8.016566467285156250e+01
8.232542419433593750e+01
8.274143981933593750e+01
8.315745544433593750e+01
8.357347106933593750e+01
8.398948669433593750e+01
8.440550231933593750e+01
8.482151794433593750e+01
8.523753356933593750e+01
9.084729766845703125e+01
9.140737915039062500e+01
9.196745300292968750e+01
9.252753448486328125e+01
9.308761596679687500e+01
9.364769744873046875e+01
9.420777893066406250e+01
9.476785278320312500e+01
6.510280609130859375e+01
6.566421508789062500e+01
6.622562408447265625e+01
6.678703308105468750e+01
6.734843444824218750e+01
6.790984344482421875e+01
6.847125244140625000e+01
6.903265380859375000e+01
5.187635803222656250e+01
5.235704040527343750e+01
5.283771514892578125e+01
5.331839752197265625e+01
5.379907608032226562e+01
5.427975463867187500e+01
5.476043319702148438e+01
5.524111175537109375e+01
7.938968658447265625e+01
8.011027526855468750e+01
8.083086395263671875e+01
8.155145263671875000e+01
8.227204132080078125e+01
8.299263000488281250e+01
8.371321868896484375e+01
8.443380737304687500e+01
5.185556030273437500e+01
5.243448638916015625e+01
5.301341247558593750e+01
5.359234237670898438e+01
5.417127227783203125e+01
5.475019836425781250e+01
5.532912826538085938e+01
5.590805816650390625e+01
5.038947296142578125e+01
5.106895446777343750e+01
5.174843597412109375e+01
5.242791748046875000e+01
5.310739898681640625e+01
5.378688049316406250e+01
5.446636199951171875e+01
5.514584350585937500e+01
7.313204193115234375e+01
7.334780120849609375e+01
7.356355285644531250e+01
7.377930450439453125e+01
7.399505615234375000e+01
7.421081542968750000e+01
7.442656707763671875e+01
7.464231872558593750e+01
7.062493133544921875e+01
7.138407897949218750e+01
7.214323425292968750e+01
7.290238189697265625e+01
7.366153717041015625e+01
7.442068481445312500e+01
7.517984008789062500e+01
7.593898773193359375e+01
8.027199554443359375e+01
8.097103118896484375e+01
8.167005920410156250e+01
8.236909484863281250e+01
8.306812286376953125e+01
8.376715850830078125e+01
8.446618652343750000e+01
8.516522216796875000e+01
6.568682098388671875e+01
6.638012695312500000e+01
6.707342529296875000e+01
6.776673126220703125e+01
6.846003723144531250e+01
6.915334320068359375e+01
6.984664154052734375e+01
7.053994750976562500e+01
7.853122711181640625e+01
7.874655914306640625e+01
7.896189880371093750e+01
7.917723083496093750e+01
7.939257049560546875e+01
7.960790252685546875e+01
7.982324218750000000e+01
8.003857421875000000e+01
4.506032943725585938e+01
4.537560272216796875e+01
4.569087219238281250e+01
4.600614166259765625e+01
4.632141494750976562e+01
4.663668823242187500e+01
4.695195770263671875e+01
4.726722717285156250e+01
5.924869537353515625e+01
6.002796936035156250e+01
6.080724716186523438e+01
6.158652114868164062e+01
6.236579513549804688e+01
6.314506912231445312e+01
6.392434692382812500e+01
6.470362091064453125e+01
4.719351196289062500e+01
4.758956909179687500e+01
4.798562622070312500e+01
4.838168334960937500e+01
4.877774047851562500e+01
4.917379760742187500e+01
4.956985473632812500e+01
4.996591186523437500e+01
6.816987609863281250e+01
6.887590026855468750e+01
6.958192443847656250e+01
7.028794097900390625e+01
7.099396514892578125e+01
7.169998931884765625e+01
7.240601348876953125e+01
7.311203002929687500e+01
7.386178588867187500e+01
7.458580780029296875e+01
7.530982208251953125e+01
7.603383636474609375e+01
7.675785064697265625e+01
7.748186492919921875e+01
7.820587921142578125e+01
7.892989349365234375e+01
7.409862518310546875e+01
7.431427001953125000e+01
7.452992248535156250e+01
7.474557495117187500e+01
7.496121978759765625e+01
7.517687225341796875e+01
7.539251708984375000e+01
7.560816955566406250e+01
8.902834320068359375e+01
8.973266601562500000e+01
9.043698120117187500e+01
9.114130401611328125e+01
9.184562683105468750e+01
9.254994201660156250e+01
9.325426483154296875e+01
9.395858764648437500e+01
7.532211303710937500e+01
7.610153198242187500e+01
7.688095092773437500e+01
7.766036987304687500e+01
7.843978881835937500e+01
7.921920776367187500e+01
7.999862670898437500e+01
8.077804565429687500e+01
5.616951751708984375e+01
5.692373275756835938e+01
5.767794799804687500e+01
5.843216323852539062e+01
5.918637847900390625e+01
5.994059753417968750e+01
6.069481277465820312e+01
6.144902801513671875e+01
7.618547821044921875e+01
7.640148162841796875e+01
7.661748504638671875e+01
7.683348083496093750e+01
7.704948425292968750e+01
7.726548767089843750e+01
7.748149108886718750e+01
7.769749450683593750e+01
4.993775177001953125e+01
5.060537719726562500e+01
5.127300643920898438e+01
5.194063568115234375e+01
5.260826110839843750e+01
5.327589035034179688e+01
5.394351959228515625e+01
5.461114883422851562e+01
7.168601989746093750e+01
7.250920867919921875e+01
7.333238983154296875e+01
7.415557098388671875e+01
7.497875213623046875e+01
7.580193328857421875e+01
7.662511444091796875e+01
7.744829559326171875e+01
5.625926589965820312e+01
5.685078430175781250e+01
5.744229888916015625e+01
5.803381729125976562e+01
5.862533569335937500e+01
5.921685409545898438e+01
5.980837249755859375e+01
6.039988708496093750e+01
5.766522598266601562e+01
5.788158416748046875e+01
5.809793853759765625e+01
5.831429672241210938e+01
5.853065490722656250e+01
5.874700927734375000e+01
5.896336746215820312e+01
5.917972564697265625e+01
7.567195892333984375e+01
7.632635498046875000e+01
7.698074340820312500e+01
7.763513946533203125e+01
7.828953552246093750e+01
7.894392395019531250e+01
7.959832000732421875e+01
8.025270843505859375e+01
6.350097274780273438e+01
6.430800628662109375e+01
6.511503601074218750e+01
6.592206573486328125e+01
6.672909545898437500e+01
6.753612518310546875e+01
6.834315490722656250e+01
6.915018463134765625e+01
4.538981628417968750e+01
4.602716064453125000e+01
4.666449737548828125e+01
4.730184173583984375e+01
4.793918609619140625e+01
4.857652664184570312e+01
4.921386718750000000e+01
4.985121154785156250e+01
6.936902618408203125e+01
7.030910491943359375e+01
7.124918365478515625e+01
7.218927001953125000e+01
7.312934875488281250e+01
7.406942749023437500e+01
7.500951385498046875e+01
7.594959259033203125e+01
6.863246154785156250e+01
6.884835052490234375e+01
6.906423187255859375e+01
6.928011322021484375e+01
6.949599456787109375e+01
6.971187591552734375e+01
6.992775726318359375e+01
7.014363861083984375e+01
9.618124389648437500e+01
9.671201324462890625e+01
9.724278259277343750e+01
9.777355957031250000e+01
9.830432891845703125e+01
9.883509826660156250e+01
9.936586761474609375e+01
9.989663696289062500e+01
6.276691818237304688e+01
6.298277282714843750e+01
6.319862747192382812e+01
6.341448211669921875e+01
6.363033676147460938e+01
6.384619140625000000e+01
6.406204223632812500e+01
6.427790069580078125e+01
6.989677429199218750e+01
7.062324523925781250e+01
7.134971618652343750e+01
7.207619476318359375e+01
7.280266571044921875e+01
7.352913665771484375e+01
7.425560760498046875e+01
7.498207855224609375e+01
7.037524414062500000e+01
7.059093475341796875e+01
7.080661773681640625e+01
7.102230834960937500e+01
7.123799133300781250e+01
7.145368194580078125e+01
7.166936492919921875e+01
7.188505554199218750e+01
4.865301513671875000e+01
4.915671539306640625e+01
4.966042327880859375e+01
5.016412353515625000e+01
5.066783142089843750e+01
5.117153549194335938e+01
5.167523956298828125e+01
5.217894363403320312e+01
5.689882659912109375e+01
5.751895141601562500e+01
5.813908004760742188e+01
5.875920486450195312e+01
5.937933349609375000e+01
5.999945831298828125e+01
6.061958312988281250e+01
6.123971176147460938e+01
5.274549865722656250e+01
5.346817016601562500e+01
5.419083786010742188e+01
5.491350936889648438e+01
5.563617706298828125e+01
5.635884857177734375e+01
5.708152008056640625e+01
5.780419158935546875e+01
8.261405944824218750e+01
8.282947540283203125e+01
8.304489898681640625e+01
8.326031494140625000e+01
8.347573852539062500e+01
8.369116210937500000e+01
8.390657806396484375e+01
8.412200164794921875e+01
6.922425079345703125e+01
6.992165374755859375e+01
7.061905670166015625e+01
7.131645202636718750e+01
7.201385498046875000e+01
7.271125793457031250e+01
7.340866088867187500e+01
7.410606384277343750e+01
8.524676513671875000e+01
8.587211608886718750e+01
8.649747467041015625e+01
8.712283325195312500e+01
8.774818420410156250e+01
8.837354278564453125e+01
8.899890136718750000e+01
8.962425231933593750e+01
