0.067881 0.000104 0.187789
0.066911 0.000559 0.187437
0.063897 0.002688 0.183541
0.065196 0.001932 0.187295
0.054535 0.007232 0.186363
0.037361 0.012540 0.181120
0.024027 0.018589 0.173470
0.000397 0.039341 0.163960
0.048211 0.012858 0.182953
0.039304 0.029214 0.189084
0.071596 -0.018164 0.203974
0.099448 -0.037342 0.186347
0.037033 0.038415 0.154659
0.000000 0.153829 0.092443
0.000000 0.047702 0.159138
0.055453 0.056287 0.178069
0.515081 -0.223527 0.303514
0.642907 -0.320384 0.256215
0.044750 0.038772 0.144206
0.000000 0.133086 0.097626
0.000000 0.066016 0.103209
0.046154 0.066576 0.123616
0.362674 -0.117868 0.238615
0.373423 -0.169490 0.265390
0.000000 0.067007 0.152391
0.000000 0.060731 0.138248
0.000000 0.055356 0.088356
0.000000 0.032236 0.146922
0.000000 0.027681 0.178804
0.000000 0.037808 0.164722
0.023568 0.003684 0.170422
