49.258512
49.758512
50.258512
50.758512
51.258512
51.758512
52.258512
52.758512
64.734010
65.234010
65.734010
66.234010
66.734010
67.234010
67.734010
68.234010
95.205188
95.705188
96.205188
96.705188
97.205188
97.705188
98.205188
98.705188
62.417639
62.917639
63.417639
63.917639
64.417639
64.917639
65.417639
65.917639
51.866226
52.366226
52.866226
53.366226
53.866226
54.366226
54.866226
55.366226
57.186983
57.686983
58.186983
58.686983
59.186983
59.686983
60.186983
60.686983
46.245783
46.745783
47.245783
47.745783
48.245783
48.745783
49.245783
49.745783
82.828474
83.328474
83.828474
84.328474
84.828474
85.328474
85.828474
86.328474
67.511197
68.011197
68.511197
69.011197
69.511197
70.011197
70.511197
71.011197
77.802621
78.302621
78.802621
79.302621
79.802621
80.302621
80.802621
81.302621
59.659949
60.159949
60.659949
61.159949
61.659949
62.159949
62.659949
63.159949
68.036705
68.536705
69.036705
69.536705
70.036705
70.536705
71.036705
71.536705
68.358666
68.858666
69.358666
69.858666
70.358666
70.858666
71.358666
71.858666
63.184284
63.684284
64.184284
64.684284
65.184284
65.684284
66.184284
66.684284
70.218504
70.718504
71.218504
71.718504
72.218504
72.718504
73.218504
73.718504
76.023446
76.523446
77.023446
77.523446
78.023446
78.523446
79.023446
79.523446
73.216432
73.716432
74.216432
74.716432
75.216432
75.716432
76.216432
76.716432
69.125355
69.625355
70.125355
70.625355
71.125355
71.625355
72.125355
72.625355
80.537857
81.037857
81.537857
82.037857
82.537857
83.037857
83.537857
84.037857
72.654542
73.154542
73.654542
74.154542
74.654542
75.154542
75.654542
76.154542
65.856429
66.356429
66.856429
67.356429
67.856429
68.356429
68.856429
69.356429
83.773946
84.273946
84.773946
85.273946
85.773946
86.273946
86.773946
87.273946
72.762756
73.262756
73.762756
74.262756
74.762756
75.262756
75.762756
76.262756
64.208125
64.708125
65.208125
65.708125
66.208125
66.708125
67.208125
67.708125
67.957956
68.457956
68.957956
69.457956
69.957956
70.457956
70.957956
71.457956
78.157608
78.657608
79.157608
79.657608
80.157608
80.657608
81.157608
81.657608
75.426540
75.926540
76.426540
76.926540
77.426540
77.926540
78.426540
78.926540
79.316147
79.816147
80.316147
80.816147
81.316147
81.816147
82.316147
82.816147
77.094366
77.594366
78.094366
78.594366
79.094366
79.594366
80.094366
80.594366
74.623618
75.123618
75.623618
76.123618
76.623618
77.123618
77.623618
78.123618
68.777034
69.277034
69.777034
70.277034
70.777034
71.277034
71.777034
72.277034
60.860824
61.360824
61.860824
62.360824
62.860824
63.360824
63.860824
64.360824
84.643263
85.143263
85.643263
86.143263
86.643263
87.143263
87.643263
88.143263
60.240113
60.740113
61.240113
61.740113
62.240113
62.740113
63.240113
63.740113
87.477165
87.977165
88.477165
88.977165
89.477165
89.977165
90.477165
90.977165
51.632082
52.132082
52.632082
53.132082
53.632082
54.132082
54.632082
55.132082
78.464723
78.964723
79.464723
79.964723
80.464723
80.964723
81.464723
81.964723
67.828243
68.328243
68.828243
69.328243
69.828243
70.328243
70.828243
71.328243
66.538947
67.038947
67.538947
68.038947
68.538947
69.038947
69.538947
70.038947
80.304562
80.804562
81.304562
81.804562
82.304562
82.804562
83.304562
83.804562
90.027804
90.527804
91.027804
91.527804
92.027804
92.527804
93.027804
93.527804
64.102193
64.602193
65.102193
65.602193
66.102193
66.602193
67.102193
67.602193
86.076579
86.576579
87.076579
87.576579
88.076579
88.576579
89.076579
89.576579
64.787930
65.287930
65.787930
66.287930
66.787930
67.287930
67.787930
68.287930
68.083901
68.583901
69.083901
69.583901
70.083901
70.583901
71.083901
71.583901
65.353640
65.853640
66.353640
66.853640
67.353640
67.853640
68.353640
68.853640
52.291053
52.791053
53.291053
53.791053
54.291053
54.791053
55.291053
55.791053
71.164542
71.664542
72.164542
72.664542
73.164542
73.664542
74.164542
74.664542
77.185895
77.685895
78.185895
78.685895
79.185895
79.685895
80.185895
80.685895
81.018043
81.518043
82.018043
82.518043
83.018043
83.518043
84.018043
84.518043
73.010308
73.510308
74.010308
74.510308
75.010308
75.510308
76.010308
76.510308
65.667731
66.167731
66.667731
67.167731
67.667731
68.167731
68.667731
69.167731
62.193071
62.693071
63.193071
63.693071
64.193071
64.693071
65.193071
65.693071
74.128517
74.628517
75.128517
75.628517
76.128517
76.628517
77.128517
77.628517
65.726433
66.226433
66.726433
67.226433
67.726433
68.226433
68.726433
69.226433
87.989353
88.489353
88.989353
89.489353
89.989353
90.489353
90.989353
91.489353
62.116157
62.616157
63.116157
63.616157
64.116157
64.616157
65.116157
65.616157
62.382707
62.882707
63.382707
63.882707
64.382707
64.882707
65.382707
65.882707
63.901801
64.401801
64.901801
65.401801
65.901801
66.401801
66.901801
67.401801
68.391745
68.891745
69.391745
69.891745
70.391745
70.891745
71.391745
71.891745
61.482177
61.982177
62.482177
62.982177
63.482177
63.982177
64.482177
64.982177
71.555608
72.055608
72.555608
73.055608
73.555608
74.055608
74.555608
75.055608
57.310298
57.810298
58.310298
58.810298
59.310298
59.810298
60.310298
60.810298
80.981999
81.481999
81.981999
82.481999
82.981999
83.481999
83.981999
84.481999
74.012142
74.512142
75.012142
75.512142
76.012142
76.512142
77.012142
77.512142
63.535800
64.035800
64.535800
65.035800
65.535800
66.035800
66.535800
67.035800
70.827283
71.327283
71.827283
72.327283
72.827283
73.327283
73.827283
74.327283
72.251055
72.751055
73.251055
73.751055
74.251055
74.751055
75.251055
75.751055
77.266522
77.766522
78.266522
78.766522
79.266522
79.766522
80.266522
80.766522
81.455177
81.955177
82.455177
82.955177
83.455177
83.955177
84.455177
84.955177
68.269730
68.769730
69.269730
69.769730
70.269730
70.769730
71.269730
71.769730
70.568639
71.068639
71.568639
72.068639
72.568639
73.068639
73.568639
74.068639
82.286517
82.786517
83.286517
83.786517
84.286517
84.786517
85.286517
85.786517
67.013021
67.513021
68.013021
68.513021
69.013021
69.513021
70.013021
70.513021
65.927862
66.427862
66.927862
67.427862
67.927862
68.427862
68.927862
69.427862
70.595033
71.095033
71.595033
72.095033
72.595033
73.095033
73.595033
74.095033
76.651321
77.151321
77.651321
78.151321
78.651321
79.151321
79.651321
80.151321
76.077460
76.577460
77.077460
77.577460
78.077460
78.577460
79.077460
79.577460
68.227358
68.727358
69.227358
69.727358
70.227358
70.727358
71.227358
71.727358
79.976612
80.476612
80.976612
81.476612
81.976612
82.476612
82.976612
83.476612
71.950027
72.450027
72.950027
73.450027
73.950027
74.450027
74.950027
75.450027
73.595434
74.095434
74.595434
75.095434
75.595434
76.095434
76.595434
77.095434
83.804649
84.304649
84.804649
85.304649
85.804649
86.304649
86.804649
87.304649
62.523697
63.023697
63.523697
64.023697
64.523697
65.023697
65.523697
66.023697
58.857397
59.357397
59.857397
60.357397
60.857397
61.357397
61.857397
62.357397
68.880114
69.380114
69.880114
70.380114
70.880114
71.380114
71.880114
72.380114
73.895620
74.395620
74.895620
75.395620
75.895620
76.395620
76.895620
77.395620
83.736414
84.236414
84.736414
85.236414
85.736414
86.236414
86.736414
87.236414
57.887181
58.387181
58.887181
59.387181
59.887181
60.387181
60.887181
61.387181
73.692418
74.192418
74.692418
75.192418
75.692418
76.192418
76.692418
77.192418
57.409363
57.909363
58.409363
58.909363
59.409363
59.909363
60.409363
60.909363
71.577038
72.077038
72.577038
73.077038
73.577038
74.077038
74.577038
75.077038
73.345860
73.845860
74.345860
74.845860
75.345860
75.845860
76.345860
76.845860
62.640545
63.140545
63.640545
64.140545
64.640545
65.140545
65.640545
66.140545
60.346667
60.846667
61.346667
61.846667
62.346667
62.846667
63.346667
63.846667
83.163548
83.663548
84.163548
84.663548
85.163548
85.663548
86.163548
86.663548
70.592977
71.092977
71.592977
72.092977
72.592977
73.092977
73.592977
74.092977
73.045840
73.545840
74.045840
74.545840
75.045840
75.545840
76.045840
76.545840
67.593471
68.093471
68.593471
69.093471
69.593471
70.093471
70.593471
71.093471
74.439891
74.939891
75.439891
75.939891
76.439891
76.939891
77.439891
77.939891
48.425696
48.925696
49.425696
49.925696
50.425696
50.925696
51.425696
51.925696
81.348281
81.848281
82.348281
82.848281
83.348281
83.848281
84.348281
84.848281
71.812977
72.312977
72.812977
73.312977
73.812977
74.312977
74.812977
75.312977
73.436033
73.936033
74.436033
74.936033
75.436033
75.936033
76.436033
76.936033
77.059438
77.559438
78.059438
78.559438
79.059438
79.559438
80.059438
80.559438
61.836085
62.336085
62.836085
63.336085
63.836085
64.336085
64.836085
65.336085
66.700044
67.200044
67.700044
68.200044
68.700044
69.200044
69.700044
70.200044
65.577262
66.077262
66.577262
67.077262
67.577262
68.077262
68.577262
69.077262
66.463644
66.963644
67.463644
67.963644
68.463644
68.963644
69.463644
69.963644
74.169330
74.669330
75.169330
75.669330
76.169330
76.669330
77.169330
77.669330
57.280768
57.780768
58.280768
58.780768
59.280768
59.780768
60.280768
60.780768
75.279657
75.779657
76.279657
76.779657
77.279657
77.779657
78.279657
78.779657
67.618406
68.118406
68.618406
69.118406
69.618406
70.118406
70.618406
71.118406
64.574106
65.074106
65.574106
66.074106
66.574106
67.074106
67.574106
68.074106
80.922761
81.422761
81.922761
82.422761
82.922761
83.422761
83.922761
84.422761
81.655023
82.155023
82.655023
83.155023
83.655023
84.155023
84.655023
85.155023
89.147420
89.647420
90.147420
90.647420
91.147420
91.647420
92.147420
92.647420
62.517586
63.017586
63.517586
64.017586
64.517586
65.017586
65.517586
66.017586
65.847322
66.347322
66.847322
67.347322
67.847322
68.347322
68.847322
69.347322
84.145634
84.645634
85.145634
85.645634
86.145634
86.645634
87.145634
87.645634
79.280529
79.780529
80.280529
80.780529
81.280529
81.780529
82.280529
82.780529
88.866622
89.366622
89.866622
90.366622
90.866622
91.366622
91.866622
92.366622
64.000090
64.500090
65.000090
65.500090
66.000090
66.500090
67.000090
67.500090
63.294581
63.794581
64.294581
64.794581
65.294581
65.794581
66.294581
66.794581
76.643907
77.143907
77.643907
78.143907
78.643907
79.143907
79.643907
80.143907
81.166588
81.666588
82.166588
82.666588
83.166588
83.666588
84.166588
84.666588
72.690200
73.190200
73.690200
74.190200
74.690200
75.190200
75.690200
76.190200
98.872749
99.372749
99.872749
100.372749
100.872749
101.372749
101.872749
102.372749
65.441230
65.941230
66.441230
66.941230
67.441230
67.941230
68.441230
68.941230
73.522353
74.022353
74.522353
75.022353
75.522353
76.022353
76.522353
77.022353
60.697579
61.197579
61.697579
62.197579
62.697579
63.197579
63.697579
64.197579
79.951413
80.451413
80.951413
81.451413
81.951413
82.451413
82.951413
83.451413
84.906624
85.406624
85.906624
86.406624
86.906624
87.406624
87.906624
88.406624
64.920219
65.420219
65.920219
66.420219
66.920219
67.420219
67.920219
68.420219
58.636585
59.136585
59.636585
60.136585
60.636585
61.136585
61.636585
62.136585
64.989571
65.489571
65.989571
66.489571
66.989571
67.489571
67.989571
68.489571
85.872988
86.372988
86.872988
87.372988
87.872988
88.372988
88.872988
89.372988
55.612083
56.112083
56.612083
57.112083
57.612083
58.112083
58.612083
59.112083
75.712311
76.212311
76.712311
77.212311
77.712311
78.212311
78.712311
79.212311
53.498761
53.998761
54.498761
54.998761
55.498761
55.998761
56.498761
56.998761
51.306789
51.806789
52.306789
52.806789
53.306789
53.806789
54.306789
54.806789
54.549044
55.049044
55.549044
56.049044
56.549044
57.049044
57.549044
58.049044
59.912221
60.412221
60.912221
61.412221
61.912221
62.412221
62.912221
63.412221
86.371790
86.871790
87.371790
87.871790
88.371790
88.871790
89.371790
89.871790
86.328062
86.828062
87.328062
87.828062
88.328062
88.828062
89.328062
89.828062
51.096278
51.596278
52.096278
52.596278
53.096278
53.596278
54.096278
54.596278
71.840652
72.340652
72.840652
73.340652
73.840652
74.340652
74.840652
75.340652
63.419585
63.919585
64.419585
64.919585
65.419585
65.919585
66.419585
66.919585
48.045941
48.545941
49.045941
49.545941
50.045941
50.545941
51.045941
51.545941
80.320995
80.820995
81.320995
81.820995
82.320995
82.820995
83.320995
83.820995
60.173399
60.673399
61.173399
61.673399
62.173399
62.673399
63.173399
63.673399
56.751162
57.251162
57.751162
58.251162
58.751162
59.251162
59.751162
60.251162
86.059550
86.559550
87.059550
87.559550
88.059550
88.559550
89.059550
89.559550
83.943247
84.443247
84.943247
85.443247
85.943247
86.443247
86.943247
87.443247
73.201180
73.701180
74.201180
74.701180
75.201180
75.701180
76.201180
76.701180
76.344995
76.844995
77.344995
77.844995
78.344995
78.844995
79.344995
79.844995
63.279220
63.779220
64.279220
64.779220
65.279220
65.779220
66.279220
66.779220
65.456454
65.956454
66.456454
66.956454
67.456454
67.956454
68.456454
68.956454
78.615269
79.115269
79.615269
80.115269
80.615269
81.115269
81.615269
82.115269
72.469020
72.969020
73.469020
73.969020
74.469020
74.969020
75.469020
75.969020
76.026970
76.526970
77.026970
77.526970
78.026970
78.526970
79.026970
79.526970
72.082484
72.582484
73.082484
73.582484
74.082484
74.582484
75.082484
75.582484
67.124768
67.624768
68.124768
68.624768
69.124768
69.624768
70.124768
70.624768
71.539187
72.039187
72.539187
73.039187
73.539187
74.039187
74.539187
75.039187
70.175759
70.675759
71.175759
71.675759
72.175759
72.675759
73.175759
73.675759
71.313695
71.813695
72.313695
72.813695
73.313695
73.813695
74.313695
74.813695
65.821301
66.321301
66.821301
67.321301
67.821301
68.321301
68.821301
69.321301
61.110107
61.610107
62.110107
62.610107
63.110107
63.610107
64.110107
64.610107
77.160248
77.660248
78.160248
78.660248
79.160248
79.660248
80.160248
80.660248
70.123981
70.623981
71.123981
71.623981
72.123981
72.623981
73.123981
73.623981
78.381283
78.881283
79.381283
79.881283
80.381283
80.881283
81.381283
81.881283
46.836858
47.336858
47.836858
48.336858
48.836858
49.336858
49.836858
50.336858
63.829636
64.329636
64.829636
65.329636
65.829636
66.329636
66.829636
67.329636
57.328467
57.828467
58.328467
58.828467
59.328467
59.828467
60.328467
60.828467
61.854468
62.354468
62.854468
63.354468
63.854468
64.354468
64.854468
65.354468
76.183033
76.683033
77.183033
77.683033
78.183033
78.683033
79.183033
79.683033
68.069733
68.569733
69.069733
69.569733
70.069733
70.569733
71.069733
71.569733
76.543946
77.043946
77.543946
78.043946
78.543946
79.043946
79.543946
80.043946
63.954592
64.454592
64.954592
65.454592
65.954592
66.454592
66.954592
67.454592
52.687003
53.187003
53.687003
54.187003
54.687003
55.187003
55.687003
56.187003
72.869765
73.369765
73.869765
74.369765
74.869765
75.369765
75.869765
76.369765
57.795881
58.295881
58.795881
59.295881
59.795881
60.295881
60.795881
61.295881
68.244442
68.744442
69.244442
69.744442
70.244442
70.744442
71.244442
71.744442
53.116236
53.616236
54.116236
54.616236
55.116236
55.616236
56.116236
56.616236
58.465443
58.965443
59.465443
59.965443
60.465443
60.965443
61.465443
61.965443
77.486025
77.986025
78.486025
78.986025
79.486025
79.986025
80.486025
80.986025
77.694055
78.194055
78.694055
79.194055
79.694055
80.194055
80.694055
81.194055
55.806049
56.306049
56.806049
57.306049
57.806049
58.306049
58.806049
59.306049
70.167285
70.667285
71.167285
71.667285
72.167285
72.667285
73.167285
73.667285
55.389763
55.889763
56.389763
56.889763
57.389763
57.889763
58.389763
58.889763
82.144192
82.644192
83.144192
83.644192
84.144192
84.644192
85.144192
85.644192
70.210551
70.710551
71.210551
71.710551
72.210551
72.710551
73.210551
73.710551
65.722620
66.222620
66.722620
67.222620
67.722620
68.222620
68.722620
69.222620
59.448841
59.948841
60.448841
60.948841
61.448841
61.948841
62.448841
62.948841
59.344861
59.844861
60.344861
60.844861
61.344861
61.844861
62.344861
62.844861
68.404173
68.904173
69.404173
69.904173
70.404173
70.904173
71.404173
71.904173
70.706238
71.206238
71.706238
72.206238
72.706238
73.206238
73.706238
74.206238
87.844624
88.344624
88.844624
89.344624
89.844624
90.344624
90.844624
91.344624
65.128932
65.628932
66.128932
66.628932
67.128932
67.628932
68.128932
68.628932
76.088893
76.588893
77.088893
77.588893
78.088893
78.588893
79.088893
79.588893
