0.515676
1.027055
0.823749
2.027509
2.763062
1.643254
0.904754
1.538756
2.223145
1.892163
1.410823
1.397179
2.308823
2.296331
1.957418
2.155458
1.832949
0.720462
1.112566
2.363018
1.176553
1.613910
2.554803
1.352953
0.987456
2.103832
1.679476
1.822977
0.796359
1.231251
1.028199
0.697801
1.174581
1.661892
1.458495
0.884645
1.427027
1.559082
0.541748
1.495214
1.044926
2.278952
1.513109
2.974650
0.319321
1.808887
1.356581
1.030459
1.441993
1.328473
1.125180
2.174057
0.711389
2.250368
1.895589
1.346131
2.748982
2.200272
1.962475
1.763460
2.223905
1.594468
1.975552
1.184240
2.302339
1.884621
1.416465
1.018106
1.407915
1.798372
1.328112
0.961672
1.308996
2.536010
2.531873
0.281472
2.401892
1.803231
2.126252
1.471253
1.909409
1.239799
1.681620
0.437155
2.161066
0.511280
2.162128
1.446058
1.989514
2.001042
0.872613
1.869022
2.291480
1.829805
2.904061
0.933080
0.916045
1.126246
1.985309
0.256637
2.432016
2.529816
2.062138
0.862931
1.652662
2.281257
2.376635
1.868983
2.177531
0.460238
1.095835
2.110423
1.152303
1.683878
2.145688
2.106958
1.705009
1.971783
1.537230
1.495996
0.641745
0.540925
1.076118
0.993499
2.049591
1.799545
1.596558
0.683518
1.814623
2.206978
1.137379
1.831458
1.005608
1.711221
0.655818
0.443260
0.717851
1.692988
0.921912
0.796856
0.639379
1.714132
2.656998
1.503024
1.287502
1.661049
2.634390
2.278812
1.592955
1.496276
2.531160
1.685880
1.430124
1.759501
2.426014
1.895799
1.978823
1.849445
1.868260
1.489148
0.828525
0.455547
1.138872
1.594114
1.340895
1.095774
1.835301
2.556606
1.635198
1.700144
2.596770
1.088100
1.876924
1.291533
2.401184
0.711489
1.913586
0.935275
1.563325
2.631557
2.462830
0.524076
2.099988
0.799791
1.942270
2.293107
2.351568
1.393831
1.203851
0.921596
0.427917
1.447746
1.881205
2.423470
2.876182
1.926708
1.530398
1.482922
2.077542
0.956023
