0.285400 0.094705
0.284692 0.094983
0.283918 0.095420
0.282989 0.096307
0.281920 0.097553
0.281222 0.097616
0.280587 0.097491
0.279777 0.097888
0.279011 0.098143
0.277707 0.099887
0.275878 0.102965
0.273868 0.106349
0.271734 0.109919
0.269653 0.113250
0.267862 0.115815
0.266069 0.118328
0.263969 0.121479
0.261648 0.125056
0.258464 0.130405
0.255113 0.135977
0.251664 0.141639
0.247752 0.148130
0.244423 0.153352
0.241047 0.158602
0.237406 0.164327
0.233805 0.169874
0.229128 0.177433
0.223830 0.186092
0.218451 0.194854
0.213079 0.203574
0.207679 0.212340
0.202627 0.220467
0.196936 0.229819
0.191182 0.239354
0.185136 0.249524
0.178600 0.260768
0.172050 0.272167
0.165227 0.284357
0.158255 0.297159
0.151814 0.309144
0.145590 0.321052
0.139089 0.333973
0.132485 0.347550
0.125395 0.362867
0.118536 0.378410
0.111713 0.394757
0.105355 0.410888
0.099495 0.426667
0.094105 0.442142
0.089089 0.457597
0.084371 0.473328
0.079764 0.490191
0.075575 0.507220
0.071774 0.524501
0.068435 0.541913
0.065591 0.559277
0.063481 0.574114
0.061738 0.588913
0.060390 0.603227
0.059389 0.616769
0.058651 0.632215
0.058300 0.646939
0.058317 0.662002
0.058676 0.676374
0.059186 0.688060
0.059896 0.699340
0.060796 0.710311
0.061919 0.721332
0.063290 0.732547
0.064943 0.744025
0.066642 0.754502
0.068535 0.764846
0.070529 0.774700
0.072597 0.784057
0.074920 0.793680
0.077243 0.802570
0.079792 0.811680
0.082489 0.820648
0.085093 0.828788
0.087855 0.836919
0.090645 0.844668
0.093807 0.853001
0.096976 0.860895
0.100522 0.869253
0.104274 0.877629
0.107585 0.884687
0.110991 0.891629
0.114603 0.898671
0.118334 0.905633
0.122333 0.912778
0.126375 0.919681
0.130716 0.926820
0.134964 0.933501
0.139490 0.940335
0.144231 0.947208
0.148998 0.953839
0.154120 0.960670
0.159509 0.967585
0.164269 0.973450
0.169395 0.979538
0.175015 0.985957
0.180811 0.992330
0.186171 0.998000
0.191970 1.003914
0.198261 1.010089
0.204427 1.015908
0.210884 1.021777
0.216443 1.026644
0.222829 1.032054
0.229281 1.037321
0.236059 1.042661
0.242718 1.047719
0.249451 1.052655
0.255991 1.057285
0.262654 1.061847
0.269928 1.066676
0.276968 1.071172
0.284109 1.075590
0.290878 1.079642
0.298359 1.083999
0.305821 1.088182
0.313022 1.092102
0.319669 1.095613
0.327268 1.099535
0.334595 1.103180
0.342457 1.106995
0.349845 1.110479
0.357117 1.113837
0.363679 1.116765
0.370645 1.119819
0.377482 1.122754
0.383796 1.125409
0.391121 1.128427
0.398641 1.131464
0.405923 1.134347
0.412726 1.137015
0.419524 1.139594
0.425715 1.141934
0.432036 1.144291
0.438637 1.146741
0.445405 1.149172
0.451336 1.151311
0.457602 1.153547
0.464200 1.155872
0.470250 1.157998
0.476086 1.160042
0.481149 1.161821
0.487059 1.163874
0.492949 1.165911
0.498613 1.167873
0.504777 1.169991
0.509791 1.171746
0.514719 1.173478
0.519695 1.175233
0.524815 1.177074
0.529578 1.178740
0.534212 1.180410
0.539442 1.182280
0.543991 1.183991
0.548635 1.185667
0.553139 1.187353
0.557165 1.188905
0.561474 1.190609
0.565734 1.192232
0.569624 1.193799
0.574339 1.195655
0.577919 1.197210
0.581582 1.198727
0.584797 1.200158
0.587313 1.201369
0.590946 1.202980
0.594721 1.204671
0.598390 1.206358
0.601618 1.207925
0.604562 1.209409
0.607067 1.210750
0.609889 1.212232
0.612337 1.213594
0.614847 1.215001
0.618549 1.216915
0.621600 1.218606
0.624488 1.220263
0.626967 1.221776
0.629315 1.223263
0.631241 1.224591
0.633471 1.226073
0.635628 1.227546
0.637232 1.228790
0.639070 1.230160
0.640520 1.231361
0.642232 1.232708
0.644171 1.234191
0.646380 1.235844
0.648288 1.237428
0.650143 1.238891
0.651536 1.240184
0.652933 1.241498
0.654210 1.242821
0.655932 1.244296
0.657405 1.245718
