0.124957
-0.004000
0.230308
-0.017922
0.013079
-0.243777
-0.079419
-0.101999
0.126342
-0.070142
0.582796
0.404885
-0.310578
0.072643
-0.258092
0.046006
-0.082738
-0.144033
0.215962
-0.097073
-0.049325
0.022960
0.538315
0.588043
-0.394134
-0.035822
0.194079
0.302943
0.047720
0.070345
-0.022151
0.014066
-0.004215
0.043771
0.276090
0.183583
0.110523
0.086480
0.036347
-0.071879
-0.045748
-0.059983
0.057375
0.274928
0.131251
-0.070106
0.380798
0.056851
-0.067851
0.032032
-0.087841
0.078991
0.594889
-0.003131
-0.182163
-0.083872
0.291757
0.368621
-0.031460
-0.117584
-0.008020
0.545492
0.294461
0.076678
0.264215
-0.445153
0.056851
0.039924
0.418431
-0.335195
-0.009828
0.020644
-0.026904
-0.069644
0.427125
0.082338
0.408808
-0.136925
0.450468
0.257824
-0.457703
0.019244
-0.086896
0.165492
0.115506
-0.132904
-0.087522
-0.241535
-0.067368
0.179031
-0.127700
-0.071903
-0.193969
0.042022
0.041610
0.050176
0.304947
-0.141157
-0.186345
0.095061
