-1.203109
1.255539
-0.238565
-0.450750
-0.436295
-1.799106
1.350098
0.285517
1.575068
1.180863
1.206017
-0.318293
1.031933
-0.600034
0.273922
-0.205368
-0.872074
-1.451922
-1.561690
-1.109213
-0.019402
2.058510
0.149894
0.669598
1.425452
-0.502765
-0.286553
0.314589
0.429397
-0.564299
-1.045486
-0.832031
1.577377
0.221715
0.884500
0.835961
-0.078031
1.511599
-0.453110
-0.598374
0.285568
-0.829174
0.570414
1.917279
-0.395436
-0.501401
-1.289359
-1.917879
-0.878255
-1.250943
-2.315724
-0.454038
0.694704
0.865977
-0.117467
1.575620
-0.780689
-0.755653
0.033830
0.617629
0.034331
0.050424
0.380585
-0.315804
-1.294191
1.184446
-0.146714
-0.026526
-1.066839
-0.701441
-1.788444
0.313414
0.848158
-0.519918
0.144573
1.711194
-0.440445
1.412130
0.399915
-0.956942
-0.516539
1.466203
-0.076742
-1.664921
0.254635
-0.085115
-0.177822
-0.018255
0.536179
-2.165256
-0.445629
0.097477
-0.987860
0.334871
0.351514
0.493802
0.671559
1.005711
0.329857
0.641036
-1.624974
0.120553
-1.073015
0.754284
2.642771
-0.097235
-0.073513
0.022799
0.692213
-1.684303
0.871630
-0.943453
0.681353
0.368653
-0.063585
1.879764
-2.361762
-1.658648
-0.067102
0.004581
1.072769
0.323371
1.742930
0.156726
0.063604
2.230816
1.578036
0.498129
-0.757204
-0.235075
-0.190430
0.028243
0.390380
1.006122
0.317884
-0.561902
-0.591098
-0.070327
0.003753
0.896530
0.399523
0.026507
-0.372125
-1.669687
-0.829158
0.376315
0.708913
-0.327312
1.419435
2.008190
-0.625129
-0.005358
2.652990
-1.199919
-0.209913
1.059357
-1.321666
-0.096557
-1.081009
1.704942
0.912607
1.322325
0.837363
0.624326
-1.121884
-0.235457
-1.235961
-0.181410
0.269649
-1.256036
-0.276610
-0.622484
0.124768
-0.545000
-1.116566
0.088142
-0.179893
0.432393
-1.557049
-0.016078
2.687003
0.431279
0.527226
-0.539861
-0.908348
0.186990
-0.339158
-2.038670
-1.798108
-0.271554
0.216829
-1.456578
-1.078802
-1.079859
1.806028
0.402506
-0.204118
0.131484
-0.374963
0.568236
