3.999657493319144427e-03 5.081034098113246592e-03
-1.712087576538159168e-03 5.136262729614477288e-03
-1.660835406505016890e-02 -6.600926037027122703e-03
-2.510804045308961258e-02 -8.394751988187103102e-04
2.182966888717654055e-02 5.279857171517678312e-03
5.069988371813000626e-03 1.099381138663503045e-02
-2.861837227130785075e-02 -2.199204106379016015e-03
-4.413430400526367064e-02 -1.746329328068922312e-03
2.025013002624133363e-02 -4.666819361854013769e-03
1.036089126963092404e-02 2.700680080410193269e-03
-1.567719933793941534e-02 -1.961720990923722981e-03
-3.432128076012495171e-02 -9.399913081509505500e-04
3.537946133968853952e-03 -5.103125550713739174e-04
4.551943808331453990e-03 2.381458590333077920e-03
1.128873227885160251e-03 1.111200065804766489e-03
-1.097503365192461361e-02 1.206193311986883746e-03
