-1.812660630489632690e-02 2.335667925266009248e-04
-1.554638627569065318e-02 1.439344059433570605e-02
-3.634204367199640739e-02 -1.497740045716663103e-02
-5.286755005832391441e-02 -2.460265413233103660e-03
2.801776213632128226e-02 -2.089863143741774523e-03
4.146958144150805076e-03 4.852270241194757416e-02
-4.216606322374266691e-02 5.319629628809180270e-03
-7.795511179131064949e-02 -1.260042590443165994e-02
4.320740403534323315e-02 -3.025936137457992808e-02
1.280989660868826416e-02 5.754773420269381282e-03
-2.571854727342126959e-02 -2.308306785047961607e-02
-9.045132412032354241e-02 4.939908796715953426e-03
5.054003599394245663e-03 1.708826554070785875e-03
1.162764261001418033e-02 9.413622983966283414e-03
3.609689318968778426e-02 4.281718763998555721e-03
-1.634666282451379890e-02 3.095327666360953717e-02
