80.716737
84.725705
85.627561
69.841196
88.618360
82.521398
72.389902
88.546773
75.476833
68.934625
80.615100
77.322017
86.852789
88.270862
83.422795
75.429892
78.368604
70.289230
63.973196
75.215732
88.945378
69.114774
80.309834
79.762799
65.564501
77.047274
83.121269
77.863033
73.451890
74.215391
68.701944
70.215107
72.669128
84.811619
79.546796
78.678640
60.142507
81.273707
82.406055
76.206897
70.063607
63.974884
74.200612
73.716778
84.090475
80.826388
89.125482
71.074872
72.895437
87.054591
79.207044
87.807167
78.333805
85.300751
69.116623
77.103220
79.879950
75.188158
86.421300
81.546480
55.420994
82.431489
80.565723
80.621256
81.736453
80.697818
68.350481
82.504243
68.388932
80.471956
72.651665
93.183815
75.094644
61.647169
66.668313
89.292659
84.343284
81.086111
80.290723
80.020739
76.195528
74.674331
82.936793
73.645156
76.139450
77.707007
77.952260
77.031029
81.091737
83.412925
70.083333
84.962671
73.391180
78.379397
70.618735
76.552559
73.004628
56.574775
66.231826
85.378756
64.182042
65.618801
77.438569
65.387996
64.373441
79.568954
82.502759
69.810480
69.442368
75.392735
77.076422
70.614888
78.221369
82.132221
77.566575
69.878169
83.030192
64.417322
66.007068
76.118989
82.328250
63.869831
78.202700
61.656561
78.738501
59.540865
82.764232
76.030740
77.539935
78.141043
81.208150
75.769668
69.339048
74.227475
71.117671
82.547682
65.181211
70.529830
62.263944
79.351061
83.869589
63.896680
69.214999
76.819696
71.255288
83.168283
73.328864
82.513979
72.679295
94.146894
76.993749
81.039560
78.127018
81.306399
84.737601
74.298104
83.917565
87.110065
79.770527
76.966071
79.685885
73.669838
90.309597
62.896162
94.713213
87.215734
72.091472
78.944452
76.892342
89.475484
76.523099
75.442780
83.636553
79.779383
84.638135
76.773940
71.882420
80.138983
83.724027
84.580401
75.649082
83.623980
82.521660
74.228421
82.768232
72.064120
83.572798
76.293702
55.834883
61.112821
70.370424
70.281724
69.200422
75.708048
87.617510
90.335215
74.172603
77.088522
84.333157
82.284753
81.382257
78.866588
86.347710
71.452279
76.570147
66.889862
79.991160
78.853729
60.039957
84.465948
88.114985
84.979251
68.210641
75.799996
85.652249
72.885136
55.706446
81.007228
72.070419
82.794062
70.899584
83.970853
80.216241
72.091413
82.938863
71.506112
72.688750
66.256740
95.038105
56.530006
81.816684
78.173228
71.315187
74.724399
69.864242
86.363240
68.864734
68.447991
85.118265
76.818968
78.714992
72.991246
71.211481
84.360348
84.041975
76.146453
68.569791
72.742153
