-0.106348 -0.077199
-0.339247 -0.028259
-0.161674 -0.085061
-0.171746 -0.049035
-0.305349 -0.233179
-0.043242 -0.131907
-0.136769 -0.128404
-0.081153 -0.034363
0.161510 -0.166906
0.291019 0.079459
-0.181923 -0.099229
-0.137239 0.244116
0.230987 -0.169018
-0.030118 0.139580
0.291412 -0.173588
0.048237 -0.287677
0.072856 -0.069722
-0.001686 -0.029930
-0.072513 -0.115292
-0.050637 -0.025115
0.326319 -0.216541
-0.163560 0.123929
-0.132774 0.156097
-0.026617 0.003886
-0.121372 0.039191
-0.196214 -0.125900
-0.107864 -0.112978
0.013215 -0.153266
-0.121426 0.166724
-0.094053 -0.046617
-0.222817 0.108874
0.045977 -0.150796
-0.018042 0.054355
-0.196406 -0.070141
-0.016769 -0.243120
0.014425 -0.057245
-0.062492 -0.155247
0.049199 -0.244769
-0.059655 -0.109388
-0.069852 -0.223044
0.626203 -0.063773
0.046619 -0.279393
-0.023335 0.009766
-0.207381 0.190855
0.136576 -0.118238
-0.147953 -0.296243
0.066127 -0.137824
0.165233 -0.255737
0.068099 -0.099250
-0.374929 -0.049907
-0.302278 0.352399
0.116162 0.282254
-0.082812 -0.037534
0.066580 0.183486
-0.120126 -0.190112
0.185858 -0.058140
-0.206327 0.216693
-0.240288 -0.135708
-0.063639 -0.042375
-0.068769 -0.066911
0.372936 -0.367892
-0.261252 -0.254860
0.264403 -0.238384
0.157692 -0.245040
-0.077998 -0.177307
0.124480 0.057551
0.181229 -0.125640
0.108553 0.092597
0.073257 -0.307087
-0.170584 -0.044492
0.056196 -0.054866
0.262312 0.181175
0.002048 -0.084814
-0.096684 -0.102761
-0.361091 0.034579
-0.073579 0.043676
0.002492 0.227895
0.069287 -0.206985
-0.132551 -0.026064
-0.204732 0.018719
-0.117008 -0.078232
-0.147028 -0.028100
0.297466 -0.147671
0.108000 -0.181963
-0.095192 0.143600
0.158911 -0.320465
0.214794 0.246803
-0.090598 -0.095786
0.231359 -0.158921
0.077781 -0.013879
0.110025 0.051303
0.154015 -0.006137
0.023247 -0.024806
0.188526 -0.215385
0.358554 0.044395
-0.026367 0.163288
0.211931 0.161260
-0.160209 0.322270
0.046149 -0.072688
-0.133575 -0.289076
0.050816 -0.227668
0.079049 0.147325
-0.248735 0.066403
-0.362021 0.382279
0.309966 -0.670478
-0.098879 0.344523
-0.173246 -0.007578
-0.261160 0.310824
0.055626 0.167016
-0.163886 -0.066177
0.186762 0.166035
0.083791 -0.284513
-0.192455 0.014789
0.010476 -0.106159
-0.240442 -0.141525
0.340793 0.024532
-0.030623 -0.134908
0.074829 -0.335832
-0.284400 0.088045
0.020253 -0.228435
-0.216441 0.034332
-0.257354 0.225884
0.028672 0.178202
0.062705 -0.001139
-0.247670 -0.056186
-0.083521 -0.056303
-0.008913 -0.171949
-0.130262 -0.254929
0.020011 0.145581
-0.092406 -0.333859
0.065433 0.200349
0.137279 0.070208
0.324339 -0.280949
0.292919 -0.056780
0.137353 -0.206162
0.149780 -0.078375
-0.090439 0.138659
-0.282429 0.095204
0.186219 0.005958
-0.423138 -0.068825
0.044417 -0.092174
0.289540 -0.263398
0.318470 -0.375354
0.004218 -0.241849
-0.307130 -0.063924
0.047932 -0.240698
-0.019707 0.143672
0.036351 -0.260423
-0.185719 -0.188058
-0.164404 -0.098559
0.281612 -0.344520
-0.060157 -0.269133
-0.026579 -0.121439
-0.179399 -0.137275
0.065112 0.063978
0.423588 -0.127925
-0.084488 -0.059497
-0.143586 0.009169
-0.113704 0.096360
0.336355 -0.085877
0.256134 -0.021960
-0.059253 -0.083132
0.204031 -0.054248
0.245584 -0.115686
0.138200 -0.239158
-0.036877 0.269097
-0.156176 -0.300063
-0.187425 -0.219882
-0.320286 0.017491
0.063632 0.033992
-0.035349 0.134110
-0.142572 -0.393116
-0.281302 0.124365
-0.097800 0.113304
-0.164511 0.033755
-0.204108 -0.095043
0.405858 -0.174041
-0.317232 -0.155454
-0.258730 -0.021324
0.120005 -0.011612
0.291009 -0.029361
0.008186 -0.399427
0.449395 0.052173
-0.057381 0.035842
-0.138476 0.022269
0.045835 -0.055272
-0.088411 0.041868
-0.020043 -0.149822
-0.152144 0.051831
0.004000 0.048347
0.253927 -0.032117
0.318528 -0.108527
0.156273 -0.156722
0.231534 -0.443033
-0.042253 -0.208259
-0.162761 0.185944
0.031519 -0.429564
-0.008857 -0.255516
-0.004801 -0.289726
-0.183449 -0.156406
0.009666 -0.215516
0.590989 -0.036191
0.228659 -0.342666
0.157632 0.066999
0.203793 -0.024852
-0.099192 0.258337
0.105717 0.037179
0.035369 -0.035121
0.018883 -0.167353
-0.119888 0.004928
0.357239 -0.062248
0.409166 -0.066748
-0.166936 -0.155230
0.155827 -0.230896
0.043527 0.041261
-0.020603 -0.014309
0.074211 -0.034640
-0.256166 -0.050145
-0.018880 -0.068785
0.239429 -0.145455
0.004628 -0.243791
-0.101976 0.035675
-0.248625 -0.047836
-0.014704 -0.098595
0.367175 -0.366541
0.075953 -0.292312
0.189669 0.142067
0.155167 -0.188146
0.018003 0.150293
0.100297 -0.250118
0.052322 -0.023315
-0.104610 -0.130078
-0.069403 0.072681
0.129815 -0.235748
0.185918 -0.076845
0.304937 -0.158156
0.097487 -0.217104
0.044489 -0.093662
-0.122386 0.294470
-0.316220 0.064903
0.067434 -0.037560
0.028374 -0.110833
-0.080514 0.069236
-0.072117 -0.185981
-0.017660 -0.129222
0.003372 -0.342113
0.002870 0.091380
-0.173650 0.048679
