2.445193325973727544e-02 -5.929909425222439079e-02 -8.091263844901165755e-04 1.057389784958358107e-02
2.304477243683642276e-02 2.849596430218976836e-02 2.312917691965615807e-02 -2.582260654774556474e-03
5.884493582646561916e-02 -1.582876968018518404e-01 -2.721308454716811487e-02 1.628489588099793148e-02
-8.967648146626192029e-03 -9.180483079458510651e-03 -1.040577308781233043e-02 -1.181415970716987807e-03
3.088572203163233651e-02 -5.622481368396559792e-02 -5.775966310459225428e-02 -1.669886733192407768e-02
3.467499982602133095e-03 6.845031247824115081e-03 5.565180921748359363e-03 -1.079472008855477706e-03
2.112515294790579239e-03 -3.654170382069009231e-03 -1.486885875042346511e-02 -8.339303517011887462e-03
2.432748470595240495e-03 3.248452393501747876e-03 2.033376260567631207e-03 6.418624958610339706e-04
1.200795487176616917e-02 2.693046521758070931e-03 1.138433994366697122e-02 1.405455268051166448e-03
7.902599590068592680e-03 1.492629496017392442e-02 1.137571159159120673e-02 -2.709636734183474508e-03
-7.500497998864054036e-03 -1.792975638644982508e-02 -5.118747552246292847e-03 7.414171348921545952e-03
-1.548662546379101987e-02 -9.103252949207369868e-03 -9.484585096826123746e-03 5.266365069249798019e-03
-5.935608241476969700e-03 2.953625889674539595e-02 7.956259225056255130e-03 -4.605702435604290199e-03
-2.538622193430899697e-03 4.409775761072004356e-03 9.195503241194877275e-03 5.765037296480386014e-03
-1.232579049915650963e-03 6.965740072330769625e-03 3.717781252434559664e-03 -5.513450290676393147e-04
3.198775933995693516e-02 -1.412959427292005861e-02 -1.219372071226241215e-02 -1.811605848677603353e-02
-1.146260880367204818e-02 -1.326762352848548203e-02 -9.935072077032210125e-03 3.071748609449026198e-04
-3.015347660705815572e-02 -3.651924401286966299e-02 -3.418943382137187154e-02 -5.297478924424791919e-04
9.712160553295517973e-03 9.446709188458593531e-03 4.877533715811926962e-03 3.051856162885340125e-04
-3.533657130499936864e-04 1.220259523006317522e-02 -1.795656659006018450e-03 -1.078406132745994561e-02
5.791987550734204078e-03 -1.444678873691627140e-02 -6.439164852569946758e-03 -1.664120639746134809e-03
1.441694397206866492e-02 -1.075365351096308798e-02 -1.113758162885753085e-02 -8.895773984579191662e-03
3.935882067204659403e-04 -3.576873135026719351e-03 -1.281328793849350169e-03 4.189632823024429307e-04
1.014810260371765693e-01 -3.350819914296616908e-02 -4.283778254326278678e-02 -6.898233005485722436e-02
-5.279092439018409286e-03 -2.655029642861106518e-03 -4.120417658262743275e-03 1.899053686090792191e-03
2.161690652517818736e-02 2.842243867983503328e-02 1.730539997361226975e-02 -3.511051981526690929e-03
1.769962464432371175e-03 9.101972151390431282e-03 5.634010376992851059e-03 -1.637121526160408057e-03
1.044886606054126234e-03 -8.579251923095687973e-03 2.248228077428296445e-02 1.859406593561431856e-02
-5.074563819813291505e-04 3.906127206266410325e-03 4.733623299366876078e-03 3.358958081137135201e-03
-6.515228028491023421e-03 -4.671688035645493037e-02 8.825380563710558124e-03 3.139214912835765897e-02
-2.179409528919741979e-03 2.199192878873744168e-03 -1.654865113853454543e-04 4.830397600132023097e-05
3.311897779385752916e-02 -1.676452446365268856e-02 -1.569242266365718924e-02 -2.234359511461791667e-02
