1.513153278776145335e-03 2.956116884266938791e-02
-3.830120177081989489e-03 -8.779667104758529655e-03
1.368433685902709042e-03 2.818466122903300324e-03
1.736278362153414849e-03 -5.106811486375614426e-03
2.276241461112365767e-03 -3.589388417428860528e-02
1.283043546950865879e-02 -2.236652094871987000e-03
-1.090728773657548278e-02 -1.307453953024299668e-02
4.275915755126663380e-03 1.188233340215754004e-02
-3.197068725485861795e-02 2.739290506477227716e-01
2.513914938805241611e-02 1.222692767421864057e-01
-1.438519089956677779e-02 -2.456515025201768884e-02
5.191864605468942372e-03 1.520323303077176710e-02
1.473986600409945766e-02 2.014248818655921536e-01
-5.792992910118487798e-03 3.860977304429751705e-02
4.756667174870179982e-03 -3.561411083534758021e-02
2.604520770743324557e-03 6.060809296347060941e-03
