-2.138134433896544673e-01 -4.344588720914907554e-02 2.251516316861318645e-01 1.820948878451297825e-01
-8.535045465273223553e-02 -4.844686422157954558e-02 -3.363205749719499343e-02 -2.381731190815271071e-01
-5.383207115818824384e-01 -4.191050009016464295e-02 3.969934271287484107e-01 1.787727304343535717e-01
-1.069716271268360552e-01 -5.931703789774426389e-02 -4.424840061399395313e-02 -3.026122035974436186e-01
-5.242729880664962483e-01 1.390305712086888253e-02 -4.395016738279591828e-02 -2.824379030815959424e-01
2.121295620705268212e-02 -3.192949994091473509e-02 -1.164288332232701340e-01 -1.295362879258258049e-01
-2.287169896504295530e-01 1.758070326715094681e-02 -2.031343197290819136e-01 -3.007606120036825925e-01
4.579126596990904657e-02 -1.134615864925978511e-02 -1.041803607053707337e-01 -1.855372458327303464e-02
1.077297686519259196e-01 1.840631390012515411e-01 2.665103766177897571e-01 -3.103180621866831988e-03
-4.595609913663283030e-02 -9.653816848400703643e-02 -2.024846170158152991e-01 1.035959984757005119e-02
-1.202151287363399101e-01 1.197639005973979431e-01 3.075361797866611457e-01 1.303103903035156830e-01
-8.380129918981239767e-02 -1.052314026807784075e-01 -3.615509826736984511e-02 1.505311334614616026e-01
-2.593304810689469053e-01 1.667382389085014793e-02 -1.273811510178059323e-04 -1.987862045343646300e-01
-5.180015422730050671e-04 2.757962155837459170e-02 9.041427873162044548e-02 1.040879991454068260e-01
-1.103217680256275562e-01 -3.258566068956398470e-02 -9.726501074291554749e-02 -2.473655209275552325e-01
-5.880089451958428817e-03 1.719498426241752864e-01 -5.379964631005698661e-02 6.754241907869043549e-02
2.551119244594696744e-01 2.578694738827722044e-01 3.290403737724163502e-01 -3.160256407574014159e-01
1.288412723555512340e-01 1.753509877354266638e-02 -1.981351669823322725e-01 -1.114449094393004476e-03
1.744003796050057342e-01 8.505624014835377888e-02 1.867203618730765846e-01 -2.658562329126406554e-01
7.366935080853623252e-02 -8.138386046524621886e-03 -2.688398492414497895e-02 2.416667147420888950e-01
4.858771673570854571e-02 -6.629331705259206009e-02 1.656666102040626337e-02 -1.992251392461448500e-01
-2.747666100452042862e-02 1.798649798629433638e-01 1.287238103109422382e-01 1.014270043960982942e-01
3.475263450045953245e-02 -9.978300034073238345e-02 2.311700703018730770e-03 -1.271130380267466164e-01
-1.176964102005989415e-01 6.551887461622809550e-01 -2.660384012477060023e-01 8.898742655037009119e-02
1.517085157574162013e-01 1.729254841704258583e-01 2.210238519159484216e-01 -2.175150446506394220e-01
1.033125825820029459e-01 4.566020704036836964e-02 -8.441142278364671681e-02 4.928504494575491196e-02
5.644113339119024610e-03 8.116869848902322215e-02 4.075463081993961623e-03 1.100091686242935379e-01
8.647098974431684237e-02 1.416890866748171836e-02 1.664964943504579076e-01 3.825234796056133785e-02
-7.677597938815017287e-02 9.471872993770615382e-03 -1.539100138342771040e-01 2.490504476362084829e-01
-5.238985140343870722e-02 1.007507535415837208e-01 2.818210244247734142e-01 -6.390484179890783267e-02
-1.637374896765817975e-02 -1.424240135451228413e-02 -6.611734865657122040e-02 1.034177273881051878e-01
-1.248613053996672356e-01 5.378253067235984064e-01 -1.750159626327854878e-01 1.572401232260797407e-02
