0.042098
-0.516683
0.241222
-0.984816
0.284258
0.213254
-0.943149
0.328567
0.010110
0.171402
-0.937946
-0.960655
-0.165505
0.101911
0.357006
0.601858
0.435436
-0.159565
0.601671
0.267373
0.416553
0.591253
-0.063022
-0.305802
-0.377844
0.250893
-0.064139
0.090744
-0.013239
0.041537
0.420208
-0.300380
-1.265986
-0.327613
0.454843
0.208383
0.353691
-0.355667
0.141657
0.332143
0.250246
0.129167
0.098433
0.032594
-0.225819
0.174546
0.331420
-1.105267
0.327592
0.267017
0.277163
-0.255508
0.232864
0.322698
-0.057197
0.002216
0.171245
0.242766
-0.976506
0.211852
0.191743
0.293684
-0.945303
0.072375
0.479824
-0.185385
-1.042791
0.134645
0.177250
-0.032708
-0.207676
0.269739
-1.014587
0.294087
-0.134765
0.004278
-0.156433
0.324420
-0.019170
0.226571
0.306613
-0.198653
-1.194498
0.126264
0.203593
0.315643
0.245018
0.542632
0.093640
-1.145666
0.077213
0.279740
0.128454
-1.420219
0.509094
-0.923378
0.389130
0.129929
-0.776201
0.149527
0.535770
0.268309
0.406332
0.214498
-1.234841
0.211306
-0.967447
0.464199
0.299200
-0.008334
0.341899
-0.744020
-0.273783
0.262007
0.251500
0.210727
0.324474
0.384556
0.210577
-0.158557
-1.208060
0.381530
0.149859
-0.996376
0.069251
0.041404
0.424483
-0.935863
-1.007960
0.174569
0.389415
0.318496
-0.110448
-1.127225
0.389242
0.414266
0.297063
0.160240
0.227428
0.092980
-0.279134
0.526062
-0.430092
0.092073
0.498730
0.321846
-0.987999
0.211641
-1.173423
-1.024461
0.365603
-0.171988
-0.970299
0.212096
0.173786
0.196000
-0.996516
-0.948695
-1.422324
0.093581
0.513512
-1.001141
-0.178110
-0.037844
0.279242
-0.072171
0.281855
0.337201
0.174491
0.388590
0.195956
0.176269
0.353901
0.268387
-1.174737
-0.926251
0.122320
0.237670
0.409799
0.481390
-1.067990
0.358263
0.481565
-0.964957
0.251184
-0.995157
0.410747
-0.199173
0.117846
-0.944731
0.309592
0.132748
-0.848288
-0.946680
-0.154277
0.204038
0.440073
-1.197760
0.180791
0.325985
0.062224
0.083061
-0.995451
0.353002
0.154974
0.108717
-1.036790
-0.999758
0.381133
0.343098
-0.949010
0.460472
0.355063
0.324129
0.251765
-0.987064
-0.043365
0.119522
-1.007536
0.577264
0.310304
0.423790
0.316907
-0.649070
0.377707
0.212449
-0.015855
0.183504
0.083714
0.182236
0.439048
0.266523
0.145315
-0.962136
0.304976
0.391060
0.392328
-0.934494
0.569304
0.368551
0.071107
0.364096
-0.153473
0.171127
0.278097
-0.244786
0.159818
0.270798
-1.076709
0.443360
0.493572
0.391334
0.286798
0.052229
0.311463
