0.344188
-0.212620
0.786230
-0.034242
2.069598
0.108709
-0.826453
0.936019
1.268141
-0.022982
-0.323557
1.409172
0.381258
-0.888474
-0.126283
0.857013
0.318874
1.703563
-0.036293
0.652915
-0.577291
0.729016
-1.329244
-0.711114
-0.267352
-0.948671
1.342914
2.495324
1.276672
0.069235
-0.345560
-1.082186
1.694424
-0.210752
-0.721684
-0.327896
0.488631
2.158740
-0.997095
-0.576483
-0.163215
-0.564847
1.255044
1.880692
0.681310
0.823177
0.125159
0.887449
0.185454
-1.130683
-0.475622
1.370390
1.494494
0.896285
-0.056849
-0.420515
-0.548743
-1.083446
0.481013
1.114384
-0.186431
0.877485
0.144781
-0.146024
1.242523
1.441978
0.528097
-0.709983
-0.188951
-0.470372
2.366211
-0.487857
1.746641
0.750460
0.031159
-0.617618
0.642730
0.048943
1.675413
-0.965546
0.089962
-0.430222
-0.367657
-0.266316
-0.097208
-2.565751
-0.369634
0.502351
-0.747104
1.331605
0.268804
0.579398
1.008085
0.862133
-0.249674
0.547342
-0.630296
0.370970
-2.153431
0.068684
-0.382629
-0.865951
-0.409108
1.495745
2.441769
0.529056
-1.949796
-0.509004
0.651188
0.331006
-0.896084
1.471332
0.198721
0.635823
0.260540
0.262687
1.906362
-1.725063
-1.034485
-1.284549
0.219352
-0.056603
-0.938385
-1.484752
0.148347
-0.075606
-0.249780
-0.635219
-0.437235
0.324717
-0.150561
-0.514890
-0.155982
1.789131
-0.027393
0.152377
0.853813
-0.376459
0.956746
-1.750533
-0.667480
0.709329
0.573416
-1.271253
0.244067
-0.243720
1.103806
-1.602493
-0.130428
0.584699
-0.722731
0.057565
-0.966552
-1.340479
0.078989
-0.076992
-0.191786
0.923609
2.008708
-0.376410
-1.196458
2.338427
1.061764
-0.104567
1.345314
1.858439
-0.239006
-1.717209
-0.477506
-0.708046
0.255778
0.544762
2.443630
0.397989
-1.082941
-1.211426
0.777824
-0.104081
-0.423862
0.518304
1.803751
2.036150
-1.163911
0.489305
-1.170823
0.749663
0.313955
0.154627
0.251994
-0.814400
-0.126159
0.366541
1.037827
-0.601299
0.282825
-0.034708
0.075320
0.766951
-0.722518
-1.005855
0.009980
-1.613633
-2.324803
-0.709685
-0.282599
1.264626
-0.906211
-0.518417
1.757718
-0.739326
0.066641
-0.755679
-1.410915
-1.145118
1.498543
-0.155728
0.129153
0.475034
0.060208
-0.474057
1.951042
1.695526
-0.838738
1.124487
0.065489
-0.634900
-1.595388
-1.248924
0.971389
-0.305087
-0.129887
-0.933857
1.508245
-0.407000
0.405869
-0.486582
2.835478
0.299292
0.505374
-0.687208
0.390831
-1.748144
-0.283204
1.771470
1.002452
-1.787425
-1.492457
0.842050
0.580225
-1.594618
1.428545
-0.040650
1.370154
1.463575
-1.495312
