0.375655 0.330179
0.397710 0.339777
0.420067 0.349425
0.442421 0.359047
0.506902 0.387363
0.681027 0.606111
0.686334 0.611749
0.691450 0.617341
0.696257 0.622772
0.700225 0.627288
0.710294 0.639222
0.594979 0.354015
0.613425 0.363307
0.662843 0.394951
0.502831 0.447661
0.510525 0.451652
0.517989 0.455546
0.531252 0.462685
0.546819 0.471355
0.470097 0.140081
0.490449 0.145668
0.509443 0.150165
0.560117 0.159085
0.593647 0.473913
0.612103 0.486084
0.629106 0.498267
0.644752 0.510487
0.659146 0.522757
0.686838 0.549823
0.543938 0.605881
0.550876 0.610536
0.557833 0.615366
0.630682 0.346413
0.648639 0.357223
0.272824 0.160753
0.288827 0.167561
0.300185 0.172360
0.331158 0.185290
0.566531 0.480902
0.586172 0.493040
0.604522 0.505241
0.636766 0.529149
0.679832 0.625882
0.683822 0.630099
0.686504 0.632967
0.688194 0.301900
0.692423 0.305328
0.123730 0.194271
0.130243 0.198313
0.136896 0.202433
0.150753 0.210965
0.167053 0.220828
0.181435 0.229306
0.516864 0.598383
0.538601 0.612676
0.558310 0.626126
0.616309 0.669781
0.588486 0.513272
0.609957 0.528129
0.569891 0.331178
0.597575 0.343205
0.623422 0.356268
0.647357 0.370710
0.443807 0.363512
0.476411 0.377768
0.507665 0.391819
0.206104 0.084877
0.213786 0.087618
0.221655 0.090474
0.238075 0.096556
0.582504 0.493127
0.634787 0.530085
0.371523 0.284089
0.392664 0.292905
0.414143 0.301685
0.472516 0.324879
0.347310 0.455829
0.381334 0.472840
0.416818 0.490956
0.452568 0.509900
0.487219 0.529215
0.683444 0.423560
0.701721 0.442250
0.186997 0.478351
0.200062 0.486834
0.213895 0.495390
0.244082 0.512893
0.278074 0.531409
0.316371 0.551727
0.387407 0.496555
0.404808 0.505596
0.422281 0.514778
0.457314 0.533987
0.737492 0.683102
0.741891 0.688556
0.746246 0.693901
0.754727 0.704129
0.331139 0.503580
0.359870 0.518454
0.390084 0.534387
0.457874 0.572083
0.470659 0.227958
0.486805 0.232961
0.502305 0.237542
0.531724 0.245795
0.438171 0.083799
0.455644 0.089456
0.472678 0.094624
0.507218 0.103483
0.620081 0.284136
0.633179 0.290067
0.645904 0.296548
0.670085 0.311321
0.376223 0.371326
0.398884 0.381612
0.422037 0.392218
0.445140 0.402864
0.467960 0.413563
0.511714 0.434953
0.582625 0.548732
0.626290 0.581090
0.541151 0.646359
0.559254 0.659114
0.568832 0.666028
0.577931 0.672724
0.588663 0.680794
0.610001 0.697422
0.604246 0.216314
0.608026 0.217379
0.611711 0.218477
0.615391 0.219615
0.619061 0.220792
0.626375 0.223276
0.633537 0.225934
0.249703 0.351331
0.263493 0.358657
0.273076 0.363590
0.301486 0.377948
0.326717 0.390260
0.431345 0.521368
0.468449 0.541980
0.503390 0.562485
0.563974 0.601772
0.394251 0.440664
0.422611 0.454639
0.450962 0.468930
0.478954 0.483658
0.315732 0.282792
0.347838 0.297131
0.370633 0.307043
0.285534 0.065876
0.293422 0.068572
0.301692 0.071394
0.318982 0.077436
0.564923 0.649065
0.598885 0.674390
0.484558 0.527511
0.514679 0.545230
0.542153 0.562284
0.589580 0.594705
0.467612 0.450880
0.546974 0.493875
0.590868 0.521534
0.459857 0.511868
0.537676 0.557442
0.554570 0.568370
0.605215 0.604314
0.321078 0.182756
0.335314 0.188659
0.373746 0.204226
0.435535 0.227534
0.316653 0.106683
0.330917 0.112078
0.346000 0.117806
0.361896 0.123845
0.599330 0.374317
0.613223 0.381777
0.622147 0.386910
0.302645 0.230917
0.322519 0.239672
0.446929 0.394913
0.477049 0.408888
0.505945 0.422752
0.607485 0.342746
0.614035 0.346001
0.616806 0.347421
0.622174 0.350263
0.417033 0.372111
0.447358 0.385689
0.477120 0.399256
0.532877 0.426144
0.256432 0.491061
0.280225 0.503861
0.306052 0.517437
0.302393 0.418084
0.339810 0.436676
0.362748 0.447973
0.417278 0.475217
0.478330 0.507486
0.512024 0.236644
0.524061 0.239959
0.538112 0.243759
0.547222 0.246223
0.569671 0.252449
0.624710 0.252172
0.637850 0.257662
0.653839 0.265412
0.481509 0.292603
0.506591 0.301521
0.530490 0.310036
0.575038 0.326904
0.398953 0.400995
0.420138 0.410911
0.441386 0.420977
0.491182 0.445438
0.522353 0.461741
0.557919 0.481732
0.138794 0.311051
0.148232 0.318137
0.158176 0.325377
0.179819 0.340341
0.204235 0.356005
0.231930 0.372381
0.577082 0.580898
0.595433 0.594092
0.612105 0.606765
0.640940 0.630543
0.561195 0.660712
0.580879 0.675093
0.598610 0.688623
0.631700 0.715408
0.566117 0.392337
0.572439 0.395500
0.578549 0.398616
0.446249 0.249891
0.469194 0.257841
0.491185 0.265128
0.429353 0.435643
0.456877 0.449228
0.483785 0.462962
0.533936 0.490330
0.494764 0.300070
0.518632 0.308615
0.541336 0.316873
0.583923 0.333688
0.501906 0.417571
0.509784 0.421424
0.517515 0.425253
0.525111 0.429074
0.532470 0.432807
0.649275 0.562994
0.661048 0.573617
0.674063 0.586208
0.691639 0.604783
0.501600 0.250824
0.527678 0.258562
0.552473 0.265868
0.599170 0.281205
0.381502 0.183720
0.396465 0.189451
0.429846 0.201675
0.278006 0.259773
0.283513 0.262377
0.289152 0.265023
0.294921 0.267711
0.299631 0.269890
0.313016 0.276015
0.626510 0.647080
0.639597 0.658246
0.417109 0.430105
0.444342 0.443394
0.471218 0.456892
0.521878 0.483884
0.186104 0.351760
0.198003 0.359425
0.210649 0.367262
0.238430 0.383497
0.344760 0.064910
0.355978 0.068797
0.367635 0.072877
0.392197 0.081546
0.606631 0.591615
0.623979 0.605241
0.639633 0.618343
0.666699 0.643169
0.367011 0.141342
0.373072 0.143654
0.379143 0.145968
0.391494 0.150630
0.498581 0.320316
0.522894 0.329589
0.546065 0.338703
0.568080 0.347857
0.765032 0.665859
0.770657 0.673158
0.776136 0.680117
0.787015 0.693235
0.614052 0.620596
0.626542 0.630699
0.638193 0.640568
0.659135 0.659466
0.226170 0.218846
0.236430 0.223995
0.247264 0.229340
0.270804 0.240640
0.297246 0.252924
0.326778 0.266208
0.587233 0.480717
0.612280 0.497313
0.165810 0.074223
0.182140 0.079444
0.198978 0.085215
0.216584 0.091558
0.539482 0.626068
0.561536 0.641376
0.581368 0.655792
0.647849 0.516641
0.663279 0.530135
0.677378 0.543672
0.702197 0.570786
0.421373 0.470152
0.440514 0.479968
0.459496 0.489932
0.496218 0.510041
0.530214 0.529900
0.686981 0.641699
0.689993 0.644960
0.691967 0.647121
0.394514 0.431244
0.425696 0.446456
0.456897 0.462107
0.477295 0.472674
0.501961 0.485926
0.302555 0.361573
0.326163 0.372970
0.351276 0.384862
0.377654 0.397230
0.404926 0.410020
0.577053 0.889423
0.591804 0.898432
0.605359 0.906355
0.632529 0.921109
0.587472 0.556419
0.606515 0.570173
0.623755 0.583485
0.639376 0.596387
0.606025 0.409835
0.630125 0.424837
0.591018 0.625634
0.606423 0.637415
0.620363 0.648539
0.645185 0.669709
0.598991 0.267430
0.603376 0.268989
0.608603 0.270916
0.616368 0.273931
0.624879 0.277472
0.294995 0.304416
0.314319 0.313518
0.334858 0.322975
0.356491 0.332744
0.379009 0.342757
0.439552 0.369327
0.241201 0.234844
0.258973 0.243601
0.278343 0.252862
0.324461 0.215917
0.344135 0.224237
0.364900 0.232834
0.408619 0.250217
0.684822 0.399063
0.687396 0.401464
0.689806 0.403817
0.694928 0.408827
0.699659 0.413785
0.570374 0.523543
0.596945 0.541419
0.620632 0.558922
0.319211 0.276120
0.326428 0.279354
0.333800 0.282631
0.341320 0.285948
0.517594 0.556019
0.586246 0.601739
0.615368 0.623897
0.357996 0.318514
0.381446 0.328753
0.405657 0.339236
0.532945 0.804556
0.539980 0.809436
0.546735 0.814128
0.559469 0.822976
0.559761 0.460761
0.579433 0.472310
0.597924 0.483976
0.630690 0.507032
0.538204 0.526608
0.569179 0.546285
0.395981 0.524865
0.427426 0.541869
0.458583 0.559429
0.516279 0.594352
0.229718 0.369479
0.252726 0.382307
0.278066 0.395722
0.305863 0.409835
0.348866 0.431014
0.423740 0.468021
0.585300 0.238959
0.602119 0.244016
0.618778 0.249725
0.653897 0.265244
0.702953 0.155756
0.706331 0.157873
0.710347 0.160503
0.716135 0.164606
0.241341 0.241747
0.258050 0.250029
0.276208 0.258786
0.459989 0.725703
0.468446 0.731319
0.640066 0.622574
0.656986 0.637784
0.672098 0.652358
0.698190 0.679816
0.606402 0.383376
0.625388 0.394331
0.643022 0.405826
0.442183 0.360954
0.463219 0.370082
0.483799 0.379122
0.503767 0.388073
0.522937 0.396898
0.559064 0.414626
0.546591 0.619303
0.591877 0.651883
0.319914 0.155578
0.327099 0.158488
0.334479 0.161467
0.349746 0.167596
0.365862 0.173983
0.229145 0.281127
0.237287 0.285483
0.250143 0.292214
0.275876 0.305207
0.545848 0.357130
0.588163 0.376570
0.625829 0.397408
0.536132 0.415075
0.559186 0.426877
0.580810 0.438769
0.577806 0.436698
0.635419 0.473783
0.482465 0.162236
0.503198 0.167533
0.558556 0.178525
0.495032 0.715787
0.523076 0.734955
0.547740 0.752341
0.222281 0.457588
0.241766 0.468869
0.262813 0.480491
0.290318 0.495112
0.310106 0.505423
0.364578 0.533822
0.699219 0.804915
0.705065 0.809615
0.710855 0.814146
0.652142 0.495275
0.656320 0.498808
0.659052 0.501171
0.665699 0.507103
0.527525 0.464504
0.555110 0.480069
0.580205 0.495302
0.627640 0.528326
0.378256 0.526541
0.406047 0.541408
0.434119 0.556923
0.464877 0.659668
0.473192 0.664961
0.481447 0.670342
0.213560 0.279620
0.227131 0.287145
0.241703 0.294973
0.274205 0.311631
0.529536 0.468851
0.549315 0.480017
0.567771 0.490962
0.604337 0.514784
0.468233 0.465253
0.501673 0.483005
0.532839 0.500576
0.578491 0.596984
0.584764 0.601525
0.590722 0.605881
0.666798 0.633949
0.670226 0.637318
0.528911 0.400767
0.550741 0.411471
0.571234 0.422120
0.611793 0.445826
0.376678 0.404918
0.409733 0.420576
0.443264 0.436750
0.507913 0.469776
0.624703 0.610726
0.640945 0.624409
0.655582 0.637554
0.680961 0.662435
0.630959 0.549579
0.644178 0.560484
0.652360 0.567607
0.672721 0.586795
0.621356 0.208208
0.626253 0.209823
0.634541 0.212712
0.642769 0.215861
0.476105 0.433080
0.507363 0.448861
0.536541 0.464416
0.588234 0.495188
0.566223 0.449670
0.591173 0.464423
0.618047 0.482063
0.493367 0.303033
0.517494 0.311767
0.540435 0.320210
0.591507 0.340962
0.670599 0.626418
0.681330 0.637344
0.691190 0.647903
0.709130 0.668271
0.590264 0.323344
0.608405 0.331423
0.625758 0.340111
0.380787 0.647970
0.407703 0.663951
0.434240 0.680225
0.483745 0.712064
0.200025 0.389728
0.210233 0.396114
0.220941 0.402595
0.232176 0.409180
0.243924 0.415799
0.269305 0.429685
0.346693 0.265671
0.379699 0.279607
0.660861 0.434002
0.668315 0.440252
0.675498 0.446638
0.682420 0.453155
0.439592 0.611534
0.465491 0.627295
0.489854 0.642580
0.512782 0.657644
0.548778 0.424271
0.577234 0.439684
0.603954 0.545360
0.622914 0.559580
0.640236 0.573662
0.672515 0.603325
0.623413 0.313880
0.628297 0.316313
0.633225 0.318852
0.512526 0.709070
0.534896 0.724527
0.555193 0.739051
0.589315 0.764140
0.571551 0.503056
0.576745 0.506346
0.581830 0.509622
0.586806 0.512884
0.591674 0.516131
0.601210 0.522685
0.581624 0.382162
0.588348 0.385556
0.593745 0.388352
0.601395 0.392458
0.607718 0.395974
0.490720 0.555105
0.521106 0.573609
0.548893 0.591677
0.278847 0.327108
0.293387 0.334276
0.308699 0.341671
0.324768 0.349294
0.569298 0.647068
0.575387 0.651544
0.581161 0.655807
0.409243 0.604338
0.439259 0.621972
0.468216 0.639707
0.520338 0.673688
0.347232 0.356578
0.372214 0.368029
0.398072 0.379794
0.450690 0.403907
0.581017 0.499510
0.603592 0.514520
0.617467 0.524459
0.648328 0.549030
0.564281 0.509422
0.570651 0.513436
0.575644 0.322727
0.581439 0.325082
0.669050 0.196253
0.671978 0.197714
0.674759 0.199208
0.680661 0.202362
0.686222 0.205667
0.242807 0.372020
0.260310 0.381529
0.279090 0.391371
0.320605 0.412223
0.543387 0.666557
0.570863 0.686273
0.665582 0.150428
0.674442 0.154272
0.287067 0.192771
0.299344 0.198124
0.312288 0.203709
0.325905 0.209519
0.340180 0.215533
0.675710 0.579881
0.684705 0.589226
0.693175 0.598491
0.708770 0.616746
0.597466 0.264824
0.615530 0.271462
0.633085 0.278955
0.405023 0.142533
0.417842 0.147152
0.433809 0.152731
0.449732 0.158011
0.480115 0.167179
0.567747 0.519966
0.589526 0.534356
0.321987 0.609957
0.354630 0.628157
0.388613 0.647689
0.422956 0.668365
0.455904 0.688907
0.582077 0.571843
0.600169 0.584899
0.616624 0.597485
0.374960 0.489696
0.409647 0.507659
0.484928 0.391598
0.509545 0.402999
0.533010 0.414330
0.575819 0.436787
0.534717 0.367164
0.555541 0.376499
0.579129 0.387827
0.615046 0.407465
0.468814 0.098926
0.485982 0.103761
0.509798 0.109443
0.643323 0.453920
0.659092 0.466464
0.673660 0.479376
0.699580 0.506186
0.616389 0.702685
0.619958 0.705590
0.626838 0.711260
0.633398 0.716754
0.670549 0.769624
0.673010 0.771785
0.677239 0.775499
0.684713 0.782060
0.672860 0.404665
0.685196 0.415711
0.696813 0.427289
0.718072 0.451843
0.621877 0.532818
0.635010 0.543077
0.652995 0.558280
0.676629 0.580719
0.441308 0.479365
0.489299 0.505107
0.521190 0.523413
0.510919 0.361184
0.540517 0.374052
0.568306 0.387033
0.630218 0.209116
0.633832 0.210354
0.638975 0.212289
0.647767 0.215773
0.546262 0.160880
0.563874 0.163643
0.584789 0.167076
0.616601 0.173765
0.565699 0.677180
0.589431 0.694833
0.570971 0.393318
0.583358 0.399667
0.329124 0.535391
0.388913 0.567404
0.420222 0.584952
0.451156 0.603002
0.508310 0.638695
0.630642 0.379632
0.635533 0.382664
0.523005 0.399775
0.550673 0.413256
0.576431 0.426825
0.622011 0.454575
0.283113 0.315125
0.297225 0.321944
0.344054 0.343909
0.415862 0.361486
0.440278 0.372230
0.464409 0.382942
0.515085 0.406256
0.529793 0.594512
0.537265 0.599412
0.637223 0.549040
0.653161 0.562640
0.670371 0.578724
0.692930 0.602392
0.343297 0.312595
0.395097 0.335344
0.439028 0.354193
0.460758 0.265392
0.468732 0.268174
0.476601 0.270884
0.485897 0.274044
0.509878 0.282040
0.491962 0.535901
0.498729 0.539856
0.508668 0.545759
0.342017 0.324184
0.366418 0.335112
0.436329 0.415081
0.463634 0.428161
0.490221 0.441307
0.515683 0.454439
0.539678 0.467448
0.582798 0.493028
0.494831 0.425526
0.526176 0.441355
0.555204 0.457022
0.605805 0.487983
0.672727 0.406634
0.676093 0.409534
0.679405 0.412474
0.685741 0.418391
0.423221 0.517126
0.451623 0.532578
0.479405 0.548426
0.538171 0.631834
0.562303 0.648605
0.587987 0.667537
0.444393 0.411847
0.490748 0.434230
0.512800 0.445423
0.533787 0.456529
0.572119 0.478378
0.467259 0.680766
0.490678 0.695997
0.512552 0.710790
0.462393 0.780803
0.470071 0.785915
0.496924 0.556611
0.526643 0.574974
0.553467 0.592529
0.577458 0.609216
0.318110 0.396877
0.341938 0.408442
0.367050 0.420525
0.393174 0.433119
0.419920 0.446172
0.478458 0.475956
0.244739 0.149103
0.257507 0.154614
0.271123 0.160456
0.630116 0.684245
0.633989 0.687534
0.571978 0.572046
0.578020 0.576226
0.584925 0.581062
0.595123 0.588474
0.525813 0.190435
0.545720 0.194590
0.564972 0.198503
0.652785 0.675189
0.666060 0.687614
0.678072 0.699351
0.540768 0.450549
0.547937 0.454464
0.328429 0.473308
0.363287 0.491006
0.400287 0.510135
0.580796 0.728073
0.599258 0.742120
0.615537 0.754800
0.520217 0.642438
0.545961 0.660026
0.568739 0.676280
0.610532 0.708249
0.417874 0.190357
0.441091 0.198508
0.463708 0.205924
0.505820 0.218183
0.626517 0.546023
0.631417 0.549907
0.636068 0.553667
0.656052 0.516068
0.666623 0.525589
0.676554 0.535151
0.194011 0.224017
0.205921 0.230553
0.221288 0.238762
0.246944 0.251940
0.279837 0.268010
0.595455 0.483920
0.601010 0.487560
0.606430 0.491197
0.616880 0.498460
0.462104 0.498417
0.501793 0.520512
0.487082 0.158307
0.507101 0.163235
0.525814 0.167198
0.554510 0.204352
0.574877 0.208774
0.348261 0.495900
0.379741 0.512150
0.419056 0.533046
0.483562 0.569716
0.775538 0.469731
0.783592 0.484238
0.567267 0.465655
0.591239 0.480250
0.617147 0.497664
0.650669 0.523726
0.494203 0.542693
0.520308 0.558415
0.544399 0.573710
0.271473 0.565534
0.291116 0.576124
0.311999 0.587382
0.334064 0.599392
0.543594 0.675162
0.563565 0.689441
0.581531 0.702736
0.612314 0.726574
0.614517 0.331883
0.632332 0.341147
0.643641 0.347748
0.669979 0.365929
0.509411 0.496521
0.533647 0.510506
0.556260 0.524330
0.595925 0.550762
0.569821 0.501904
0.594972 0.518288
0.453099 0.567028
0.483183 0.584828
0.511310 0.602324
0.560288 0.635185
0.493257 0.213499
0.511363 0.218397
0.528678 0.222804
0.561668 0.230936
0.611021 0.580360
0.616077 0.584241
0.566679 0.405584
0.588683 0.417302
0.609045 0.429184
0.645658 0.454185
0.383352 0.459856
0.410783 0.473633
0.445443 0.491552
0.461879 0.056755
0.484166 0.063267
0.504953 0.068553
0.462633 0.374758
0.479068 0.382037
0.487153 0.385658
0.495138 0.389266
0.336068 0.289557
0.370914 0.304762
0.630993 0.646815
0.649876 0.663342
0.661120 0.673742
0.685807 0.698123
0.580973 0.415735
0.597751 0.425168
0.613452 0.434690
0.642277 0.454508
0.684409 0.855049
0.694910 0.861724
0.705180 0.867825
0.725786 0.878644
0.585338 0.539424
0.598667 0.548750
0.611047 0.557800
0.456064 0.170265
0.475629 0.176182
0.494229 0.181280
0.528533 0.189328
0.474272 0.275010
0.498103 0.283171
0.520852 0.290830
0.546854 0.299683
0.567535 0.307065
0.606505 0.322884
0.525763 0.746192
0.538977 0.755476
0.551288 0.764234
0.573479 0.780252
0.576559 0.737690
0.591908 0.749189
0.606069 0.760073
0.628726 0.361904
0.645695 0.372365
0.691004 0.408823
0.393466 0.303587
0.400519 0.306521
0.407596 0.309448
0.608506 0.777490
0.624614 0.789880
0.480057 0.219826
0.506728 0.227501
0.531777 0.234178
0.457848 0.426310
0.496326 0.445391
0.554368 0.476840
0.358170 0.183475
0.381722 0.192773
0.406036 0.202055
0.430719 0.211044
0.454920 0.219343
0.524388 0.227599
0.539921 0.231556
0.555056 0.235393
0.584387 0.243299
0.599305 0.755276
0.614868 0.767345
0.653272 0.797787
