0.038222 0.297636
0.040074 0.299593
0.041936 0.301561
0.043809 0.303539
0.045693 0.305529
0.047589 0.307528
0.049498 0.309539
0.051419 0.311560
0.053353 0.313591
0.055301 0.315634
0.057264 0.317686
0.059241 0.319750
0.061234 0.321823
0.063243 0.323907
0.065263 0.325967
0.067312 0.328107
0.069373 0.330222
0.071446 0.332313
0.073552 0.334484
0.075671 0.336631
0.077803 0.338752
0.079971 0.340954
0.082155 0.343132
0.084353 0.345283
0.086590 0.347517
0.088845 0.349725
0.091124 0.351943
0.093430 0.354171
0.095763 0.356409
0.098124 0.358658
0.100514 0.360916
0.102933 0.363184
0.105384 0.365462
0.107866 0.367750
0.110381 0.370048
0.112930 0.372356
0.115513 0.374673
0.118112 0.376921
0.120789 0.379336
0.123483 0.381682
0.126217 0.384038
0.128991 0.386402
0.131807 0.388776
0.134642 0.391078
0.137567 0.393551
0.140516 0.395952
0.143510 0.398361
0.146552 0.400780
0.149643 0.403207
0.152759 0.405560
0.155979 0.408086
0.159226 0.410538
0.162527 0.412998
0.165885 0.415467
0.169300 0.417943
0.172774 0.420428
0.176308 0.422921
0.179903 0.425421
0.183563 0.427930
0.187286 0.430447
0.191075 0.432972
0.194933 0.435506
0.198858 0.438048
0.202855 0.440600
0.206923 0.443162
0.211065 0.445733
0.215282 0.448314
0.219575 0.450908
0.223946 0.453513
0.228396 0.456132
0.232927 0.458765
0.237542 0.461414
0.242240 0.464079
0.247024 0.466763
0.251896 0.469467
0.256856 0.472193
0.261908 0.474944
0.267052 0.477720
0.272290 0.480525
0.277624 0.483361
0.283008 0.486138
0.288585 0.489135
0.294215 0.492079
0.299945 0.495063
0.305777 0.498091
0.311710 0.501166
0.317745 0.504288
0.323880 0.507461
0.330114 0.510686
0.336445 0.513965
0.342870 0.517299
0.349385 0.520689
0.355986 0.524135
0.362667 0.527637
0.369421 0.531195
0.376242 0.534807
0.383120 0.538471
0.390046 0.542186
0.397013 0.545948
0.404008 0.549754
0.411020 0.553602
0.418039 0.557485
0.425052 0.561400
0.432067 0.565366
0.438936 0.569212
0.445857 0.573189
0.452727 0.577176
0.459639 0.581289
0.466375 0.585282
0.473032 0.589270
0.479598 0.593246
0.486068 0.597208
0.492435 0.601150
0.498692 0.605068
0.504836 0.608958
0.510862 0.612816
0.516768 0.616640
0.522434 0.620297
0.528090 0.624042
0.533624 0.627746
0.539150 0.631535
0.544433 0.635149
0.549592 0.638716
0.554627 0.642235
0.559540 0.645705
0.564335 0.649127
0.569011 0.652499
0.573572 0.655823
0.577896 0.658966
0.582359 0.662322
0.586591 0.665498
0.590592 0.668497
0.594617 0.671579
0.598670 0.674744
0.602501 0.677733
0.606240 0.680677
0.609890 0.683578
0.613452 0.686436
0.616933 0.689252
0.620330 0.692026
0.623651 0.694762
0.626768 0.697331
0.629940 0.699990
0.633042 0.702612
0.636207 0.705324
0.639178 0.707875
0.641956 0.710268
0.644935 0.712876
0.647726 0.715329
0.650463 0.717750
0.653146 0.720142
0.655779 0.722503
0.658362 0.724836
0.660900 0.727141
0.663260 0.729300
0.665710 0.731552
0.668121 0.733778
0.670626 0.736097
0.672961 0.738273
0.675262 0.740425
0.677529 0.742552
0.679765 0.744657
0.681971 0.746739
0.684148 0.748799
0.686300 0.750836
0.688426 0.752852
0.690529 0.754847
0.692609 0.756820
0.694531 0.758659
0.696572 0.760591
0.698734 0.762616
0.700741 0.764507
0.702733 0.766378
0.704710 0.768229
0.706675 0.770061
0.708628 0.771872
0.710571 0.773664
0.712505 0.775437
0.714287 0.777080
0.716205 0.778813
0.718116 0.780528
0.720166 0.782332
0.721924 0.783899
0.723822 0.785555
0.725863 0.787300
0.727757 0.788918
0.729650 0.790515
0.731544 0.792094
0.733438 0.793652
0.735332 0.795192
0.737229 0.796712
0.739129 0.798213
0.740883 0.799586
0.742790 0.801047
0.744849 0.802595
0.746765 0.804016
0.748686 0.805418
0.750614 0.806800
0.752547 0.808162
0.754488 0.809504
