1.142840
0.767241
0.617438
1.098062
1.057023
1.402451
1.007624
1.603913
0.756095
1.548615
0.999945
1.504656
1.157907
0.872234
0.964344
1.182403
0.994204
0.822199
1.053555
0.463067
1.242956
1.728158
1.435087
1.802863
0.910981
0.307652
0.307645
0.988151
1.032272
0.307648
1.049022
0.878356
1.072476
1.222249
1.503548
1.087664
0.307627
1.648751
0.307650
1.214422
1.115676
1.042955
0.887164
1.307622
1.646173
0.307637
0.307644
1.481046
1.535835
0.757469
1.334438
1.391825
1.198662
0.809089
1.206504
1.175722
0.307672
0.307638
1.689644
0.871641
0.692744
1.159016
1.488558
1.856577
1.190641
1.292956
1.390118
0.307668
1.074324
1.184712
0.307663
1.156315
0.910680
1.078680
1.144802
1.611932
1.789589
1.018200
0.901845
0.307592
0.307687
1.176833
1.617314
0.307645
1.350996
0.307645
1.488732
1.359330
1.530151
1.257353
1.154936
1.201246
1.589368
1.706095
1.140175
0.989684
0.910747
0.307653
1.765221
1.480341
1.111209
0.996036
1.123571
1.484238
1.569485
1.135470
1.407648
1.958853
1.007942
1.292120
1.059365
1.186787
1.264806
0.307663
1.770661
0.797727
1.354681
1.944510
1.012061
1.309754
1.470970
1.052411
0.307663
1.312207
0.867167
1.146798
0.307644
1.163327
1.044497
0.935381
0.780463
1.269424
1.533558
1.082807
1.498718
1.323442
1.158369
1.122703
0.911517
1.365238
1.170339
1.213070
0.974229
1.567785
1.398959
1.129026
1.494716
1.280870
1.043037
1.254153
0.763036
1.141870
1.468687
0.877366
0.307646
1.382779
1.753926
1.077600
1.520302
0.776169
1.057049
0.920364
0.975704
1.090892
1.172861
1.133995
1.225191
0.871156
1.136630
0.853391
1.363557
1.523464
1.501874
0.307652
1.117099
1.243108
0.307651
0.853200
0.806420
0.610160
1.231829
1.248907
1.168535
1.221780
1.749070
0.307645
0.977071
1.135634
1.382189
2.083164
1.042413
1.206651
1.164224
1.647351
1.154163
1.638670
1.596035
1.057550
0.902737
1.066648
1.077244
1.438012
1.471990
1.212732
1.495483
1.261223
1.285231
0.995232
1.070261
1.190808
1.452163
1.214969
1.292394
1.572053
1.318115
0.307633
0.981423
1.042048
1.021675
1.079082
0.529537
1.507575
1.295030
1.071551
0.784247
1.255200
1.320915
0.806226
1.455906
1.318524
0.745322
1.157804
0.307680
0.307670
1.097416
0.307655
1.572080
1.026286
0.307614
0.665083
0.971051
1.279922
1.157889
0.647337
1.189896
1.521443
0.908388
1.121857
0.747377
0.477058
0.307621
1.135012
0.307642
1.258279
1.456729
1.021225
1.181984
0.625704
1.699575
1.304495
1.159987
1.747140
1.500491
1.148744
1.397914
1.725605
1.263207
0.876848
1.047046
0.896765
1.317513
1.323296
1.313708
1.043823
0.307643
0.977474
1.458109
0.832810
0.911713
1.260512
1.291198
1.495876
0.897239
0.997911
1.070237
0.461638
1.422419
1.228782
1.038715
1.196052
1.098764
0.307625
1.264754
0.307647
1.869764
0.963105
1.065437
0.307636
1.308199
1.588647
0.307638
1.171133
1.026705
0.605476
1.337725
1.892309
0.983090
1.388761
1.396897
1.488009
0.307642
1.294571
0.307635
0.596132
1.545365
0.307650
1.073057
1.079135
0.885543
0.840028
1.379363
1.620501
1.278372
1.381975
1.212440
0.603670
0.732327
0.990423
0.969009
1.554414
1.100813
1.267568
0.990067
0.307651
1.549484
1.289310
1.330046
1.182763
1.210833
1.546611
1.402504
0.977154
1.166557
1.240972
1.459470
1.217940
1.068690
1.375291
0.869458
1.437411
1.130540
0.307659
1.491019
1.786215
0.586125
0.650332
1.406929
0.957104
1.397746
1.529651
1.472381
1.014003
1.646199
1.447876
1.811797
0.978431
1.627469
1.794637
1.455069
1.114954
1.851505
1.128341
1.023330
0.307585
0.307601
1.009669
0.307642
1.471681
1.602311
1.415997
0.900756
1.154887
1.560599
1.373125
1.687688
1.486107
1.539886
1.458774
1.788847
0.307651
1.401969
1.133981
1.451723
1.563606
1.335566
1.053421
1.042361
0.307653
1.830896
0.307644
1.633351
1.205711
0.307647
0.843940
0.879262
0.912177
1.252710
1.070897
0.307627
1.013936
1.186079
1.692348
1.277748
1.218365
1.096304
1.050019
1.001482
0.307622
0.307642
1.017438
1.130837
1.145349
0.307604
1.082219
1.159239
0.795666
1.496743
1.051954
0.615856
0.307669
