0.220789 0.145578 -0.179735
0.222331 0.148305 -0.176619
0.223946 0.151099 -0.173452
0.225570 0.153963 -0.170237
0.227353 0.156813 -0.167033
0.229209 0.159702 -0.163784
0.231118 0.162645 -0.160508
0.232976 0.165717 -0.157166
0.234814 0.168894 -0.153768
0.236714 0.172129 -0.150338
0.238685 0.175397 -0.146878
0.240860 0.178629 -0.143421
0.243047 0.181945 -0.139916
0.245257 0.185326 -0.136373
0.247384 0.188844 -0.132768
0.249564 0.192403 -0.129128
0.251803 0.196025 -0.125453
0.254254 0.199611 -0.121781
0.256756 0.203263 -0.118064
0.259321 0.206964 -0.114321
0.261793 0.210762 -0.110527
0.264303 0.214624 -0.106710
0.266807 0.218542 -0.102858
0.269512 0.222460 -0.098981
0.272401 0.226378 -0.095080
0.275237 0.230331 -0.091178
0.278054 0.234365 -0.087233
0.280803 0.238486 -0.083244
0.283610 0.242635 -0.079242
0.286492 0.246816 -0.075212
0.289613 0.250947 -0.071187
0.292687 0.255099 -0.067176
0.295790 0.259262 -0.063153
0.298798 0.263575 -0.059051
0.301872 0.267921 -0.054921
0.304910 0.272276 -0.050802
0.308137 0.276562 -0.046711
0.311443 0.280808 -0.042644
0.314767 0.285076 -0.038561
0.318105 0.289454 -0.034422
0.321225 0.293917 -0.030254
0.324380 0.298377 -0.026102
0.327763 0.302781 -0.021961
0.331260 0.307135 -0.017847
0.334774 0.311504 -0.013742
0.338246 0.315913 -0.009616
0.341638 0.320385 -0.005471
0.345044 0.324863 -0.001331
0.348334 0.329337 0.002784
0.352074 0.333726 0.006884
0.355730 0.338113 0.010975
0.359443 0.342527 0.015074
0.362972 0.346968 0.019148
0.366446 0.351502 0.023270
0.369836 0.356048 0.027363
0.373479 0.360530 0.031465
0.377302 0.365019 0.035570
0.381118 0.369567 0.039718
0.384834 0.374077 0.043811
0.388391 0.378592 0.047897
0.391992 0.383141 0.051959
0.395600 0.387720 0.056086
0.399464 0.392376 0.060256
0.403431 0.397021 0.064453
0.407297 0.401734 0.068678
0.410966 0.406396 0.072832
0.414693 0.411018 0.076964
0.418365 0.415682 0.081115
0.422351 0.420504 0.085430
0.426329 0.425336 0.089751
0.430250 0.430199 0.094088
0.434089 0.435044 0.098401
0.438028 0.439907 0.102747
0.441986 0.444798 0.107122
0.446004 0.449725 0.111537
0.450071 0.454776 0.116056
0.454085 0.459815 0.120568
0.458034 0.464944 0.125145
0.462066 0.469988 0.129682
0.466093 0.475054 0.134275
0.470272 0.480197 0.138905
0.474287 0.485422 0.143637
0.478457 0.490796 0.148464
0.482592 0.496132 0.153303
0.486672 0.501513 0.158183
0.490772 0.506847 0.163050
0.494892 0.512225 0.167974
0.499041 0.517652 0.172960
0.503192 0.523253 0.178101
0.507299 0.528922 0.183314
0.511495 0.534495 0.188494
0.515773 0.539977 0.193643
0.519949 0.545487 0.198851
0.524156 0.551193 0.204201
0.528260 0.556852 0.209557
0.532416 0.562501 0.214940
0.536643 0.568204 0.220418
0.540878 0.573980 0.225989
0.544967 0.579771 0.231586
0.548853 0.585530 0.237155
0.552993 0.591355 0.242871
0.557419 0.597096 0.248616
0.561675 0.602822 0.254361
0.565950 0.608551 0.260155
0.569881 0.614201 0.265844
0.574109 0.619806 0.271606
0.578339 0.625498 0.277490
0.582430 0.631308 0.283493
0.586338 0.637191 0.289569
0.590439 0.643048 0.295700
0.594718 0.648500 0.301560
0.599224 0.653892 0.307448
0.603642 0.659284 0.313352
0.607349 0.665062 0.319461
0.610880 0.670833 0.325577
0.614513 0.676471 0.331608
0.618603 0.681970 0.337646
0.623043 0.687231 0.343560
0.627488 0.692271 0.349263
0.631465 0.697563 0.355095
0.634751 0.703204 0.361114
0.638285 0.708793 0.367143
0.641871 0.714239 0.373033
0.646188 0.719039 0.378436
0.650397 0.723929 0.383900
0.654666 0.728732 0.389257
0.657973 0.734133 0.394953
0.661325 0.739501 0.400588
0.664570 0.744698 0.405994
0.668580 0.749873 0.411534
0.672723 0.754641 0.416652
0.676923 0.759435 0.421757
0.680546 0.764517 0.426965
0.684049 0.769794 0.432279
0.687250 0.774840 0.437237
0.690836 0.779832 0.442171
0.695062 0.784439 0.446829
0.699113 0.789264 0.451592
0.703240 0.794064 0.456299
0.706675 0.799027 0.460934
0.710236 0.803989 0.465548
0.713982 0.809188 0.470355
0.717805 0.813876 0.474652
0.721874 0.818637 0.479002
0.725803 0.823335 0.483221
0.729608 0.828392 0.487682
0.732930 0.833653 0.492177
0.736601 0.838918 0.496682
0.740449 0.843778 0.500829
0.744321 0.848701 0.504982
0.748059 0.853617 0.509063
0.751661 0.858524 0.513073
0.755704 0.863786 0.517433
0.759540 0.869070 0.521737
0.763473 0.874519 0.526167
0.767138 0.879124 0.529800
0.771119 0.883770 0.533500
0.775133 0.888389 0.537152
0.778678 0.893656 0.541278
0.782547 0.899007 0.545499
0.786420 0.904414 0.549752
0.790411 0.909368 0.553635
0.794466 0.914235 0.557449
0.798301 0.919273 0.561368
0.801966 0.924234 0.565195
0.805815 0.929491 0.569298
0.809673 0.934914 0.573545
0.813553 0.940184 0.577676
0.817444 0.944966 0.581404
0.821599 0.949634 0.585087
0.825457 0.954371 0.588792
0.829215 0.959607 0.592919
0.832940 0.964972 0.597165
0.836681 0.970410 0.601498
0.840398 0.975298 0.605375
0.844484 0.979896 0.609076
0.848571 0.984587 0.612877
0.852089 0.989574 0.616866
0.855653 0.994774 0.621075
0.859192 0.999902 0.625241
0.862958 1.004979 0.629418
0.866875 1.009378 0.633050
0.870563 1.013833 0.636709
0.874436 1.018215 0.640354
0.877761 1.023500 0.644746
0.881112 1.028561 0.648974
0.884678 1.033513 0.653161
0.888150 1.037962 0.656890
0.891471 1.042341 0.660548
0.894482 1.046567 0.664029
0.897957 1.051114 0.667910
0.901552 1.055766 0.671927
0.905422 1.060391 0.675990
0.908567 1.064848 0.679786
0.911111 1.069057 0.683259
0.913795 1.073096 0.686593
0.916545 1.077417 0.690237
0.920071 1.081779 0.694055
0.923751 1.086264 0.698048
0.927071 1.090453 0.701682
