0.186967 0.024975 -0.087649
0.188326 0.026068 -0.082613
0.189700 0.027226 -0.077540
0.191162 0.028434 -0.072411
0.192554 0.029794 -0.067145
0.193939 0.031238 -0.061810
0.195387 0.032770 -0.056408
0.197033 0.034317 -0.051010
0.198836 0.035903 -0.045594
0.200697 0.037578 -0.040130
0.202573 0.039360 -0.034594
0.204306 0.041325 -0.028936
0.206152 0.043355 -0.023264
0.208097 0.045466 -0.017560
0.210289 0.047591 -0.011877
0.212521 0.049816 -0.006160
0.214819 0.052131 -0.000428
0.216968 0.054634 0.005397
0.219180 0.057216 0.011214
0.221452 0.059898 0.017049
0.223936 0.062609 0.022864
0.226527 0.065406 0.028688
0.229224 0.068270 0.034503
0.231783 0.071272 0.040326
0.234226 0.074403 0.046154
0.236841 0.077613 0.052008
0.239590 0.080857 0.057821
0.242512 0.084117 0.063584
0.245475 0.087461 0.069344
0.248439 0.090872 0.075077
0.251204 0.094432 0.080832
0.254128 0.098063 0.086613
0.257080 0.101752 0.092378
0.260234 0.105371 0.098021
0.263384 0.109024 0.103620
0.266640 0.112729 0.109232
0.269738 0.116559 0.114882
0.272802 0.120477 0.120562
0.275885 0.124406 0.126204
0.279050 0.128289 0.131761
0.282480 0.132097 0.137262
0.285932 0.135947 0.142782
0.289164 0.139876 0.148310
0.292307 0.143872 0.153872
0.295488 0.147880 0.159445
0.298733 0.151845 0.164982
0.302104 0.155758 0.170495
0.305487 0.159668 0.176018
0.309002 0.163567 0.181579
0.312090 0.167577 0.187178
0.315253 0.171556 0.192792
0.318402 0.175519 0.198419
0.321771 0.179447 0.204107
0.325228 0.183283 0.209760
0.328814 0.187111 0.215494
0.332107 0.190968 0.221238
0.335274 0.194845 0.227032
0.338454 0.198650 0.232807
0.341757 0.202480 0.238719
0.345203 0.206267 0.244694
0.348712 0.210080 0.250802
0.352153 0.213810 0.256857
0.355447 0.217546 0.262957
0.358616 0.221274 0.269078
0.361920 0.224949 0.275250
0.365445 0.228671 0.281633
0.368934 0.232442 0.288145
0.372509 0.236197 0.294735
0.375812 0.239864 0.301175
0.379154 0.243553 0.307716
0.382589 0.247249 0.314349
0.386138 0.250997 0.321137
0.389622 0.254782 0.327988
0.393126 0.258599 0.334912
0.396610 0.262449 0.341889
0.400096 0.266268 0.348821
0.403673 0.270166 0.355882
0.407366 0.274067 0.362960
0.411011 0.278130 0.370203
0.414656 0.282231 0.377431
0.418303 0.286449 0.384763
0.422064 0.290623 0.391969
0.425830 0.294865 0.399184
0.429625 0.299215 0.406423
0.433526 0.303647 0.413674
0.437454 0.308248 0.421003
0.441413 0.312942 0.428295
0.445394 0.317727 0.435534
0.449428 0.322486 0.442579
0.453554 0.327313 0.449545
0.457632 0.332366 0.456564
0.461670 0.337641 0.463618
0.465793 0.342966 0.470529
0.470053 0.348337 0.477322
0.474369 0.353801 0.484002
0.478697 0.359421 0.490627
0.482982 0.365095 0.497078
0.487288 0.370798 0.503352
0.491769 0.376581 0.509524
0.496485 0.382491 0.515646
0.500953 0.388404 0.521521
0.505141 0.394467 0.527286
0.509518 0.400608 0.532957
0.513881 0.406797 0.538481
0.518613 0.413131 0.543995
0.523037 0.419534 0.549342
0.527452 0.425862 0.554464
0.531997 0.432073 0.559364
0.536716 0.438212 0.564087
0.541297 0.444441 0.568722
0.545555 0.450958 0.573400
0.549637 0.457591 0.578010
0.553790 0.464201 0.582496
0.558713 0.470458 0.586711
0.563636 0.476527 0.590709
0.568514 0.482788 0.594731
0.572896 0.489128 0.598676
0.576904 0.495673 0.602644
0.580898 0.502434 0.606676
0.585407 0.508955 0.610525
0.590409 0.514871 0.613987
0.595203 0.520850 0.617418
0.599924 0.526936 0.620865
0.603995 0.533783 0.624681
0.607970 0.540283 0.628258
0.612025 0.547000 0.631927
0.616824 0.552813 0.635090
0.621713 0.558777 0.638319
0.626533 0.564719 0.641530
0.630690 0.570736 0.644717
0.634555 0.577008 0.648049
0.638496 0.583366 0.651423
0.642815 0.589175 0.654507
0.647384 0.594885 0.657539
0.652097 0.600668 0.660652
0.656564 0.606623 0.663853
0.660209 0.612770 0.667142
0.664169 0.618807 0.670394
0.667865 0.624645 0.673534
0.672423 0.630484 0.676755
0.676667 0.636097 0.679849
0.680866 0.641578 0.682873
0.684841 0.647447 0.686158
0.688726 0.653381 0.689499
0.692580 0.659190 0.692797
0.696626 0.664667 0.695926
0.701158 0.669919 0.698990
0.705423 0.675244 0.702102
0.709353 0.680826 0.705385
0.713349 0.686428 0.708714
0.717487 0.692041 0.712099
0.721773 0.697668 0.715540
0.725596 0.702889 0.718681
0.729641 0.708097 0.721864
0.733589 0.713128 0.724937
0.737850 0.719106 0.728726
0.741790 0.725039 0.732469
0.745796 0.731109 0.736339
0.750086 0.736281 0.739634
0.754141 0.741466 0.742926
0.758196 0.746600 0.746194
0.762144 0.752239 0.749814
0.766028 0.757983 0.753508
0.770141 0.763551 0.757112
0.774432 0.769216 0.760809
0.778526 0.774559 0.764253
0.782604 0.779724 0.767564
0.786656 0.785062 0.770987
0.790699 0.790953 0.774791
0.794453 0.796974 0.778637
0.798510 0.802931 0.782459
0.802652 0.808324 0.785874
0.806814 0.813569 0.789166
0.810939 0.818719 0.792364
0.815078 0.824505 0.795975
0.818797 0.830620 0.799732
0.822484 0.836626 0.803371
0.826760 0.842286 0.806801
0.830951 0.847674 0.809994
0.835137 0.853129 0.813189
0.839146 0.858747 0.816424
0.842728 0.864927 0.819939
0.846635 0.871163 0.823464
0.850284 0.877470 0.826944
0.854597 0.882740 0.829760
0.858599 0.887983 0.832483
0.862413 0.893451 0.835268
0.866284 0.899554 0.838384
0.870390 0.905868 0.841566
0.874559 0.912087 0.844629
0.878335 0.918072 0.847430
0.881637 0.923547 0.849845
0.884642 0.929116 0.852221
0.888440 0.934906 0.854703
0.893021 0.941192 0.857412
0.897101 0.947352 0.859954
0.901251 0.953316 0.862288
0.904078 0.958740 0.864226
0.906853 0.964175 0.866079
0.909720 0.969684 0.867933
