0.429145 0.453905 0.023195
0.444398 0.473471 0.038058
0.460449 0.493479 0.053466
0.476841 0.514882 0.070102
0.511316 0.560579 0.106907
0.547333 0.610445 0.149751
0.432425 0.373453 0.251624
0.442596 0.385627 0.267115
0.473105 0.422677 0.313137
0.484809 0.437181 0.330458
0.494319 0.449116 0.344298
0.648522 0.644250 0.554439
0.665966 0.668203 0.571083
0.683729 0.692534 0.587788
0.692392 0.704530 0.595970
0.701213 0.716391 0.604062
0.682381 0.556726 0.873401
0.713071 0.597151 0.893302
0.723597 0.613652 0.902446
0.738393 0.631965 0.912736
0.757006 0.657124 0.927357
0.516014 0.651568 -0.219700
0.532887 0.679511 -0.211862
0.552361 0.712682 -0.201904
0.571858 0.748666 -0.190338
0.595079 0.793918 -0.174396
0.639978 0.891000 -0.132617
0.687617 1.007370 -0.056608
0.441636 0.364686 0.314169
0.479881 0.410707 0.375025
0.516458 0.457132 0.427516
0.537922 0.485680 0.455418
0.558385 0.513092 0.479688
0.788991 1.195158 0.180367
0.795801 1.202074 0.198972
0.802006 1.208520 0.216572
0.826432 1.226253 0.268523
0.835986 1.234572 0.293207
0.845073 1.242756 0.317725
0.483773 0.015549 1.101843
0.529803 0.139790 1.166045
0.577848 0.229277 1.195310
0.606684 0.297124 1.211829
0.635979 0.347778 1.222277
0.471097 0.580411 -0.212488
0.482023 0.596194 -0.207918
0.493777 0.614422 -0.202517
0.506052 0.632696 -0.196929
0.535245 0.679881 -0.181514
0.549747 0.704199 -0.172925
0.564810 0.729147 -0.163546
0.639385 0.355692 1.209619
0.650455 0.388603 1.215488
0.664009 0.410069 1.218890
0.673831 0.427746 1.221169
0.685754 0.445527 1.223467
0.516301 0.659745 -0.299225
0.535678 0.694346 -0.293414
0.554010 0.726847 -0.287619
0.575507 0.769192 -0.279677
0.616730 0.863580 -0.259426
0.663473 0.995466 -0.216395
0.567763 0.703925 -0.032105
0.593967 0.748206 -0.001474
0.622190 0.795358 0.035720
0.646861 0.841832 0.077023
0.681699 0.893206 0.131150
0.714771 0.954787 0.203178
0.729610 0.980805 0.235785
0.746853 1.002608 0.264343
0.440256 0.487282 -0.021886
0.453254 0.504166 -0.010662
0.469677 0.525092 0.003504
0.487368 0.548555 0.019739
0.507047 0.574949 0.038692
0.540728 0.621543 0.074407
0.260596 0.080466 0.138700
0.265300 0.085364 0.146430
0.268381 0.089096 0.152092
0.280150 0.103954 0.174013
0.290696 0.115846 0.191574
0.299493 0.127101 0.207891
0.318807 0.149776 0.242127
0.339072 0.172267 0.279043
0.348734 0.182422 0.297091
0.207263 -0.050582 0.107406
0.211420 -0.045722 0.120057
0.216977 -0.039992 0.134189
0.227133 -0.028376 0.159800
0.237869 -0.015934 0.184449
0.258928 0.009102 0.228801
0.527771 0.666539 -0.183498
0.538743 0.684620 -0.177252
0.547293 0.699321 -0.171979
0.569233 0.737190 -0.157597
0.593456 0.782830 -0.138419
0.717772 1.042936 0.054406
0.263513 0.137675 0.056353
0.269021 0.144304 0.065968
0.273252 0.149595 0.073447
0.284300 0.163017 0.092003
0.295650 0.176803 0.110540
0.712350 1.073039 -0.035848
0.718879 1.086809 -0.019674
0.727380 1.098804 -0.003804
0.735687 1.126652 0.036650
0.751058 1.142453 0.065803
0.297021 0.275558 -0.103555
0.301852 0.282824 -0.097605
0.310209 0.294696 -0.087798
0.320555 0.309809 -0.075450
0.333406 0.326865 -0.061392
0.346284 0.344759 -0.046864
0.413183 0.429366 0.020896
0.609976 0.674917 0.310480
0.613190 0.678993 0.315014
0.616766 0.683283 0.319839
0.623816 0.691881 0.329544
0.629452 0.700710 0.339139
0.635724 0.709822 0.349194
0.630820 0.905460 -0.288730
0.643555 0.939599 -0.280220
0.660651 0.998673 -0.261676
0.691495 1.096933 -0.212746
0.720796 1.193544 -0.124919
0.746685 1.245609 -0.041541
0.410083 -0.153142 0.920749
0.436656 -0.113053 0.999060
0.466401 -0.040207 1.085180
0.524984 0.104926 1.173107
0.572759 0.217025 1.209344
0.495239 0.527557 0.123653
0.504862 0.540173 0.134512
0.514414 0.553482 0.146029
0.558798 0.614427 0.201833
0.579108 0.643458 0.230361
0.478455 0.378966 0.445211
0.491020 0.395039 0.463919
0.504305 0.412602 0.482544
0.531332 0.449021 0.516234
0.558402 0.486940 0.545800
0.588682 0.529146 0.574368
0.402236 0.406961 0.034153
0.414538 0.422066 0.046787
0.428059 0.438661 0.060645
0.438671 0.452211 0.071903
0.464835 0.485106 0.099473
0.333059 -0.016332 0.488851
0.335026 -0.014527 0.493573
0.337179 -0.012248 0.499285
0.341159 -0.008711 0.508267
0.344694 -0.005205 0.517021
0.348764 -0.000965 0.527223
0.354779 0.005622 0.542757
0.356852 0.008537 0.549230
0.573481 0.677845 0.089267
0.575339 0.681415 0.092247
0.577597 0.685610 0.095771
0.582004 0.692686 0.101983
0.588020 0.700773 0.109372
0.593554 0.708537 0.116572
0.743616 0.660461 0.868949
0.750597 0.670952 0.875239
0.756832 0.679291 0.880214
0.771918 0.698243 0.891778
0.786563 0.718918 0.904270
0.845876 0.808361 0.952479
0.544028 0.438053 0.599504
0.552062 0.449564 0.607158
0.560350 0.460949 0.614405
0.576883 0.484059 0.628205
0.593372 0.506883 0.640936
0.609814 0.529692 0.653051
0.410773 0.338353 0.240838
0.412631 0.340520 0.243760
0.414738 0.343001 0.247104
0.418602 0.347545 0.253235
0.422729 0.352393 0.259783
0.426788 0.357172 0.266233
0.434743 0.366543 0.278857
0.337632 -0.027685 0.514214
0.343270 -0.021414 0.529909
0.351402 -0.013455 0.549520
0.367236 0.004994 0.591101
0.385643 0.028145 0.637365
0.405466 0.055361 0.684629
0.594196 0.462898 0.739196
0.598318 0.473492 0.744211
0.606629 0.484953 0.749466
0.621884 0.504434 0.758203
0.647325 0.540891 0.774292
0.466463 0.137302 0.817786
0.475979 0.155456 0.835779
0.491352 0.182869 0.860596
0.517410 0.225129 0.894097
0.539477 0.269336 0.923312
0.559859 0.307611 0.945120
0.608060 0.376396 0.977848
0.758936 0.932957 0.410810
0.765646 0.941877 0.419394
0.773344 0.952643 0.429826
0.787423 0.969574 0.445721
0.803086 0.989112 0.464189
0.819432 1.011729 0.485918
0.300078 -0.219364 0.511979
0.303941 -0.216469 0.525175
0.308207 -0.213344 0.539250
0.315669 -0.208092 0.562714
0.333786 -0.193699 0.624318
0.387624 -0.140832 0.810524
0.242594 0.122560 -0.001754
0.247181 0.128209 0.007318
0.252529 0.134652 0.017355
0.262921 0.147377 0.036268
0.274431 0.161688 0.056382
0.287171 0.177088 0.077221
0.584917 0.363743 0.908598
0.584405 0.369751 0.911431
0.587464 0.375173 0.913998
0.592491 0.384060 0.918104
0.600196 0.390025 0.920804
0.606097 0.397457 0.924087
0.513562 0.438934 0.460567
0.521477 0.449220 0.470654
0.528509 0.458668 0.479489
0.539302 0.473126 0.492349
0.564386 0.507676 0.520254
0.588125 0.540321 0.543898
0.636475 0.607486 0.587638
0.556866 0.707088 -0.127059
0.559420 0.711010 -0.125224
0.562865 0.716920 -0.122508
0.568338 0.727044 -0.117753
0.573580 0.736649 -0.113115
0.579536 0.746842 -0.108025
0.539302 0.639729 0.007430
0.549802 0.654958 0.018338
0.559080 0.669731 0.029216
0.579144 0.700757 0.053516
0.599864 0.732892 0.080864
0.638799 0.797197 0.142401
0.669091 0.845087 0.195079
0.424140 0.391162 0.170018
0.432180 0.400917 0.180537
0.439389 0.409701 0.190013
0.454442 0.428301 0.210042
0.469983 0.447661 0.230851
0.486515 0.468670 0.253231
0.536017 0.532836 0.320469
0.555403 0.558738 0.346988
0.347138 0.390330 -0.227736
0.353551 0.401095 -0.223687
0.359567 0.410340 -0.220160
0.372418 0.429332 -0.212923
0.385456 0.448184 -0.205794
0.396884 0.464607 -0.199625
0.442184 0.530775 -0.175485
0.457223 0.551982 -0.167684
0.762012 1.056563 0.234885
0.763177 1.061600 0.241606
0.768498 1.067620 0.250756
0.778258 1.075664 0.263288
0.784007 1.086874 0.279600
0.700969 1.001202 0.044050
0.725764 1.040752 0.094081
0.740096 1.067791 0.133194
0.753915 1.088810 0.167289
0.768121 1.104755 0.195534
0.805160 1.149513 0.278109
0.373346 0.158637 0.423931
0.384212 0.170105 0.448408
0.399006 0.186515 0.481278
0.420716 0.212217 0.526640
0.445626 0.245357 0.574608
0.474354 0.285667 0.621069
0.564889 0.419358 0.719759
0.593904 0.464112 0.742208
0.558491 0.642561 0.112046
0.560790 0.645775 0.114856
0.563316 0.649391 0.118006
0.567826 0.656154 0.124003
0.571925 0.663472 0.130391
0.576045 0.669829 0.136184
0.586021 0.683523 0.149129
0.591040 0.691133 0.156396
0.597417 0.809734 -0.223925
0.601905 0.816763 -0.221855
0.604235 0.825005 -0.219528
0.613085 0.842971 -0.214064
0.618185 0.856842 -0.209743
0.464604 0.429489 0.254839
0.468837 0.434758 0.260823
0.477387 0.445427 0.272877
0.487926 0.458708 0.287724
0.510659 0.487736 0.319484
0.529736 0.512535 0.345747
0.292519 -0.289560 0.507779
0.297664 -0.286670 0.525006
0.306254 -0.281946 0.553037
0.323945 -0.271279 0.617136
0.346541 -0.257390 0.701051
0.377049 -0.235237 0.822537
0.519695 0.075029 1.218668
0.554782 0.173068 1.247052
0.595963 0.257833 1.264852
0.285915 -0.107463 0.418357
0.288894 -0.105743 0.423591
0.291321 -0.103467 0.430086
0.296675 -0.099359 0.442223
0.302561 -0.095003 0.455300
0.309905 -0.088964 0.473256
0.628419 0.900684 -0.287178
0.637507 0.923600 -0.281657
0.648195 0.953501 -0.273497
0.670977 1.022338 -0.249029
0.702759 1.136760 -0.179116
0.724781 1.204873 -0.104833
0.775561 1.276243 0.046978
0.466335 0.464117 0.166517
0.471749 0.471096 0.173181
0.478806 0.480027 0.181788
0.487915 0.491870 0.193158
0.523485 0.538723 0.238682
0.326813 -0.175073 0.585238
0.333291 -0.168741 0.608954
0.346188 -0.157196 0.650708
0.366972 -0.137600 0.715346
0.390629 -0.107876 0.796618
0.420738 -0.064145 0.887222
0.457462 -0.001678 0.975391
0.521695 0.136346 1.083724
0.549176 0.202282 1.114835
0.579235 0.256867 1.135513
0.318173 0.268338 0.016862
0.323460 0.274932 0.023922
0.328625 0.281600 0.030961
0.333382 0.287561 0.037263
0.346413 0.303640 0.054188
0.369974 0.332244 0.084016
0.613164 0.734569 0.163196
0.624922 0.748992 0.178676
0.632914 0.760538 0.191102
0.651312 0.790315 0.224000
0.668290 0.814460 0.252306
0.682346 0.838459 0.280348
0.695735 0.860865 0.306620
0.482202 0.554826 -0.028622
0.493012 0.569618 -0.019308
0.500248 0.579308 -0.013052
0.567765 0.676831 0.057374
0.611099 0.743931 0.116245
0.649841 0.804954 0.178999
0.314029 -0.007147 0.419161
0.316291 -0.005800 0.422808
0.317176 -0.004599 0.425605
0.320335 -0.002044 0.432027
0.326176 0.003457 0.445767
0.334222 0.010944 0.464524
0.337785 0.014551 0.473397
0.341563 0.018426 0.482845
0.466403 0.269270 0.617996
0.469653 0.273995 0.623028
0.472590 0.277728 0.626976
0.477834 0.285945 0.635181
0.484110 0.294744 0.643672
0.489930 0.302467 0.650851
0.383471 0.055244 0.596303
0.398056 0.074349 0.630594
0.413956 0.096378 0.665855
0.448474 0.148534 0.734895
0.486443 0.209522 0.796950
0.523756 0.273470 0.846803
0.290425 -0.247155 0.491832
0.297177 -0.243483 0.510632
0.305990 -0.237462 0.540587
0.314364 -0.231992 0.567595
0.323204 -0.225667 0.598214
0.376033 0.443885 -0.286890
0.380271 0.449282 -0.285470
0.383702 0.456094 -0.283853
0.392118 0.467595 -0.280943
0.400258 0.479439 -0.278019
0.407529 0.490944 -0.275291
0.427205 0.520712 -0.268435
0.304639 -0.050968 0.428956
0.309382 -0.046808 0.439905
0.315403 -0.042030 0.452850
0.326675 -0.031705 0.480289
0.338961 -0.019674 0.511319
0.353459 -0.004639 0.548098
0.562005 0.602825 0.255976
0.571741 0.616196 0.269523
0.583455 0.632730 0.286534
0.604041 0.661862 0.317362
0.624712 0.690520 0.348563
0.645009 0.717964 0.378712
0.683920 0.769837 0.433676
0.450351 0.329347 0.432384
0.463913 0.345981 0.455402
0.477430 0.363102 0.476811
0.505464 0.399764 0.515982
0.534981 0.440460 0.551077
0.562581 0.480026 0.579374
0.534538 0.284538 0.861498
0.541677 0.300522 0.871415
0.553534 0.323862 0.884982
0.578963 0.359937 0.904047
0.602150 0.391218 0.918723
0.621474 0.423684 0.932652
0.653965 0.471254 0.951477
0.666023 0.492215 0.959615
0.676761 0.511317 0.967208
0.689630 0.526754 0.973550
0.640633 0.818973 0.081257
0.660797 0.856849 0.118596
0.682810 0.891581 0.156985
0.700774 0.919829 0.190376
0.717568 0.944948 0.221515
0.762000 1.010655 0.303043
0.774676 1.026780 0.322846
0.359681 0.183509 0.335217
0.362894 0.187136 0.342345
0.369210 0.193496 0.355259
0.376815 0.201210 0.371109
0.395851 0.221227 0.411821
0.412777 0.240322 0.448045
0.432141 0.263054 0.486540
0.371121 0.267573 0.230026
0.372775 0.269436 0.232775
0.374993 0.271942 0.236493
0.378783 0.276300 0.242989
0.383148 0.281250 0.250441
0.401919 0.302461 0.283055
0.340591 0.365195 -0.148749
0.346233 0.373863 -0.143834
0.354084 0.384274 -0.137794
0.366107 0.401720 -0.127869
0.379407 0.420717 -0.117081
0.392027 0.437692 -0.107427
0.408159 0.459394 -0.095160
0.417839 0.473318 -0.087421
0.433584 0.493657 -0.075902
0.447361 0.511973 -0.065485
0.462514 0.531906 -0.053967
0.414350 0.272687 0.394598
0.422118 0.281500 0.410058
0.430223 0.290753 0.425674
0.446979 0.310507 0.456458
0.464132 0.332340 0.486253
0.481276 0.354544 0.512693
0.536708 0.431831 0.581819
0.375968 0.076309 0.542892
0.377664 0.078324 0.546959
0.380185 0.081408 0.553064
0.384726 0.086629 0.563284
0.389738 0.092561 0.574445
0.394783 0.099029 0.586156
0.412872 0.122841 0.625583
0.419228 0.132390 0.639786
0.208203 0.022099 0.018646
0.212026 0.025867 0.028668
0.218119 0.032077 0.043842
0.228571 0.044276 0.069789
0.239697 0.057174 0.094104
0.251952 0.071482 0.118534
0.263895 0.086361 0.141855
0.277235 0.101540 0.164806
0.289707 0.117207 0.187544
0.302722 0.132721 0.210232
0.315860 0.147847 0.233000
0.464792 0.227483 0.681416
0.474725 0.242677 0.696764
0.488147 0.262317 0.715075
0.515512 0.305269 0.749504
0.553682 0.369540 0.790237
0.305410 -0.017915 0.403600
0.310105 -0.013907 0.413332
0.315602 -0.009552 0.424270
0.325421 -0.000395 0.447105
0.349834 0.023588 0.506119
0.430120 0.432316 0.087861
0.434199 0.437419 0.092347
0.439233 0.443696 0.097876
0.447336 0.453638 0.106664
0.463545 0.474011 0.124699
0.478736 0.493477 0.142041
0.494773 0.514483 0.160931
0.530796 0.562721 0.205530
0.564375 0.609318 0.250820
0.474021 0.459894 0.216065
0.479122 0.466457 0.222789
0.488507 0.478405 0.235102
0.497543 0.490195 0.247200
0.522816 0.523156 0.281015
0.543405 0.550496 0.309014
0.565593 0.579982 0.339183
0.443795 0.350076 0.357839
0.449989 0.357279 0.368323
0.456920 0.365541 0.379995
0.469088 0.380220 0.399816
0.493719 0.411159 0.437431
0.520657 0.446384 0.473961
0.546164 0.480534 0.504232
0.203652 -0.236441 0.230831
0.209114 -0.232917 0.248876
0.215554 -0.229157 0.267211
0.228023 -0.221525 0.301850
0.239357 -0.214432 0.331860
0.249202 -0.207708 0.358969
0.267627 -0.194875 0.409748
0.278768 -0.187841 0.438437
0.305147 0.265669 -0.033189
0.310114 0.272285 -0.026585
0.315049 0.278279 -0.020537
0.325399 0.292098 -0.006924
0.336234 0.306218 0.006875
0.346838 0.319085 0.019482
0.374363 0.353231 0.052298
0.386043 0.367588 0.065958
0.397409 0.381328 0.078943
0.644809 0.914915 -0.171928
0.648035 0.923764 -0.168032
0.652164 0.931926 -0.164207
0.659803 0.951295 -0.154730
0.665485 0.969075 -0.145353
0.683786 1.004987 -0.122954
0.685801 1.029737 -0.105852
0.700636 1.048414 -0.089792
0.328769 -0.129344 0.565715
0.330647 -0.127876 0.570538
0.332092 -0.126074 0.576162
0.336565 -0.121921 0.589278
0.340581 -0.117562 0.602597
0.345675 -0.112371 0.618134
0.356268 -0.101608 0.648960
0.361106 -0.095954 0.664206
0.366752 -0.089265 0.681571
0.446865 0.291537 0.493957
0.454309 0.301356 0.507380
0.466279 0.316886 0.527006
0.503181 0.367438 0.579017
0.572743 0.470085 0.649975
0.592780 0.496634 0.664282
0.612428 0.523161 0.677723
0.467987 0.476451 0.140240
0.474195 0.484090 0.147249
0.480974 0.492777 0.155143
0.490821 0.505590 0.166875
0.515739 0.538547 0.197484
0.539387 0.570632 0.228096
0.561846 0.601695 0.258720
0.586512 0.636121 0.294037
0.603781 0.774530 -0.013618
0.607623 0.778749 -0.010303
0.609680 0.783327 -0.007018
0.615666 0.793070 0.000362
0.621822 0.802972 0.008149
0.511850 0.644985 -0.220185
0.523179 0.663640 -0.215045
0.535735 0.685019 -0.208879
0.562303 0.729915 -0.194909
0.615696 0.836711 -0.155645
0.376828 -0.234742 0.821424
0.380140 -0.232133 0.833756
0.384049 -0.228829 0.848528
0.392052 -0.220948 0.880686
0.408460 -0.200748 0.946457
0.238770 -0.340472 0.355965
0.241938 -0.339515 0.367637
0.245111 -0.338599 0.378977
0.252017 -0.337394 0.394862
0.261092 -0.335354 0.422415
0.268254 -0.333946 0.441942
0.742298 1.248834 -0.054099
0.762188 1.263626 -0.020661
0.770525 1.280423 0.024660
0.783625 1.296242 0.080305
0.802897 1.310406 0.144725
0.516415 0.077871 1.174260
0.538436 0.135795 1.196247
0.557251 0.184260 1.210935
0.597355 0.260000 1.229739
0.622721 0.317628 1.241162
0.639669 0.363720 1.248875
0.667782 0.412414 1.255497
0.676763 0.425202 1.256647
0.685723 0.438980 1.257832
0.347460 0.201524 0.261715
0.351005 0.205462 0.268261
0.357147 0.212143 0.279629
0.362712 0.218065 0.289993
0.378424 0.234899 0.320432
0.408590 0.267553 0.381098
0.425127 0.286077 0.413763
0.266375 0.027441 0.228221
0.269130 0.031390 0.234476
0.271976 0.035850 0.241429
0.278908 0.042809 0.252890
0.289978 0.056648 0.275087
0.315041 0.084070 0.322765
0.335311 0.104114 0.362996
0.360459 0.128647 0.417451
0.349528 -0.089650 0.614387
0.353265 -0.085676 0.625106
0.362076 -0.075930 0.650303
0.372399 -0.064276 0.678599
0.396825 -0.030646 0.748971
0.460250 0.066542 0.891046
0.514665 0.170850 0.982460
0.547909 0.234282 1.021080
0.573069 0.280436 1.043811
0.427031 0.153865 0.641434
0.441899 0.174969 0.669150
0.460513 0.202400 0.700933
0.493485 0.254931 0.751054
0.555235 0.356278 0.820516
0.554629 0.381319 0.762496
0.564334 0.392377 0.768613
0.572402 0.405165 0.775284
0.584756 0.430387 0.787693
0.614286 0.468636 0.804993
0.663341 0.538179 0.834793
0.418490 0.288531 0.380830
0.426392 0.297529 0.396125
0.434588 0.306923 0.411527
0.450834 0.326052 0.440710
0.482225 0.365792 0.491647
0.518213 0.414365 0.539574
0.538804 0.443349 0.562777
0.554113 0.465762 0.578703
0.517005 0.658156 -0.262968
0.526327 0.674113 -0.259572
0.533805 0.686343 -0.256892
0.552577 0.719838 -0.249330
0.592461 0.797911 -0.229777
0.636197 0.900588 -0.197514
0.660940 0.956489 -0.173852
0.716368 1.058348 0.010197
0.728078 1.070138 0.026228
0.735613 1.084401 0.045966
0.741828 1.108397 0.081935
0.769112 1.144982 0.152257
0.790294 1.167266 0.201413
0.507639 0.407842 0.506433
0.509406 0.410800 0.509183
0.512122 0.414127 0.512349
0.516532 0.420495 0.518133
0.521526 0.427191 0.524078
0.531152 0.440591 0.535352
0.542502 0.456457 0.547819
0.470896 0.325971 0.528245
0.483935 0.343605 0.547621
0.498899 0.364298 0.567845
0.528047 0.405028 0.601433
0.583717 0.485503 0.651738
0.624795 0.329178 1.231411
0.636832 0.347793 1.234874
0.642260 0.368668 1.238308
0.658041 0.392950 1.242030
0.693909 0.450122 1.248269
0.733937 0.512579 1.257099
0.414228 0.282011 0.375842
0.417874 0.286134 0.383047
0.422223 0.291127 0.391611
0.428953 0.298771 0.404478
0.444190 0.316544 0.432620
0.476294 0.356551 0.486251
0.518565 0.180676 0.991502
0.527661 0.203765 1.005836
0.541297 0.228485 1.020047
0.562481 0.268579 1.040367
0.601287 0.339889 1.069898
0.444705 0.454398 0.092880
0.452722 0.464302 0.101441
0.461487 0.475426 0.111067
0.478281 0.496971 0.129831
0.493353 0.516538 0.147092
0.526341 0.560606 0.186982
0.552407 0.597131 0.221482
0.584235 0.640906 0.265490
0.429993 0.460071 0.010065
0.435247 0.466949 0.015108
0.441379 0.474537 0.020748
0.450656 0.486386 0.029507
0.472843 0.514745 0.050741
0.493322 0.541301 0.071180
0.515633 0.571523 0.095204
0.517363 0.561737 0.135363
0.527895 0.575937 0.147800
0.540060 0.593125 0.163079
0.563907 0.626498 0.194156
0.587799 0.660388 0.227720
0.253330 -0.125508 0.330033
0.255737 -0.122701 0.337049
0.257962 -0.119570 0.344738
0.264220 -0.114823 0.356967
0.271773 -0.106787 0.376960
0.287309 -0.093177 0.412669
0.619783 0.846992 -0.154446
0.627190 0.862974 -0.147376
0.637436 0.884881 -0.137013
0.650906 0.920889 -0.118348
0.684128 0.991540 -0.071021
0.736210 1.095209 0.042240
0.506625 0.451580 0.396182
0.513950 0.461028 0.406367
0.523753 0.473635 0.419475
0.534994 0.488548 0.434225
0.563700 0.527174 0.469346
0.619626 0.603493 0.529234
0.480641 0.471038 0.217255
0.488635 0.481220 0.227621
0.495404 0.490000 0.236539
0.509004 0.507663 0.254521
0.538325 0.546800 0.294285
0.298168 -0.179455 0.489811
0.304818 -0.174533 0.508784
0.309430 -0.170643 0.523568
0.323162 -0.160050 0.563358
0.363178 -0.120717 0.691723
0.469509 0.587690 -0.322308
0.475906 0.596812 -0.321014
0.483393 0.608508 -0.319387
0.500248 0.634930 -0.315579
0.528355 0.681343 -0.308497
0.609634 0.851685 -0.278220
0.636007 0.914963 -0.263011
0.224285 -0.142116 0.254614
0.231554 -0.135920 0.272109
0.238263 -0.130337 0.287252
0.249951 -0.117995 0.318304
0.270874 -0.096791 0.369385
0.292469 -0.078813 0.415180
0.310303 -0.063683 0.456566
0.558581 0.433861 0.666354
0.568843 0.449025 0.674874
0.579458 0.462920 0.682363
0.599413 0.492384 0.697224
0.637903 0.549021 0.723949
0.679270 0.606228 0.751429
0.696692 0.630025 0.763781
0.464603 0.470582 0.140204
0.465773 0.471946 0.141442
0.467017 0.473778 0.143075
0.469081 0.476083 0.145230
0.473229 0.481418 0.150135
0.529418 0.536802 0.275603
0.544211 0.556612 0.295713
0.558036 0.575179 0.314638
0.580671 0.605734 0.345992
0.633079 0.676085 0.417926
0.285149 -0.234945 0.473724
0.286839 -0.234097 0.478056
0.288316 -0.233270 0.482117
0.291760 -0.231580 0.490474
0.297619 -0.228023 0.507457
0.311033 -0.219037 0.549364
0.334593 -0.200765 0.630978
0.346818 -0.190876 0.672563
0.364701 -0.174906 0.734585
0.469995 0.324715 0.526537
0.475794 0.332690 0.535614
0.483264 0.342914 0.546631
0.492283 0.354877 0.558747
0.514263 0.385894 0.586336
0.557291 0.448633 0.630384
0.603606 0.514073 0.666520
0.259713 -0.318597 0.416931
0.263056 -0.317797 0.425749
0.264843 -0.317080 0.433761
0.268096 -0.316122 0.444108
0.273524 -0.314354 0.460488
0.517540 0.601233 0.010940
0.524948 0.611585 0.018221
0.532365 0.622333 0.025954
0.550339 0.648179 0.045260
0.581699 0.696461 0.084517
0.626395 0.766195 0.150273
0.655885 0.815634 0.203435
0.520117 0.560672 0.153234
0.525269 0.567659 0.159484
0.531089 0.575619 0.166612
0.540741 0.589160 0.178924
0.559178 0.615915 0.203973
0.597958 0.670520 0.259232
0.632617 0.720690 0.314345
0.665786 0.765643 0.365796
0.614655 0.799070 -0.027800
0.626731 0.821270 -0.011701
0.641710 0.852595 0.012666
0.668368 0.902531 0.057437
0.716645 0.978682 0.143448
0.388975 0.374042 0.061479
0.395189 0.381646 0.068567
0.402746 0.390959 0.077184
0.416912 0.408559 0.093378
0.465583 0.469120 0.149251
0.478645 0.485621 0.164616
0.511246 0.528339 0.204789
0.391244 0.029497 0.655018
0.393824 0.033242 0.661658
0.397353 0.037779 0.669661
0.403205 0.047148 0.685192
0.409639 0.056512 0.700176
0.378196 0.336921 0.107091
0.382669 0.342272 0.112778
0.402278 0.365981 0.138051
0.432846 0.403145 0.177703
0.485929 0.469307 0.248158
0.832596 1.294740 0.241213
0.836027 1.296376 0.248845
0.837998 1.299612 0.262842
0.848913 1.303500 0.282623
0.870320 1.315034 0.336075
0.884261 1.322264 0.370140
0.263960 0.132542 0.067281
0.267411 0.136524 0.073155
0.271338 0.141446 0.080210
0.276662 0.147815 0.089239
0.289344 0.163089 0.110321
0.316229 0.195509 0.153887
0.344463 0.229104 0.200071
0.544433 0.519456 0.398680
0.546432 0.522090 0.401283
0.548736 0.525135 0.404265
0.552864 0.530635 0.409620
0.561941 0.542744 0.421182
0.467178 0.537217 -0.048242
0.475617 0.548719 -0.041387
0.483466 0.558809 -0.035264
0.502500 0.584862 -0.018973
0.539196 0.637139 0.016363
0.582005 0.702471 0.066911
0.621181 0.765585 0.124182
0.654415 0.533458 0.819766
0.663259 0.546016 0.825306
0.667753 0.552815 0.828377
0.681614 0.571830 0.837115
0.707920 0.607339 0.855001
0.556192 0.731498 -0.292579
0.564512 0.746600 -0.289876
0.575949 0.770930 -0.285440
0.593851 0.808328 -0.278213
0.636636 0.914980 -0.253006
0.272675 -0.098817 0.375650
0.276318 -0.096625 0.381409
0.279003 -0.093735 0.388542
0.284652 -0.089159 0.400366
0.295504 -0.079931 0.424992
0.307117 -0.070090 0.452189
0.322052 -0.057570 0.487518
0.732778 1.145903 -0.053270
0.741399 1.171443 -0.014817
0.754423 1.185253 0.011362
0.763956 1.212984 0.072437
0.786948 1.236120 0.141469
0.808731 1.250499 0.193162
0.561349 0.500788 0.524208
0.572891 0.517318 0.536353
0.584141 0.533240 0.547520
0.607320 0.565163 0.568726
0.651599 0.626489 0.606749
0.289756 -0.301694 0.501765
0.293457 -0.299846 0.513062
0.297181 -0.297584 0.526992
0.307885 -0.292099 0.561113
0.337344 -0.275063 0.669858
0.378641 -0.247833 0.834032
0.415061 -0.208747 0.976493
0.452943 -0.126738 1.112084
0.614258 0.801697 -0.036070
0.637809 0.843376 -0.005467
0.642646 0.854330 0.003037
0.670751 0.909188 0.051305
0.715578 0.992443 0.144736
0.749846 1.047399 0.220600
0.768867 1.063846 0.246143
0.547144 0.705441 -0.211356
0.558968 0.725482 -0.205337
0.573022 0.752161 -0.196979
0.598293 0.802310 -0.179856
0.657428 0.930829 -0.122155
0.717547 1.070152 -0.007450
0.272980 -0.296485 0.453126
0.276111 -0.295719 0.459346
0.277551 -0.294617 0.466952
0.284592 -0.292243 0.482893
0.291527 -0.288729 0.504118
0.301534 -0.282885 0.538682
0.313244 -0.276525 0.576567
0.329437 -0.266554 0.636156
0.347390 -0.254979 0.705398
0.302405 -0.148655 0.488063
0.305000 -0.146991 0.494149
0.308083 -0.144475 0.502819
0.312902 -0.139935 0.518223
0.325246 -0.128946 0.555033
0.366029 -0.087534 0.675360
0.411235 -0.027351 0.802783
0.441007 0.019662 0.874268
0.471931 0.075469 0.937928
0.581805 0.678632 0.141154
0.589950 0.690231 0.152187
0.597124 0.700715 0.162407
0.609320 0.720914 0.182494
0.689034 0.836358 0.314383
0.545817 0.354199 0.787375
0.559094 0.372132 0.797585
0.571210 0.389720 0.806889
0.593941 0.426407 0.824638
0.637028 0.487545 0.851055
0.650890 0.823618 0.138623
0.657970 0.837886 0.153551
0.671486 0.852584 0.170976
0.684472 0.880549 0.202212
0.713956 0.928244 0.259584
0.462661 0.424805 0.258224
0.466915 0.430078 0.264290
0.472537 0.437058 0.272305
0.478984 0.445090 0.281430
0.531040 0.511926 0.354152
0.294079 0.301954 -0.249133
0.299326 0.310082 -0.245689
0.304814 0.319512 -0.241800
0.316692 0.339661 -0.233516
0.374906 0.430103 -0.196388
0.386724 0.447767 -0.189229
0.553209 0.577346 0.284235
0.565500 0.593678 0.300945
0.576108 0.608225 0.315909
0.596994 0.636045 0.345021
0.641788 0.697755 0.409549
0.592285 0.757862 -0.043356
0.600873 0.770508 -0.034799
0.606969 0.783789 -0.025874
0.619335 0.805352 -0.010235
0.644905 0.852675 0.027604
0.871419 0.741522 1.294632
0.890751 0.774604 1.296444
0.902232 0.799334 1.297340
0.929999 0.847237 1.297704
0.938875 0.874249 1.297496
0.446171 0.218807 0.619627
0.458913 0.237298 0.641407
0.474718 0.260781 0.666081
0.503491 0.305100 0.705180
0.554393 0.385278 0.758297
0.606149 0.460189 0.795245
0.629212 0.493542 0.809694
0.288523 -0.092615 0.414619
0.292413 -0.089184 0.423996
0.297304 -0.085554 0.434309
0.307283 -0.077816 0.456560
0.332246 -0.055028 0.520410
0.282946 -0.050380 0.365181
0.287139 -0.046686 0.373400
0.291263 -0.042650 0.382412
0.298712 -0.035720 0.398472
0.315417 -0.020737 0.435529
0.335617 -0.001923 0.483496
0.362722 0.026359 0.550433
0.494537 0.255931 0.753286
0.505976 0.275746 0.769116
0.520564 0.297955 0.785491
0.545518 0.335806 0.810075
0.651176 0.494015 0.884796
0.665263 0.517549 0.894643
0.429370 -0.130157 0.982454
0.438860 -0.106404 1.019995
0.455025 -0.074929 1.059880
0.480697 -0.008139 1.119095
0.531674 0.127825 1.187548
0.312018 -0.078166 0.472083
0.317896 -0.073398 0.486045
0.322386 -0.068914 0.498624
0.336485 -0.055270 0.536101
0.370588 -0.017244 0.627336
0.639248 0.805402 0.116043
0.648043 0.815902 0.127273
0.651948 0.827990 0.139085
0.662360 0.847258 0.159646
0.685371 0.882571 0.200451
0.572563 0.751574 -0.198989
0.580165 0.766289 -0.194248
0.589950 0.785136 -0.187868
0.607195 0.824387 -0.173803
0.645960 0.908572 -0.136821
0.568125 0.631058 0.208436
0.570877 0.634227 0.211648
0.573022 0.637356 0.214720
0.577839 0.644078 0.221431
0.586894 0.656451 0.234039
0.632891 0.880577 -0.153313
0.640727 0.896797 -0.145746
0.651763 0.921418 -0.133317
0.669467 0.959269 -0.111377
0.701292 1.033276 -0.054735
0.770092 1.161029 0.134473
0.779862 1.175450 0.167220
0.446561 0.206950 0.639109
0.455095 0.219681 0.654092
0.466042 0.236173 0.672072
0.480822 0.257091 0.692946
0.517164 0.316007 0.741050
0.582534 0.410936 0.797003
0.570453 0.681293 0.059022
0.575181 0.688882 0.065223
0.583054 0.701828 0.076005
0.590434 0.713926 0.086412
0.608933 0.741542 0.111761
0.644493 0.799369 0.170166
0.674307 0.845551 0.222663
0.701833 0.886122 0.271423
0.538949 0.143052 1.204469
0.561302 0.186214 1.217217
0.578125 0.229155 1.227854
0.607729 0.296946 1.242024
0.650224 0.377454 1.255650
0.523489 0.602021 0.042913
0.526741 0.606508 0.046282
0.530720 0.612205 0.050618
0.536390 0.619796 0.056461
0.548906 0.637851 0.070692
0.573056 0.674664 0.101409
0.293433 0.137905 0.168504
0.299027 0.144556 0.177955
0.305944 0.152611 0.189480
0.318377 0.167490 0.211001
0.341573 0.194179 0.251978
0.366153 0.221031 0.297694
0.228366 -0.125081 0.256465
0.234069 -0.120610 0.268353
0.239667 -0.114521 0.283375
0.250495 -0.104550 0.307379
0.266122 -0.086874 0.347294
0.282328 -0.072614 0.380371
0.291436 -0.064116 0.400829
0.294627 -0.060517 0.409574
0.307073 0.184656 0.138382
0.312617 0.191478 0.147481
0.318981 0.199059 0.157675
0.330477 0.212849 0.176384
0.357951 0.245100 0.222087
0.334804 0.094337 0.374045
0.340172 0.099526 0.385518
0.345305 0.104293 0.396307
0.365063 0.124095 0.441157
0.385946 0.146420 0.488981
0.538246 0.597711 0.137494
0.546411 0.609406 0.147789
0.555852 0.622477 0.159646
0.572662 0.647875 0.183291
0.614755 0.706059 0.243285
0.646269 0.754737 0.297666
0.663352 0.776044 0.323047
0.679264 0.797855 0.348532
0.586649 0.684372 0.149398
0.594900 0.696385 0.161022
0.603967 0.709676 0.174255
0.620331 0.736080 0.201412
0.656400 0.786305 0.258472
0.688562 0.835078 0.315892
0.716235 0.874320 0.360845
0.716740 1.035270 0.064751
0.730136 1.047668 0.082712
0.732339 1.064921 0.105706
0.746591 1.088547 0.143142
0.774527 1.121544 0.202768
0.795112 1.143835 0.245812
0.305901 0.316189 -0.202296
0.310812 0.323009 -0.198743
0.316248 0.331877 -0.194278
0.325763 0.347593 -0.186383
0.346388 0.380145 -0.169949
0.368198 0.411737 -0.153865
0.766941 1.263319 0.026812
0.770896 1.271896 0.052538
0.785523 1.277137 0.073254
0.788753 1.287259 0.110214
0.806228 1.296801 0.154408
0.818851 1.304181 0.191697
0.825558 1.308453 0.214048
0.224891 -0.322130 0.317275
0.230245 -0.320699 0.331173
0.235415 -0.319082 0.346584
0.243935 -0.316513 0.371178
0.258316 -0.312772 0.408371
0.265630 -0.310369 0.433006
0.272884 -0.308208 0.453971
0.667562 0.401682 1.270843
0.669902 0.411670 1.271795
0.672956 0.417202 1.272298
0.679100 0.430500 1.273325
0.703182 0.462638 1.276323
0.739069 0.517379 1.282535
0.790420 0.596261 1.290931
0.598063 0.612644 0.412693
0.607291 0.624991 0.424551
0.618651 0.640614 0.439269
0.640956 0.669829 0.466186
0.682859 0.726430 0.515019
0.704577 0.755531 0.538546
0.725795 0.783744 0.560469
0.750009 0.816061 0.584716
0.539093 0.617196 0.079192
0.550908 0.634765 0.093508
0.561622 0.649965 0.106459
0.585747 0.686965 0.139608
0.632177 0.755092 0.209259
0.675090 0.817982 0.282057
0.694801 0.848753 0.318264
0.383812 -0.008718 0.669830
0.387181 -0.004829 0.677513
0.390276 -0.000957 0.684870
0.396327 0.008371 0.701762
0.409015 0.026761 0.732891
0.427016 0.053384 0.773063
0.338433 0.354476 -0.122613
0.344774 0.364524 -0.116254
0.351591 0.373766 -0.110279
0.365070 0.391923 -0.098554
0.392263 0.428112 -0.075418
0.420409 0.465397 -0.051860
0.451750 0.506599 -0.025731
0.686033 1.023283 -0.139296
0.688721 1.046468 -0.123246
0.702497 1.066691 -0.106232
0.711049 1.098485 -0.076042
0.740917 1.151167 -0.005961
0.601727 0.818479 -0.203885
0.606818 0.826007 -0.201385
0.609645 0.833528 -0.198912
0.616699 0.847701 -0.194027
0.622714 0.862980 -0.188592
0.217965 -0.346944 0.297490
0.222013 -0.345663 0.312822
0.226970 -0.344361 0.328668
0.237650 -0.342364 0.354061
0.251583 -0.339050 0.396929
0.258350 -0.337832 0.413993
0.261186 -0.336853 0.427530
0.266111 -0.335931 0.440721
0.268571 -0.335332 0.448331
0.587630 0.791898 -0.255808
0.596024 0.809134 -0.251787
0.604469 0.830975 -0.246476
0.622146 0.872496 -0.235346
0.660644 0.969053 -0.201331
0.699197 1.083480 -0.132060
0.502527 0.628914 -0.209633
0.507075 0.635809 -0.207612
0.513153 0.644954 -0.204883
0.523380 0.661653 -0.199835
0.545117 0.698940 -0.187913
0.567425 0.736687 -0.174695
0.593168 0.785253 -0.156021
0.720033 1.075171 -0.026108
0.721983 1.100992 0.004952
0.740259 1.115067 0.027601
0.757045 1.144105 0.078224
0.779025 1.176957 0.149860
0.788133 1.190366 0.182290
0.801583 1.203722 0.217708
0.318233 0.049044 0.374078
0.323555 0.053978 0.384956
0.329903 0.060023 0.398607
0.344246 0.073262 0.429666
0.373877 0.104239 0.499602
0.773243 1.035914 0.296483
0.776315 1.045226 0.307883
0.783039 1.051791 0.316571
0.793131 1.064481 0.333164
0.819567 1.096746 0.377448
0.510683 0.637080 -0.180642
0.521130 0.653715 -0.174898
0.531290 0.670116 -0.169012
0.661188 0.916455 -0.041912
0.691129 0.975871 0.009153
0.483522 0.532724 0.048389
0.496507 0.549757 0.061333
0.509553 0.567504 0.075030
0.536418 0.604378 0.104898
0.666943 0.795802 0.300379
0.378421 -0.202549 0.812693
0.381875 -0.199449 0.824875
0.386148 -0.195374 0.840072
0.393843 -0.186965 0.868927
0.401505 -0.177411 0.898051
0.625703 0.856794 -0.141535
0.636308 0.879607 -0.130519
0.644563 0.899327 -0.120323
0.666861 0.950224 -0.089795
0.710264 1.039057 -0.013879
0.738210 1.098757 0.063699
0.749952 1.119388 0.098484
0.762453 1.136592 0.131627
0.533585 0.599139 0.106376
0.541808 0.610811 0.116186
0.550071 0.622833 0.126516
0.568213 0.648522 0.149611
0.612069 0.712141 0.212636
0.420320 0.165206 0.595164
0.432078 0.182596 0.619869
0.444570 0.199691 0.642147
0.470427 0.239266 0.686122
0.524778 0.322817 0.755393
0.548103 0.440591 0.609462
0.562107 0.460283 0.621942
0.578165 0.482360 0.634916
0.593509 0.503757 0.646680
0.624977 0.551149 0.671121
0.672665 0.758276 0.406164
0.679079 0.767101 0.415453
0.685727 0.776232 0.424942
0.698526 0.793883 0.442579
0.727577 0.830188 0.476895
0.588845 0.720391 0.058527
0.599433 0.735588 0.071681
0.609720 0.751432 0.085844
0.629555 0.784985 0.117432
0.668075 0.844728 0.181344
0.690923 0.884546 0.227401
0.721541 0.927322 0.279761
0.355973 0.366427 -0.065259
0.359487 0.371911 -0.061268
0.364305 0.377688 -0.056923
0.371405 0.386898 -0.050097
0.384659 0.404817 -0.036985
0.556376 0.730457 -0.278482
0.572667 0.762236 -0.272194
0.589870 0.797977 -0.264698
0.625632 0.884307 -0.243657
0.703273 1.095958 -0.139574
0.735500 1.183239 -0.036644
0.277683 -0.035169 0.338670
0.283220 -0.030053 0.349067
0.288703 -0.025573 0.358523
0.297281 -0.016278 0.378032
0.351449 0.034552 0.500251
0.541130 0.679526 -0.131239
0.555987 0.703786 -0.120198
0.571813 0.731723 -0.106666
0.603713 0.788468 -0.075777
0.669390 0.912989 0.014101
0.326097 -0.070054 0.513245
0.335421 -0.061335 0.537433
0.347274 -0.048873 0.569869
0.371562 -0.021202 0.634504
0.441180 0.079739 0.799953
0.517682 0.211568 0.924743
0.554930 0.285473 0.970204
0.587390 0.329301 0.992200
0.518889 0.335529 0.705674
0.527966 0.349669 0.715448
0.537335 0.364097 0.724814
0.554795 0.393855 0.742332
0.591386 0.446927 0.769356
0.629298 0.500559 0.793231
0.643009 0.521912 0.802403
0.657945 0.543064 0.811678
0.544832 0.683383 -0.115894
0.553361 0.696281 -0.109647
0.572471 0.729441 -0.092766
0.581848 0.745502 -0.084012
0.615259 0.807268 -0.046607
0.662549 0.899511 0.024183
0.415747 0.464365 -0.071093
0.422702 0.473695 -0.065473
0.428965 0.481921 -0.060560
0.443067 0.500429 -0.049385
0.472840 0.539293 -0.025358
0.496253 0.570609 -0.005101
0.529886 0.618153 0.027792
0.354777 0.362060 -0.057972
0.358110 0.366917 -0.054304
0.363726 0.373620 -0.049123
0.367898 0.380022 -0.044357
0.381498 0.397004 -0.031436
0.433103 0.462348 0.017312
0.447708 0.481103 0.031278
0.462978 0.500187 0.045690
0.608597 0.682238 0.282297
0.617771 0.696297 0.297565
0.628078 0.710302 0.313325
0.648477 0.735949 0.342856
0.683836 0.787278 0.399690
0.723192 0.837256 0.450639
0.745623 0.866587 0.477325
0.761122 0.887565 0.495404
0.620117 0.779603 0.065964
0.625092 0.789240 0.074494
0.635502 0.806861 0.090945
0.646999 0.827344 0.110950
0.672223 0.873743 0.160026
0.431474 0.103385 0.727167
0.442802 0.121293 0.749823
0.457989 0.146634 0.778815
0.488093 0.195156 0.826350
0.538435 0.287108 0.893757
0.564578 0.326703 0.916476
0.310205 -0.257123 0.559404
0.316771 -0.253028 0.581622
0.328194 -0.244905 0.625092
0.351634 -0.228845 0.709214
0.428355 -0.141369 0.991182
0.406487 0.279765 0.348619
0.414525 0.288769 0.364327
0.422921 0.297978 0.380162
0.441129 0.319070 0.414240
0.511163 0.408467 0.521890
0.549167 0.461640 0.564830
0.591538 0.595733 0.424497
0.602494 0.610394 0.438136
0.610542 0.621049 0.447886
0.626936 0.643365 0.467794
0.722941 0.772406 0.571903
0.610724 0.856552 -0.296366
0.615708 0.869672 -0.293779
0.627062 0.896698 -0.288036
0.638371 0.926894 -0.280770
0.665214 1.001542 -0.257357
0.716750 1.161214 -0.156121
0.383369 0.278447 0.256638
0.389984 0.286009 0.268327
0.397068 0.293956 0.280788
0.407392 0.305663 0.299267
0.446381 0.350396 0.368333
0.461789 0.368657 0.394171
0.491119 0.405242 0.439865
0.373305 -0.217048 0.799087
0.387764 -0.204143 0.851865
0.401983 -0.187735 0.906395
0.438349 -0.125675 1.034747
0.518705 0.087046 1.195028
0.573131 0.215983 1.233451
0.603754 0.268686 1.244980
0.591272 0.301387 1.097482
0.602225 0.322435 1.104792
0.618119 0.347478 1.112900
0.637808 0.380870 1.122619
0.665943 0.430870 1.134986
0.685145 0.463238 1.142044
0.704925 0.489000 1.148169
0.717289 0.507754 1.153396
0.663551 0.955661 -0.138470
0.676764 0.987561 -0.119250
0.691268 1.023741 -0.093226
0.714008 1.083544 -0.036166
0.780331 1.184018 0.141330
0.741321 1.138801 0.015678
0.748011 1.155350 0.044397
0.759969 1.166517 0.067840
0.771822 1.186143 0.112200
0.789017 1.208433 0.170644
0.799577 1.215925 0.193336
0.806584 1.223181 0.214791
0.568781 0.551192 0.431555
0.580586 0.567069 0.445970
0.590437 0.580389 0.457729
0.614806 0.613480 0.485761
0.658753 0.673190 0.532945
0.684312 0.707771 0.558825
0.600938 0.783757 -0.070438
0.608503 0.795371 -0.063211
0.627542 0.831201 -0.039771
0.655445 0.888690 0.003554
0.697954 0.972299 0.085251
0.727542 1.017226 0.142523
0.457036 0.167319 0.742983
0.461404 0.172568 0.748824
0.464952 0.177845 0.754442
0.472690 0.188942 0.765787
0.484154 0.210929 0.786288
0.492159 0.223321 0.797204
0.349326 0.399698 -0.288320
0.352256 0.404535 -0.287001
0.356093 0.409725 -0.285537
0.361701 0.419203 -0.283008
0.372409 0.437236 -0.278226
0.395338 0.472062 -0.269029
0.552097 0.659919 0.016706
0.556587 0.666952 0.021851
0.562409 0.675692 0.028373
0.568136 0.684615 0.035202
0.588169 0.716183 0.060565
0.623396 0.774652 0.113128
0.338889 0.044673 0.444445
0.341839 0.047541 0.451337
0.345733 0.051508 0.460759
0.349342 0.055268 0.469603
0.364356 0.070999 0.505474
0.396262 0.108312 0.579539
0.424458 0.402779 0.141209
0.430424 0.410139 0.148584
0.434257 0.414834 0.153314
0.439707 0.421464 0.160001
0.454965 0.440379 0.179060
0.483862 0.477032 0.215998
0.512891 0.514636 0.253926
0.542321 0.554194 0.293939
0.454964 0.557993 -0.228247
0.458921 0.563978 -0.226637
0.462675 0.569832 -0.225109
0.468795 0.578529 -0.222776
0.483928 0.600654 -0.216717
0.399369 0.026365 0.693588
0.414607 0.048316 0.729105
0.432056 0.075012 0.767184
0.472576 0.140024 0.842219
0.547421 0.275829 0.945316
0.615833 0.388211 0.999047
0.637496 0.420921 1.011403
0.679616 1.071650 -0.272552
0.691084 1.102309 -0.256292
0.698923 1.141113 -0.231223
0.716407 1.191614 -0.188034
0.744673 1.269331 -0.081351
0.785366 1.320410 0.062948
0.566074 0.753911 -0.337831
0.572639 0.768546 -0.335901
0.656528 0.989811 -0.293442
0.712480 1.175318 -0.188776
0.733499 1.251195 -0.092874
0.762578 1.287537 -0.014307
0.362831 0.270104 0.191730
0.367260 0.275156 0.198621
0.372699 0.281593 0.207431
0.382267 0.292689 0.222878
0.402011 0.315472 0.255380
0.417514 0.333361 0.281342
0.292221 0.079106 0.249798
0.295221 0.083965 0.257143
0.305327 0.095330 0.275562
0.341821 0.133538 0.345900
0.367040 0.158665 0.399732
0.402234 0.196684 0.478264
0.330761 -0.134278 0.577209
0.340402 -0.125006 0.606913
0.351790 -0.113443 0.641725
0.374372 -0.088604 0.708684
0.491445 0.105241 0.987452
0.332632 0.205784 0.197693
0.338061 0.212262 0.206978
0.343187 0.218267 0.215744
0.352557 0.228993 0.231812
0.372055 0.250878 0.266252
0.285320 -0.173864 0.449585
0.289134 -0.171026 0.460323
0.294652 -0.167630 0.473337
0.306234 -0.159126 0.504777
0.338507 -0.130205 0.603965
0.464526 0.048239 0.943376
0.435884 0.414803 0.160596
0.440736 0.420785 0.166718
0.445917 0.427178 0.173208
0.454457 0.437704 0.183953
0.472501 0.460441 0.207105
0.509425 0.508029 0.255546
0.544663 0.554884 0.303230
0.778067 1.070385 0.275668
0.779128 1.074705 0.281471
0.785071 1.077820 0.286658
0.791141 1.087522 0.300622
0.834841 1.137725 0.379755
0.449090 0.157378 0.724642
0.461962 0.177517 0.746946
0.477653 0.200358 0.770086
0.501779 0.242743 0.806788
0.549740 0.324945 0.862481
0.582187 0.371042 0.887030
0.611925 0.417208 0.908106
0.390029 0.209173 0.409324
0.391841 0.211166 0.413362
0.393868 0.213140 0.417419
0.397802 0.217522 0.426064
0.405694 0.226502 0.443302
0.409770 0.231074 0.451865
0.413030 0.234791 0.458633
0.417015 0.239260 0.466624
0.421654 0.244794 0.476125
0.350973 -0.058431 0.592648
0.352801 -0.056178 0.598128
0.355272 -0.053589 0.604656
0.360774 -0.047665 0.619019
0.370994 -0.035042 0.647666
0.383877 -0.020339 0.678930
0.431549 0.175794 0.627883
0.443679 0.192348 0.649468
0.454829 0.209437 0.669607
0.474139 0.239997 0.701516
0.521368 0.311667 0.760774
0.461165 0.353948 0.424895
0.463277 0.356535 0.428394
0.466340 0.360450 0.433571
0.470122 0.365227 0.439756
0.478677 0.375953 0.453104
0.612886 0.768939 0.054199
0.620003 0.780102 0.064036
0.627945 0.793733 0.076294
0.641087 0.815297 0.096817
0.674039 0.869286 0.153471
0.754229 0.993713 0.303233
0.209852 -0.086740 0.156212
0.214333 -0.081722 0.169351
0.220707 -0.075308 0.185334
0.232698 -0.061835 0.215448
0.254916 -0.036481 0.265408
0.270374 -0.019426 0.296727
0.288441 0.001815 0.335514
0.421263 -0.163201 0.981902
0.427142 -0.151906 1.003665
0.433778 -0.144976 1.016269
0.444767 -0.123725 1.048683
0.480706 -0.022268 1.145941
0.502072 0.037626 1.179987
0.335183 0.140632 0.313397
0.338642 0.144228 0.320250
0.342775 0.148315 0.328243
0.349908 0.155580 0.342780
0.364797 0.170604 0.374150
0.448644 0.544405 -0.195089
0.452328 0.549409 -0.193454
0.456257 0.554911 -0.191660
0.462697 0.564305 -0.188588
0.479891 0.588352 -0.180514
0.510937 0.634645 -0.164086
0.549186 0.696238 -0.139617
0.567662 0.727416 -0.125754
0.422007 0.425226 0.070664
0.431575 0.437214 0.081011
0.442037 0.450277 0.092331
0.458989 0.471543 0.110788
0.476281 0.493408 0.129933
0.494372 0.517057 0.150845
0.532862 0.568886 0.198131
0.272592 0.120089 0.119966
0.278524 0.127679 0.130821
0.284494 0.134883 0.141064
0.298657 0.151806 0.164852
0.324341 0.182578 0.208578
0.434690 0.492797 -0.067530
0.438982 0.498157 -0.064360
0.442993 0.503816 -0.061112
0.451908 0.515755 -0.054121
0.462538 0.529463 -0.045949
0.371723 0.438559 -0.308037
0.374700 0.443232 -0.306981
0.379456 0.451696 -0.305117
0.387726 0.461925 -0.302731
0.399611 0.481344 -0.298523
0.427100 0.521902 -0.290130
0.454594 0.563252 -0.282272
0.469471 0.585264 -0.278143
0.428498 0.267709 0.462691
0.438818 0.280208 0.482376
0.450293 0.294550 0.503048
0.473654 0.325406 0.541329
0.519986 0.390614 0.601866
0.562406 0.674818 0.031613
0.569607 0.685736 0.040077
0.579261 0.701191 0.052347
0.593776 0.724711 0.071969
0.623863 0.773584 0.116818
0.561573 0.656724 0.085456
0.569632 0.669032 0.095865
0.580281 0.685665 0.110390
0.595874 0.708867 0.131816
0.631448 0.762765 0.186420
0.662341 0.809539 0.239185
0.676355 0.832489 0.266032
0.691744 0.851341 0.289222
0.387038 0.454887 -0.233939
0.390949 0.461366 -0.231884
0.396577 0.468695 -0.229467
0.404804 0.480640 -0.225662
0.421764 0.506383 -0.217674
0.433683 0.523799 -0.212302
0.424638 0.208201 0.549780
0.428556 0.213077 0.557164
0.433041 0.219165 0.566022
0.440912 0.230097 0.581037
0.472440 0.274644 0.633093
0.507331 0.155476 0.977653
0.510135 0.163130 0.983029
0.516985 0.169307 0.987646
0.522662 0.186482 0.998750
0.527731 0.202290 1.008266
0.448586 0.397449 0.264386
0.452558 0.402271 0.270322
0.456888 0.407522 0.276729
0.464533 0.416864 0.288067
0.479977 0.435941 0.310794
0.592060 0.693251 0.156819
0.594678 0.696357 0.159962
0.596826 0.699828 0.163298
0.601568 0.707473 0.170832
0.612210 0.722067 0.185914
0.499413 0.628841 -0.252699
0.508090 0.642505 -0.249606
0.521463 0.664001 -0.244611
0.544344 0.703498 -0.234955
0.570866 0.751644 -0.222164
0.364195 0.112953 0.452736
0.369430 0.118154 0.464416
0.375654 0.124732 0.478668
0.383786 0.134137 0.498087
0.404806 0.158858 0.544681
0.455404 0.228068 0.642357
0.432380 0.422108 0.125511
0.439401 0.430735 0.133725
0.447542 0.440749 0.143270
0.460688 0.457419 0.159133
0.490091 0.494919 0.195076
0.512149 0.523735 0.222991
0.542289 0.564148 0.262834
0.343175 0.278841 0.095088
0.350344 0.287571 0.105096
0.358556 0.297422 0.116419
0.374464 0.316549 0.138454
0.402937 0.350646 0.178188
0.429114 0.382064 0.215246
0.445240 0.401588 0.238306
0.461678 0.421695 0.261884
0.392077 0.410864 -0.019829
0.396032 0.415596 -0.016257
0.400516 0.420814 -0.012297
0.409575 0.432490 -0.003594
0.429044 0.457041 0.014709
0.439171 0.469845 0.024263
0.456607 0.491767 0.040747
0.472435 0.079926 0.934693
0.485923 0.104900 0.957677
0.499104 0.132724 0.980212
0.520794 0.173247 1.008705
0.558442 0.254375 1.052809
0.621966 0.369338 1.096838
0.654301 0.417639 1.110685
0.674824 0.452257 1.119147
0.680793 0.461462 1.121331
0.325121 0.095230 0.341671
0.329128 0.098801 0.349077
0.332806 0.102732 0.357116
0.340271 0.109649 0.372027
0.353548 0.122687 0.400923
0.385311 0.155455 0.472720
0.412140 0.187105 0.531907
0.434538 0.216544 0.577050
0.349059 0.329080 0.005237
0.355502 0.337013 0.012639
0.362710 0.345871 0.020846
0.378187 0.365003 0.038393
0.408078 0.401968 0.071814
0.425026 0.422976 0.090665
0.298347 -0.313677 0.534539
0.307128 -0.309191 0.564018
0.316985 -0.304144 0.597733
0.343260 -0.290206 0.696890
0.379255 -0.268597 0.843387
0.442357 -0.178957 1.091916
0.527539 0.077245 1.262583
0.384521 -0.300487 0.872721
0.405243 -0.281774 0.965855
0.439506 -0.225601 1.102234
0.494706 -0.037769 1.264475
0.591455 0.222983 1.329860
0.638564 0.328506 1.343413
0.576267 0.760028 -0.200914
0.582353 0.771824 -0.197141
0.589212 0.784631 -0.192880
0.600735 0.809932 -0.184209
0.626197 0.864057 -0.163302
0.708715 1.066608 -0.025988
0.735861 1.102341 0.021515
0.750010 1.132546 0.070312
0.468785 0.542320 -0.056584
0.474256 0.549576 -0.052414
0.480389 0.557881 -0.047545
0.490378 0.571627 -0.039363
0.512143 0.601612 -0.020723
0.474120 0.561519 -0.097030
0.488086 0.581142 -0.087106
0.500724 0.599005 -0.077749
0.528617 0.639875 -0.054922
0.588666 0.733494 0.007108
0.623831 0.794042 0.056096
0.653044 0.843297 0.102619
0.230171 -0.237963 0.315565
0.234801 -0.235362 0.328019
0.241523 -0.230924 0.348542
0.265995 -0.216155 0.415812
0.280454 -0.208026 0.453556
0.605481 0.746572 0.076808
0.612135 0.756796 0.086043
0.620385 0.769496 0.097924
0.634068 0.793763 0.121250
0.665916 0.840144 0.171264
0.682505 0.873395 0.208508
0.703271 0.907332 0.249021
0.476141 0.562718 -0.089454
0.482952 0.572197 -0.084563
0.492116 0.585830 -0.077454
0.578857 0.714655 0.002762
0.607756 0.763095 0.040389
0.472659 0.583163 -0.215706
0.479700 0.593107 -0.212888
0.486753 0.604163 -0.209743
0.500188 0.623788 -0.203939
0.532844 0.675560 -0.187627
0.561438 0.724023 -0.170637
0.721031 0.501438 1.222176
0.732209 0.513090 1.224288
0.743584 0.530211 1.227406
0.767430 0.564888 1.233578
0.816859 0.658234 1.248094
0.870131 0.744097 1.257647
0.295335 -0.158810 0.473295
0.300752 -0.155422 0.485931
0.307326 -0.150434 0.503695
0.321119 -0.138704 0.544412
0.355569 -0.104980 0.648769
0.293479 0.124392 0.189456
0.304987 0.138098 0.209452
0.311882 0.146518 0.221888
0.323422 0.160118 0.242666
0.402762 0.245159 0.398714
0.345771 0.328239 -0.007168
0.351743 0.335708 -0.000335
0.362413 0.349260 0.011914
0.373137 0.362213 0.023621
0.400707 0.396710 0.054212
0.598144 0.671714 0.251486
0.599790 0.675268 0.255051
0.602372 0.678787 0.258839
0.606980 0.685385 0.265924
0.616636 0.696943 0.278917
0.248564 -0.096061 0.297513
0.253679 -0.090614 0.309636
0.258822 -0.086250 0.319466
0.267656 -0.076847 0.339886
0.284032 -0.060745 0.375447
0.293024 -0.051761 0.396238
0.308537 -0.038029 0.430485
0.443035 0.517550 -0.111654
0.447408 0.524061 -0.108542
0.453634 0.532271 -0.104469
0.463753 0.546183 -0.097615
0.485426 0.575797 -0.082457
0.507266 0.606105 -0.066053
0.227526 -0.169921 0.277609
0.231330 -0.165648 0.290870
0.236233 -0.161382 0.303981
0.244535 -0.154177 0.325415
0.262476 -0.139533 0.367447
0.271164 -0.130899 0.391550
0.283394 -0.122416 0.416757
0.408646 0.483721 -0.198087
0.414364 0.491079 -0.195421
0.418857 0.498147 -0.192931
0.429164 0.513318 -0.187570
0.454146 0.548755 -0.175010
0.477703 0.581833 -0.162961
0.506308 0.623925 -0.146677
0.336272 0.060002 0.419142
0.340169 0.063598 0.427683
0.345265 0.068297 0.438898
0.353756 0.077078 0.459326
0.365353 0.089151 0.486729
0.385370 0.111910 0.533988
0.668758 0.415765 1.303876
0.675554 0.415656 1.303729
0.677053 0.424114 1.304296
0.685046 0.432903 1.304663
0.709920 0.470701 1.307572
0.466226 0.517230 0.010163
0.471632 0.524652 0.015343
0.478882 0.534023 0.021929
0.488502 0.546356 0.030793
0.511239 0.577122 0.053460
0.378105 0.413073 -0.099409
0.382289 0.419690 -0.095459
0.389115 0.428662 -0.089969
0.398917 0.441491 -0.082166
0.425915 0.477134 -0.060587
0.444704 0.501597 -0.045693
0.574963 0.766920 -0.270870
0.580229 0.777460 -0.268669
0.586849 0.791426 -0.265735
0.597690 0.815444 -0.260457
0.619466 0.865822 -0.248231
0.666184 0.992105 -0.204548
0.707978 1.110471 -0.125997
0.309201 0.217214 0.087170
0.316114 0.225518 0.097496
0.321970 0.232656 0.106325
0.334952 0.248352 0.125753
0.381556 0.303771 0.196117
0.408827 0.335693 0.238618
0.688524 1.063565 -0.181597
0.695262 1.078175 -0.171538
0.701531 1.095186 -0.158760
0.714451 1.126471 -0.131166
0.724080 1.153651 -0.102014
0.732427 1.177086 -0.071611
0.738452 1.196530 -0.041486
0.414754 0.367578 0.188095
0.420049 0.373953 0.195474
0.425518 0.380543 0.203130
0.434812 0.391745 0.216156
0.453768 0.414892 0.242979
0.493149 0.463975 0.298660
0.524482 0.504326 0.342267
0.565032 0.557982 0.396623
0.423297 0.505958 -0.202527
0.429876 0.516449 -0.199077
0.439088 0.529491 -0.194740
0.451825 0.547933 -0.188622
0.487913 0.599733 -0.170825
0.528086 0.660336 -0.147775
0.474281 0.482434 0.152844
0.478321 0.487475 0.157472
0.482495 0.492859 0.162464
0.489733 0.502327 0.171179
0.505350 0.522954 0.190386
0.534658 0.562277 0.227848
0.588239 0.635994 0.302212
0.326017 0.101031 0.335240
0.331657 0.107164 0.347373
0.337698 0.112952 0.359482
0.378676 0.154146 0.450001
0.403632 0.182153 0.505622
0.421728 0.204331 0.543283
0.430270 0.399611 0.175461
0.436836 0.407602 0.184052
0.444725 0.417334 0.194473
0.459354 0.435469 0.213850
0.490415 0.474700 0.255548
0.510173 0.500085 0.282245
0.525393 0.520004 0.302990
0.540666 0.540277 0.323898
0.666777 0.855054 0.143653
0.666493 0.859665 0.147955
0.669876 0.863498 0.152472
0.671956 0.872250 0.161477
0.685923 0.884230 0.176808
0.690074 0.901215 0.195300
0.599325 0.414897 0.868143
0.610533 0.430317 0.874934
0.615482 0.441862 0.879903
0.637335 0.471101 0.891982
0.667286 0.518854 0.911676
0.564138 0.265936 1.037173
0.569961 0.271668 1.039977
0.567086 0.280160 1.043582
0.576668 0.290121 1.048157
0.590859 0.310262 1.056713
0.273852 -0.331739 0.458530
0.275493 -0.331062 0.464551
0.277695 -0.330161 0.471485
0.282086 -0.328482 0.483578
0.295273 -0.322142 0.525427
0.341911 -0.298738 0.691476
0.412316 0.501203 -0.292298
0.418213 0.509506 -0.290557
0.422624 0.515702 -0.289260
0.434067 0.532755 -0.285889
0.456212 0.564943 -0.279711
0.533239 0.687305 -0.275167
0.542201 0.703434 -0.271996
0.552852 0.722283 -0.268140
0.574196 0.763857 -0.259285
0.619059 0.864804 -0.234334
0.621109 0.852064 -0.161769
0.624168 0.859417 -0.158692
0.630525 0.873090 -0.152712
0.634210 0.881792 -0.148738
0.666116 0.954912 -0.109565
0.667333 0.429386 1.159703
0.669297 0.438949 1.161612
0.678107 0.444947 1.162605
0.685054 0.455270 1.164382
0.758342 0.562182 1.189659
0.782472 0.597438 1.197683
0.355032 0.056489 0.487350
0.365897 0.068203 0.513673
0.377155 0.081351 0.541167
0.402133 0.112220 0.598176
0.465297 0.202532 0.717856
0.514897 0.285225 0.789546
0.478169 0.306227 0.598535
0.481489 0.309968 0.602404
0.484249 0.314498 0.606788
0.488791 0.321050 0.612994
0.504466 0.343985 0.633054
0.412775 0.501390 -0.309356
0.417747 0.509825 -0.307801
0.423904 0.518786 -0.306154
0.436537 0.537221 -0.302875
0.464153 0.578585 -0.295935
0.492759 0.621224 -0.288619
0.531594 0.685115 -0.276854
0.526448 0.391154 0.630732
0.534736 0.403143 0.639034
0.542521 0.415636 0.647163
0.560284 0.440364 0.662179
0.594336 0.487959 0.687594
0.630698 0.540196 0.712679
0.645283 0.560935 0.722399
0.440345 0.515059 -0.114505
0.444516 0.520439 -0.111891
0.448841 0.526052 -0.109154
0.456516 0.536876 -0.103885
0.474202 0.560343 -0.092136
0.264480 -0.067306 0.321653
0.266843 -0.063678 0.328893
0.271600 -0.059927 0.336934
0.275837 -0.053753 0.349368
0.287295 -0.043467 0.371659
0.308268 -0.023984 0.417075
0.328448 -0.006244 0.462230
0.362620 0.029107 0.546840
0.347750 -0.245680 0.702024
0.357135 -0.239474 0.736280
0.366511 -0.231455 0.777340
0.389690 -0.212099 0.862793
0.444437 -0.125327 1.057510
0.509469 0.047792 1.191635
0.565580 0.205042 1.240910
0.633722 0.884986 -0.161471
0.645429 0.909103 -0.150368
0.657834 0.936041 -0.136666
0.680453 0.989644 -0.103907
0.697602 1.039664 -0.064317
0.647084 0.362164 1.260759
0.649205 0.376986 1.262771
0.657789 0.389069 1.264388
0.668326 0.407212 1.266499
0.674903 0.421312 1.267719
0.682702 0.434310 1.268802
0.527709 0.345136 0.731689
0.541222 0.364592 0.744078
0.554904 0.384192 0.755549
0.578026 0.421165 0.774916
0.624053 0.486326 0.804534
0.657412 0.532583 0.824392
0.672597 0.559839 0.836564
0.691133 0.583759 0.847916
0.571083 0.252178 1.097759
0.586609 0.288772 1.111325
0.602610 0.318696 1.121328
0.627753 0.361405 1.133999
0.658522 0.416679 1.147604
0.674789 0.441800 1.152676
0.687032 0.460702 1.156407
0.590203 0.802204 -0.290556
0.593357 0.808756 -0.289331
0.597593 0.818165 -0.287564
0.603389 0.833059 -0.284685
0.608109 0.850723 -0.281176
0.728069 0.508909 1.226624
0.737453 0.524705 1.229539
0.749465 0.537143 1.231668
0.771443 0.582386 1.239468
0.827063 0.665062 1.251344
0.459942 0.083633 0.868758
0.462095 0.089831 0.875300
0.468650 0.098530 0.884658
0.475406 0.113461 0.899278
0.492346 0.144899 0.927388
0.363211 0.285444 0.160988
0.366683 0.289589 0.166196
0.370856 0.294574 0.172485
0.378354 0.303408 0.183734
0.393323 0.321056 0.206507
0.560434 0.604631 0.241520
0.571065 0.619548 0.256480
0.582063 0.634862 0.272185
0.602868 0.664333 0.303292
0.646540 0.721992 0.367238
0.675814 0.762040 0.410740
0.565674 0.722468 -0.121526
0.568311 0.727319 -0.119238
0.571536 0.733239 -0.116405
0.577667 0.744409 -0.110994
0.590158 0.765853 -0.099962
0.446843 0.431697 0.165114
0.454705 0.441558 0.174957
0.462514 0.451240 0.184653
0.476123 0.468474 0.201910
0.517543 0.522331 0.255879
0.529188 0.537812 0.271494
0.559521 0.578531 0.312860
0.553061 0.727056 -0.315082
0.560096 0.740596 -0.313042
0.566653 0.753055 -0.311105
0.577572 0.777307 -0.307284
0.598922 0.825064 -0.299207
0.656977 0.978799 -0.262000
0.300243 0.077491 0.282847
0.304732 0.082257 0.290960
0.309844 0.087238 0.299734
0.318697 0.096924 0.317121
0.348930 0.127512 0.379355
0.361761 0.139764 0.406684
0.396050 0.475132 -0.298819
0.400644 0.481873 -0.297338
0.404769 0.489330 -0.295790
0.414357 0.502391 -0.292989
0.430401 0.528433 -0.287816
0.325673 0.075708 0.367039
0.332138 0.081951 0.380600
0.339703 0.088995 0.396515
0.354748 0.103464 0.429816
0.428138 0.189427 0.591874
0.437490 -0.037687 0.925898
0.461466 0.010286 0.985139
0.486600 0.063990 1.033903
0.532511 0.166361 1.096752
0.573363 0.247053 1.130264
0.613139 0.319131 1.152967
0.279678 -0.041881 0.349498
0.282696 -0.039453 0.354665
0.285728 -0.035802 0.362155
0.290966 -0.030898 0.372721
0.300729 -0.021498 0.393716
0.323093 -0.001865 0.441797
0.348202 0.022100 0.501209
0.384833 0.064089 0.590751
0.532495 0.686768 -0.280580
0.545749 0.711674 -0.275843
0.558895 0.733788 -0.271365
0.588456 0.794241 -0.258518
0.648438 0.937697 -0.218068
0.433456 0.480908 -0.033987
0.440907 0.490261 -0.027903
0.451385 0.503847 -0.019039
0.468916 0.526204 -0.004189
0.504855 0.574116 0.028974
0.271251 -0.048734 0.329415
0.277032 -0.043011 0.340987
0.281595 -0.037364 0.352239
0.287607 -0.032896 0.361980
0.291168 -0.028031 0.371951
0.373542 0.436171 -0.239621
0.379075 0.442353 -0.237463
0.382212 0.448328 -0.235587
0.390953 0.461648 -0.231291
0.407752 0.484955 -0.223773
0.418610 0.501432 -0.218645
0.435755 0.526411 -0.210943
0.454884 0.565790 -0.327342
0.459941 0.573341 -0.326317
0.467018 0.584164 -0.324847
0.480010 0.602791 -0.322280
0.511469 0.652667 -0.315099
0.534759 0.693365 -0.308926
0.575191 0.770323 -0.296259
0.224345 0.157297 -0.195336
0.227418 0.162744 -0.189922
0.229884 0.166968 -0.185765
0.236318 0.177814 -0.175300
0.250663 0.201653 -0.153196
0.268348 0.229123 -0.128587
0.280547 0.247721 -0.112309
0.466668 0.469914 0.152244
0.477254 0.483219 0.164674
0.487764 0.496920 0.177483
0.512883 0.529978 0.208775
0.556131 0.588668 0.266178
0.226048 -0.122088 0.246421
0.231759 -0.116404 0.261032
0.240188 -0.108893 0.279670
0.250740 -0.097268 0.306503
0.298843 -0.051037 0.412416
0.312776 -0.022860 0.428244
0.317734 -0.018663 0.439013
0.322886 -0.013665 0.451664
0.337559 0.000377 0.487202
0.379538 0.047085 0.591390
0.572569 0.760395 -0.258957
0.581415 0.778497 -0.254896
0.592938 0.802080 -0.249340
0.613356 0.851486 -0.236751
0.656521 0.963717 -0.198404
0.698536 1.071622 -0.134459
0.720696 1.129566 -0.078193
0.740174 1.168332 -0.024137
0.396547 0.008409 0.703140
0.399846 0.013014 0.711231
0.403108 0.018067 0.719787
0.409715 0.027265 0.735011
0.424038 0.048405 0.767225
0.481967 0.239901 0.725388
0.497472 0.265678 0.747761
0.515791 0.298366 0.772657
0.549511 0.350517 0.806212
0.597858 0.427868 0.845305
0.547047 0.533558 0.373790
0.556204 0.545642 0.385888
0.566521 0.559398 0.399384
0.585410 0.584725 0.423539
0.602291 0.607202 0.444295
0.447745 0.495387 -0.010428
0.451844 0.500584 -0.006905
0.458523 0.508985 -0.001179
0.468590 0.521928 0.007713
0.487476 0.547070 0.025299
0.528383 0.602932 0.066926
0.581850 0.681804 0.133776
0.603831 0.714122 0.164982
0.433168 0.531054 -0.280644
0.436598 0.535947 -0.279649
0.441500 0.543178 -0.278206
0.447988 0.553182 -0.276225
0.463565 0.576075 -0.271697
0.497411 0.627592 -0.261220
0.282524 0.006760 0.309763
0.288122 0.012386 0.320026
0.294626 0.019394 0.332979
0.304834 0.030321 0.354094
0.328404 0.052392 0.402227
0.453345 0.289468 0.526783
0.465546 0.305261 0.546460
0.477377 0.321771 0.564874
0.503850 0.358985 0.600288
0.555122 0.432836 0.652911
0.440709 0.539846 -0.255783
0.449232 0.552066 -0.252946
0.457063 0.564097 -0.250191
0.477014 0.593131 -0.243395
0.520706 0.660445 -0.226613
0.558382 0.724662 -0.208560
0.586342 0.778613 -0.191501
0.616370 0.841185 -0.168723
0.407440 0.486268 -0.219055
0.412897 0.493673 -0.216632
0.418883 0.501785 -0.213997
0.430229 0.518057 -0.208859
0.454683 0.553251 -0.197790
0.473149 0.579849 -0.189267
0.495893 0.613710 -0.177975
0.341226 0.363922 -0.137931
0.350081 0.377004 -0.130162
0.356062 0.385565 -0.125047
0.413618 0.463942 -0.078644
0.444107 0.503702 -0.055157
0.536037 0.666906 -0.113329
0.545831 0.683418 -0.105354
0.557455 0.700738 -0.096454
0.579947 0.739486 -0.075414
0.627042 0.824727 -0.020164
0.675574 0.917972 0.059386
0.296303 -0.219192 0.500274
0.299596 -0.217188 0.509444
0.302633 -0.214804 0.520032
0.308827 -0.210352 0.539956
0.326940 -0.196868 0.598369
0.331978 0.332668 -0.087668
0.335418 0.338636 -0.083320
0.340594 0.344845 -0.078540
0.346812 0.353658 -0.071942
0.362008 0.373970 -0.056716
0.392211 0.412895 -0.027838
0.415785 0.443174 -0.005664
0.656270 0.526639 0.845383
0.663077 0.536370 0.849628
0.669219 0.545946 0.853896
0.683332 0.563460 0.861817
0.709529 0.599412 0.879844
0.723173 0.616214 0.888736
0.737767 0.637807 0.901161
0.752526 0.657235 0.912416
0.622382 0.516297 0.732860
0.632246 0.530295 0.739200
0.642066 0.545273 0.745954
0.660952 0.571167 0.757931
0.698453 0.624117 0.784198
0.718411 0.651181 0.799029
0.309196 -0.176994 0.525671
0.311229 -0.175260 0.532421
0.314261 -0.173178 0.540587
0.319370 -0.169482 0.554830
0.329742 -0.159835 0.590257
0.356344 -0.134317 0.675850
0.374352 -0.115134 0.731829
0.392047 -0.092296 0.788884
0.413879 -0.061452 0.852468
0.484640 0.587782 -0.137039
0.490653 0.596333 -0.133413
0.497015 0.605156 -0.129583
0.508212 0.621548 -0.122336
0.531852 0.658237 -0.105172
0.287812 -0.268662 0.489912
0.291397 -0.266873 0.499844
0.296077 -0.264553 0.512720
0.305456 -0.258662 0.544656
0.332995 -0.240657 0.641210
0.359158 -0.221654 0.737819
0.418549 -0.156217 0.957604
0.453683 0.424672 0.216409
0.455729 0.427184 0.219156
0.457972 0.430011 0.222233
0.462071 0.435065 0.227752
0.470568 0.445637 0.239261
0.485178 0.464150 0.259263
0.294491 -0.394048 0.523213
0.302525 -0.390247 0.548740
0.310951 -0.386181 0.579551
0.336296 -0.377233 0.667299
0.413564 -0.344021 0.993905
0.263375 -0.299135 0.424892
0.266915 -0.297716 0.437790
0.270993 -0.296485 0.448684
0.278453 -0.293732 0.469260
0.304281 -0.281035 0.546242
0.333307 -0.263663 0.649762
0.406055 0.431467 -0.015295
0.409861 0.436183 -0.011843
0.414176 0.441175 -0.008158
0.421730 0.450945 -0.001064
0.436468 0.469645 0.012563
0.445270 0.480903 0.020792
0.453916 0.491732 0.028770
0.462178 0.502050 0.036428
0.280595 -0.187828 0.446003
0.282697 -0.186771 0.450421
0.285472 -0.185584 0.455479
0.288614 -0.183346 0.464381
0.296868 -0.177762 0.486398
0.303018 -0.173649 0.502473
0.308927 -0.168917 0.520461
0.315007 -0.164100 0.538504
0.429730 0.282251 0.440214
0.439867 0.294301 0.459340
0.451652 0.308519 0.480185
0.472149 0.335079 0.514154
0.519108 0.399900 0.577041
0.505117 0.639085 -0.265231
0.511928 0.649884 -0.262977
0.522420 0.667411 -0.259289
0.538728 0.694571 -0.253241
0.575976 0.764740 -0.236444
0.618232 0.860144 -0.209245
0.641097 0.910028 -0.191267
0.294489 -0.246214 0.502844
0.299627 -0.243035 0.518989
0.305254 -0.239059 0.538757
0.321468 -0.228627 0.590364
0.365416 -0.193362 0.749461
0.399325 -0.157165 0.871761
0.440540 -0.087751 1.007573
0.489782 0.348440 0.563715
0.497208 0.357564 0.572539
0.505417 0.369680 0.583324
0.517510 0.387310 0.597841
0.542081 0.423176 0.623657
0.502564 -0.021423 1.290880
0.527457 0.057319 1.315397
0.552819 0.138719 1.332149
0.587385 0.236197 1.346592
0.646352 0.348544 1.360115
0.664511 0.379228 1.363213
0.631623 0.901499 -0.265129
0.642211 0.929962 -0.257279
0.653681 0.966996 -0.245457
0.676629 1.041513 -0.213168
0.722753 1.180236 -0.095522
0.742615 1.220375 -0.031034
0.763426 1.243811 0.022711
0.774411 1.258280 0.064470
0.598848 0.431429 0.819936
0.607245 0.449726 0.828156
0.621759 0.471780 0.837637
0.646963 0.504138 0.851130
0.691845 0.572068 0.881328
0.555735 0.679733 -0.028932
0.565307 0.695654 -0.018414
0.581643 0.721865 -0.000012
0.605912 0.762198 0.030931
0.657895 0.847594 0.109282
0.680378 0.889053 0.153595
0.702140 0.919829 0.190384
0.718233 0.953119 0.230289
0.425890 -0.038955 0.883169
0.439354 -0.019085 0.913088
0.455272 0.012794 0.953167
0.487364 0.077574 1.015000
0.540471 0.188604 1.084057
0.495062 0.557771 0.028864
0.502420 0.567865 0.036141
0.509194 0.577082 0.042945
0.524614 0.598455 0.059018
0.555904 0.643344 0.095114
0.569281 0.662469 0.111647
0.584946 0.686395 0.133208
0.600394 0.709600 0.155367
0.419140 0.034506 0.762877
0.429601 0.051386 0.787157
0.446185 0.078729 0.822473
0.461843 0.102724 0.850149
0.501115 0.175375 0.917111
0.366711 -0.217230 0.768106
0.375080 -0.209188 0.803131
0.389785 -0.195809 0.855036
0.411354 -0.167478 0.938007
0.471915 -0.039949 1.114400
0.532926 0.115275 1.197476
0.596568 0.336305 1.023528
0.604499 0.357887 1.032196
0.618826 0.373202 1.038095
0.637996 0.405595 1.049539
0.665466 0.456674 1.065680
0.226523 -0.098866 0.228943
0.232188 -0.092716 0.243446
0.239868 -0.085666 0.259635
0.250861 -0.072343 0.287705
0.272316 -0.049826 0.333477
0.293007 -0.029094 0.376767
0.303011 -0.020457 0.396566
0.395080 -0.046000 0.757917
0.405341 -0.032379 0.783966
0.421484 -0.007840 0.825488
0.444393 0.029911 0.878834
0.498674 0.132316 0.979836
0.584183 0.303565 1.073756
0.343551 -0.088385 0.590863
0.351715 -0.079875 0.613930
0.362754 -0.067339 0.645730
0.383596 -0.042635 0.701873
0.435080 0.035255 0.833055
0.458985 0.072766 0.879426
0.489017 0.131148 0.936055
0.518291 0.187520 0.978618
0.402779 0.487763 -0.317876
0.407755 0.495143 -0.316485
0.413682 0.504361 -0.314796
0.425869 0.522431 -0.311583
0.446646 0.552525 -0.306572
0.663465 0.905443 -0.010180
0.664394 0.911657 -0.005398
0.667207 0.917934 -0.000145
0.671529 0.930356 0.010452
0.686769 0.949738 0.029662
0.690462 0.961856 0.041341
0.692979 0.973233 0.052669
0.700250 0.982162 0.063018
0.629269 0.864674 -0.133189
0.631458 0.870600 -0.130285
0.636668 0.879683 -0.125616
0.643486 0.893991 -0.118041
0.655272 0.923552 -0.101265
0.665769 0.951312 -0.083526
0.619806 0.759487 0.130571
0.627958 0.771308 0.142598
0.635267 0.785927 0.157280
0.651815 0.810784 0.184426
0.686961 0.859719 0.242098
0.699565 0.883455 0.269873
0.711298 0.900855 0.290730
0.724359 0.917218 0.310465
0.580726 0.785979 -0.337493
0.584090 0.794211 -0.336431
0.587867 0.802024 -0.335352
0.602951 0.836712 -0.330417
0.622299 0.885588 -0.322542
0.213841 -0.289705 0.281096
0.219620 -0.287818 0.295075
0.224238 -0.285495 0.311091
0.233496 -0.281904 0.335802
0.247626 -0.275770 0.376657
0.268429 -0.267473 0.432967
0.477156 0.002332 1.077723
0.501005 0.058721 1.116543
0.532058 0.129736 1.151788
0.572195 0.219353 1.183145
0.631363 0.343712 1.213319
0.648576 0.378429 1.219755
0.659864 0.403984 1.223790
0.430663 0.058924 0.781926
0.438733 0.072442 0.799731
0.452594 0.095666 0.827779
0.469612 0.120942 0.855418
0.504926 0.186886 0.913697
0.540583 0.250444 0.957121
0.576114 0.317342 0.992761
0.625868 0.395982 1.025522
0.644572 0.424710 1.035532
0.227293 0.128754 -0.087536
0.230573 0.133225 -0.080502
0.233550 0.137305 -0.074241
0.240522 0.146664 -0.060257
0.264054 0.177493 -0.017598
0.273730 0.189909 -0.001534
0.282463 0.201009 0.012409
0.651260 0.869745 0.012576
0.663805 0.887869 0.028839
0.671456 0.906727 0.045793
0.691738 0.943542 0.083474
0.736287 1.019639 0.178115
0.649038 0.870084 -0.000502
0.657915 0.884649 0.011813
0.663934 0.901160 0.025797
0.675586 0.926109 0.049042
0.705863 0.974930 0.102814
0.400062 0.299784 0.280980
0.405449 0.305893 0.290511
0.410333 0.311498 0.299258
0.419695 0.322047 0.315758
0.435750 0.340520 0.344118
0.501400 0.046598 1.149653
0.526430 0.115735 1.180561
0.546212 0.168810 1.198493
0.584782 0.261863 1.222698
0.642846 0.368036 1.243263
0.609289 0.269260 1.318383
0.617120 0.301899 1.322497
0.630673 0.327278 1.325764
0.647229 0.365738 1.330190
0.670566 0.409531 1.334188
0.605932 0.788183 -0.052769
0.612761 0.801830 -0.043929
0.621527 0.817298 -0.033311
0.634519 0.842935 -0.014784
0.663390 0.897419 0.030364
0.326101 0.073381 0.370586
0.332591 0.079579 0.384181
0.341520 0.088012 0.403308
0.356733 0.103045 0.437886
0.394820 0.144702 0.525582
0.441934 0.206729 0.621626
0.471594 0.248851 0.669650
0.305962 -0.243122 0.542082
0.311087 -0.239998 0.558022
0.317887 -0.235897 0.578765
0.328084 -0.228007 0.617718
0.353833 -0.208803 0.708411
0.446891 -0.082407 1.028224
0.509508 0.079230 1.153562
0.483323 0.331269 0.571250
0.486294 0.334354 0.574468
0.488258 0.337984 0.577935
0.494203 0.345526 0.585180
0.503894 0.360000 0.598014
0.513844 0.374635 0.610036
0.519110 0.382539 0.616147
0.626913 0.324552 1.320120
0.640665 0.342361 1.322474
0.650809 0.357844 1.324358
0.658995 0.386032 1.327178
0.670390 0.409588 1.329104
0.689073 0.435066 1.329993
0.707240 0.460043 1.331472
0.476316 0.359884 0.479090
0.484491 0.370569 0.491413
0.493480 0.382221 0.504025
0.510303 0.404899 0.526204
0.530602 0.432975 0.550162
0.549248 0.459128 0.569759
0.566553 0.485106 0.587173
0.585425 0.511171 0.603304
0.604532 0.537364 0.618456
0.459862 0.443315 0.194561
0.468360 0.453920 0.205455
0.480420 0.469261 0.221172
0.501394 0.496340 0.248872
0.521775 0.522926 0.276065
0.567048 0.471354 0.615067
0.578127 0.486933 0.624287
0.595469 0.514174 0.639464
0.615216 0.541716 0.654027
0.662653 0.607720 0.687932
0.681560 0.634885 0.702351
0.285624 -0.278289 0.483281
0.289851 -0.276002 0.496536
0.295653 -0.272847 0.514228
0.306811 -0.266408 0.550439
0.323236 -0.255976 0.608954
0.370051 -0.222327 0.786119
0.413152 -0.173793 0.951374
0.379989 0.430443 -0.159334
0.386014 0.439594 -0.155020
0.392056 0.448417 -0.150841
0.417936 0.484331 -0.133905
0.433501 0.506228 -0.123647
0.464847 0.549283 -0.103044
0.257620 -0.015911 0.252655
0.263085 -0.009209 0.264348
0.268409 -0.002987 0.275151
0.289814 0.020485 0.316388
0.322513 0.053812 0.382566
0.396437 0.047720 0.655203
0.399619 0.051602 0.661944
0.402163 0.056068 0.669208
0.407818 0.064289 0.682440
0.414658 0.074391 0.697950
0.431930 0.099416 0.733355
0.551941 0.692774 -0.103435
0.567038 0.718001 -0.090353
0.584975 0.748548 -0.073301
0.619095 0.811459 -0.033443
0.710732 0.977569 0.121119
0.480514 0.370119 0.474252
0.482900 0.373307 0.477931
0.485012 0.376032 0.481032
0.489649 0.382205 0.487858
0.500391 0.396500 0.502793
0.504918 0.402607 0.508813
0.510337 0.409308 0.515272
0.514610 0.415294 0.520759
0.518123 0.579889 0.083354
0.523622 0.587389 0.089392
0.536924 0.605459 0.104296
0.546282 0.619205 0.115880
0.572520 0.656668 0.149315
0.341061 0.186564 0.262554
0.344777 0.190812 0.269616
0.356511 0.203637 0.291838
0.386812 0.235632 0.351792
0.418996 0.270830 0.417489
0.451457 0.091545 0.826832
0.457862 0.097917 0.834560
0.458799 0.104825 0.841687
0.468377 0.118169 0.856102
0.476220 0.132073 0.869874
0.496213 0.169866 0.903389
0.433764 0.533560 -0.322615
0.436872 0.539021 -0.321798
0.442175 0.546893 -0.320621
0.452257 0.561364 -0.318494
0.478980 0.600919 -0.312720
0.504069 0.640162 -0.306712
0.397825 0.398355 0.037282
0.403709 0.405443 0.043357
0.409832 0.413092 0.049864
0.420615 0.426600 0.061332
0.446532 0.458813 0.088700
0.371828 0.420520 -0.170563
0.374801 0.424765 -0.168574
0.377844 0.429227 -0.166507
0.382531 0.436267 -0.163262
0.392867 0.451598 -0.156219
0.415021 0.482105 -0.142189
0.434188 0.508807 -0.130006
0.447662 0.527364 -0.121455
0.577488 0.685690 0.098118
0.597611 0.714799 0.124767
0.618692 0.745882 0.155395
0.670977 0.826862 0.245050
0.689478 0.857049 0.280657
0.702541 0.872322 0.299553
0.583892 0.754412 -0.103399
0.593209 0.771746 -0.094272
0.605720 0.793040 -0.082298
0.624326 0.831696 -0.058972
0.670793 0.927426 0.013659
0.695922 0.963776 0.050462
0.710854 0.995260 0.085572
0.674164 0.996419 -0.169669
0.673427 1.007413 -0.163844
0.679739 1.017234 -0.157813
0.684294 1.038888 -0.144033
0.703158 1.073959 -0.116597
0.364993 0.133271 0.428457
0.376915 0.145457 0.455304
0.390559 0.160526 0.486411
0.404462 0.176746 0.517087
0.424485 0.201317 0.557904
0.459402 0.250195 0.621996
0.372958 0.438495 -0.299517
0.386253 0.459809 -0.294537
0.401021 0.481579 -0.289488
0.427626 0.522804 -0.280601
0.453230 0.559524 -0.273121
0.571541 0.662532 0.133655
0.583760 0.679693 0.149728
0.599696 0.702148 0.171731
0.623213 0.739956 0.210692
0.687662 0.830911 0.316696
0.424124 0.480195 -0.080006
0.431380 0.489726 -0.074566
0.441280 0.502938 -0.067039
0.482031 0.556888 -0.035163
0.550062 0.652417 0.029083
0.267621 0.051694 0.202436
0.280111 0.067326 0.226558
0.292771 0.082645 0.250274
0.318874 0.111874 0.298671
0.344569 0.138106 0.349112
0.461874 0.576273 -0.315757
0.465595 0.581706 -0.314960
0.495464 0.626760 -0.308193
0.542872 0.706059 -0.295243
0.587897 0.795666 -0.278843
0.284585 0.254157 -0.108239
0.289406 0.261341 -0.102044
0.307309 0.287153 -0.079869
0.330417 0.319206 -0.052529
0.358824 0.355633 -0.021622
0.459636 0.567199 -0.244798
0.465173 0.575472 -0.242863
0.491923 0.614539 -0.233272
0.522085 0.662354 -0.220763
0.563043 0.732167 -0.200243
0.594244 0.710111 0.116700
0.596363 0.713549 0.119847
0.604259 0.725447 0.131149
0.614587 0.740797 0.146277
0.619713 0.748901 0.154441
0.623831 0.756276 0.161870
0.485308 0.328264 0.582485
0.487496 0.331983 0.586058
0.495570 0.343521 0.596846
0.505410 0.357687 0.609164
0.518149 0.376823 0.624344
0.370475 0.434128 -0.271044
0.393419 0.468706 -0.261473
0.418050 0.505659 -0.251670
0.429232 0.522749 -0.247322
0.441474 0.539720 -0.242994
0.250049 0.135247 0.005930
0.254774 0.141087 0.014782
0.272699 0.163231 0.046452
0.298925 0.195158 0.088805
0.312472 0.211744 0.109992
0.325200 0.227041 0.129480
0.303283 0.271959 -0.057975
0.308802 0.279501 -0.050918
0.329436 0.306807 -0.025484
0.363608 0.349905 0.014012
0.376968 0.367255 0.029510
0.392283 0.385735 0.046050
0.654362 0.946746 -0.166265
0.660650 0.952196 -0.163276
0.672519 0.982232 -0.147311
0.690464 1.037421 -0.110761
0.700367 1.053597 -0.097196
0.414636 0.499739 -0.252410
0.419256 0.507127 -0.250504
0.438376 0.535092 -0.243363
0.470802 0.582553 -0.231419
0.488946 0.609520 -0.224408
0.502879 0.630568 -0.218713
0.620237 0.876860 -0.269068
0.635500 0.912811 -0.259834
0.682587 1.058940 -0.200375
0.731276 1.189713 -0.077428
0.751366 1.230253 -0.004304
0.776480 1.252620 0.055855
0.370024 0.099544 0.490421
0.393478 0.126683 0.544932
0.423176 0.164980 0.607987
0.436200 0.183714 0.633841
0.451121 0.205532 0.660795
0.553308 0.716572 -0.214602
0.616299 0.841488 -0.173149
0.685125 0.998511 -0.089152
0.718614 1.069043 -0.023144
0.739982 1.116756 0.041475
0.355235 0.408467 -0.281529
0.379428 0.447783 -0.270796
0.403444 0.483580 -0.261203
0.415234 0.502990 -0.256264
0.426543 0.517278 -0.252582
0.414708 0.468722 -0.090207
0.419725 0.475099 -0.086596
0.431062 0.490362 -0.077973
0.443390 0.506453 -0.068871
0.451535 0.517514 -0.062563
0.460519 0.529440 -0.055675
0.375553 0.163959 0.424585
0.383599 0.172058 0.442006
0.391272 0.180441 0.459246
0.395782 0.185802 0.469745
0.399392 0.189782 0.477522
