84.307236
84.299511
63.824202
73.861712
84.361502
81.436147
63.794568
74.608523
70.749070
80.836334
83.975930
74.982607
81.193570
84.261715
84.233674
78.472403
84.244528
64.635426
84.253216
63.796386
70.395402
76.910210
75.049982
75.338212
84.256015
84.276792
63.811612
63.880965
68.233541
84.274516
66.725276
71.781948
63.792604
75.558587
73.694397
78.564883
63.812528
74.084643
63.799593
72.585013
73.685646
79.318222
63.822829
71.315779
65.843301
63.827772
63.815500
78.826882
73.139030
84.280480
78.870627
74.165418
80.971440
84.265418
79.745247
84.328746
84.286551
63.828333
69.446749
84.308301
84.270829
76.203659
80.690875
69.163640
70.273557
78.662855
76.132080
84.282980
78.266063
71.992633
84.296071
76.447302
63.810358
84.276897
68.169629
71.358008
65.748934
84.246697
79.952736
63.847760
84.317998
68.025088
75.489377
63.808763
74.150685
63.861005
69.246632
69.350247
76.420304
67.665849
79.217833
70.410596
69.439517
84.385042
67.996064
70.527759
64.974926
63.799205
71.414372
73.176701
75.527273
63.771020
77.683342
72.012620
71.404286
81.907980
79.123219
73.222788
78.730993
72.039313
72.334075
78.172450
63.763598
84.286312
72.398087
84.369648
75.481977
63.817195
84.310145
71.481268
82.696628
73.622629
63.849182
72.624645
63.861879
77.947517
63.808141
77.439834
63.801290
76.376407
84.309717
76.310521
78.209549
66.313436
76.936803
71.826169
63.749892
73.631497
76.854924
77.832459
84.307489
78.500859
84.239272
71.512129
78.689190
64.260775
63.666824
69.694435
84.306492
71.036598
71.970215
78.395567
77.930041
84.330591
63.807778
72.078900
71.199235
71.875386
66.370926
84.287828
75.619141
84.321774
84.251036
83.039166
84.143459
82.778658
76.817788
84.246091
72.730011
81.541310
67.870691
75.305843
78.777853
63.816398
84.262828
77.429373
63.800466
84.236595
63.853633
84.314096
68.812940
63.713269
69.760470
77.953265
72.248272
63.893940
63.783124
70.750762
64.718599
76.996391
63.809001
84.331006
74.773274
73.432690
74.625612
75.611616
65.231780
67.302775
74.240885
82.687019
84.055391
71.524197
81.503043
77.193966
74.046429
76.592114
69.073619
73.842842
78.272875
70.198351
70.226364
73.400248
68.511745
73.186715
72.705580
63.830109
79.109769
72.803309
75.572655
83.350060
84.285094
63.470681
72.013359
69.390122
84.288801
77.242308
82.646363
84.261833
79.274845
72.321826
63.835611
74.991453
84.303001
84.304226
77.130505
63.823246
78.446203
84.231156
63.858772
84.273046
84.307643
77.972079
69.292082
84.264662
74.739685
69.993125
84.310072
75.520374
84.256118
84.275478
63.825595
78.019485
63.810885
79.159940
76.059739
84.299079
81.635158
84.281274
81.139352
78.763536
80.596670
63.900078
75.030774
74.307806
79.056068
73.990094
79.219148
68.086139
77.589499
83.534791
65.158705
72.459760
79.440865
80.958130
63.807412
84.247385
72.813503
84.253496
77.829622
69.854189
65.497727
70.112392
84.279632
79.692932
79.887671
63.816576
82.056790
77.531391
76.792502
80.724607
79.851453
63.815012
70.988579
63.804068
63.659439
83.209641
82.361869
63.818473
67.744237
69.629451
63.823578
70.216616
63.810479
84.273064
78.437533
71.030660
63.836374
66.364360
74.775285
74.708938
63.825104
63.770534
63.822464
84.269228
76.038793
63.804079
77.884857
68.369452
84.285170
84.271865
76.239820
65.646655
75.064709
77.646971
72.199652
84.263736
84.270523
72.314725
84.237224
69.630829
84.261618
74.086705
77.196310
63.814680
76.317687
67.009133
74.551152
75.457321
83.315520
77.441623
76.908193
76.372102
80.999667
77.811437
65.477615
78.297473
63.832745
78.766322
84.344874
75.746246
67.248584
84.284250
67.643468
63.631357
84.272810
84.320258
63.648353
74.481509
77.077935
82.760440
73.583363
63.842050
79.752682
72.237189
72.085684
71.530427
71.815046
72.565228
72.987551
83.476930
74.522981
63.766669
81.481520
63.840823
63.849714
79.811610
63.823390
67.156554
75.389333
76.848559
84.245174
70.440538
81.725997
80.866367
72.867401
69.917614
74.305896
65.717103
71.119521
63.799197
69.193999
74.775564
65.311314
73.881730
73.907449
84.290844
84.275649
63.822916
74.012578
63.814493
72.687996
84.284269
63.805455
78.232160
84.256024
84.274603
66.223708
70.527172
63.818467
70.760028
80.626708
75.703075
73.268777
82.147142
80.289351
84.266068
83.688389
63.828444
63.814091
84.186798
82.834778
84.264662
63.837421
76.413669
71.658831
84.309706
75.775934
81.091120
75.371987
84.291322
