-0.313570
0.008493
0.041436
0.526396
-1.156187
0.065172
-1.263172
1.478987
-1.030119
1.414146
-1.706963
-0.673603
-0.416352
0.273740
0.466679
-1.020571
0.114241
-1.254786
-0.290546
-0.217701
-2.038845
1.555718
-0.262040
0.146031
-0.248560
0.734976
-0.457889
0.440128
0.237225
0.036932
0.777026
0.392990
0.807776
-0.403945
1.360717
0.080510
0.706263
0.106279
-0.889631
-0.532435
-0.081003
-0.823128
-0.803300
-0.957763
0.396301
-0.390767
-1.399219
-0.043734
1.822780
0.879276
-2.012871
-0.156233
1.242069
-0.105568
-0.432177
-0.499765
0.665177
0.411177
0.692003
1.490643
-1.255442
0.758746
-0.198514
0.185389
0.702207
-0.638904
0.300135
0.110074
-0.520308
0.223048
0.611486
0.268192
0.529287
0.673286
-0.209332
-0.105439
0.111287
1.148107
-0.166031
-1.329745
1.067556
0.272727
-0.194923
-0.726802
-1.149702
1.817985
2.209265
-2.115364
1.605455
0.220226
0.436804
1.003165
0.582286
0.481831
0.194844
-1.413391
-1.127942
0.170216
0.264478
1.542083
0.199167
1.007467
-0.225829
-0.338557
-0.281821
0.839150
-1.160479
0.045573
-0.114615
1.164887
-1.833617
0.807824
0.317759
-0.189379
-0.121919
1.400139
0.264248
1.996634
-0.484966
-0.261144
-0.783971
-0.178490
0.791345
-0.085908
-1.771651
0.132155
-0.007312
-0.515599
0.462905
-1.758814
0.818652
-1.525664
0.115035
1.927697
-0.802672
-1.188688
1.810072
1.056776
-0.394595
0.537460
-0.570846
-0.036557
-0.760829
-0.149933
-0.760577
1.642354
0.473146
0.839475
0.703251
0.584066
1.580137
0.852841
-0.575654
-1.196519
-0.271536
-1.206542
0.508302
-0.502479
1.633148
-0.438591
0.222030
0.763258
0.131194
0.460040
-0.314693
-0.391428
-0.989334
-0.600104
-1.957112
1.923660
1.711538
-0.070842
-0.405562
0.876808
-0.443330
-1.425332
-1.313023
2.234782
-1.563502
-1.079521
-1.240646
0.532749
-0.687978
-0.972639
-0.359866
1.619734
-1.132862
-0.352744
0.520835
0.246266
-0.214245
-0.548038
-0.348496
-1.635927
0.649369
-0.866893
0.867423
0.445084
-0.830272
-0.477570
-0.330630
-0.251285
-0.609936
0.747223
1.638714
0.183404
-0.046643
-2.012501
0.118310
1.680267
1.101248
-1.282019
-1.335776
-0.005225
-0.848779
0.676623
-1.181431
-0.540497
0.591076
-0.121278
-1.075319
0.835850
-2.452844
-2.327336
0.074002
0.379933
1.093359
0.159797
1.106315
-0.114051
-0.776077
0.668186
0.314770
0.908520
0.538113
0.154848
-0.613248
0.580228
1.708056
0.345359
-0.911734
-0.222360
0.199935
-0.502942
-1.418113
0.276653
-0.534624
-0.439538
-0.956170
0.421192
1.013327
-0.005336
-0.392594
-1.305501
0.485356
-0.157188
-0.030647
-0.328694
1.045541
0.434716
-0.196513
2.113508
2.516076
-1.216500
-0.536667
-0.641689
1.246866
-0.554202
-0.626155
-1.048206
1.365290
1.076541
0.260116
-0.212072
-0.270074
0.733585
-0.625624
0.916553
-0.843710
0.547361
1.963364
-0.398177
-0.472259
-1.633212
0.038040
-1.718222
-0.039687
-0.891481
-0.187511
0.420713
-0.084452
-0.606246
0.609152
1.003403
2.200354
-1.401007
-1.544213
-1.193130
1.175996
0.601829
0.351141
-1.553652
0.308064
-0.629390
0.695391
1.738791
-1.241824
1.678323
0.470153
1.146681
-1.857281
1.380095
0.948115
0.027377
-0.213725
-0.893928
-0.126341
-1.982425
0.412664
-1.409332
0.484329
1.236875
0.672176
-1.585734
-0.429419
0.666193
-0.953676
-1.857624
-0.263474
-0.176163
0.745601
0.701690
-1.536594
0.878212
0.566647
-0.038566
-0.406699
-1.357967
0.548002
0.302107
-1.202231
-0.933658
-0.491693
-0.803563
1.347076
-0.343508
0.504692
0.350487
1.190578
-0.772703
1.630678
-0.071860
3.737305
1.805064
-0.345046
1.155452
0.243178
-1.401710
1.497891
0.275085
2.745298
-1.822434
0.527360
-0.639286
1.180552
-0.412659
0.896486
1.642251
0.917926
0.672223
1.045483
0.978286
-1.612664
-0.897440
-1.118511
-0.500456
-2.385302
1.557483
1.441246
0.878240
-0.020616
-0.808100
-0.830232
0.111637
1.569555
2.289520
-0.817823
0.490592
1.526207
0.298807
2.228611
0.190252
-0.109462
0.230671
1.694156
-0.641580
0.531315
0.760011
-0.810417
0.176766
-0.361706
0.240904
0.882958
-1.749275
-0.235134
-0.660893
-0.454877
-0.887692
-1.479912
0.437305
-1.344871
-0.385786
-0.513295
0.375512
-1.742919
-0.266207
-1.175433
-0.459502
0.312650
-1.128017
0.068293
-0.210180
-1.363511
-1.123522
-1.804595
0.533368
-1.219286
-1.150832
-0.520798
0.388957
