47.504103
47.793027
48.081951
48.370875
48.659799
48.948723
49.237647
49.526572
49.815496
50.104420
50.393344
50.682268
50.971192
51.260116
51.549040
51.837964
52.126888
52.415812
52.704736
52.993660
53.282584
53.571508
53.860432
54.149356
54.438280
54.727205
55.016129
55.305053
55.593977
55.882901
56.171825
56.460749
56.749673
57.038597
57.327521
57.616445
57.905369
58.194293
58.483217
58.772141
59.061065
59.349989
59.638913
59.927838
60.216762
60.505686
60.794610
61.083534
61.372458
61.661382
61.950306
62.239230
62.528154
62.817078
63.106002
63.394926
63.683850
63.972774
64.261698
64.550622
64.839546
65.128470
65.417395
65.706319
65.995243
66.284167
66.573091
66.862015
67.150939
67.439863
67.728787
68.017711
68.306635
68.595559
68.884483
69.173407
69.462331
69.751255
70.040179
70.329103
70.618028
70.906952
71.195876
71.484800
71.773724
72.062648
72.351572
72.640496
72.929420
73.218344
73.507268
73.796192
74.085116
74.374040
74.662964
74.951888
75.240812
75.529736
75.818661
76.107585
76.396509
76.685433
76.974357
77.263281
77.552205
77.841129
78.130053
78.418977
78.707901
78.996825
79.285749
79.574673
79.863597
80.152521
80.441445
80.730369
81.019293
81.308218
81.597142
81.886066
82.174990
82.463914
82.752838
83.041762
83.330686
83.619610
83.908534
84.197458
84.486382
84.775306
85.064230
85.353154
85.642078
85.931002
86.219926
86.508851
86.797775
87.086699
87.375623
87.664547
87.953471
88.242395
88.531319
88.820243
89.109167
89.398091
89.687015
89.975939
90.264863
90.553787
90.842711
91.131635
91.420559
91.709483
91.998408
92.287332
92.576256
92.865180
93.154104
93.443028
93.731952
94.020876
94.309800
94.598724
94.887648
95.176572
95.465496
95.754420
96.043344
96.332268
96.621192
96.910116
97.199041
97.487965
97.776889
98.065813
98.354737
98.643661
98.932585
99.221509
99.510433
99.799357
100.088281
100.377205
100.666129
100.955053
101.243977
101.532901
101.821825
102.110749
102.399674
102.688598
102.977522
103.266446
103.555370
103.844294
104.133218
104.422142
104.711066
104.999990
