0.073141 -0.000114 -0.000046 0.073560 -0.000307 0.072688
0.072999 -0.000509 0.000194 0.073027 -0.000056 0.072545
0.072996 -0.000620 0.000357 0.072698 0.000411 0.072012
0.073063 -0.000448 0.000326 0.072922 0.000599 0.071705
0.072842 -0.000631 -0.000090 0.073102 -0.000725 0.072798
0.072147 -0.002405 0.001246 0.070368 0.001414 0.071180
0.072002 -0.003316 0.002516 0.068363 0.004435 0.067322
0.072190 -0.002919 0.002672 0.069019 0.005775 0.064799
0.072530 -0.001777 0.002013 0.071325 0.004795 0.065878
0.072674 -0.001393 0.001616 0.071654 0.003430 0.068693
0.072823 -0.000694 0.000090 0.072501 0.000219 0.071924
0.072101 -0.002330 0.001477 0.069638 0.003176 0.069309
0.071817 -0.003601 0.003383 0.066995 0.007561 0.063386
0.071856 -0.003615 0.004023 0.067258 0.009767 0.059061
0.072132 -0.002614 0.003389 0.069844 0.008236 0.061118
0.072087 -0.002920 0.003563 0.068488 0.007499 0.065247
0.073131 -0.000147 0.000043 0.073248 0.000168 0.072248
0.072970 -0.000485 0.000330 0.072570 0.000917 0.071572
0.072888 -0.000826 0.000903 0.071805 0.002274 0.069754
0.072835 -0.000981 0.001242 0.071662 0.003128 0.068153
0.072824 -0.000964 0.001247 0.071850 0.002960 0.068787
0.072713 -0.001399 0.001740 0.070476 0.003823 0.069466
0.073199 -0.000019 0.000012 0.073495 0.000039 0.072422
0.073197 -0.000032 0.000042 0.073457 0.000113 0.072329
0.073189 -0.000052 0.000071 0.073426 0.000180 0.072222
0.073180 -0.000078 0.000092 0.073368 0.000221 0.072242
0.073164 -0.000137 0.000178 0.073181 0.000424 0.072173
0.073208 -0.000000 0.000000 0.073538 0.000000 0.072455
0.073208 -0.000000 0.000000 0.073538 0.000001 0.072455
0.073169 -0.000008 -0.000144 0.073707 -0.000367 0.072530
0.073085 -0.000146 -0.000002 0.073603 -0.000170 0.072566
0.073132 -0.000114 0.000114 0.073605 0.000060 0.072297
0.073176 -0.000043 0.000081 0.073647 0.000057 0.072239
0.072744 -0.000570 -0.000586 0.073015 -0.000771 0.071177
0.071914 -0.001698 0.000392 0.072099 0.001009 0.071409
0.072440 -0.001124 0.001495 0.073491 0.002243 0.069359
0.072842 -0.000505 0.001191 0.074616 0.001388 0.068868
0.073006 -0.000235 0.000588 0.074381 0.000414 0.070976
0.073023 -0.000393 0.000500 0.073155 0.000647 0.072016
0.072264 -0.001700 -0.000094 0.069903 0.001644 0.068351
0.070856 -0.003503 0.000877 0.067562 0.004442 0.069858
0.072393 -0.001303 0.003003 0.072881 0.005870 0.067249
0.072555 -0.001116 0.003309 0.074945 0.004950 0.063148
0.072427 -0.001430 0.002202 0.073259 0.002714 0.068470
0.072401 -0.002041 0.002390 0.069553 0.004377 0.070488
0.072880 -0.000722 0.000117 0.071742 0.000981 0.070945
0.072654 -0.001085 -0.000153 0.070662 0.000918 0.073280
0.073843 0.000743 0.000612 0.074197 0.001002 0.073861
0.073147 -0.000473 0.001928 0.073301 0.003094 0.068608
0.072583 -0.001560 0.001822 0.070683 0.003327 0.070124
0.072518 -0.002017 0.002385 0.068296 0.005561 0.070061
0.073189 -0.000050 0.000008 0.073403 0.000066 0.072372
0.073220 -0.000017 -0.000088 0.073365 -0.000103 0.072752
0.073396 0.000257 -0.000041 0.073818 -0.000155 0.073022
0.073245 -0.000023 0.000231 0.073408 0.000400 0.072230
0.073113 -0.000284 0.000297 0.072809 0.000680 0.072182
0.073085 -0.000401 0.000498 0.072338 0.001331 0.071882
0.073207 -0.000001 0.000000 0.073537 0.000001 0.072455
0.073209 0.000001 -0.000002 0.073538 -0.000004 0.072462
0.073213 0.000008 -0.000002 0.073549 -0.000006 0.072471
0.073209 0.000001 0.000005 0.073535 0.000010 0.072456
0.073205 -0.000009 0.000009 0.073513 0.000023 0.072451
0.073203 -0.000015 0.000020 0.073489 0.000058 0.072431
0.073208 0.000015 -0.000055 0.073576 -0.000064 0.072301
0.073188 0.000017 -0.000063 0.073650 -0.000119 0.072564
0.073214 0.000049 -0.000029 0.073719 -0.000118 0.072616
0.073212 0.000021 -0.000005 0.073629 -0.000057 0.072498
0.073087 -0.000288 -0.000255 0.072479 0.000618 0.069353
0.073058 0.000188 -0.001123 0.074074 -0.001681 0.075074
0.073953 0.001893 -0.001301 0.078039 -0.003971 0.078781
0.073483 0.000692 -0.000167 0.075760 -0.001491 0.074141
0.073182 -0.000000 0.000064 0.073872 -0.000241 0.072733
0.073167 -0.000098 0.000100 0.073353 0.000162 0.072460
0.072609 -0.001941 0.000195 0.067151 0.004066 0.063347
0.074183 0.001541 -0.006532 0.072857 -0.010903 0.090692
0.080578 0.014456 -0.012103 0.099720 -0.031347 0.119975
0.075610 0.004290 -0.000644 0.083410 -0.006735 0.083659
0.072905 -0.000823 0.001112 0.072261 0.001261 0.072878
0.072847 -0.001036 0.001065 0.070818 0.002569 0.071654
0.072751 -0.001632 0.000459 0.068278 0.003245 0.067642
0.074765 0.001834 -0.006614 0.072487 -0.011718 0.090437
0.081653 0.015570 -0.013326 0.098833 -0.031914 0.119234
0.076330 0.004619 0.000346 0.080884 -0.003169 0.083063
0.072729 -0.001797 0.002221 0.068374 0.004949 0.071099
0.072600 -0.001895 0.002061 0.067808 0.005819 0.070011
0.073133 -0.000255 0.000106 0.072748 0.000510 0.071948
0.073384 0.000214 -0.000913 0.073378 -0.001631 0.074797
0.074428 0.002364 -0.001792 0.077594 -0.004218 0.078584
0.073878 0.000982 0.000266 0.074772 0.000192 0.074035
0.073083 -0.000568 0.000728 0.071644 0.001894 0.071839
0.072992 -0.000710 0.000807 0.071276 0.002419 0.071375
0.073205 -0.000007 0.000004 0.073518 0.000014 0.072446
0.073209 0.000005 -0.000021 0.073545 -0.000041 0.072512
0.073238 0.000075 -0.000052 0.073694 -0.000119 0.072613
0.073236 0.000048 0.000010 0.073607 0.000017 0.072512
0.073203 -0.000028 0.000041 0.073432 0.000112 0.072423
0.073193 -0.000051 0.000059 0.073369 0.000188 0.072365
0.073209 -0.000000 -0.000002 0.073527 0.000017 0.072384
0.073214 0.000014 -0.000019 0.073561 -0.000036 0.072497
0.073221 0.000029 -0.000026 0.073601 -0.000070 0.072554
0.073212 0.000009 -0.000006 0.073560 -0.000021 0.072484
0.073177 -0.000202 0.000113 0.072704 0.000830 0.070655
0.073415 0.000300 -0.000732 0.073705 -0.001390 0.074325
0.073825 0.001249 -0.001347 0.075919 -0.003416 0.077128
0.073418 0.000405 -0.000255 0.074386 -0.000874 0.073762
0.073211 -0.000002 0.000020 0.073534 0.000006 0.072517
0.072642 -0.002159 0.001357 0.066328 0.006241 0.063985
0.073887 0.000357 -0.004860 0.070876 -0.008546 0.085204
0.077454 0.009200 -0.012103 0.090600 -0.027574 0.107105
0.074891 0.003105 -0.001628 0.079088 -0.004953 0.081043
0.073192 -0.000308 0.000589 0.072351 0.001403 0.072000
0.073115 -0.000294 0.000298 0.072658 0.000871 0.071973
0.072017 -0.003758 0.002612 0.062391 0.009309 0.064084
0.072312 -0.002336 -0.004158 0.066188 -0.006577 0.084922
0.076355 0.009505 -0.014691 0.093528 -0.030575 0.107209
0.075321 0.004307 -0.001245 0.080337 -0.002029 0.079122
0.073137 -0.000970 0.001906 0.069379 0.005408 0.069332
0.072921 -0.000956 0.001030 0.070484 0.003206 0.070461
0.072775 -0.001217 0.000920 0.070387 0.002545 0.071021
0.072608 -0.000989 -0.000469 0.071954 -0.001218 0.075265
0.073215 0.001616 -0.002829 0.078643 -0.005808 0.078093
0.073683 0.001373 -0.000190 0.075922 0.000647 0.072514
0.073199 -0.000424 0.000988 0.071414 0.003100 0.070368
0.073040 -0.000603 0.000666 0.071485 0.002245 0.070845
0.073183 -0.000061 0.000047 0.073413 0.000089 0.072446
0.073175 -0.000033 -0.000019 0.073576 -0.000134 0.072668
0.073188 0.000085 -0.000134 0.073913 -0.000323 0.072704
0.073230 0.000112 -0.000036 0.073791 0.000023 0.072386
0.073213 -0.000020 0.000069 0.073374 0.000275 0.072227
0.073190 -0.000069 0.000067 0.073283 0.000276 0.072135
0.073208 0.000000 -0.000001 0.073538 -0.000002 0.072459
0.073208 0.000002 -0.000003 0.073542 -0.000006 0.072464
0.073175 -0.000112 0.000096 0.073190 0.000357 0.072065
0.073188 -0.000064 -0.000027 0.073340 -0.000017 0.072590
0.073218 0.000046 -0.000148 0.073644 -0.000320 0.072837
0.073213 0.000019 -0.000031 0.073580 -0.000065 0.072539
0.073207 -0.000002 0.000005 0.073528 0.000014 0.072447
0.072559 -0.001942 0.001674 0.068162 0.005075 0.068639
0.072526 -0.001605 0.000421 0.069863 0.001140 0.073265
0.072789 -0.000272 -0.001176 0.073609 -0.002165 0.074686
0.073098 -0.000003 -0.000212 0.073568 0.000042 0.072247
0.073187 -0.000088 0.000148 0.073188 0.000502 0.072008
0.073197 -0.000038 0.000044 0.073412 0.000141 0.072339
0.071180 -0.005580 0.005015 0.059950 0.012246 0.065371
0.070989 -0.004656 0.002377 0.065263 0.003315 0.074374
0.071362 -0.001799 -0.001182 0.073057 -0.002092 0.073115
0.072460 -0.000526 -0.000055 0.072843 0.002335 0.068131
0.073097 -0.000385 0.000681 0.071920 0.002605 0.069718
0.073157 -0.000209 0.000246 0.072786 0.000872 0.071604
0.071974 -0.003090 0.002878 0.067539 0.005186 0.070569
0.072061 -0.002077 0.001388 0.071723 0.000302 0.074264
0.072168 -0.000974 -0.000010 0.074234 -0.000706 0.071610
0.072577 -0.000441 0.000078 0.073344 0.001821 0.068397
0.073110 -0.000253 0.000434 0.072355 0.002130 0.069666
0.073165 -0.000204 0.000196 0.072751 0.000849 0.071094
0.073080 -0.000282 0.000272 0.073193 0.000302 0.072432
0.073102 -0.000149 0.000129 0.073683 -0.000151 0.072682
0.073093 -0.000103 0.000045 0.073783 -0.000148 0.072361
0.073108 -0.000053 -0.000018 0.073678 0.000063 0.071991
0.073190 -0.000024 0.000001 0.073430 0.000193 0.071972
0.073200 -0.000034 -0.000012 0.073443 0.000017 0.071961
0.073197 -0.000030 0.000030 0.073461 0.000079 0.072401
0.073201 -0.000017 0.000012 0.073500 0.000026 0.072448
0.073204 -0.000006 0.000001 0.073527 0.000004 0.072452
0.072860 -0.000952 0.000955 0.071409 0.002117 0.071111
0.072988 -0.000517 0.000417 0.072576 0.000736 0.072136
0.073099 -0.000200 0.000118 0.073217 0.000260 0.072154
0.073163 -0.000069 0.000030 0.073410 0.000147 0.072215
0.073200 -0.000015 0.000015 0.073494 0.000062 0.072375
0.073207 -0.000002 0.000003 0.073530 0.000011 0.072443
0.071341 -0.004973 0.005076 0.064168 0.009466 0.066266
0.072026 -0.002636 0.002365 0.069804 0.003451 0.070234
0.072618 -0.001135 0.000928 0.072037 0.001703 0.070222
0.072912 -0.000482 0.000305 0.072739 0.001051 0.070719
0.073149 -0.000119 0.000114 0.073207 0.000486 0.071755
0.073203 -0.000022 0.000023 0.073459 0.000085 0.072314
0.071272 -0.005010 0.005016 0.066226 0.007964 0.066805
0.071905 -0.002822 0.002600 0.070995 0.003307 0.069410
0.072432 -0.001604 0.001364 0.072133 0.001921 0.069781
0.072782 -0.000730 0.000508 0.072777 0.001049 0.070599
0.073117 -0.000181 0.000140 0.073146 0.000524 0.071528
0.073203 -0.000033 -0.000002 0.073472 -0.000048 0.072231
0.072816 -0.000968 0.000917 0.072541 0.001290 0.071408
0.072933 -0.000600 0.000423 0.073332 0.000298 0.072006
0.073070 -0.000246 0.000155 0.073527 0.000020 0.072297
0.073182 -0.000056 0.000023 0.073487 -0.000006 0.072351
0.073207 -0.000007 -0.000036 0.073592 -0.000200 0.072468
