0.153248 -0.043816 0.128846
0.165981 -0.069353 0.113753
0.168374 -0.035855 0.123625
0.162596 -0.001648 0.137514
0.159361 0.002123 0.142610
0.160918 0.000239 0.141469
0.121931 -0.076577 0.136199
0.132455 -0.142430 0.116950
0.152012 -0.075267 0.120843
0.171286 0.052138 0.159107
0.130877 0.019827 0.181256
0.155789 0.001861 0.148835
0.127453 -0.030917 0.159120
0.101330 -0.076546 0.219892
0.427040 0.146762 0.239080
0.175609 0.146355 0.269955
0.046613 -0.044124 0.353430
0.131235 -0.008163 0.177704
0.157927 -0.001411 0.146567
0.170961 0.007428 0.177171
0.347915 0.080134 0.174449
0.092165 -0.101882 0.164249
0.066144 -0.137484 0.240562
0.113423 -0.037201 0.162003
0.161176 0.000041 0.141429
0.162715 0.001063 0.143554
0.167986 -0.002967 0.142588
0.133223 -0.045865 0.139745
0.116862 -0.055899 0.129485
0.137889 -0.025047 0.128865
0.161196 0.000036 0.141215
0.160273 0.000565 0.142936
0.156374 0.001976 0.146315
0.155503 -0.000611 0.140187
0.158670 -0.003490 0.137452
