49.159655
49.427794
49.695933
49.964072
50.232211
50.500350
50.768489
51.036628
51.304767
51.572906
51.841045
52.109184
52.377323
52.645462
52.913600
53.181739
53.449878
53.718017
53.986156
54.254295
54.522434
54.790573
55.058712
55.326851
55.594990
55.863129
56.131268
56.399407
56.667546
56.935685
57.203824
57.471963
57.740102
58.008241
58.276380
58.544519
58.812658
59.080797
59.348935
59.617074
59.885213
60.153352
60.421491
60.689630
60.957769
61.225908
61.494047
61.762186
62.030325
62.298464
62.566603
62.834742
63.102881
63.371020
63.639159
63.907298
64.175437
64.443576
64.711715
64.979854
65.247993
65.516131
65.784270
66.052409
66.320548
66.588687
66.856826
67.124965
67.393104
67.661243
67.929382
68.197521
68.465660
68.733799
69.001938
69.270077
69.538216
69.806355
70.074494
70.342633
70.610772
70.878911
71.147050
71.415189
71.683328
71.951466
72.219605
72.487744
72.755883
73.024022
73.292161
73.560300
73.828439
74.096578
74.364717
74.632856
74.900995
75.169134
75.437273
75.705412
75.973551
76.241690
76.509829
76.777968
77.046107
77.314246
77.582385
77.850524
78.118662
78.386801
78.654940
78.923079
79.191218
79.459357
79.727496
79.995635
80.263774
80.531913
80.800052
81.068191
81.336330
81.604469
81.872608
82.140747
82.408886
82.677025
82.945164
83.213303
83.481442
83.749581
84.017720
84.285859
84.553997
84.822136
85.090275
85.358414
85.626553
85.894692
86.162831
86.430970
86.699109
86.967248
87.235387
87.503526
87.771665
88.039804
88.307943
88.576082
88.844221
89.112360
89.380499
89.648638
89.916777
90.184916
90.453055
90.721193
90.989332
91.257471
91.525610
91.793749
92.061888
92.330027
92.598166
92.866305
93.134444
93.402583
93.670722
93.938861
94.207000
94.475139
94.743278
95.011417
95.279556
95.547695
95.815834
96.083973
96.352112
96.620251
96.888390
97.156528
97.424667
97.692806
97.960945
98.229084
98.497223
98.765362
99.033501
99.301640
99.569779
99.837918
100.106057
100.374196
100.642335
100.910474
101.178613
101.446752
101.714891
101.983030
102.251169
102.519308
