0.392588 0.382567
0.405852 0.389730
0.419301 0.397057
0.432714 0.404385
0.472558 0.426669
0.588150 0.552496
0.594208 0.557564
0.600076 0.562588
0.605760 0.567568
0.610177 0.571522
0.621756 0.582255
0.642222 0.413800
0.653793 0.424445
0.684542 0.458359
0.349395 0.357275
0.354746 0.360175
0.360155 0.363100
0.370027 0.368426
0.382303 0.375035
0.448213 0.139401
0.458030 0.143548
0.467521 0.147236
0.495083 0.155948
0.583461 0.463860
0.595636 0.472866
0.607207 0.481922
0.618182 0.491030
0.628580 0.500194
0.649531 0.520542
0.520678 0.583188
0.525850 0.587070
0.531120 0.591155
0.503734 0.302050
0.521973 0.309884
0.300104 0.214724
0.312977 0.221792
0.321867 0.226633
0.345187 0.239159
0.521993 0.418949
0.540226 0.429820
0.557626 0.440731
0.589733 0.462752
0.612137 0.609859
0.615968 0.613472
0.618471 0.615862
0.637385 0.265271
0.642237 0.268477
0.147411 0.197697
0.152773 0.201428
0.158247 0.205233
0.169601 0.213094
0.182770 0.222080
0.194226 0.229772
0.438259 0.577984
0.459984 0.593117
0.480848 0.608201
0.547067 0.660354
0.603667 0.555158
0.622279 0.572035
0.654706 0.353105
0.677584 0.375461
0.698226 0.400111
0.716826 0.426547
0.472365 0.477282
0.494691 0.491385
0.515966 0.505426
0.270927 0.117724
0.277478 0.120968
0.284256 0.124337
0.298278 0.131409
0.689093 0.586765
0.711110 0.618815
0.381421 0.256099
0.388543 0.259696
0.395784 0.263321
0.415909 0.273173
0.428709 0.465907
0.452406 0.480138
0.475511 0.494531
0.497651 0.508880
0.518751 0.523227
0.605837 0.439197
0.622052 0.451958
0.140289 0.426741
0.156320 0.440151
0.173950 0.453859
0.214682 0.482056
0.262692 0.510939
0.316038 0.541270
0.470982 0.554423
0.481019 0.561376
0.490836 0.568314
0.509734 0.582072
0.614037 0.550043
0.617496 0.553175
0.620885 0.556296
0.627464 0.562506
0.516705 0.577997
0.530140 0.588165
0.542918 0.598127
0.568708 0.619186
0.451105 0.237880
0.457318 0.240466
0.463586 0.243014
0.475936 0.247890
0.647299 0.152470
0.658546 0.158955
0.669630 0.166052
0.693207 0.183819
0.543350 0.287995
0.551859 0.291554
0.560336 0.295223
0.577133 0.302960
0.381138 0.413517
0.397979 0.422866
0.414990 0.432416
0.431957 0.442049
0.448910 0.451901
0.482088 0.471916
0.461623 0.460119
0.494896 0.480571
0.468969 0.582479
0.477232 0.588384
0.481889 0.591753
0.486403 0.594998
0.492176 0.599308
0.504369 0.608461
0.437427 0.180864
0.439566 0.181807
0.441698 0.182736
0.443822 0.183651
0.445939 0.184552
0.450100 0.186302
0.454287 0.188008
0.362422 0.444467
0.370506 0.448976
0.376056 0.452165
0.391241 0.460834
0.403754 0.468075
0.472335 0.547585
0.494072 0.562714
0.514642 0.577671
0.551797 0.606474
0.367747 0.436358
0.393208 0.450742
0.418929 0.465569
0.444625 0.480911
0.377483 0.292723
0.410093 0.309278
0.432304 0.320269
0.387107 0.136496
0.392651 0.139330
0.398257 0.142166
0.409483 0.147767
0.501488 0.555798
0.534780 0.580423
0.577884 0.606298
0.593066 0.619506
0.607000 0.632195
0.631565 0.656118
0.384452 0.381336
0.456197 0.420669
0.502454 0.447598
0.372745 0.526867
0.436706 0.567372
0.452286 0.577987
0.503621 0.615353
0.301703 0.112460
0.311259 0.117178
0.336802 0.130008
0.378795 0.151548
0.343731 0.113519
0.351995 0.117677
0.360548 0.121976
0.369128 0.126352
0.363847 0.301457
0.377739 0.308715
0.387107 0.313542
0.283994 0.233971
0.300487 0.243224
0.402229 0.423418
0.421164 0.434072
0.440005 0.444833
0.516384 0.319852
0.520810 0.321843
0.522827 0.322756
0.526588 0.324468
0.576909 0.503305
0.593207 0.515963
0.608317 0.528505
0.635110 0.553160
0.339701 0.485280
0.356212 0.494788
0.372885 0.504490
0.292045 0.433664
0.318017 0.448422
0.333414 0.457032
0.369529 0.477535
0.410910 0.501974
0.510330 0.224140
0.517870 0.226519
0.526956 0.229409
0.533083 0.231383
0.548624 0.236554
0.545004 0.215804
0.554065 0.218686
0.565553 0.222556
0.381550 0.265406
0.394777 0.272074
0.408305 0.278780
0.435469 0.291809
0.105268 0.250867
0.113845 0.258353
0.122750 0.266049
0.145824 0.285425
0.162933 0.299108
0.186894 0.317174
0.114525 0.319055
0.122560 0.326544
0.130972 0.334187
0.149115 0.349956
0.169392 0.366432
0.192247 0.383573
0.362905 0.480701
0.383490 0.492593
0.404400 0.505098
0.445688 0.530867
0.550372 0.676300
0.564290 0.688215
0.577205 0.699522
0.602322 0.722206
0.501083 0.336310
0.508429 0.339798
0.515641 0.343247
0.417921 0.250307
0.434357 0.257929
0.450915 0.265308
0.345510 0.404732
0.360312 0.412917
0.375381 0.421228
0.406356 0.438598
0.517979 0.329265
0.532304 0.335972
0.546404 0.342811
0.573731 0.357092
0.424204 0.378538
0.428794 0.381009
0.433307 0.383416
0.437738 0.385757
0.442328 0.388243
0.625320 0.562125
0.632890 0.569475
0.641759 0.578450
0.653983 0.591585
0.622962 0.321676
0.631686 0.327620
0.640053 0.333806
0.656498 0.347208
0.497274 0.174080
0.504047 0.175918
0.519457 0.179895
0.320010 0.235938
0.324146 0.238179
0.328395 0.240481
0.332699 0.242805
0.336240 0.244718
0.345997 0.249932
0.594317 0.612480
0.600724 0.618237
0.458232 0.400782
0.470636 0.407604
0.482955 0.414500
0.506819 0.428188
0.525683 0.534996
0.545455 0.549475
0.563785 0.563597
0.596127 0.590501
0.418809 0.077602
0.425008 0.080666
0.431240 0.083680
0.443222 0.089466
0.635915 0.623520
0.649039 0.637473
0.661013 0.650988
0.682200 0.676795
0.412845 0.165830
0.415970 0.167360
0.419195 0.168898
0.425490 0.171878
0.399426 0.250486
0.417977 0.259472
0.436502 0.268096
0.455168 0.276455
0.736152 0.635570
0.740562 0.642694
0.744783 0.649565
0.752996 0.662788
0.490201 0.528796
0.503637 0.538027
0.516594 0.547186
0.540849 0.565055
0.272412 0.267551
0.279677 0.271776
0.287121 0.276045
0.302714 0.284861
0.319254 0.294044
0.336722 0.303573
0.472322 0.445621
0.485565 0.453512
0.121310 0.050508
0.137205 0.054335
0.152987 0.058761
0.168728 0.063770
0.483206 0.641827
0.494490 0.650572
0.505311 0.659058
0.639909 0.488158
0.649511 0.497652
0.658841 0.507442
0.675784 0.527083
0.309859 0.394928
0.320137 0.400648
0.330814 0.406645
0.352712 0.418763
0.375491 0.431448
0.595604 0.514650
0.598837 0.517278
0.600964 0.519027
0.501627 0.493673
0.514435 0.502112
0.526991 0.510694
0.535034 0.516308
0.544783 0.523274
0.341130 0.426989
0.357536 0.436151
0.374324 0.445582
0.391311 0.455186
0.408606 0.465216
0.535050 0.868945
0.546819 0.877577
0.558128 0.885745
0.580628 0.901134
0.525343 0.495500
0.536118 0.502856
0.546519 0.510158
0.556539 0.517398
0.558072 0.399920
0.574381 0.409868
0.571577 0.640906
0.578410 0.646835
0.584987 0.652635
0.597408 0.663856
0.516587 0.221446
0.519129 0.222236
0.522193 0.223189
0.526820 0.224634
0.532002 0.226267
0.335481 0.355904
0.348243 0.362839
0.361500 0.370067
0.375008 0.377375
0.388780 0.384819
0.425344 0.404707
0.346992 0.270548
0.358909 0.276866
0.371005 0.283169
0.365192 0.206466
0.375980 0.212042
0.386856 0.217580
0.408980 0.228503
0.582216 0.407021
0.584862 0.408733
0.587486 0.410453
0.592669 0.413919
0.597763 0.417419
0.416154 0.485845
0.446825 0.504585
0.476699 0.523888
0.332276 0.319015
0.339137 0.322718
0.346249 0.326586
0.353419 0.330438
0.673476 0.653696
0.690607 0.675675
0.699235 0.687173
0.472747 0.361275
0.483454 0.366724
0.494034 0.372158
0.615542 0.779521
0.618813 0.782471
0.622014 0.785362
0.628342 0.791098
0.585427 0.476832
0.601535 0.489189
0.616519 0.501584
0.643316 0.526506
0.437120 0.476047
0.458674 0.489221
0.486862 0.589973
0.500012 0.599691
0.512668 0.609288
0.536292 0.627826
0.173906 0.348849
0.189396 0.360399
0.206354 0.372447
0.224851 0.384829
0.253658 0.402915
0.306010 0.433339
0.606883 0.242414
0.619788 0.249033
0.632463 0.256321
0.659200 0.274831
0.578523 0.119121
0.581232 0.119898
0.584739 0.120827
0.589911 0.122341
0.479185 0.345942
0.494009 0.353221
0.508641 0.360511
0.394521 0.687524
0.400157 0.691777
0.680706 0.702486
0.687867 0.711350
0.694754 0.719970
0.707936 0.736488
0.547943 0.381196
0.572020 0.395106
0.594546 0.409510
0.419838 0.340990
0.431089 0.346700
0.442435 0.352470
0.453849 0.358297
0.465138 0.364059
0.487439 0.375555
0.565708 0.577995
0.599806 0.606999
0.237693 0.093154
0.241020 0.094666
0.244382 0.096206
0.251219 0.099368
0.258221 0.102649
0.171943 0.254139
0.176545 0.257486
0.183623 0.262537
0.197374 0.272145
0.607957 0.376208
0.634032 0.395484
0.657641 0.416607
0.628726 0.455604
0.638810 0.464588
0.648394 0.473735
0.486865 0.446802
0.525239 0.470586
0.396354 0.083035
0.409814 0.089668
0.448393 0.108330
0.603664 0.823711
0.612045 0.830527
0.620265 0.837195
0.186208 0.452089
0.199501 0.461365
0.213638 0.470749
0.231721 0.482152
0.244433 0.489845
0.278230 0.509460
0.643866 0.767990
0.652515 0.776484
0.660737 0.784594
0.565736 0.416330
0.569405 0.418638
0.571829 0.420181
0.577698 0.423986
0.539216 0.431450
0.552398 0.439677
0.565081 0.447930
0.591275 0.466302
0.278019 0.476853
0.300876 0.489799
0.324717 0.503305
0.427553 0.614508
0.432529 0.618102
0.437408 0.621596
0.355206 0.350657
0.368556 0.357833
0.382138 0.365073
0.410112 0.380021
0.432803 0.429117
0.451934 0.440066
0.470777 0.451117
0.510476 0.475592
0.620899 0.538488
0.632480 0.549394
0.643163 0.560118
0.592068 0.606768
0.595696 0.610000
0.599143 0.613088
0.574660 0.658192
0.580153 0.663017
0.644378 0.495001
0.657656 0.508706
0.669792 0.522482
0.693684 0.553351
0.498960 0.493123
0.521880 0.508363
0.543500 0.523586
0.581777 0.552879
0.650916 0.581470
0.660339 0.592032
0.669165 0.602481
0.685277 0.623008
0.626097 0.610934
0.634203 0.619067
0.639364 0.624406
0.652647 0.638762
0.538219 0.181166
0.542023 0.182189
0.548666 0.183947
0.555354 0.185817
0.462075 0.448374
0.482012 0.460291
0.501324 0.472242
0.537447 0.495963
0.406446 0.316575
0.422347 0.324541
0.441715 0.334180
0.557631 0.381361
0.576903 0.392668
0.595210 0.404393
0.634859 0.434558
0.700735 0.688432
0.707314 0.697390
0.713579 0.706000
0.726176 0.722874
0.424225 0.295317
0.443164 0.304348
0.462112 0.313207
0.517671 0.694641
0.531413 0.706028
0.544333 0.716901
0.567789 0.737025
0.325294 0.442634
0.332929 0.446869
0.340801 0.451342
0.348702 0.455789
0.356691 0.460302
0.372881 0.469521
0.457591 0.252160
0.478585 0.260694
0.568955 0.442331
0.576564 0.447462
0.583972 0.452616
0.591179 0.457795
0.432987 0.559015
0.445237 0.567209
0.457323 0.575500
0.469181 0.583825
0.540867 0.457857
0.554125 0.466592
0.708600 0.595242
0.717399 0.609077
0.726052 0.622893
0.743802 0.651777
0.559221 0.286132
0.564390 0.288364
0.569542 0.290648
0.421691 0.604521
0.446260 0.621939
0.470085 0.639603
0.514056 0.674081
0.483763 0.461870
0.487347 0.464064
0.490908 0.466259
0.494444 0.468452
0.497955 0.470645
0.504897 0.475027
0.469795 0.374568
0.477691 0.378677
0.484277 0.382141
0.493533 0.387077
0.501305 0.391254
0.457303 0.497913
0.475460 0.509500
0.493054 0.521126
0.422839 0.360209
0.439935 0.369093
0.457154 0.378138
0.474136 0.387133
0.498070 0.604730
0.502453 0.608036
0.506777 0.611326
0.450505 0.596288
0.473368 0.612805
0.495163 0.629214
0.534709 0.660667
0.466895 0.428480
0.483006 0.437837
0.498663 0.447143
0.528407 0.465616
0.529941 0.497687
0.558943 0.518212
0.576593 0.531613
0.615052 0.564040
0.467527 0.444478
0.473048 0.447768
0.497023 0.300572
0.503250 0.303233
0.547422 0.105012
0.548760 0.105284
0.550245 0.105511
0.553052 0.106065
0.556054 0.106597
0.264964 0.349956
0.276628 0.356849
0.288834 0.363929
0.314862 0.378677
0.507668 0.642884
0.529683 0.660560
0.514809 0.187219
0.519656 0.188506
0.432485 0.268828
0.442096 0.273220
0.451640 0.277492
0.461243 0.281719
0.470908 0.285910
0.688078 0.592644
0.693491 0.600127
0.698707 0.607558
0.708626 0.622228
0.699762 0.328121
0.712762 0.344644
0.725000 0.362095
0.425864 0.165296
0.432250 0.168258
0.440120 0.171792
0.447865 0.175127
0.463079 0.181192
0.469748 0.496852
0.492946 0.511904
0.372775 0.615422
0.399664 0.633799
0.426484 0.653141
0.452859 0.673052
0.478120 0.692767
0.462816 0.544560
0.479777 0.556138
0.496136 0.567684
0.537035 0.596279
0.562819 0.617055
0.408137 0.383364
0.440218 0.400720
0.471915 0.418263
0.531621 0.453741
0.454054 0.313030
0.474015 0.322358
0.497805 0.333458
0.536318 0.352013
0.312437 0.056561
0.320431 0.059962
0.332836 0.065376
0.630695 0.453820
0.638934 0.461181
0.646840 0.468656
0.661690 0.483934
0.564886 0.618380
0.568001 0.620996
0.573977 0.626044
0.579972 0.631248
0.594877 0.825010
0.597116 0.826825
0.600959 0.829930
0.607867 0.835479
0.605856 0.420924
0.620025 0.431678
0.633393 0.442775
0.657777 0.465969
0.586730 0.517690
0.596383 0.525456
0.610031 0.537004
0.628741 0.554109
0.562588 0.550802
0.587678 0.571067
0.603955 0.585218
0.703193 0.506338
0.714059 0.522969
0.724228 0.539609
0.476541 0.149868
0.478862 0.150631
0.482334 0.151733
0.488114 0.153466
0.592725 0.209894
0.606791 0.215869
0.623559 0.224050
0.648071 0.238558
0.375750 0.587486
0.395303 0.600221
0.370428 0.373236
0.382329 0.379662
0.241851 0.477796
0.288866 0.505033
0.314119 0.519406
0.339983 0.534266
0.392651 0.566298
0.506853 0.378853
0.512428 0.381802
0.578798 0.410852
0.602238 0.426778
0.623778 0.443381
0.661238 0.478683
0.422379 0.386376
0.432333 0.391706
0.462375 0.408134
0.505357 0.384456
0.520772 0.392791
0.535764 0.401167
0.567017 0.419854
0.441450 0.508235
0.446116 0.511223
0.583886 0.546157
0.595160 0.555501
0.607848 0.566526
0.625156 0.582580
0.511485 0.347426
0.540716 0.362054
0.563805 0.374509
0.355327 0.241943
0.362706 0.245809
0.370190 0.249695
0.379294 0.254370
0.404075 0.266782
0.477572 0.574453
0.483263 0.578458
0.491879 0.584736
0.426812 0.396121
0.438990 0.402762
0.348242 0.379863
0.364224 0.388598
0.380627 0.397557
0.397271 0.406645
0.414270 0.416074
0.448109 0.435121
0.579386 0.486027
0.593842 0.497013
0.607400 0.507975
0.631951 0.529849
0.571654 0.295054
0.576260 0.297200
0.580845 0.299394
0.589939 0.303937
0.439363 0.551343
0.457218 0.563326
0.474610 0.575417
0.549855 0.643603
0.560362 0.652430
0.572253 0.662655
0.464630 0.443510
0.487750 0.457321
0.498948 0.464198
0.509886 0.471064
0.530895 0.484730
0.466342 0.666075
0.477743 0.674961
0.488831 0.683738
0.322793 0.732842
0.327643 0.736437
0.490876 0.548945
0.510157 0.562649
0.528354 0.576123
0.545403 0.589273
0.264264 0.380634
0.278350 0.388942
0.293099 0.397413
0.308610 0.406217
0.324853 0.415376
0.362404 0.436285
0.535240 0.300704
0.545007 0.304919
0.554715 0.309248
0.488367 0.563999
0.492494 0.566980
0.515689 0.530630
0.519655 0.533421
0.524249 0.536651
0.531154 0.541627
0.426968 0.161704
0.439316 0.167349
0.451340 0.172500
0.681923 0.752821
0.688276 0.759959
0.694479 0.766883
0.433736 0.388757
0.438135 0.391125
0.317584 0.480530
0.335693 0.490791
0.354194 0.501395
0.574308 0.744436
0.584361 0.753242
0.593798 0.761575
0.483973 0.623378
0.498691 0.634634
0.512871 0.645810
0.541438 0.669061
0.445681 0.165770
0.455692 0.169944
0.465602 0.173751
0.485048 0.180373
0.543139 0.488228
0.547539 0.491235
0.552079 0.494423
0.527572 0.471186
0.534599 0.475812
0.541383 0.480336
0.175711 0.215202
0.182622 0.219889
0.191235 0.225668
0.204919 0.234701
0.221308 0.245227
0.495280 0.483540
0.499974 0.486550
0.504620 0.489556
0.513750 0.495554
0.474638 0.524097
0.501505 0.542414
0.507410 0.172319
0.520218 0.175531
0.533627 0.178880
0.439484 0.140370
0.451056 0.145468
0.267528 0.495672
0.284311 0.505329
0.305027 0.517063
0.340617 0.537471
0.682554 0.392317
0.689947 0.401222
0.636892 0.487259
0.651828 0.501973
0.668142 0.519923
0.689734 0.547228
0.407497 0.466840
0.422856 0.475886
0.438228 0.485178
0.399522 0.612809
0.409986 0.619971
0.420469 0.627351
0.430983 0.634984
0.470629 0.642175
0.486359 0.654270
0.501351 0.666026
0.529428 0.688916
0.610684 0.349073
0.623884 0.358021
0.632389 0.364287
0.652558 0.381022
0.486097 0.512936
0.504903 0.525586
0.522795 0.538112
0.555570 0.562515
0.599324 0.568991
0.610586 0.579004
0.461007 0.526830
0.475483 0.536443
0.489559 0.546056
0.516184 0.564989
0.569937 0.183514
0.581567 0.187308
0.593251 0.191572
0.617145 0.201676
0.550893 0.547659
0.555653 0.551284
0.522890 0.375451
0.537754 0.383423
0.552197 0.391492
0.579653 0.408046
0.429283 0.454808
0.450280 0.467265
0.475728 0.482803
0.397428 0.067748
0.408783 0.073237
0.420068 0.078750
0.411629 0.355690
0.420400 0.360263
0.424719 0.362490
0.429198 0.364851
0.364283 0.326839
0.386024 0.338291
0.708140 0.757895
0.719604 0.770876
0.727142 0.779032
0.746310 0.797936
0.514215 0.391509
0.527248 0.398704
0.539846 0.405866
0.564234 0.420557
0.771903 0.906096
0.780147 0.908907
0.788542 0.911518
0.805750 0.916127
0.536896 0.481240
0.543732 0.485858
0.550415 0.490460
0.522173 0.180994
0.535590 0.184447
0.549584 0.188230
0.579007 0.197382
0.565754 0.285406
0.577333 0.290612
0.588792 0.296137
0.602316 0.303234
0.613348 0.309572
0.634601 0.323492
0.438908 0.693686
0.446328 0.699472
0.453676 0.705250
0.468091 0.716712
0.524432 0.623740
0.537863 0.634496
0.550550 0.644926
0.580344 0.383934
0.591640 0.390988
0.623132 0.413331
0.460314 0.321766
0.465443 0.324191
0.470562 0.326608
0.585950 0.818212
0.603494 0.832432
0.671833 0.306922
0.686480 0.321480
0.700271 0.337210
0.470889 0.459897
0.501678 0.478954
0.548335 0.510367
0.260174 0.165982
0.272823 0.172866
0.286145 0.180112
0.300323 0.187806
0.315397 0.195958
0.500413 0.235547
0.509032 0.238470
0.517731 0.241405
0.535380 0.247434
0.644159 0.847143
0.652019 0.853324
0.674592 0.870205
