0.095653 0.091400
0.098473 0.092373
0.101299 0.093373
0.104100 0.094382
0.106909 0.095417
0.109727 0.096480
0.112520 0.097551
0.115322 0.098649
0.118123 0.099768
0.120935 0.100913
0.123723 0.102066
0.126523 0.103246
0.129337 0.104452
0.132141 0.105673
0.134933 0.106906
0.137742 0.108167
0.140569 0.109454
0.143372 0.110748
0.146196 0.112068
0.149027 0.113409
0.151881 0.114777
0.154713 0.116151
0.157571 0.117552
0.160456 0.118981
0.163322 0.120415
0.166217 0.121877
0.169128 0.123359
0.172072 0.124871
0.175000 0.126387
0.177965 0.127932
0.180969 0.129507
0.183960 0.131087
0.186993 0.132697
0.190052 0.134330
0.193158 0.135994
0.196257 0.137663
0.199406 0.139365
0.202608 0.141100
0.205807 0.142842
0.209063 0.144618
0.212360 0.146419
0.215698 0.148248
0.219082 0.150104
0.222513 0.151989
0.225993 0.153902
0.229525 0.155846
0.233112 0.157821
0.236755 0.159828
0.240459 0.161868
0.244225 0.163942
0.248056 0.166053
0.251954 0.168199
0.255924 0.170384
0.259967 0.172608
0.264085 0.174872
0.268282 0.177178
0.272585 0.179539
0.276946 0.181931
0.281343 0.184341
0.285929 0.186850
0.290554 0.189378
0.295218 0.191924
0.300027 0.194545
0.304982 0.197242
0.309979 0.199956
0.315070 0.202716
0.320200 0.205488
0.325532 0.208364
0.330900 0.211250
0.336356 0.214173
0.341842 0.217097
0.347523 0.220116
0.353166 0.223095
0.358999 0.226162
0.364841 0.229211
0.370743 0.232270
0.376642 0.235299
0.382708 0.238394
0.388755 0.241447
0.394839 0.244486
0.400890 0.247472
0.407085 0.250502
0.413176 0.253434
0.419402 0.256402
0.425512 0.259266
0.431752 0.262159
0.437867 0.264947
0.444109 0.267760
0.450221 0.270469
0.456461 0.273205
0.462565 0.275842
0.468801 0.278511
0.474897 0.281088
0.481130 0.283705
0.487217 0.286240
0.493431 0.288818
0.499584 0.291365
0.505731 0.293909
0.511872 0.296457
0.518003 0.299016
0.524123 0.301592
0.530229 0.304191
0.536318 0.306818
0.542384 0.309480
0.548425 0.312182
0.554436 0.314930
0.560412 0.317729
0.566348 0.320584
0.572239 0.323499
0.578080 0.326480
0.583867 0.329529
0.589594 0.332652
0.595258 0.335850
0.600853 0.339129
0.606375 0.342489
0.611822 0.345935
0.617189 0.349467
0.622474 0.353087
0.627673 0.356798
0.632786 0.360599
0.637808 0.364491
0.642741 0.368475
0.647581 0.372550
0.652330 0.376715
0.656985 0.380970
0.661547 0.385313
0.666016 0.389742
0.670393 0.394254
0.674680 0.398848
0.678876 0.403521
0.682982 0.408269
0.687002 0.413088
0.690937 0.417976
0.694787 0.422927
0.698556 0.427937
0.702247 0.433002
0.705860 0.438117
0.709399 0.443277
0.712867 0.448477
0.716111 0.453599
0.719597 0.458977
0.722866 0.464267
0.726074 0.469576
0.729070 0.474774
0.732321 0.480234
0.735364 0.485572
0.738203 0.490774
0.741151 0.496104
0.744057 0.501425
0.746921 0.506731
0.749749 0.512020
0.752542 0.517286
0.755303 0.522528
0.758034 0.527739
0.760739 0.532919
0.763420 0.538062
0.766237 0.543329
0.768720 0.548230
0.771343 0.553250
0.774110 0.558391
0.776707 0.563319
0.779294 0.568195
0.781715 0.572845
0.784446 0.577792
0.787014 0.582509
0.789581 0.587170
0.792146 0.591774
0.794711 0.596319
0.797279 0.600807
0.799851 0.605235
0.802428 0.609604
0.805010 0.613912
0.807600 0.618161
0.810199 0.622348
0.812807 0.626475
0.815425 0.630542
0.818054 0.634549
0.820695 0.638495
0.823349 0.642381
0.826016 0.646208
0.828696 0.649975
0.831391 0.653684
0.834100 0.657334
0.836824 0.660926
0.839563 0.664461
0.842318 0.667940
0.845089 0.671362
0.847876 0.674728
0.850679 0.678040
0.853497 0.681298
0.856332 0.684502
0.859183 0.687653
0.862050 0.690752
0.864933 0.693801
0.867832 0.696798
0.870746 0.699746
0.873676 0.702645
0.876621 0.705496
0.879581 0.708299
0.882556 0.711056
