7.157521820068359375e+01
7.202873229980468750e+01
7.248224639892578125e+01
7.293576049804687500e+01
7.429629516601562500e+01
7.919935607910156250e+01
7.950678253173828125e+01
7.981420898437500000e+01
8.012164306640625000e+01
8.036758422851562500e+01
8.104392242431640625e+01
8.151705169677734375e+01
8.218083190917968750e+01
8.417215728759765625e+01
7.002437591552734375e+01
7.022045898437500000e+01
7.041653442382812500e+01
7.076947021484375000e+01
7.120083618164062500e+01
7.089363861083984375e+01
7.151637268066406250e+01
7.213909912109375000e+01
7.400728607177734375e+01
7.855596160888671875e+01
7.913523101806640625e+01
7.971450805664062500e+01
8.029377746582031250e+01
8.087304687500000000e+01
8.214743804931640625e+01
7.696601104736328125e+01
7.717781829833984375e+01
7.738962554931640625e+01
7.509081268310546875e+01
7.587509918212890625e+01
6.622546386718750000e+01
6.688766479492187500e+01
6.732913208007812500e+01
6.843280792236328125e+01
7.596275329589843750e+01
7.668138885498046875e+01
7.740001678466796875e+01
7.883728790283203125e+01
8.084265136718750000e+01
8.107376098632812500e+01
8.122784423828125000e+01
8.163407135009765625e+01
8.188616943359375000e+01
5.757727813720703125e+01
5.806540679931640625e+01
5.855354309082031250e+01
5.952980804443359375e+01
6.060369491577148438e+01
6.148233413696289062e+01
7.456322479248046875e+01
7.531954956054687500e+01
7.607587432861328125e+01
7.879864501953125000e+01
7.992396545410156250e+01
8.098683929443359375e+01
8.233690643310546875e+01
8.369604492187500000e+01
8.505518341064453125e+01
8.641432952880859375e+01
7.458789062500000000e+01
7.536660766601562500e+01
7.614531707763671875e+01
6.222796249389648438e+01
6.268389892578125000e+01
6.313983917236328125e+01
6.405171966552734375e+01
8.525975799560546875e+01
8.733006286621093750e+01
6.999934387207031250e+01
7.030569458007812500e+01
7.061204528808593750e+01
7.145450592041015625e+01
7.323988342285156250e+01
7.402176666259765625e+01
7.480364990234375000e+01
7.558554077148437500e+01
7.636742401123046875e+01
7.957121276855468750e+01
8.040947723388671875e+01
6.309770202636718750e+01
6.406330108642578125e+01
6.502889251708984375e+01
6.696008300781250000e+01
6.889127349853515625e+01
7.082246398925781250e+01
7.519458770751953125e+01
7.554901885986328125e+01
7.590345001220703125e+01
7.661231994628906250e+01
8.038921356201171875e+01
8.058540344238281250e+01
8.078158569335937500e+01
8.117396545410156250e+01
7.678601074218750000e+01
7.732527160644531250e+01
7.786454010009765625e+01
7.905092620849609375e+01
7.253446960449218750e+01
7.283101654052734375e+01
7.312756347656250000e+01
7.372065734863281250e+01
8.251028442382812500e+01
8.308870697021484375e+01
8.366712951660156250e+01
8.493965911865234375e+01
7.686235809326171875e+01
7.725021362304687500e+01
7.763806152343750000e+01
7.841376495361328125e+01
7.147581481933593750e+01
7.203800201416015625e+01
7.260018157958984375e+01
7.316236877441406250e+01
7.372454833984375000e+01
7.484891510009765625e+01
7.415206909179687500e+01
7.530720520019531250e+01
7.543955230712890625e+01
7.573545837402343750e+01
7.590454101562500000e+01
7.607363128662109375e+01
7.628498840332031250e+01
7.674997711181640625e+01
7.117056274414062500e+01
7.128765106201171875e+01
7.140473937988281250e+01
7.152182769775390625e+01
7.163891601562500000e+01
7.187309265136718750e+01
7.210726928710937500e+01
7.119592285156250000e+01
7.146854400634765625e+01
7.165028381347656250e+01
7.215008544921875000e+01
7.255900573730468750e+01
7.516488647460937500e+01
7.594139862060546875e+01
7.671791839599609375e+01
7.827095031738281250e+01
7.127839660644531250e+01
7.212175750732421875e+01
7.296511840820312500e+01
7.380847930908203125e+01
7.029510498046875000e+01
7.156675720214843750e+01
7.241452789306640625e+01
6.804597473144531250e+01
6.834787750244140625e+01
6.864978790283203125e+01
6.925360107421875000e+01
7.609963226318359375e+01
7.739947509765625000e+01
7.926856231689453125e+01
8.006518554687500000e+01
8.086181640625000000e+01
8.245506286621093750e+01
7.131677246093750000e+01
7.375100708007812500e+01
7.537384033203125000e+01
7.225698852539062500e+01
7.440039825439453125e+01
7.493624877929687500e+01
7.681173706054687500e+01
6.363151168823242188e+01
6.424148559570312500e+01
6.576640319824218750e+01
6.805377960205078125e+01
6.561064910888671875e+01
6.608939361572265625e+01
6.656814575195312500e+01
6.704689788818359375e+01
6.992448425292968750e+01
7.046715545654296875e+01
7.082894134521484375e+01
6.594095611572265625e+01
6.679103088378906250e+01
7.216513061523437500e+01
7.279054260253906250e+01
7.341594696044921875e+01
7.563449859619140625e+01
7.582527923583984375e+01
7.590704345703125000e+01
7.607056427001953125e+01
7.841291809082031250e+01
7.919129943847656250e+01
7.996968841552734375e+01
8.152646636962890625e+01
7.092583465576171875e+01
7.148144531250000000e+01
7.203704833984375000e+01
6.898380279541015625e+01
6.993241882324218750e+01
7.047447967529296875e+01
7.169411468505859375e+01
7.304927062988281250e+01
7.530329132080078125e+01
7.568750000000000000e+01
7.614854431152343750e+01
7.645590972900390625e+01
7.722431945800781250e+01
7.707702636718750000e+01
7.753441619873046875e+01
7.810616302490234375e+01
7.012103271484375000e+01
7.067463684082031250e+01
7.122824859619140625e+01
7.233546447753906250e+01
5.660332870483398438e+01
5.742588043212890625e+01
5.824842834472656250e+01
6.022254943847656250e+01
6.153863525390625000e+01
6.318373870849609375e+01
5.927626800537109375e+01
5.994821548461914062e+01
6.062016296386718750e+01
6.196405792236328125e+01
6.330795669555664062e+01
6.465185546875000000e+01
7.153534698486328125e+01
7.221828460693359375e+01
7.290122222900390625e+01
7.426709747314453125e+01
7.914255523681640625e+01
7.983938598632812500e+01
8.053621673583984375e+01
8.206924438476562500e+01
7.502496337890625000e+01
7.531784057617187500e+01
7.561072540283203125e+01
7.129215240478515625e+01
7.201854705810546875e+01
7.274493408203125000e+01
7.034696960449218750e+01
7.086056518554687500e+01
7.137416076660156250e+01
7.240134429931640625e+01
7.570229339599609375e+01
7.630392456054687500e+01
7.690555572509765625e+01
7.810882568359375000e+01
7.251514434814453125e+01
7.267098999023437500e+01
7.282682800292968750e+01
7.298266601562500000e+01
7.313851165771484375e+01
8.105739593505859375e+01
8.153141784667968750e+01
8.210024261474609375e+01
8.295347595214843750e+01
8.065498352050781250e+01
8.110316467285156250e+01
8.155134582519531250e+01
8.244770812988281250e+01
7.433077239990234375e+01
7.474961853027343750e+01
7.567108917236328125e+01
6.742459869384765625e+01
6.762520599365234375e+01
6.782582092285156250e+01
6.802643585205078125e+01
6.818692779541015625e+01
6.862827301025390625e+01
8.003895568847656250e+01
8.039601135253906250e+01
7.371315765380859375e+01
7.414604949951171875e+01
7.457894134521484375e+01
7.544472503662109375e+01
7.668421936035156250e+01
7.748604583740234375e+01
7.828787994384765625e+01
7.989154815673828125e+01
6.787568664550781250e+01
6.824722290039062500e+01
6.861876678466796875e+01
6.936183929443359375e+01
8.225259399414062500e+01
8.320141601562500000e+01
8.415023803710937500e+01
8.604787445068359375e+01
6.978208923339843750e+01
6.995118713378906250e+01
7.012028503417968750e+01
7.045847320556640625e+01
7.059317779541015625e+01
7.139265441894531250e+01
7.219213867187500000e+01
7.299162292480468750e+01
8.964967346191406250e+01
9.012220001220703125e+01
9.059471893310546875e+01
9.153976440429687500e+01
7.551252746582031250e+01
7.600026702880859375e+01
7.648801422119140625e+01
7.746349334716796875e+01
6.609615325927734375e+01
6.646260070800781250e+01
6.682904815673828125e+01
6.756195068359375000e+01
6.829485321044921875e+01
6.902774810791015625e+01
7.438984680175781250e+01
7.485057067871093750e+01
4.915964508056640625e+01
5.056931304931640625e+01
5.197898101806640625e+01
5.338864898681640625e+01
7.657390594482421875e+01
7.701013183593750000e+01
7.744635009765625000e+01
8.145847320556640625e+01
8.205490875244140625e+01
8.265135192871093750e+01
8.384422302246093750e+01
6.914706420898437500e+01
6.953291320800781250e+01
6.991876220703125000e+01
7.069046020507812500e+01
7.146215820312500000e+01
7.929414367675781250e+01
7.945722198486328125e+01
7.956594085693359375e+01
7.560128021240234375e+01
7.607662200927734375e+01
7.655197143554687500e+01
7.686886596679687500e+01
7.726499176025390625e+01
7.041939544677734375e+01
7.098221588134765625e+01
7.154502868652343750e+01
7.210784912109375000e+01
7.267066192626953125e+01
8.220086669921875000e+01
8.289739990234375000e+01
8.359392547607421875e+01
8.512629699707031250e+01
7.640022277832031250e+01
7.682249450683593750e+01
7.724476623535156250e+01
7.766703033447265625e+01
7.737370300292968750e+01
7.808630371093750000e+01
7.943594360351562500e+01
7.978967285156250000e+01
8.014340209960937500e+01
8.085086059570312500e+01
7.561565399169921875e+01
7.574712371826171875e+01
7.590488433837890625e+01
7.614153289794921875e+01
7.640446472167968750e+01
6.956743621826171875e+01
7.004431152343750000e+01
7.052117919921875000e+01
7.099805450439453125e+01
7.147492980957031250e+01
7.271479797363281250e+01
6.896376800537109375e+01
6.946428680419921875e+01
6.996480560302734375e+01
6.862991333007812500e+01
6.914137268066406250e+01
6.965282440185546875e+01
7.067574310302734375e+01
7.844174957275390625e+01
7.856340789794921875e+01
7.868506622314453125e+01
7.892837524414062500e+01
7.917168426513671875e+01
7.305087280273437500e+01
7.406172180175781250e+01
7.507257080078125000e+01
6.906026458740234375e+01
6.933571624755859375e+01
6.961116790771484375e+01
6.988661956787109375e+01
8.504199981689453125e+01
8.666573333740234375e+01
8.754003906250000000e+01
7.402623748779296875e+01
7.442462921142578125e+01
7.482302856445312500e+01
8.396894836425781250e+01
8.422371673583984375e+01
8.447848510742187500e+01
8.498801422119140625e+01
7.867957305908203125e+01
7.946336364746093750e+01
8.024714660644531250e+01
8.181472778320312500e+01
7.355529022216796875e+01
7.427066040039062500e+01
7.602475738525390625e+01
7.651732635498046875e+01
7.700990295410156250e+01
7.799504089355468750e+01
6.318515396118164062e+01
6.412970733642578125e+01
6.507425689697265625e+01
6.601880645751953125e+01
6.734117126464843750e+01
6.941918182373046875e+01
8.012282562255859375e+01
8.076300811767578125e+01
8.140319061279296875e+01
8.281158447265625000e+01
7.895491027832031250e+01
7.910928344726562500e+01
7.929453277587890625e+01
7.957240295410156250e+01
7.420696258544921875e+01
7.477831268310546875e+01
7.534966278076171875e+01
7.494767761230468750e+01
7.515882110595703125e+01
8.643804168701171875e+01
8.716310119628906250e+01
8.788816070556640625e+01
8.933827972412109375e+01
7.694851684570312500e+01
7.798403930664062500e+01
7.901956176757812500e+01
7.212753295898437500e+01
7.253865814208984375e+01
7.294979095458984375e+01
7.336092376708984375e+01
7.377204895019531250e+01
7.459430694580078125e+01
7.849319458007812500e+01
8.022563171386718750e+01
5.940066528320312500e+01
5.966554260253906250e+01
5.993041992187500000e+01
6.046017837524414062e+01
6.098993301391601562e+01
6.089020538330078125e+01
6.124057769775390625e+01
6.176613998413085938e+01
6.272967529296875000e+01
7.972353363037109375e+01
8.106857299804687500e+01
8.241361236572265625e+01
8.076997375488281250e+01
8.134049987792968750e+01
8.191103363037109375e+01
7.485684967041015625e+01
7.626495361328125000e+01
6.703957366943359375e+01
6.781530761718750000e+01
7.014250946044921875e+01
8.438399505615234375e+01
8.504840087890625000e+01
8.571281433105468750e+01
6.548519134521484375e+01
6.612978363037109375e+01
6.677437591552734375e+01
6.754788208007812500e+01
6.806356048583984375e+01
6.935273742675781250e+01
8.538474273681640625e+01
8.617334747314453125e+01
8.696195220947265625e+01
7.770896148681640625e+01
7.786952209472656250e+01
7.797656250000000000e+01
7.824417114257812500e+01
7.664994049072265625e+01
7.718955993652343750e+01
7.772917175292968750e+01
7.891632843017578125e+01
6.899499511718750000e+01
6.983445739746093750e+01
7.067391967773437500e+01
7.474010467529296875e+01
7.491291046142578125e+01
7.508571624755859375e+01
7.014466094970703125e+01
7.063090515136718750e+01
7.111714935302734375e+01
7.208963012695312500e+01
7.309956359863281250e+01
7.373828887939453125e+01
7.437701416015625000e+01
7.578220367431640625e+01
8.065988922119140625e+01
8.134736633300781250e+01
8.203485107421875000e+01
7.988145446777343750e+01
8.007254028320312500e+01
8.026361846923828125e+01
7.979539489746093750e+01
8.008871459960937500e+01
8.173677825927734375e+01
8.258361816406250000e+01
8.343046569824218750e+01
8.529351043701171875e+01
7.551277923583984375e+01
7.636663055419921875e+01
7.722048187255859375e+01
7.892818450927734375e+01
8.266760253906250000e+01
8.335533905029296875e+01
8.404307556152343750e+01
8.541855621337890625e+01
8.156716156005859375e+01
8.210240173339843750e+01
8.245922851562500000e+01
8.344050598144531250e+01
7.672978210449218750e+01
7.694313812255859375e+01
7.729873657226562500e+01
7.765432739257812500e+01
7.409175109863281250e+01
7.477650451660156250e+01
7.546125030517578125e+01
7.683074951171875000e+01
7.149982452392578125e+01
7.210078430175781250e+01
7.282193756103515625e+01
7.735774993896484375e+01
7.820614624023437500e+01
7.905454254150390625e+01
8.109068298339843750e+01
8.768329620361328125e+01
8.839265441894531250e+01
8.910201263427734375e+01
9.052072906494140625e+01
7.194794464111328125e+01
7.270015716552734375e+01
7.345236206054687500e+01
7.834165954589843750e+01
7.895886993408203125e+01
7.957608032226562500e+01
8.081050109863281250e+01
7.009471130371093750e+01
7.036436462402343750e+01
7.063401794433593750e+01
7.090366363525390625e+01
7.117331695556640625e+01
7.171262359619140625e+01
7.293043518066406250e+01
7.389920806884765625e+01
7.787772369384765625e+01
7.821636199951171875e+01
7.855500793457031250e+01
7.889364624023437500e+01
7.420939636230468750e+01
7.462649536132812500e+01
7.504360198974609375e+01
7.546070098876953125e+01
7.678573608398437500e+01
7.732998657226562500e+01
8.682901763916015625e+01
8.771498107910156250e+01
8.860093688964843750e+01
9.055004119873046875e+01
7.761090087890625000e+01
7.784999847412109375e+01
7.808909606933593750e+01
7.445381927490234375e+01
7.532030487060546875e+01
7.618679046630859375e+01
7.791976928710937500e+01
7.484054565429687500e+01
7.496611022949218750e+01
7.509167480468750000e+01
7.521724700927734375e+01
7.534281158447265625e+01
7.559394836425781250e+01
7.397417449951171875e+01
7.426453399658203125e+01
7.450650787353515625e+01
7.484526824951171875e+01
7.513562774658203125e+01
7.429914855957031250e+01
7.491711425781250000e+01
7.553507995605468750e+01
7.235202026367187500e+01
7.295852661132812500e+01
7.356503295898437500e+01
7.417153930664062500e+01
7.651988983154296875e+01
7.668811035156250000e+01
7.685632324218750000e+01
7.510496520996093750e+01
7.592328643798828125e+01
7.674160766601562500e+01
7.837825775146484375e+01
7.412993621826171875e+01
7.468737030029296875e+01
7.524480438232421875e+01
7.635967254638671875e+01
7.657318115234375000e+01
7.776496124267578125e+01
7.855946350097656250e+01
8.054574584960937500e+01
7.423830413818359375e+01
7.442455291748046875e+01
7.480568695068359375e+01
7.507149505615234375e+01
7.708453369140625000e+01
7.717645263671875000e+01
7.726837158203125000e+01
7.745221710205078125e+01
7.763605499267578125e+01
6.707266998291015625e+01
6.758926391601562500e+01
6.810585784912109375e+01
6.913904571533203125e+01
7.728743743896484375e+01
7.821268463134765625e+01
7.543347930908203125e+01
7.571044921875000000e+01
7.203910064697265625e+01
7.244937896728515625e+01
7.285965728759765625e+01
7.326992797851562500e+01
7.368020629882812500e+01
8.524958038330078125e+01
8.573238372802734375e+01
8.621519470214843750e+01
8.718080902099609375e+01
8.517558288574218750e+01
8.603834533691406250e+01
8.690110778808593750e+01
7.035086822509765625e+01
7.070259094238281250e+01
7.114224243164062500e+01
7.158188629150390625e+01
7.246118927001953125e+01
7.465110778808593750e+01
7.545933532714843750e+01
7.330986022949218750e+01
7.427736663818359375e+01
7.524488067626953125e+01
7.621239471435546875e+01
7.717990875244140625e+01
7.486862945556640625e+01
7.546066284179687500e+01
7.605269622802734375e+01
7.764300537109375000e+01
7.880511474609375000e+01
7.204988098144531250e+01
7.314373779296875000e+01
7.423760223388671875e+01
7.642532348632812500e+01
7.315338897705078125e+01
7.394180297851562500e+01
7.488789367675781250e+01
7.646472167968750000e+01
6.225295257568359375e+01
6.279276275634765625e+01
6.360247802734375000e+01
8.087474060058593750e+01
8.134197998046875000e+01
8.180921173095703125e+01
8.274369049072265625e+01
7.889395904541015625e+01
7.904513549804687500e+01
7.934748077392578125e+01
7.964982604980468750e+01
8.394217681884765625e+01
8.410607910156250000e+01
8.439291381835937500e+01
8.492561340332031250e+01
7.956772613525390625e+01
8.029034423828125000e+01
8.101296997070312500e+01
8.245820617675781250e+01
7.891086578369140625e+01
7.938825988769531250e+01
8.010433959960937500e+01
8.117847442626953125e+01
7.813527679443359375e+01
7.933628082275390625e+01
8.019415283203125000e+01
8.567096710205078125e+01
8.659324645996093750e+01
8.751553344726562500e+01
7.273651885986328125e+01
7.289457702636718750e+01
7.313166809082031250e+01
7.352681732177734375e+01
7.952177429199218750e+01
8.021871185302734375e+01
8.105503845214843750e+01
8.230950927734375000e+01
7.302677154541015625e+01
7.371255493164062500e+01
7.082600402832031250e+01
7.124185943603515625e+01
6.783580017089843750e+01
6.963182067871093750e+01
7.052983856201171875e+01
7.142784881591796875e+01
7.322387695312500000e+01
7.531167602539062500e+01
7.552693939208984375e+01
7.828510284423828125e+01
7.938903808593750000e+01
8.049296569824218750e+01
8.270083618164062500e+01
7.250599670410156250e+01
7.284928894042968750e+01
7.387916564941406250e+01
7.526753234863281250e+01
7.586257171630859375e+01
7.645760345458984375e+01
7.776667785644531250e+01
7.394382476806640625e+01
7.409593200683593750e+01
7.896778106689453125e+01
7.953372192382812500e+01
8.021285247802734375e+01
8.123154449462890625e+01
7.544675445556640625e+01
7.664949798583984375e+01
7.763356018066406250e+01
6.884848785400390625e+01
6.917697906494140625e+01
6.950547790527343750e+01
6.989966583251953125e+01
7.095085144042968750e+01
7.558920288085937500e+01
7.579746246337890625e+01
7.610984039306640625e+01
7.270417785644531250e+01
7.311787414550781250e+01
7.020188140869140625e+01
7.076704406738281250e+01
7.133221435546875000e+01
7.189737701416015625e+01
7.246253967285156250e+01
7.359287261962890625e+01
7.844515991210937500e+01
7.913267517089843750e+01
7.982019042968750000e+01
8.119522094726562500e+01
7.817620849609375000e+01
7.839064788818359375e+01
7.860507965087890625e+01
7.903394317626953125e+01
7.429757690429687500e+01
7.490719604492187500e+01
7.551682281494140625e+01
7.866042327880859375e+01
7.916172027587890625e+01
7.976326751708984375e+01
7.414369964599609375e+01
7.494095611572265625e+01
7.533958435058593750e+01
7.573821258544921875e+01
7.653546905517578125e+01
7.646161651611328125e+01
7.689682769775390625e+01
7.733203125000000000e+01
7.370829772949218750e+01
7.391951751708984375e+01
7.571316528320312500e+01
7.642755126953125000e+01
7.714193725585937500e+01
7.785632324218750000e+01
6.744405364990234375e+01
6.803804779052734375e+01
6.863204193115234375e+01
6.922603607177734375e+01
6.982003784179687500e+01
7.112682342529296875e+01
7.647003173828125000e+01
7.690505981445312500e+01
7.734008026123046875e+01
7.579115295410156250e+01
7.593820190429687500e+01
7.632045745849609375e+01
7.647195434570312500e+01
7.665375518798828125e+01
7.692644500732421875e+01
7.032704162597656250e+01
7.101867675781250000e+01
7.171031188964843750e+01
8.768995666503906250e+01
8.836521148681640625e+01
8.904045867919921875e+01
7.287209320068359375e+01
7.302321624755859375e+01
7.023484039306640625e+01
7.086206054687500000e+01
7.148928833007812500e+01
8.121752929687500000e+01
8.182640838623046875e+01
8.243528747558593750e+01
7.635427093505859375e+01
7.691864013671875000e+01
7.748300933837890625e+01
7.872462463378906250e+01
7.130307006835937500e+01
7.189554595947265625e+01
7.248802185058593750e+01
7.367297363281250000e+01
7.699903869628906250e+01
7.718343353271484375e+01
7.736782836914062500e+01
7.635466766357421875e+01
7.662533569335937500e+01
7.689600372314453125e+01
5.997232818603515625e+01
6.052937698364257812e+01
6.119783020019531250e+01
6.220051574707031250e+01
6.331460571289062500e+01
7.533430480957031250e+01
7.550272369384765625e+01
7.567115020751953125e+01
7.600799560546875000e+01
7.501821899414062500e+01
7.597299957275390625e+01
7.492548370361328125e+01
7.569882202148437500e+01
7.647215270996093750e+01
7.047267913818359375e+01
7.117650604248046875e+01
6.887319183349609375e+01
6.949388885498046875e+01
7.023872375488281250e+01
7.148011779785156250e+01
8.399337768554687500e+01
8.449153137207031250e+01
8.128577423095703125e+01
8.220143127441406250e+01
8.330021667480468750e+01
8.494837951660156250e+01
7.265595245361328125e+01
7.315707397460937500e+01
7.365819549560546875e+01
7.398530578613281250e+01
7.435762786865234375e+01
7.472994995117187500e+01
7.510226440429687500e+01
7.623667907714843750e+01
7.683360290527343750e+01
7.743051910400390625e+01
7.862436676025390625e+01
7.992819213867187500e+01
8.059376525878906250e+01
8.103749084472656250e+01
8.214679718017578125e+01
7.525977325439453125e+01
7.593649291992187500e+01
7.661320495605468750e+01
7.796664428710937500e+01
7.983251953125000000e+01
8.046015167236328125e+01
7.465093231201171875e+01
7.514906311035156250e+01
7.564719390869140625e+01
7.664346313476562500e+01
7.842504882812500000e+01
7.901927185058593750e+01
7.961350250244140625e+01
8.080194854736328125e+01
7.766892242431640625e+01
7.787494659423828125e+01
7.592253875732421875e+01
7.652296447753906250e+01
7.712338256835937500e+01
7.832423400878906250e+01
7.317627716064453125e+01
7.386682891845703125e+01
7.473001098632812500e+01
6.663998413085937500e+01
6.730257415771484375e+01
6.796516418457031250e+01
7.196400451660156250e+01
7.227442169189453125e+01
7.242963409423828125e+01
7.258483886718750000e+01
7.020414733886718750e+01
7.101190948486328125e+01
8.991954040527343750e+01
9.120857238769531250e+01
9.206790924072265625e+01
9.421627807617187500e+01
7.561192321777343750e+01
7.612083435058593750e+01
7.662974548339843750e+01
7.764757537841796875e+01
9.959443664550781250e+01
1.003256530761718750e+02
1.010568771362304688e+02
1.025193176269531250e+02
7.673468017578125000e+01
7.700960540771484375e+01
7.728453063964843750e+01
7.583003997802734375e+01
7.658767700195312500e+01
7.734531402587890625e+01
7.886058807373046875e+01
7.792417144775390625e+01
7.846469116210937500e+01
7.900521087646484375e+01
7.965382385253906250e+01
8.019434356689453125e+01
8.127538299560546875e+01
7.616853332519531250e+01
7.644669342041015625e+01
7.672485351562500000e+01
7.728117370605468750e+01
7.755290222167968750e+01
7.812783813476562500e+01
7.870276641845703125e+01
7.837268066406250000e+01
7.889597320556640625e+01
8.046585083007812500e+01
7.342613983154296875e+01
7.362624359130859375e+01
7.382633972167968750e+01
8.332190704345703125e+01
8.459768676757812500e+01
8.346011352539062500e+01
8.433071136474609375e+01
8.520130157470703125e+01
7.443005371093750000e+01
7.551137542724609375e+01
7.731358337402343750e+01
6.319140625000000000e+01
6.400816345214843750e+01
6.482492065429687500e+01
6.564168548583984375e+01
6.645844268798828125e+01
7.483092498779296875e+01
7.526156616210937500e+01
7.569220733642578125e+01
7.655349731445312500e+01
8.758118438720703125e+01
8.833300018310546875e+01
9.058843231201171875e+01
