0.199033
0.280697
0.101930
0.291237
0.549767
0.217059
0.078990
0.039395
0.138641
0.210155
0.233011
0.171136
0.194641
0.112823
0.074783
0.385619
0.466193
0.105549
0.177380
0.188196
0.257865
0.142670
0.230087
0.196057
0.214848
0.187700
0.195347
0.258752
0.055497
0.204283
0.110603
0.196818
0.963411
0.250825
0.241984
0.114644
0.101266
0.169876
0.082785
0.268667
0.100020
0.192462
0.138509
0.121426
0.080421
0.052011
0.135490
0.676435
0.220475
0.131444
0.232106
0.255568
0.212264
0.207625
0.225955
0.209978
0.168104
0.210846
0.173092
0.099750
0.108330
0.199414
0.222075
0.106316
0.306545
0.102370
0.266801
0.020216
0.225001
0.366357
0.130798
0.174591
0.089365
0.119868
0.080313
0.135924
0.202996
0.164399
0.125188
0.142595
0.223898
0.645140
0.441961
0.202742
0.247087
0.390284
0.151003
0.116298
0.125820
0.879794
0.364325
0.264279
0.134492
1.005705
0.177229
0.234226
0.161167
0.374392
0.717186
0.229512
0.100199
0.112390
0.283280
0.214589
0.368248
0.085148
0.036510
0.384632
0.136977
0.215140
0.064255
0.419670
0.116161
0.084156
0.102155
0.145405
0.095368
0.163811
0.225733
0.081745
0.625651
0.325552
0.079783
0.289030
0.445833
0.113818
0.151388
0.072992
0.155681
0.153557
0.251645
0.238860
0.236799
0.691355
0.128595
0.298755
0.243830
0.188513
0.066091
0.099427
0.184460
0.147861
0.109205
0.148329
0.088438
0.151659
0.118552
0.247251
0.931508
0.262372
0.135788
0.129285
0.100464
0.089583
0.141899
0.087984
0.275009
0.066009
1.038358
0.188082
0.098550
0.124992
0.247444
0.196484
0.075554
0.241273
0.093862
0.205753
0.089770
0.113219
0.140065
0.112452
0.181699
0.163361
0.577721
0.467131
0.127805
0.146927
0.109232
0.181918
0.172882
0.220165
0.219011
0.211522
0.201895
0.121719
0.345784
0.078270
0.090144
0.157050
0.239113
0.136442
0.666124
0.128574
0.044081
0.160529
0.359793
0.588488
0.052787
0.105494
0.136341
0.097668
0.056688
0.111614
0.190696
0.133829
0.142684
0.116325
0.091402
0.200232
0.152808
0.192877
0.131364
0.563921
0.110780
0.109095
0.102408
0.136171
0.235206
0.099706
0.163832
0.057256
0.198152
0.191074
0.249413
0.081797
0.148575
0.195987
0.173176
0.193101
0.122673
0.288220
0.183821
0.018347
0.159961
0.127643
0.193711
0.214551
0.135276
0.312501
0.130654
0.372080
0.119518
0.220029
0.240899
0.142550
0.141662
0.113309
0.478034
0.308171
0.250787
0.542750
0.155043
0.135448
0.207578
