0.907027
0.614855
1.327555
0.392154
1.245457
1.158541
0.423609
1.568580
1.103671
1.437266
0.385190
0.504210
0.976265
1.512655
2.125749
2.718282
1.557425
0.911880
2.070312
0.765875
1.563770
1.676516
1.931190
0.708863
0.392374
1.078533
0.593090
1.156843
0.775704
1.124367
1.155137
0.422718
0.234177
0.454361
1.553034
1.686722
2.119426
0.603817
1.299841
1.593252
1.622828
1.339630
1.524920
0.957499
0.904460
1.700141
1.250821
0.272541
1.556774
1.111214
1.355155
0.768412
1.143497
1.107218
1.645102
1.343897
1.365877
1.393662
0.585763
1.452781
1.027189
1.203264
0.311681
0.948040
0.896364
0.837700
0.401227
0.714111
0.865784
1.603664
0.743078
1.897642
0.338194
1.598962
0.945047
0.975481
0.732900
0.767873
1.409667
0.872448
1.192876
0.771697
0.271803
0.792245
1.125633
1.393060
0.844537
1.425205
0.707461
0.262936
0.953748
1.001035
1.022913
0.243310
2.021697
0.550902
1.249020
0.796790
0.509533
1.567578
1.430747
0.985139
1.889102
1.280363
0.308750
1.142703
0.422283
1.450121
2.071051
0.822259
1.732438
0.529756
0.875937
1.345040
1.141060
0.880064
1.551471
1.328826
1.289183
1.577213
0.267604
1.079234
1.678927
0.345616
0.972487
1.277451
1.374958
0.382166
0.586639
1.693683
1.707703
1.375477
0.892069
0.355596
1.369501
1.201920
1.696790
1.418717
1.504422
1.234419
0.539302
1.937549
0.677284
0.834203
1.088509
1.771918
0.478199
1.732974
0.251135
0.483938
1.235935
1.213011
0.336433
1.636644
1.114870
1.986283
0.372496
0.531621
0.183842
1.033188
1.850488
0.276973
0.820552
0.965615
1.725526
0.879299
1.616453
1.935024
1.184067
2.324214
2.187724
1.576826
1.349526
0.934478
0.302348
0.409766
1.445241
1.193481
1.715735
1.844564
0.395147
1.393867
1.371554
0.415855
1.796027
0.430523
2.207865
0.686586
1.190070
0.304217
1.131881
1.093408
0.656988
0.520636
0.590982
1.130329
1.375031
0.428867
1.219245
1.002586
0.797255
0.870415
0.422435
1.428776
1.187991
0.870050
0.294098
0.302994
1.383272
1.350503
0.302258
1.254448
1.217759
1.128741
1.184953
0.368790
0.541340
1.114092
0.336845
1.909560
1.546669
1.407652
1.241396
0.452865
1.831299
1.002245
0.744640
1.193844
1.109302
1.353439
1.255254
0.996268
1.188451
0.412054
1.200847
1.726363
1.325182
0.310419
1.615523
2.148368
1.017829
1.462437
0.549857
1.515275
1.081035
0.556318
1.149863
1.046586
0.400200
2.551560
1.741189
1.802207
1.633517
0.861285
1.503622
