1.068739
-0.436997
-0.139136
0.863049
0.201983
-0.616235
0.480256
0.640582
-0.875258
0.018224
0.468129
0.648358
0.407696
0.238610
-0.650518
1.080045
-1.726022
0.100484
-1.103483
0.273187
0.046237
-1.860000
0.179825
0.414963
0.323199
-1.008808
-0.623233
0.070681
-0.597929
-0.278264
3.765562
0.536324
-0.205403
-0.060440
0.565648
0.247720
-1.127647
-0.605769
-0.918073
-0.158270
1.032365
-0.734494
-2.258389
0.074453
0.457069
4.701683
0.251746
-1.509471
1.185735
1.698635
-0.625630
-0.122761
-0.529526
-0.302063
-0.815996
-0.218638
-0.453128
-0.013256
-0.792134
-2.832117
-0.130082
-0.068474
-0.909904
2.085753
-0.022662
-0.738430
-0.417957
0.300332
0.460291
-0.179661
0.059013
-0.212640
0.739864
0.476820
-1.488845
-1.107877
1.076004
-0.037500
0.023847
0.127016
1.655425
4.389195
0.103113
-1.904561
0.146896
-1.084058
-1.147249
0.551857
0.559825
-0.601385
-0.532980
1.929172
-0.839318
-0.858267
-0.264445
0.136885
0.570375
-0.206125
-0.441686
0.289356
0.658279
0.872870
0.784172
-0.880834
0.893863
-0.297185
0.693076
-0.231029
-1.898033
2.098084
-0.543419
2.135663
0.275035
0.160319
-0.615291
0.106479
-0.674310
1.197514
-0.591156
0.001432
0.304662
-1.111814
1.566138
-0.269995
0.174978
-1.006076
-0.279941
-2.186480
-2.454895
0.334961
-1.056941
0.562883
-0.211515
0.250668
0.229091
-1.142863
1.877469
-0.120771
-1.193084
0.477228
0.364827
0.440972
-0.600162
-0.483496
0.316271
0.812185
-0.107068
1.167067
-0.262617
2.054928
-0.204664
0.036727
-0.530994
-0.150123
0.557972
0.044868
0.787979
-1.177089
-0.203764
1.431277
-1.078872
1.133583
0.544926
0.796658
0.356735
-0.246132
-0.871304
1.261105
-0.363314
0.414811
1.004759
-0.486671
0.337546
1.130101
-0.305733
0.297042
0.014080
-0.167293
-1.401430
-0.728934
-0.106397
0.021849
0.154729
-0.428421
0.025390
-0.434655
0.114026
0.651315
-0.152547
-0.253296
-0.203703
-0.118000
-0.539228
-0.346360
-0.309876
0.374116
-1.294734
-0.168950
-0.615210
-1.525150
