0.109146 0.465882
0.113163 0.466224
0.117212 0.466570
0.121280 0.466927
0.125374 0.467276
0.129472 0.467612
0.133580 0.467957
0.137720 0.468316
0.141870 0.468665
0.146038 0.469004
0.150230 0.469355
0.154444 0.469709
0.158669 0.470073
0.162920 0.470430
0.167185 0.470777
0.171431 0.471128
0.175715 0.471486
0.180028 0.471858
0.184352 0.472211
0.188674 0.472572
0.193028 0.472939
0.197394 0.473317
0.201770 0.473687
0.206173 0.474052
0.210558 0.474423
0.214974 0.474801
0.219427 0.475197
0.223871 0.475581
0.228325 0.475959
0.232813 0.476355
0.237315 0.476756
0.241843 0.477164
0.246389 0.477589
0.250933 0.478005
0.255505 0.478420
0.260072 0.478847
0.264665 0.479284
0.269263 0.479735
0.273871 0.480182
0.278507 0.480631
0.283137 0.481092
0.287809 0.481569
0.292489 0.482063
0.297162 0.482541
0.301844 0.483039
0.306528 0.483543
0.311216 0.484065
0.315959 0.484597
0.320663 0.485120
0.325380 0.485662
0.330139 0.486224
0.334876 0.486799
0.339617 0.487376
0.344386 0.487959
0.349162 0.488563
0.353912 0.489182
0.358700 0.489811
0.363451 0.490435
0.368249 0.491090
0.373068 0.491762
0.377856 0.492440
0.382651 0.493132
0.387448 0.493847
0.392246 0.494567
0.397038 0.495291
0.401852 0.496043
0.406666 0.496818
0.411465 0.497595
0.416268 0.498379
0.421078 0.499189
0.425902 0.500018
0.430751 0.500877
0.435567 0.501735
0.440353 0.502593
0.445171 0.503484
0.449970 0.504385
0.454781 0.505315
0.459576 0.506240
0.464390 0.507194
0.469183 0.508159
0.474003 0.509156
0.478826 0.510162
0.483647 0.511176
0.488469 0.512215
0.493284 0.513268
0.498140 0.514356
0.502957 0.515441
0.507779 0.516545
0.512593 0.517661
0.517410 0.518795
0.522227 0.519943
0.527015 0.521085
0.531836 0.522280
0.536612 0.523448
0.541422 0.524669
0.546201 0.525881
0.550941 0.527082
0.555767 0.528340
0.560506 0.529582
0.565337 0.530874
0.570047 0.532119
0.574815 0.533406
0.579520 0.534687
0.584281 0.535994
0.589004 0.537315
0.593663 0.538603
0.598378 0.539928
0.603135 0.541286
0.607750 0.542590
0.612429 0.543945
0.617024 0.545260
0.621638 0.546600
0.626260 0.547961
0.630817 0.549287
0.635387 0.550634
0.639955 0.551986
0.644588 0.553359
0.649171 0.554736
0.653791 0.556102
0.658306 0.557455
0.662876 0.558837
0.667439 0.560196
0.671875 0.561536
0.676333 0.562882
0.680776 0.564225
0.685183 0.565559
0.689683 0.566927
0.694137 0.568261
0.698542 0.569592
0.702937 0.570919
0.707383 0.572256
0.711772 0.573586
0.716073 0.574870
0.720522 0.576199
0.724853 0.577503
0.729090 0.578759
0.733521 0.580080
0.737814 0.581341
0.742087 0.582601
0.746460 0.583890
0.750670 0.585112
0.754984 0.586364
0.759288 0.587605
0.763461 0.588808
0.767752 0.590041
0.771879 0.591208
0.775990 0.592371
0.780192 0.593558
0.784325 0.594701
0.788496 0.595863
0.792663 0.596997
0.796785 0.598120
0.800959 0.599254
0.804970 0.600322
0.809077 0.601412
0.813146 0.602493
0.817187 0.603538
0.821183 0.604582
0.825175 0.605595
0.829132 0.606600
0.833178 0.607623
0.837128 0.608595
0.841127 0.609577
0.845101 0.610551
0.848910 0.611460
0.852851 0.612396
0.856774 0.613326
0.860637 0.614214
0.864496 0.615099
0.868274 0.615957
0.872113 0.616816
0.876002 0.617684
0.879675 0.618478
0.883443 0.619290
0.887283 0.620115
0.890948 0.620875
0.894731 0.621668
0.898354 0.622398
0.902066 0.623146
0.905778 0.623892
0.909437 0.624598
0.913090 0.625303
0.916740 0.625997
0.920367 0.626676
0.924032 0.627363
0.927613 0.628004
0.931146 0.628636
0.934680 0.629268
0.938190 0.629867
0.941726 0.630471
0.945252 0.631065
0.948671 0.631629
0.952148 0.632206
0.955582 0.632746
0.959090 0.633301
0.962593 0.633858
0.966040 0.634375
0.969508 0.634910
0.972869 0.635395
0.976194 0.635876
