0.140677 0.217671
0.145688 0.215223
0.150643 0.212814
0.155633 0.210412
0.160583 0.208041
0.165609 0.205657
0.170720 0.203267
0.175790 0.200917
0.180897 0.198574
0.186000 0.196256
0.191100 0.193967
0.196194 0.191707
0.201358 0.189453
0.206468 0.187244
0.211575 0.185064
0.216924 0.182841
0.222167 0.180685
0.227381 0.178574
0.232576 0.176500
0.237914 0.174423
0.243174 0.172406
0.248494 0.170411
0.253826 0.168452
0.259067 0.166556
0.264541 0.164644
0.269924 0.162797
0.275231 0.161014
0.280641 0.159249
0.286047 0.157530
0.291386 0.155872
0.296726 0.154260
0.302008 0.152705
0.307308 0.151194
0.312659 0.149720
0.317894 0.148313
0.323270 0.146931
0.328577 0.145609
0.333968 0.144324
0.339333 0.143094
0.344568 0.141930
0.349949 0.140798
0.355158 0.139736
0.360440 0.138717
0.365726 0.137750
0.371064 0.136826
0.376451 0.135953
0.381920 0.135129
0.387098 0.134375
0.392488 0.133662
0.397911 0.133002
0.403148 0.132404
0.408604 0.131853
0.414035 0.131358
0.419302 0.130921
0.424625 0.130539
0.430179 0.130214
0.435515 0.129943
0.441025 0.129733
0.446372 0.129575
0.451644 0.129470
0.457102 0.129432
0.462558 0.129452
0.468085 0.129536
0.473570 0.129677
0.479047 0.129877
0.484489 0.130133
0.490011 0.130458
0.495568 0.130849
0.501055 0.131293
0.506574 0.131803
0.512036 0.132365
0.517438 0.132981
0.522953 0.133676
0.528563 0.134452
0.534071 0.135273
0.539679 0.136178
0.545294 0.137152
0.550849 0.138179
0.556370 0.139264
0.561987 0.140439
0.567531 0.141664
0.572972 0.142925
0.578336 0.144229
0.583753 0.145615
0.589182 0.147070
0.594456 0.148544
0.599840 0.150117
0.605169 0.151739
0.610512 0.153431
0.615809 0.155175
0.621076 0.156973
0.626300 0.158819
0.631634 0.160781
0.636840 0.162752
0.642157 0.164844
0.647428 0.166982
0.652690 0.169181
0.657696 0.171342
0.663033 0.173716
0.668023 0.176007
0.673237 0.178458
0.678272 0.180898
0.683560 0.183529
0.688512 0.186064
0.693762 0.188825
0.698925 0.191599
0.703912 0.194357
0.708806 0.197138
0.713981 0.200128
0.719116 0.203183
0.724240 0.206287
0.729372 0.209475
0.734565 0.212784
0.739634 0.216070
0.744743 0.219462
0.749785 0.222882
0.754431 0.226108
0.759414 0.229636
0.763783 0.232785
0.768739 0.236410
0.773537 0.240003
0.777919 0.243333
0.782983 0.247230
0.787856 0.251054
0.792705 0.254923
0.797628 0.258914
0.802222 0.262724
0.806571 0.266360
0.811229 0.270313
0.815841 0.274283
0.820134 0.278039
0.824773 0.282152
0.829338 0.286217
0.833344 0.289865
0.837965 0.294107
0.842527 0.298306
0.846525 0.302082
0.850661 0.305974
0.854975 0.310084
0.858951 0.313943
0.863166 0.318010
0.867029 0.321800
0.870850 0.325575
0.875124 0.329801
0.879003 0.333704
0.883103 0.337788
0.887364 0.342075
0.891336 0.346133
0.895137 0.349987
0.899067 0.354030
0.902553 0.357597
0.906322 0.361478
0.909975 0.365288
0.913829 0.369242
0.917397 0.372945
0.921213 0.376928
0.924688 0.380515
0.928624 0.384622
0.932118 0.388228
0.935851 0.392101
0.939336 0.395754
0.942743 0.399260
0.946062 0.402705
0.949583 0.406376
0.953282 0.410152
0.956580 0.413550
0.960052 0.417145
0.963299 0.420436
0.966670 0.423870
0.970259 0.427507
0.973543 0.430829
0.976752 0.434094
0.980308 0.437615
0.983619 0.440912
0.986775 0.444074
0.990125 0.447334
0.993338 0.450514
0.996687 0.453734
0.999821 0.456761
1.003062 0.459911
1.006051 0.462721
1.009168 0.465670
1.012224 0.468539
1.015287 0.471393
1.018323 0.474238
1.021218 0.476854
1.024392 0.479749
1.027675 0.482757
1.030595 0.485327
1.033536 0.487933
1.036439 0.490482
1.039646 0.493286
1.042762 0.496018
1.045582 0.498385
1.048256 0.500637
1.051063 0.503026
1.053621 0.505099
1.056405 0.507425
1.059116 0.509591
1.062067 0.511979
