82.392979
91.514641
64.691420
71.854186
75.180286
77.402787
50.871916
65.591504
91.514641
87.113908
50.871916
50.871916
50.871916
50.871916
50.871916
50.871916
50.871916
50.871916
74.257848
68.298583
50.871916
50.871916
85.939648
50.871916
73.657374
78.550019
71.324357
50.871916
50.871916
50.871916
50.871916
50.871916
74.713759
50.871916
62.381999
59.898412
75.254051
65.721930
50.871916
50.871916
76.875962
71.346321
50.871916
50.871916
68.690656
84.999110
70.162830
50.871916
68.160723
50.871916
67.590171
50.871916
50.871916
68.416347
50.871916
50.871916
50.871916
60.408286
64.659201
55.101284
50.871916
66.794719
75.392218
86.526527
50.871916
78.628045
50.871916
50.871916
50.871916
71.896563
50.871916
58.221153
50.871916
75.692372
74.084913
91.514641
76.075208
60.590107
50.871916
79.252552
50.871916
67.401683
91.514641
73.797704
64.454033
50.871916
70.252847
50.871916
50.871916
50.871916
82.675178
61.715890
79.758343
80.460237
50.871916
91.514641
77.225042
71.026135
69.887119
70.699215
