-1.613049
0.137999
-1.106007
0.742625
0.026945
2.367413
-2.050418
-0.762857
-0.163711
0.279910
-0.452572
-0.705608
1.106527
2.227733
-0.415389
0.200944
-1.764364
-2.047521
0.565284
0.496700
0.841217
-0.119049
0.262242
-0.349184
0.293916
-0.195749
0.549139
-0.745793
-0.543744
0.113032
-0.475439
0.575671
-0.804253
0.396167
-2.135598
-0.052295
-0.054579
-0.783951
-0.230378
0.452506
0.090003
0.362367
0.676155
1.295920
1.144362
-0.232054
0.532078
0.587817
0.743193
-0.645933
-0.024884
0.288166
-0.055799
0.030329
-0.138971
0.774731
0.973324
-1.740984
0.117802
-2.022807
-0.616822
0.173056
-0.831694
0.382757
0.226007
0.697978
0.261269
0.490473
-0.939325
0.120490
2.241002
2.458844
2.585948
0.959212
2.286127
-1.754077
-2.486524
-1.610408
1.690165
-0.851326
-0.068861
0.715625
-0.592519
0.640386
2.317833
0.407439
0.793634
0.119605
0.875561
-0.953081
0.179508
-0.180766
-0.537172
2.629974
0.827770
0.772963
-0.915118
0.492781
0.823064
0.134421
-1.729001
-0.675727
-2.252449
-0.139114
-0.698719
0.445392
-2.290809
-0.300500
0.455048
0.566628
-0.119628
-0.121527
0.004628
0.268896
-1.649039
0.276377
0.011571
0.799631
-0.378355
-0.422541
-0.089995
0.109370
-0.483961
-0.219754
0.105794
-0.669882
1.692238
-2.183489
-0.243611
-0.697831
0.917319
-0.076226
-0.872241
0.837647
0.469883
-0.626515
0.223414
-0.512246
0.219698
-0.515390
-1.965603
0.732730
2.196157
-0.166369
0.221996
1.098865
-0.075860
0.245654
-0.024177
-0.032041
-0.853955
-0.328063
-2.120801
-1.206378
1.882709
-0.245357
0.556178
0.897931
-0.416111
-0.138020
0.042702
-0.330358
-0.012366
-0.885925
-0.094034
0.743443
0.746641
-1.031901
-0.721506
-2.164609
0.043469
0.050362
-0.341275
0.741687
1.045841
0.163732
0.209098
1.014258
0.678173
-0.075604
-0.538412
-0.119965
-0.549238
-1.929543
0.574506
0.881599
0.595255
-1.968718
-0.265404
0.423955
0.240196
1.052940
1.603202
0.529156
0.746128
-0.065381
-2.291817
0.202528
0.188054
0.389195
