0.502865 0.032775
0.506604 0.035212
0.514001 0.039971
0.517935 0.042629
0.524198 0.046789
0.528708 0.049846
0.534067 0.053476
0.541030 0.058209
0.544809 0.060838
0.552139 0.065919
0.552830 0.066460
0.560485 0.071834
0.563959 0.074340
0.574911 0.082178
0.579728 0.085698
0.587372 0.091326
0.590162 0.093415
0.596258 0.097979
0.602075 0.102374
0.606163 0.105487
0.615276 0.112470
0.615777 0.112892
0.628923 0.123132
0.627604 0.122137
0.640843 0.132660
0.641830 0.133456
0.649361 0.139565
0.654411 0.143699
0.659097 0.147573
0.664854 0.152350
0.668239 0.155197
0.676214 0.161928
0.679118 0.164418
0.688264 0.172313
0.690556 0.174276
0.699177 0.181883
0.705254 0.187298
0.711819 0.193165
0.715587 0.196633
0.720364 0.200974
0.726277 0.206446
0.731619 0.211478
0.737215 0.216739
0.744436 0.223700
0.747006 0.226153
0.755408 0.234424
0.759941 0.238898
0.766572 0.245611
0.770578 0.249687
0.775578 0.254810
0.780257 0.259709
0.785658 0.265390
0.790534 0.270602
0.795551 0.276058
0.796549 0.277122
0.804081 0.285443
0.809639 0.291697
0.814076 0.296769
0.818757 0.302168
0.825512 0.310219
0.824509 0.309007
0.828323 0.313505
0.824108 0.308618
0.823638 0.308122
0.831414 0.317344
0.836825 0.323921
0.847287 0.336997
0.838327 0.326017
0.835362 0.322784
0.825054 0.311258
0.835131 0.323232
0.841594 0.330816
0.848877 0.339825
0.859405 0.353271
0.850631 0.342696
0.869222 0.366486
0.864905 0.361097
0.872552 0.371640
0.857550 0.352491
0.852535 0.346857
0.858251 0.354228
0.861222 0.358312
0.850626 0.346171
0.854650 0.351426
0.865912 0.365600
0.873448 0.375633
0.884091 0.390113
0.894558 0.405231
0.884031 0.391093
0.881633 0.388505
0.883141 0.391088
0.885471 0.394739
0.878951 0.386997
0.888597 0.400211
0.893158 0.406940
0.897192 0.413134
0.906877 0.427469
0.910237 0.433008
0.913626 0.438735
0.914888 0.441700
0.936178 0.475976
0.942121 0.487137
0.936373 0.477228
0.948596 0.499132
0.946966 0.496693
0.954067 0.510392
0.935008 0.477551
0.965440 0.533498
0.937924 0.484855
0.966466 0.538487
0.946001 0.504182
0.952376 0.515954
0.961706 0.535190
0.949389 0.509421
0.969682 0.548445
0.933690 0.484214
0.971292 0.550349
0.924267 0.472010
0.959923 0.531825
0.935224 0.490854
0.957979 0.530500
0.954388 0.524820
0.957193 0.535861
0.968358 0.558940
0.946880 0.519106
0.993580 0.606771
0.953135 0.527853
0.991745 0.601698
0.947005 0.520263
0.981353 0.585925
0.956008 0.541749
0.977189 0.582170
0.966303 0.560458
0.957817 0.545769
0.966720 0.561267
0.952623 0.539333
0.972533 0.573396
0.952696 0.540947
0.954087 0.544672
0.954385 0.546853
0.971342 0.576898
0.967051 0.570947
0.961825 0.563359
0.963551 0.567788
0.970906 0.581848
0.953396 0.554766
0.955085 0.559079
0.956205 0.562560
0.944449 0.546616
0.955205 0.564867
0.940011 0.544689
0.956058 0.570352
0.950285 0.563522
0.947808 0.561256
0.964036 0.588804
0.960051 0.585935
1.003578 0.665598
0.966154 0.597125
1.012646 0.687551
0.972677 0.612633
1.018664 0.713768
0.982800 0.643229
1.004868 0.688456
1.012466 0.701891
0.999952 0.678200
1.015010 0.710733
0.995643 0.668103
1.030449 0.748949
0.988181 0.655566
1.025079 0.737028
1.031623 0.757662
1.015489 0.719073
1.016166 0.723117
1.006453 0.702420
1.005913 0.703362
1.004175 0.701027
1.008522 0.715557
1.031600 0.770431
1.024019 0.751973
1.012895 0.728103
1.026141 0.761735
1.017311 0.742755
1.023282 0.759399
1.040229 0.811199
1.023645 0.764998
1.033816 0.794647
1.030852 0.788329
1.042699 0.827485
1.050767 0.862145
1.051640 0.868880
1.045336 0.845333
1.050104 0.881278
1.023874 0.790951
1.045971 0.885260
1.041465 0.863702
1.029228 0.847711
1.046084 0.985081
1.013886 0.804161
1.050287 1.063988
0.972451 0.703601
