88.308105
88.808105
89.308105
89.808105
90.308105
90.808105
91.308105
91.808105
92.308105
92.808105
76.346875
76.846875
77.346875
77.846875
78.346875
78.846875
79.346875
79.846875
80.346875
80.846875
64.551992
65.051992
65.551992
66.051992
66.551992
67.051992
67.551992
68.051992
68.551992
69.051992
65.825725
66.325725
66.825725
67.325725
67.825725
68.325725
68.825725
69.325725
69.825725
70.325725
76.523125
77.023125
77.523125
78.023125
78.523125
79.023125
79.523125
80.023125
80.523125
81.023125
92.661918
93.161918
93.661918
94.161918
94.661918
95.161918
95.661918
96.161918
96.661918
97.161918
84.794735
85.294735
85.794735
86.294735
86.794735
87.294735
87.794735
88.294735
88.794735
89.294735
88.383379
88.883379
89.383379
89.883379
90.383379
90.883379
91.383379
91.883379
92.383379
92.883379
51.100109
51.600109
52.100109
52.600109
53.100109
53.600109
54.100109
54.600109
55.100109
55.600109
64.788472
65.288472
65.788472
66.288472
66.788472
67.288472
67.788472
68.288472
68.788472
69.288472
55.037079
55.537079
56.037079
56.537079
57.037079
57.537079
58.037079
58.537079
59.037079
59.537079
52.215229
52.715229
53.215229
53.715229
54.215229
54.715229
55.215229
55.715229
56.215229
56.715229
93.423062
93.923062
94.423062
94.923062
95.423062
95.923062
96.423062
96.923062
97.423062
97.923062
72.279568
72.779568
73.279568
73.779568
74.279568
74.779568
75.279568
75.779568
76.279568
76.779568
83.004449
83.504449
84.004449
84.504449
85.004449
85.504449
86.004449
86.504449
87.004449
87.504449
52.790758
53.290758
53.790758
54.290758
54.790758
55.290758
55.790758
56.290758
56.790758
57.290758
66.480588
66.980588
67.480588
67.980588
68.480588
68.980588
69.480588
69.980588
70.480588
70.980588
48.194131
48.694131
49.194131
49.694131
50.194131
50.694131
51.194131
51.694131
52.194131
52.694131
87.319787
87.819787
88.319787
88.819787
89.319787
89.819787
90.319787
90.819787
91.319787
91.819787
75.324721
75.824721
76.324721
76.824721
77.324721
77.824721
78.324721
78.824721
79.324721
79.824721
76.574217
77.074217
77.574217
78.074217
78.574217
79.074217
79.574217
80.074217
80.574217
81.074217
70.497901
70.997901
71.497901
71.997901
72.497901
72.997901
73.497901
73.997901
74.497901
74.997901
72.302572
72.802572
73.302572
73.802572
74.302572
74.802572
75.302572
75.802572
76.302572
76.802572
55.367447
55.867447
56.367447
56.867447
57.367447
57.867447
58.367447
58.867447
59.367447
59.867447
87.601421
88.101421
88.601421
89.101421
89.601421
90.101421
90.601421
91.101421
91.601421
92.101421
61.992069
62.492069
62.992069
63.492069
63.992069
64.492069
64.992069
65.492069
65.992069
66.492069
85.700233
86.200233
86.700233
87.200233
87.700233
88.200233
88.700233
89.200233
89.700233
90.200233
83.842591
84.342591
84.842591
85.342591
85.842591
86.342591
86.842591
87.342591
87.842591
88.342591
63.677968
64.177968
64.677968
65.177968
65.677968
66.177968
66.677968
67.177968
67.677968
68.177968
38.734612
39.234612
39.734612
40.234612
40.734612
41.234612
41.734612
42.234612
42.734612
43.234612
69.281708
69.781708
70.281708
70.781708
71.281708
71.781708
72.281708
72.781708
73.281708
73.781708
101.189241
101.689241
102.189241
102.689241
103.189241
103.689241
104.189241
104.689241
105.189241
105.689241
45.197003
45.697003
46.197003
46.697003
47.197003
47.697003
48.197003
48.697003
49.197003
49.697003
63.716757
64.216757
64.716757
65.216757
65.716757
66.216757
66.716757
67.216757
67.716757
68.216757
89.103429
89.603429
90.103429
90.603429
91.103429
91.603429
92.103429
92.603429
93.103429
93.603429
86.202629
86.702629
87.202629
87.702629
88.202629
88.702629
89.202629
89.702629
90.202629
90.702629
75.616151
76.116151
76.616151
77.116151
77.616151
78.116151
78.616151
79.116151
79.616151
80.116151
44.704119
45.204119
45.704119
46.204119
46.704119
47.204119
47.704119
48.204119
48.704119
49.204119
70.619536
71.119536
71.619536
72.119536
72.619536
73.119536
73.619536
74.119536
74.619536
75.119536
82.413801
82.913801
83.413801
83.913801
84.413801
84.913801
85.413801
85.913801
86.413801
86.913801
77.599897
78.099897
78.599897
79.099897
79.599897
80.099897
80.599897
81.099897
81.599897
82.099897
41.371352
41.871352
42.371352
42.871352
43.371352
43.871352
44.371352
44.871352
45.371352
45.871352
81.026902
81.526902
82.026902
82.526902
83.026902
83.526902
84.026902
84.526902
85.026902
85.526902
84.576284
85.076284
85.576284
86.076284
86.576284
87.076284
87.576284
88.076284
88.576284
89.076284
97.335849
97.835849
98.335849
98.835849
99.335849
99.835849
100.335849
100.835849
101.335849
101.835849
93.208765
93.708765
94.208765
94.708765
95.208765
95.708765
96.208765
96.708765
97.208765
97.708765
62.624470
63.124470
63.624470
64.124470
64.624470
65.124470
65.624470
66.124470
66.624470
67.124470
73.257200
73.757200
74.257200
74.757200
75.257200
75.757200
76.257200
76.757200
77.257200
77.757200
56.243664
56.743664
57.243664
57.743664
58.243664
58.743664
59.243664
59.743664
60.243664
60.743664
65.607686
66.107686
66.607686
67.107686
67.607686
68.107686
68.607686
69.107686
69.607686
70.107686
92.138480
92.638480
93.138480
93.638480
94.138480
94.638480
95.138480
95.638480
96.138480
96.638480
70.739536
71.239536
71.739536
72.239536
72.739536
73.239536
73.739536
74.239536
74.739536
75.239536
60.471220
60.971220
61.471220
61.971220
62.471220
62.971220
63.471220
63.971220
64.471220
64.971220
71.730316
72.230316
72.730316
73.230316
73.730316
74.230316
74.730316
75.230316
75.730316
76.230316
75.864624
76.364624
76.864624
77.364624
77.864624
78.364624
78.864624
79.364624
79.864624
80.364624
84.981715
85.481715
85.981715
86.481715
86.981715
87.481715
87.981715
88.481715
88.981715
89.481715
79.555732
80.055732
80.555732
81.055732
81.555732
82.055732
82.555732
83.055732
83.555732
84.055732
67.294090
67.794090
68.294090
68.794090
69.294090
69.794090
70.294090
70.794090
71.294090
71.794090
72.022806
72.522806
73.022806
73.522806
74.022806
74.522806
75.022806
75.522806
76.022806
76.522806
52.518665
53.018665
53.518665
54.018665
54.518665
55.018665
55.518665
56.018665
56.518665
57.018665
62.791527
63.291527
63.791527
64.291527
64.791527
65.291527
65.791527
66.291527
66.791527
67.291527
97.244438
97.744438
98.244438
98.744438
99.244438
99.744438
100.244438
100.744438
101.244438
101.744438
50.795144
51.295144
51.795144
52.295144
52.795144
53.295144
53.795144
54.295144
54.795144
55.295144
55.770027
56.270027
56.770027
57.270027
57.770027
58.270027
58.770027
59.270027
59.770027
60.270027
65.221342
65.721342
66.221342
66.721342
67.221342
67.721342
68.221342
68.721342
69.221342
69.721342
73.253067
73.753067
74.253067
74.753067
75.253067
75.753067
76.253067
76.753067
77.253067
77.753067
80.729738
81.229738
81.729738
82.229738
82.729738
83.229738
83.729738
84.229738
84.729738
85.229738
56.869141
57.369141
57.869141
58.369141
58.869141
59.369141
59.869141
60.369141
60.869141
61.369141
68.985321
69.485321
69.985321
70.485321
70.985321
71.485321
71.985321
72.485321
72.985321
73.485321
55.587284
56.087284
56.587284
57.087284
57.587284
58.087284
58.587284
59.087284
59.587284
60.087284
95.747494
96.247494
96.747494
97.247494
97.747494
98.247494
98.747494
99.247494
99.747494
100.247494
56.745542
57.245542
57.745542
58.245542
58.745542
59.245542
59.745542
60.245542
60.745542
61.245542
68.414009
68.914009
69.414009
69.914009
70.414009
70.914009
71.414009
71.914009
72.414009
72.914009
75.159068
75.659068
76.159068
76.659068
77.159068
77.659068
78.159068
78.659068
79.159068
79.659068
49.840036
50.340036
50.840036
51.340036
51.840036
52.340036
52.840036
53.340036
53.840036
54.340036
61.757654
62.257654
62.757654
63.257654
63.757654
64.257654
64.757654
65.257654
65.757654
66.257654
100.301407
100.801407
101.301407
101.801407
102.301407
102.801407
103.301407
103.801407
104.301407
104.801407
107.413400
107.913400
108.413400
108.913400
109.413400
109.913400
110.413400
110.913400
111.413400
111.913400
76.321570
76.821570
77.321570
77.821570
78.321570
78.821570
79.321570
79.821570
80.321570
80.821570
47.698919
48.198919
48.698919
49.198919
49.698919
50.198919
50.698919
51.198919
51.698919
52.198919
70.153672
70.653672
71.153672
71.653672
72.153672
72.653672
73.153672
73.653672
74.153672
74.653672
78.703930
79.203930
79.703930
80.203930
80.703930
81.203930
81.703930
82.203930
82.703930
83.203930
78.785334
79.285334
79.785334
80.285334
80.785334
81.285334
81.785334
82.285334
82.785334
83.285334
76.257416
76.757416
77.257416
77.757416
78.257416
78.757416
79.257416
79.757416
80.257416
80.757416
59.792810
60.292810
60.792810
61.292810
61.792810
62.292810
62.792810
63.292810
63.792810
64.292810
59.827376
60.327376
60.827376
61.327376
61.827376
62.327376
62.827376
63.327376
63.827376
64.327376
43.114224
43.614224
44.114224
44.614224
45.114224
45.614224
46.114224
46.614224
47.114224
47.614224
120.049265
120.549265
121.049265
121.549265
122.049265
122.549265
123.049265
123.549265
124.049265
124.549265
83.804331
84.304331
84.804331
85.304331
85.804331
86.304331
86.804331
87.304331
87.804331
88.304331
83.117323
83.617323
84.117323
84.617323
85.117323
85.617323
86.117323
86.617323
87.117323
87.617323
68.057771
68.557771
69.057771
69.557771
70.057771
70.557771
71.057771
71.557771
72.057771
72.557771
75.924034
76.424034
76.924034
77.424034
77.924034
78.424034
78.924034
79.424034
79.924034
80.424034
104.845096
105.345096
105.845096
106.345096
106.845096
107.345096
107.845096
108.345096
108.845096
109.345096
68.754372
69.254372
69.754372
70.254372
70.754372
71.254372
71.754372
72.254372
72.754372
73.254372
54.652562
55.152562
55.652562
56.152562
56.652562
57.152562
57.652562
58.152562
58.652562
59.152562
57.993949
58.493949
58.993949
59.493949
59.993949
60.493949
60.993949
61.493949
61.993949
62.493949
90.252938
90.752938
91.252938
91.752938
92.252938
92.752938
93.252938
93.752938
94.252938
94.752938
74.111879
74.611879
75.111879
75.611879
76.111879
76.611879
77.111879
77.611879
78.111879
78.611879
81.554722
82.054722
82.554722
83.054722
83.554722
84.054722
84.554722
85.054722
85.554722
86.054722
64.504650
65.004650
65.504650
66.004650
66.504650
67.004650
67.504650
68.004650
68.504650
69.004650
54.492362
54.992362
55.492362
55.992362
56.492362
56.992362
57.492362
57.992362
58.492362
58.992362
70.528898
71.028898
71.528898
72.028898
72.528898
73.028898
73.528898
74.028898
74.528898
75.028898
59.801720
60.301720
60.801720
61.301720
61.801720
62.301720
62.801720
63.301720
63.801720
64.301720
77.844983
78.344983
78.844983
79.344983
79.844983
80.344983
80.844983
81.344983
81.844983
82.344983
57.565230
58.065230
58.565230
59.065230
59.565230
60.065230
60.565230
61.065230
61.565230
62.065230
74.223716
74.723716
75.223716
75.723716
76.223716
76.723716
77.223716
77.723716
78.223716
78.723716
51.990657
52.490657
52.990657
53.490657
53.990657
54.490657
54.990657
55.490657
55.990657
56.490657
94.201250
94.701250
95.201250
95.701250
96.201250
96.701250
97.201250
97.701250
98.201250
98.701250
57.912372
58.412372
58.912372
59.412372
59.912372
60.412372
60.912372
61.412372
61.912372
62.412372
68.522283
69.022283
69.522283
70.022283
70.522283
71.022283
71.522283
72.022283
72.522283
73.022283
54.439302
54.939302
55.439302
55.939302
56.439302
56.939302
57.439302
57.939302
58.439302
58.939302
48.556003
49.056003
49.556003
50.056003
50.556003
51.056003
51.556003
52.056003
52.556003
53.056003
76.004838
76.504838
77.004838
77.504838
78.004838
78.504838
79.004838
79.504838
80.004838
80.504838
81.993623
82.493623
82.993623
83.493623
83.993623
84.493623
84.993623
85.493623
85.993623
86.493623
68.736272
69.236272
69.736272
70.236272
70.736272
71.236272
71.736272
72.236272
72.736272
73.236272
76.865136
77.365136
77.865136
78.365136
78.865136
79.365136
79.865136
80.365136
80.865136
81.365136
80.838814
81.338814
81.838814
82.338814
82.838814
83.338814
83.838814
84.338814
84.838814
85.338814
56.791404
57.291404
57.791404
58.291404
58.791404
59.291404
59.791404
60.291404
60.791404
61.291404
66.125552
66.625552
67.125552
67.625552
68.125552
68.625552
69.125552
69.625552
70.125552
70.625552
54.942099
55.442099
55.942099
56.442099
56.942099
57.442099
57.942099
58.442099
58.942099
59.442099
64.456268
64.956268
65.456268
65.956268
66.456268
66.956268
67.456268
67.956268
68.456268
68.956268
62.894647
63.394647
63.894647
64.394647
64.894647
65.394647
65.894647
66.394647
66.894647
67.394647
72.301508
72.801508
73.301508
73.801508
74.301508
74.801508
75.301508
75.801508
76.301508
76.801508
58.999230
59.499230
59.999230
60.499230
60.999230
61.499230
61.999230
62.499230
62.999230
63.499230
57.537259
58.037259
58.537259
59.037259
59.537259
60.037259
60.537259
61.037259
61.537259
62.037259
71.588367
72.088367
72.588367
73.088367
73.588367
74.088367
74.588367
75.088367
75.588367
76.088367
59.086095
59.586095
60.086095
60.586095
61.086095
61.586095
62.086095
62.586095
63.086095
63.586095
79.555753
80.055753
80.555753
81.055753
81.555753
82.055753
82.555753
83.055753
83.555753
84.055753
91.583599
92.083599
92.583599
93.083599
93.583599
94.083599
94.583599
95.083599
95.583599
96.083599
62.224402
62.724402
63.224402
63.724402
64.224402
64.724402
65.224402
65.724402
66.224402
66.724402
58.666848
59.166848
59.666848
60.166848
60.666848
61.166848
61.666848
62.166848
62.666848
63.166848
66.923861
67.423861
67.923861
68.423861
68.923861
69.423861
69.923861
70.423861
70.923861
71.423861
58.603291
59.103291
59.603291
60.103291
60.603291
61.103291
61.603291
62.103291
62.603291
63.103291
64.187181
64.687181
65.187181
65.687181
66.187181
66.687181
67.187181
67.687181
68.187181
68.687181
78.002824
78.502824
79.002824
79.502824
80.002824
80.502824
81.002824
81.502824
82.002824
82.502824
69.454644
69.954644
70.454644
70.954644
71.454644
71.954644
72.454644
72.954644
73.454644
73.954644
85.456256
85.956256
86.456256
86.956256
87.456256
87.956256
88.456256
88.956256
89.456256
89.956256
59.676634
60.176634
60.676634
61.176634
61.676634
62.176634
62.676634
63.176634
63.676634
64.176634
67.992913
68.492913
68.992913
69.492913
69.992913
70.492913
70.992913
71.492913
71.992913
72.492913
68.025775
68.525775
69.025775
69.525775
70.025775
70.525775
71.025775
71.525775
72.025775
72.525775
66.314990
66.814990
67.314990
67.814990
68.314990
68.814990
69.314990
69.814990
70.314990
70.814990
58.992913
59.492913
59.992913
60.492913
60.992913
61.492913
61.992913
62.492913
62.992913
63.492913
81.331923
81.831923
82.331923
82.831923
83.331923
83.831923
84.331923
84.831923
85.331923
85.831923
93.852615
94.352615
94.852615
95.352615
95.852615
96.352615
96.852615
97.352615
97.852615
98.352615
65.822182
66.322182
66.822182
67.322182
67.822182
68.322182
68.822182
69.322182
69.822182
70.322182
50.678979
51.178979
51.678979
52.178979
52.678979
53.178979
53.678979
54.178979
54.678979
55.178979
57.599162
58.099162
58.599162
59.099162
59.599162
60.099162
60.599162
61.099162
61.599162
62.099162
90.892898
91.392898
91.892898
92.392898
92.892898
93.392898
93.892898
94.392898
94.892898
95.392898
50.705466
51.205466
51.705466
52.205466
52.705466
53.205466
53.705466
54.205466
54.705466
55.205466
71.953632
72.453632
72.953632
73.453632
73.953632
74.453632
74.953632
75.453632
75.953632
76.453632
84.791438
85.291438
85.791438
86.291438
86.791438
87.291438
87.791438
88.291438
88.791438
89.291438
62.934767
63.434767
63.934767
64.434767
64.934767
65.434767
65.934767
66.434767
66.934767
67.434767
59.598827
60.098827
60.598827
61.098827
61.598827
62.098827
62.598827
63.098827
63.598827
64.098827
79.803548
80.303548
80.803548
81.303548
81.803548
82.303548
82.803548
83.303548
83.803548
84.303548
96.042201
96.542201
97.042201
97.542201
98.042201
98.542201
99.042201
99.542201
100.042201
100.542201
65.419510
65.919510
66.419510
66.919510
67.419510
67.919510
68.419510
68.919510
69.419510
69.919510
56.348448
56.848448
57.348448
57.848448
58.348448
58.848448
59.348448
59.848448
60.348448
60.848448
39.669723
40.169723
40.669723
41.169723
41.669723
42.169723
42.669723
43.169723
43.669723
44.169723
84.368723
84.868723
85.368723
85.868723
86.368723
86.868723
87.368723
87.868723
88.368723
88.868723
56.244148
56.744148
57.244148
57.744148
58.244148
58.744148
59.244148
59.744148
60.244148
60.744148
70.263666
70.763666
71.263666
71.763666
72.263666
72.763666
73.263666
73.763666
74.263666
74.763666
51.567712
52.067712
52.567712
53.067712
53.567712
54.067712
54.567712
55.067712
55.567712
56.067712
38.166146
38.666146
39.166146
39.666146
40.166146
40.666146
41.166146
41.666146
42.166146
42.666146
93.866251
94.366251
94.866251
95.366251
95.866251
96.366251
96.866251
97.366251
97.866251
98.366251
94.811256
95.311256
95.811256
96.311256
96.811256
97.311256
97.811256
98.311256
98.811256
99.311256
74.221681
74.721681
75.221681
75.721681
76.221681
76.721681
77.221681
77.721681
78.221681
78.721681
67.341689
67.841689
68.341689
68.841689
69.341689
69.841689
70.341689
70.841689
71.341689
71.841689
59.809729
60.309729
60.809729
61.309729
61.809729
62.309729
62.809729
63.309729
63.809729
64.309729
63.307325
63.807325
64.307325
64.807325
65.307325
65.807325
66.307325
66.807325
67.307325
67.807325
85.262148
85.762148
86.262148
86.762148
87.262148
87.762148
88.262148
88.762148
89.262148
89.762148
95.973820
96.473820
96.973820
97.473820
97.973820
98.473820
98.973820
99.473820
99.973820
100.473820
59.882136
60.382136
60.882136
61.382136
61.882136
62.382136
62.882136
63.382136
63.882136
64.382136
66.112048
66.612048
67.112048
67.612048
68.112048
68.612048
69.112048
69.612048
70.112048
70.612048
28.606710
29.106710
29.606710
30.106710
30.606710
31.106710
31.606710
32.106710
32.606710
33.106710
52.898324
53.398324
53.898324
54.398324
54.898324
55.398324
55.898324
56.398324
56.898324
57.398324
70.574884
71.074884
71.574884
72.074884
72.574884
73.074884
73.574884
74.074884
74.574884
75.074884
74.478376
74.978376
75.478376
75.978376
76.478376
76.978376
77.478376
77.978376
78.478376
78.978376
65.803594
66.303594
66.803594
67.303594
67.803594
68.303594
68.803594
69.303594
69.803594
70.303594
64.652206
65.152206
65.652206
66.152206
66.652206
67.152206
67.652206
68.152206
68.652206
69.152206
52.057428
52.557428
53.057428
53.557428
54.057428
54.557428
55.057428
55.557428
56.057428
56.557428
60.199746
60.699746
61.199746
61.699746
62.199746
62.699746
63.199746
63.699746
64.199746
64.699746
88.749724
89.249724
89.749724
90.249724
90.749724
91.249724
91.749724
92.249724
92.749724
93.249724
64.288039
64.788039
65.288039
65.788039
66.288039
66.788039
67.288039
67.788039
68.288039
68.788039
81.381476
81.881476
82.381476
82.881476
83.381476
83.881476
84.381476
84.881476
85.381476
85.881476
80.665935
81.165935
81.665935
82.165935
82.665935
83.165935
83.665935
84.165935
84.665935
85.165935
56.353105
56.853105
57.353105
57.853105
58.353105
58.853105
59.353105
59.853105
60.353105
60.853105
65.970921
66.470921
66.970921
67.470921
67.970921
68.470921
68.970921
69.470921
69.970921
70.470921
83.530162
84.030162
84.530162
85.030162
85.530162
86.030162
86.530162
87.030162
87.530162
88.030162
80.792111
81.292111
81.792111
82.292111
82.792111
83.292111
83.792111
84.292111
84.792111
85.292111
77.736514
78.236514
78.736514
79.236514
79.736514
80.236514
80.736514
81.236514
81.736514
82.236514
78.760395
79.260395
79.760395
80.260395
80.760395
81.260395
81.760395
82.260395
82.760395
83.260395
78.184724
78.684724
79.184724
79.684724
80.184724
80.684724
81.184724
81.684724
82.184724
82.684724
53.008427
53.508427
54.008427
54.508427
55.008427
55.508427
56.008427
56.508427
57.008427
57.508427
70.664969
71.164969
71.664969
72.164969
72.664969
73.164969
73.664969
74.164969
74.664969
75.164969
52.274977
52.774977
53.274977
53.774977
54.274977
54.774977
55.274977
55.774977
56.274977
56.774977
65.293371
65.793371
66.293371
66.793371
67.293371
67.793371
68.293371
68.793371
69.293371
69.793371
76.596463
77.096463
77.596463
78.096463
78.596463
79.096463
79.596463
80.096463
80.596463
81.096463
66.584865
67.084865
67.584865
68.084865
68.584865
69.084865
69.584865
70.084865
70.584865
71.084865
53.649650
54.149650
54.649650
55.149650
55.649650
56.149650
56.649650
57.149650
57.649650
58.149650
64.687357
65.187357
65.687357
66.187357
66.687357
67.187357
67.687357
68.187357
68.687357
69.187357
