-0.242718
0.264429
0.419326
0.366049
0.758800
-0.974719
0.635903
-0.186916
0.834618
-0.707214
0.690337
0.276855
0.635912
0.330972
0.469187
0.064988
-0.128835
0.350576
0.045763
-0.350630
0.689788
0.278266
0.845046
0.342328
0.429382
0.071220
0.585410
-0.136132
-0.603487
-0.861191
0.500088
-0.816732
-0.197036
-0.137108
-0.096271
-0.528175
1.021260
-0.781772
0.165202
0.299252
-0.116540
-0.792561
0.228941
0.186106
-0.825744
-0.661357
-0.284798
0.216595
0.541338
-0.112787
0.468905
0.479726
-0.319195
0.657611
0.091666
0.116144
-2.276602
-0.261900
0.055796
-0.488133
-0.020045
0.135834
0.571044
-0.118480
0.283938
-0.180414
-0.123555
-0.040006
-0.344742
-0.108724
0.928462
-0.180535
0.191828
-0.348387
-0.185543
0.555475
-0.085200
0.390227
0.759061
0.738142
-0.470531
0.125770
0.560083
0.112997
-0.608558
-0.343469
-0.832577
0.378309
-0.163865
0.202652
0.209061
-0.000640
0.202268
0.175496
0.427869
0.181423
-0.243288
-0.836657
0.317401
0.097612
