0.280287 0.214886
0.282295 0.219233
0.284282 0.223495
0.286159 0.227505
0.288006 0.231405
0.289771 0.235098
0.291617 0.238874
0.293458 0.242566
0.295236 0.246073
0.296944 0.249379
0.298612 0.252533
0.300026 0.255209
0.301277 0.257572
0.302373 0.259642
0.303400 0.261553
0.304274 0.263196
0.305022 0.264625
0.305852 0.266117
0.306636 0.267492
0.307230 0.268583
0.307767 0.269560
0.308062 0.270230
0.308214 0.270737
0.308304 0.271163
0.308358 0.271533
0.308442 0.271909
0.308499 0.272239
0.308636 0.272617
0.308857 0.273030
0.309198 0.273490
0.309700 0.274011
0.310304 0.274545
0.311118 0.275145
0.311944 0.275698
0.313040 0.276320
0.314404 0.276990
0.316039 0.277691
0.318043 0.278434
0.320446 0.279192
0.323287 0.279953
0.326491 0.280676
0.330069 0.281350
0.334034 0.281962
0.338311 0.282479
0.343162 0.282928
0.348400 0.283288
0.354135 0.283567
0.360326 0.283764
0.367182 0.283874
0.374778 0.283905
0.382794 0.283890
0.391326 0.283859
0.400526 0.283845
0.410428 0.283886
0.420642 0.284012
0.431373 0.284305
0.442953 0.284845
0.455144 0.285705
0.467730 0.286946
0.480983 0.288638
0.494387 0.290825
0.508367 0.293642
0.522692 0.297121
0.537032 0.301233
0.551359 0.305969
0.565648 0.311360
0.579913 0.317451
0.593854 0.324133
0.607579 0.331460
0.621063 0.339425
0.634329 0.348052
0.646977 0.357088
0.659162 0.366602
0.670840 0.376528
0.682054 0.386866
0.692635 0.397383
0.702646 0.408114
0.712133 0.419070
0.721144 0.430285
0.729521 0.441505
0.737496 0.453000
0.744853 0.464432
0.751634 0.475821
0.758051 0.487560
0.763896 0.499189
0.769237 0.510748
0.773939 0.521762
0.778191 0.532640
0.782129 0.543781
0.785736 0.555151
0.788840 0.565886
0.791591 0.576431
0.794019 0.586863
0.796155 0.597256
0.798023 0.607673
0.799640 0.618124
0.801001 0.628260
0.802074 0.637187
0.802966 0.645837
0.803708 0.654548
0.804306 0.663217
0.804789 0.672375
0.805141 0.680502
0.805400 0.687432
0.805584 0.694257
0.805690 0.701929
0.805766 0.708068
0.805791 0.714491
0.805783 0.720663
0.805749 0.726705
0.805711 0.731830
0.805663 0.736729
0.805616 0.740969
0.805547 0.746248
0.805489 0.750737
0.805437 0.754888
0.805391 0.757869
0.805347 0.761215
0.805278 0.764230
0.805277 0.767613
0.805283 0.771378
0.805302 0.774766
0.805339 0.777928
0.805330 0.779989
0.805268 0.781261
0.805283 0.783451
0.805255 0.785071
0.805363 0.787823
0.805412 0.789837
0.805512 0.792076
0.805734 0.794906
0.805870 0.796924
0.806008 0.798878
0.806057 0.800301
0.805983 0.801111
0.806123 0.802889
0.806204 0.804352
0.806378 0.806153
0.806963 0.809272
0.807530 0.812125
0.808243 0.815178
0.808993 0.818216
0.809468 0.820258
0.809542 0.821320
0.809867 0.823036
0.810020 0.824353
0.810200 0.825696
0.810739 0.827763
0.812186 0.831596
0.813480 0.835013
0.814689 0.838081
0.816746 0.842519
0.818262 0.845770
0.818983 0.847752
0.819457 0.849330
0.820146 0.851183
0.820655 0.852735
0.821312 0.854499
0.822726 0.857375
0.824679 0.860938
0.827023 0.864929
0.829043 0.868344
0.830938 0.871571
0.832240 0.874000
0.833233 0.876049
0.834015 0.877802
0.834423 0.879106
0.836271 0.882131
0.837821 0.884806
0.839359 0.887464
0.840880 0.890091
0.842830 0.893204
0.844439 0.895913
0.846305 0.898926
0.847419 0.901074
0.848516 0.903216
0.850144 0.905966
0.852293 0.909329
0.854470 0.912760
0.856297 0.915816
0.857502 0.918128
0.859007 0.920827
0.860970 0.924122
0.863153 0.927745
0.863511 0.929082
0.864635 0.931423
0.866785 0.935099
0.868193 0.937880
0.869997 0.941223
0.870822 0.943295
0.872040 0.945935
0.873023 0.948295
0.873980 0.950657
0.875832 0.954313
0.877630 0.957991
0.879218 0.961468
0.880590 0.964678
0.880820 0.966108
0.882936 0.970654
0.884590 0.974600
