0.239272 0.276777
0.239340 0.281156
0.239434 0.285609
0.239550 0.290063
0.239665 0.294438
0.239792 0.298786
0.239942 0.303144
0.240102 0.307499
0.240260 0.311752
0.240441 0.316063
0.240636 0.320352
0.240819 0.324534
0.241035 0.328794
0.241260 0.333037
0.241493 0.337265
0.241739 0.341486
0.241967 0.345622
0.242224 0.349826
0.242496 0.354054
0.242760 0.358227
0.243025 0.362377
0.243273 0.366451
0.243512 0.370470
0.243759 0.374523
0.244035 0.378659
0.244324 0.382857
0.244642 0.387159
0.244942 0.391387
0.245181 0.395391
0.245476 0.399602
0.245750 0.403747
0.246039 0.407938
0.246352 0.412215
0.246677 0.416531
0.246975 0.420735
0.247279 0.424946
0.247569 0.429077
0.247867 0.433211
0.248176 0.437344
0.248550 0.441655
0.248947 0.445983
0.249409 0.450460
0.249891 0.454912
0.250299 0.459004
0.250760 0.463165
0.251266 0.467353
0.251794 0.471452
0.252480 0.475923
0.253230 0.480384
0.254056 0.484894
0.254908 0.489259
0.255712 0.493263
0.256615 0.497349
0.257623 0.501469
0.258768 0.505750
0.260088 0.510206
0.261477 0.514578
0.262963 0.518922
0.264466 0.523027
0.266077 0.527125
0.267781 0.531186
0.269579 0.535209
0.271598 0.539487
0.273773 0.543879
0.276050 0.548263
0.278424 0.552647
0.280776 0.556778
0.283280 0.561077
0.285923 0.565579
0.288684 0.570175
0.291609 0.575142
0.294581 0.580104
0.297656 0.585333
0.300784 0.590730
0.303991 0.596419
0.307254 0.602384
0.310638 0.608735
0.314058 0.615419
0.317592 0.622570
0.321202 0.630168
0.324956 0.638192
0.328779 0.646519
0.332798 0.655323
0.337060 0.664568
0.341609 0.674193
0.346430 0.684070
0.351693 0.694258
0.357438 0.704682
0.363775 0.715322
0.370600 0.725845
0.378076 0.736318
0.386261 0.746653
0.395091 0.756710
0.404743 0.766618
0.414935 0.775996
0.425623 0.784814
0.436672 0.793023
0.447992 0.800612
0.459677 0.807695
0.471313 0.814102
0.483267 0.820159
0.494952 0.825633
0.506253 0.830602
0.517517 0.835273
0.528076 0.839534
0.538263 0.843591
0.547987 0.847417
0.557295 0.851156
0.565976 0.854776
0.574275 0.858389
0.581902 0.861896
0.588923 0.865340
0.595883 0.868997
0.602413 0.872686
0.608525 0.876417
0.613923 0.880044
0.619073 0.883720
0.623773 0.887381
0.628262 0.891128
0.632373 0.894840
0.636405 0.898708
0.639959 0.902408
0.643220 0.906067
0.646613 0.909955
0.649855 0.913909
0.652842 0.917805
0.655735 0.921701
0.658317 0.925427
0.660583 0.928946
0.662853 0.932490
0.665027 0.936024
0.667394 0.939855
0.669683 0.943659
0.671941 0.947485
0.674040 0.951159
0.675809 0.954441
0.677652 0.957833
0.679444 0.961176
0.681255 0.964575
0.683102 0.967983
0.684986 0.971471
0.686844 0.974924
0.688434 0.978004
0.690018 0.981068
0.691677 0.984230
0.693116 0.987085
0.694795 0.990237
0.696537 0.993489
0.698224 0.996687
0.699887 0.999809
0.701261 1.002522
0.702664 1.005268
0.704100 1.008058
0.705561 1.010879
0.706952 1.013592
0.708468 1.016488
0.709919 1.019293
0.711352 1.022071
0.712670 1.024681
0.714021 1.027339
0.715200 1.029746
0.716606 1.032523
0.717785 1.034925
0.719022 1.037441
0.720287 1.040004
0.721335 1.042245
0.722670 1.044925
0.724100 1.047751
0.725322 1.050294
0.726394 1.052601
0.727381 1.054812
0.728311 1.056959
0.729386 1.059305
0.730502 1.061719
0.731582 1.064088
0.732822 1.066680
0.733941 1.069126
0.734563 1.070881
0.735224 1.072691
0.735697 1.074199
0.736380 1.076048
0.737513 1.078578
0.738640 1.081074
0.739728 1.083567
0.740743 1.085915
0.741273 1.087533
0.741603 1.088873
0.741841 1.090144
0.742530 1.092073
0.743683 1.094715
0.744629 1.097074
0.745502 1.099299
0.745840 1.100719
0.746145 1.102048
0.746472 1.103462
0.746939 1.105079
0.747652 1.107088
0.748425 1.109198
0.749175 1.111279
0.749902 1.113331
