0.851982
1.698919
1.326759
1.375731
0.248731
1.095333
0.615926
0.438392
0.448470
1.332947
0.385797
1.331740
1.351791
1.426095
0.704919
0.586798
1.218690
0.268084
0.422435
0.736803
0.233882
1.449923
0.305024
0.514167
0.764306
0.924475
1.538163
0.779955
0.250609
0.528777
0.698343
0.298000
0.733625
0.501777
0.441942
1.538999
1.340872
0.685843
0.204026
0.200646
1.359969
0.513389
2.048297
0.279617
0.853389
0.653697
0.668422
0.209373
0.960208
0.801147
0.530626
0.958993
0.604634
1.446956
0.957118
1.251185
1.355075
1.593725
0.578845
1.199188
1.336204
0.413723
0.561875
1.570033
1.593116
1.423938
0.776497
0.270490
0.845471
0.704347
0.429000
1.110182
0.389014
0.894793
0.553718
0.785848
0.422421
0.342411
0.332547
0.516192
1.374261
1.033806
0.393507
0.187713
1.389657
0.653207
0.432678
0.415294
0.609364
0.435169
1.424779
0.864289
0.482340
1.197485
0.403144
1.603341
0.447135
0.308592
0.976945
1.383981
0.390525
0.730901
0.629234
0.962385
0.380551
0.825190
0.716430
0.594506
0.662609
0.850959
0.864875
1.396334
1.265861
1.052707
0.478769
1.708496
0.903953
0.758962
0.477161
0.558520
1.459406
0.564338
0.904411
1.016118
0.780021
1.439739
0.282727
0.279762
0.431741
1.657475
1.157943
1.734700
0.587053
0.254626
0.501010
1.687512
0.888070
0.321460
0.290661
1.839024
0.176162
0.662171
0.787971
1.058896
0.298865
0.572587
0.794820
0.886429
0.765414
0.670491
0.236459
0.200418
1.069557
0.826231
0.500592
1.085879
0.413237
1.779021
0.935901
1.651246
0.394380
1.641822
0.538464
0.556437
0.468916
1.904870
0.957982
0.438211
0.719970
0.568208
0.466588
0.763647
0.517983
0.434445
0.780190
0.443317
1.522699
0.502707
0.225164
0.616750
1.443962
0.492406
0.488297
1.440883
0.617618
0.520580
0.857692
0.268323
0.684807
1.076311
0.259891
1.462309
0.792927
0.361266
0.364783
0.561661
0.944873
0.673555
1.448742
0.241394
