0.000000 0.000423 0.164135
0.000000 -0.002271 0.201085
0.000000 -0.000322 0.092446
0.000000 0.000165 0.071609
0.000000 0.004096 0.126842
0.000000 0.004268 0.179932
0.000000 0.000151 0.065744
0.069767 -0.002964 0.054777
0.000000 0.008619 0.124582
0.000000 0.029010 0.193677
0.000000 0.018371 0.182089
0.000000 0.000653 0.079659
0.000000 0.000140 0.068769
0.000000 0.058873 0.228615
0.000000 0.048920 0.237833
0.000000 0.045883 0.213532
0.000000 0.038251 0.202564
0.000000 0.009586 0.141811
0.000000 0.000201 0.118283
0.992424 -0.513391 0.415380
0.000000 -0.003559 0.179485
0.000000 0.020238 0.177630
0.000000 0.035501 0.201785
0.000000 0.047081 0.218223
0.000000 0.118412 0.278111
0.000000 0.002373 0.106510
0.000000 0.002213 0.111085
0.000000 0.015382 0.200099
0.000000 0.034979 0.181432
0.101127 0.009026 0.067341
0.000000 0.000085 0.062155
0.000000 -0.001620 0.171201
