-0.141151 0.846767
-0.137799 0.853416
-0.136094 0.856809
-0.132707 0.863138
-0.130359 0.867476
-0.127047 0.873433
-0.124098 0.878623
-0.121930 0.882382
-0.117997 0.889004
-0.115903 0.892458
-0.110066 0.901778
-0.108028 0.904956
-0.103529 0.911773
-0.103304 0.912118
-0.099466 0.917773
-0.097227 0.920993
-0.092018 0.928342
-0.088721 0.932857
-0.085191 0.937593
-0.080496 0.943752
-0.078956 0.945725
-0.071747 0.954763
-0.072821 0.953433
-0.064180 0.963850
-0.065336 0.962459
-0.058074 0.970924
-0.055259 0.974093
-0.050649 0.979209
-0.045701 0.984562
-0.041477 0.989041
-0.035406 0.995302
-0.032753 0.997985
-0.026157 1.004501
-0.024497 1.006068
-0.017020 1.013241
-0.015064 1.014984
-0.010788 1.018897
-0.006623 1.022715
-0.000628 1.027925
0.005134 1.032940
0.009679 1.036762
0.014450 1.040637
0.019612 1.044873
0.022723 1.047282
0.030683 1.053548
0.032686 1.055014
0.038900 1.059750
0.042502 1.062352
0.048929 1.067025
0.054758 1.071219
0.060232 1.074987
0.065678 1.078756
0.071297 1.082532
0.076405 1.085859
0.086419 1.092356
0.089240 1.094140
0.094088 1.097167
0.099729 1.100602
0.105838 1.104330
0.109024 1.106139
0.121434 1.113421
0.127704 1.117006
0.143505 1.125662
0.155116 1.131855
0.157210 1.133023
0.162349 1.135770
0.160614 1.134873
0.182206 1.145751
0.196681 1.152642
0.219717 1.163106
0.218765 1.162801
0.222398 1.164868
0.224080 1.165812
0.222090 1.165099
0.243261 1.174389
0.231321 1.169539
0.247500 1.176755
0.248087 1.177021
0.276497 1.189171
0.292435 1.195724
0.295698 1.197330
0.302058 1.200143
0.324245 1.208827
0.328771 1.210879
0.325338 1.210053
0.325973 1.210679
0.322791 1.209839
0.319867 1.208947
0.341074 1.217432
0.352691 1.222091
0.359679 1.225040
0.365624 1.227637
0.381243 1.233538
0.379226 1.233394
0.381966 1.234818
0.385539 1.236536
0.382598 1.235941
0.386704 1.237851
0.391015 1.239842
0.396809 1.242047
0.379346 1.236063
0.379579 1.236248
0.394507 1.242654
0.386896 1.240033
0.396439 1.244090
0.394779 1.243640
0.425056 1.255529
0.394474 1.243994
0.435078 1.259399
0.407042 1.248655
0.437767 1.258951
0.436887 1.259209
0.431646 1.257058
0.454088 1.267758
0.435901 1.261260
0.483526 1.279171
0.447455 1.267702
0.504307 1.286579
0.472475 1.276867
0.504458 1.287865
0.486282 1.282424
0.495473 1.286091
0.496307 1.284257
0.488774 1.281541
0.517936 1.292755
0.471101 1.278932
0.522839 1.297547
0.485324 1.286200
0.538500 1.303172
0.506738 1.292826
0.538014 1.302267
0.520836 1.297484
0.537505 1.304290
0.550729 1.309183
0.546869 1.309405
0.564413 1.314327
0.550193 1.312053
0.573043 1.318511
0.575872 1.319889
0.579563 1.321363
0.568170 1.319410
0.576154 1.322030
0.584821 1.324880
0.587130 1.326135
0.584404 1.326270
0.603093 1.330876
0.605284 1.332091
0.607891 1.333364
0.620507 1.336257
0.615475 1.336150
0.630180 1.339007
0.621328 1.338513
0.628933 1.340489
0.634017 1.342299
0.624741 1.341380
0.630591 1.342449
0.597076 1.336729
0.632663 1.345439
0.595733 1.338145
0.633527 1.346791
0.593607 1.335767
0.629372 1.343924
0.613299 1.341245
0.610705 1.343078
0.625006 1.346664
0.614839 1.345644
0.635989 1.352374
0.606568 1.345942
0.648148 1.357075
0.619281 1.351133
0.614884 1.350078
0.633739 1.355579
0.635891 1.356592
0.647316 1.360241
0.650459 1.361593
0.654684 1.363428
0.653097 1.362749
0.635971 1.360325
0.646092 1.363666
0.658137 1.366979
0.649467 1.365749
0.659552 1.368588
0.657029 1.368690
0.642812 1.365332
0.661644 1.371018
0.654925 1.370086
0.660232 1.372082
0.650697 1.370201
0.642876 1.368359
0.644056 1.369244
0.654764 1.372947
0.647369 1.369098
0.678470 1.378520
0.653387 1.369229
0.662924 1.373404
0.672512 1.371572
0.633261 1.355044
0.691173 1.378282
0.610748 1.352825
0.724148 1.391493
