0.325859
0.147304
0.297114
-0.210547
0.070366
-0.283448
0.332999
-0.044353
0.432251
0.006408
0.393864
0.163662
0.001485
0.274957
0.164902
-0.491312
-0.385692
0.298982
0.225482
-0.106535
0.320511
0.297397
0.480043
0.246759
0.283300
0.317177
0.365679
0.017850
-0.000033
-0.279335
0.385754
-1.253998
0.064070
0.062860
-0.149564
-0.347899
0.136473
-0.539174
0.451916
-0.527781
0.101703
-0.953030
0.227419
0.105596
-1.831959
-0.018602
0.180957
0.296276
0.364031
0.036866
0.160691
0.098432
-0.091190
0.369066
-0.132779
-0.073466
-3.327946
0.070149
-0.948024
-0.146058
0.166501
-0.116874
0.347877
0.049489
0.239134
-0.026535
0.204545
-0.339950
0.237738
-0.493550
0.342756
0.350305
0.211643
0.172839
0.070324
0.274716
-0.016426
0.356689
0.265810
-0.399794
-0.459476
0.084522
0.166129
0.127415
0.261029
-0.528142
0.282999
0.401605
0.066714
-0.597954
0.258334
0.205238
0.230757
0.302240
0.278226
0.329564
-0.075364
-0.082256
0.268135
0.149162
