7.213202
7.696882
8.180562
8.664241
9.147921
9.631601
10.115281
10.598960
11.082640
11.566320
12.050000
12.533679
13.017359
13.501039
13.984719
14.468398
14.952078
15.435758
15.919438
16.403117
16.886797
17.370477
17.854157
18.337837
18.821516
19.305196
19.788876
20.272556
20.756235
21.239915
21.723595
22.207275
22.690954
23.174634
23.658314
24.141994
24.625673
25.109353
25.593033
26.076713
26.560392
27.044072
27.527752
28.011432
28.495112
28.978791
29.462471
29.946151
30.429831
30.913510
31.397190
31.880870
32.364550
32.848229
33.331909
33.815589
34.299269
34.782948
35.266628
35.750308
36.233988
36.717667
37.201347
37.685027
38.168707
38.652387
39.136066
39.619746
40.103426
40.587106
41.070785
41.554465
42.038145
42.521825
43.005504
43.489184
43.972864
44.456544
44.940223
45.423903
45.907583
46.391263
46.874942
47.358622
47.842302
48.325982
48.809662
49.293341
49.777021
50.260701
50.744381
51.228060
51.711740
52.195420
52.679100
53.162779
53.646459
54.130139
54.613819
55.097498
55.581178
56.064858
56.548538
57.032217
57.515897
57.999577
58.483257
58.966937
59.450616
59.934296
60.417976
60.901656
61.385335
61.869015
62.352695
62.836375
63.320054
63.803734
64.287414
64.771094
65.254773
65.738453
66.222133
66.705813
67.189492
67.673172
68.156852
68.640532
69.124212
69.607891
70.091571
70.575251
71.058931
71.542610
72.026290
72.509970
72.993650
73.477329
73.961009
74.444689
74.928369
75.412048
75.895728
76.379408
76.863088
77.346767
77.830447
78.314127
78.797807
79.281487
79.765166
80.248846
80.732526
81.216206
81.699885
82.183565
82.667245
83.150925
83.634604
84.118284
84.601964
85.085644
85.569323
86.053003
86.536683
87.020363
87.504042
87.987722
88.471402
88.955082
89.438762
89.922441
90.406121
90.889801
91.373481
91.857160
92.340840
92.824520
93.308200
93.791879
94.275559
94.759239
95.242919
95.726598
96.210278
96.693958
97.177638
97.661317
98.144997
98.628677
99.112357
99.596037
100.079716
100.563396
101.047076
101.530756
102.014435
102.498115
102.981795
103.465475
