8.139239501953125000e+01
8.163146209716796875e+01
8.187053680419921875e+01
8.210961151123046875e+01
8.234868621826171875e+01
8.258775329589843750e+01
8.282682800292968750e+01
8.306590270996093750e+01
4.975522232055664062e+01
5.012243652343750000e+01
5.048964691162109375e+01
5.085686111450195312e+01
5.122407531738281250e+01
5.159128570556640625e+01
5.195849609375000000e+01
5.232571029663085938e+01
7.303208923339843750e+01
7.377229309082031250e+01
7.451250457763671875e+01
7.525271606445312500e+01
7.599292755126953125e+01
7.673313903808593750e+01
7.747335052490234375e+01
7.821356201171875000e+01
5.485352325439453125e+01
5.545948028564453125e+01
5.606542968750000000e+01
5.667138671875000000e+01
5.727733993530273438e+01
5.788329315185546875e+01
5.848924636840820312e+01
5.909519958496093750e+01
6.445478057861328125e+01
6.524436187744140625e+01
6.603394317626953125e+01
6.682352447509765625e+01
6.761310577392578125e+01
6.840268707275390625e+01
6.919227600097656250e+01
6.998185729980468750e+01
8.145065307617187500e+01
8.223970794677734375e+01
8.302876281738281250e+01
8.381781768798828125e+01
8.460687255859375000e+01
8.539592742919921875e+01
8.618498229980468750e+01
8.697403717041015625e+01
5.735157012939453125e+01
5.808692932128906250e+01
5.882228469848632812e+01
5.955764389038085938e+01
6.029299926757812500e+01
6.102835845947265625e+01
6.176371765136718750e+01
6.249907302856445312e+01
5.760216903686523438e+01
5.821945953369140625e+01
5.883675384521484375e+01
5.945404815673828125e+01
6.007134246826171875e+01
6.068863677978515625e+01
6.130593109130859375e+01
6.192322540283203125e+01
5.698974609375000000e+01
5.782812500000000000e+01
5.866650772094726562e+01
5.950489044189453125e+01
6.034326171875000000e+01
6.118164443969726562e+01
6.202002716064453125e+01
6.285840606689453125e+01
8.468431854248046875e+01
8.529252624511718750e+01
8.590072631835937500e+01
8.650894165039062500e+01
8.711714172363281250e+01
8.772534942626953125e+01
8.833355712890625000e+01
8.894176483154296875e+01
8.432373046875000000e+01
8.510577392578125000e+01
8.588783264160156250e+01
8.666988372802734375e+01
8.745193481445312500e+01
8.823398590087890625e+01
8.901603698730468750e+01
8.979808807373046875e+01
9.592211151123046875e+01
9.648849487304687500e+01
9.705487823486328125e+01
9.762126159667968750e+01
9.818765258789062500e+01
9.875403594970703125e+01
9.932041931152343750e+01
9.988680267333984375e+01
7.113722229003906250e+01
7.135542297363281250e+01
7.157363128662109375e+01
7.179183197021484375e+01
7.201003265380859375e+01
7.222823333740234375e+01
7.244644165039062500e+01
7.266464233398437500e+01
7.086673736572265625e+01
7.109659576416015625e+01
7.132645416259765625e+01
7.155632019042968750e+01
7.178617858886718750e+01
7.201603698730468750e+01
7.224589538574218750e+01
7.247575378417968750e+01
6.802751922607421875e+01
6.825441741943359375e+01
6.848132324218750000e+01
6.870822906494140625e+01
6.893512725830078125e+01
6.916203308105468750e+01
6.938893890380859375e+01
6.961583709716796875e+01
7.163826751708984375e+01
7.237344360351562500e+01
7.310862731933593750e+01
7.384380340576171875e+01
7.457897949218750000e+01
7.531416320800781250e+01
7.604933929443359375e+01
7.678451538085937500e+01
7.881864166259765625e+01
7.905738067626953125e+01
7.929611968994140625e+01
7.953485870361328125e+01
7.977359771728515625e+01
8.001233673095703125e+01
8.025107574462890625e+01
8.048981475830078125e+01
5.875011062622070312e+01
5.944376754760742188e+01
6.013742446899414062e+01
6.083108139038085938e+01
6.152473831176757812e+01
6.221839523315429688e+01
6.291205215454101562e+01
6.360570907592773438e+01
7.559130096435546875e+01
7.595709991455078125e+01
7.632289886474609375e+01
7.668870544433593750e+01
7.705450439453125000e+01
7.742030334472656250e+01
7.778610992431640625e+01
7.815190887451171875e+01
6.907769012451171875e+01
6.978018188476562500e+01
7.048267364501953125e+01
7.118516540527343750e+01
7.188765716552734375e+01
7.259014892578125000e+01
7.329264068603515625e+01
7.399513244628906250e+01
6.201240539550781250e+01
6.267842483520507812e+01
6.334444427490234375e+01
6.401045989990234375e+01
6.467647552490234375e+01
6.534249114990234375e+01
6.600851440429687500e+01
6.667453002929687500e+01
4.167351531982421875e+01
4.217641067504882812e+01
4.267930603027343750e+01
4.318219757080078125e+01
4.368508911132812500e+01
4.418798446655273438e+01
4.469087982177734375e+01
4.519377136230468750e+01
8.326290130615234375e+01
8.419840240478515625e+01
8.513390350341796875e+01
8.606941223144531250e+01
8.700491333007812500e+01
8.794041442871093750e+01
8.887591552734375000e+01
8.981141662597656250e+01
7.769396972656250000e+01
7.798097991943359375e+01
7.826799774169921875e+01
7.855500793457031250e+01
7.884201812744140625e+01
7.912903594970703125e+01
7.941604614257812500e+01
7.970306396484375000e+01
7.837485504150390625e+01
7.907387542724609375e+01
7.977289581298828125e+01
8.047190856933593750e+01
8.117092895507812500e+01
8.186994934082031250e+01
8.256896972656250000e+01
8.326798248291015625e+01
6.127950668334960938e+01
6.199081802368164062e+01
6.270213317871093750e+01
6.341344451904296875e+01
6.412476348876953125e+01
6.483607482910156250e+01
6.554738616943359375e+01
6.625869750976562500e+01
4.881793212890625000e+01
4.944540405273437500e+01
5.007287979125976562e+01
5.070035552978515625e+01
5.132783126831054688e+01
5.195530700683593750e+01
5.258277893066406250e+01
5.321025848388671875e+01
7.346453857421875000e+01
7.427040100097656250e+01
7.507626342773437500e+01
7.588212585449218750e+01
7.668798828125000000e+01
7.749385070800781250e+01
7.829970550537109375e+01
7.910556793212890625e+01
6.521549987792968750e+01
6.583992004394531250e+01
6.646433258056640625e+01
6.708874511718750000e+01
6.771315765380859375e+01
6.833757781982421875e+01
6.896199035644531250e+01
6.958640289306640625e+01
6.645209503173828125e+01
6.716332244873046875e+01
6.787454223632812500e+01
6.858576202392578125e+01
6.929698181152343750e+01
7.000820159912109375e+01
7.071942138671875000e+01
7.143064880371093750e+01
7.598970794677734375e+01
7.681341552734375000e+01
7.763711547851562500e+01
7.846081542968750000e+01
7.928451538085937500e+01
8.010822296142578125e+01
8.093192291259765625e+01
8.175562286376953125e+01
6.817105865478515625e+01
6.886067199707031250e+01
6.955029296875000000e+01
7.023991394042968750e+01
7.092952728271484375e+01
7.161914825439453125e+01
7.230876159667968750e+01
7.299838256835937500e+01
7.797457885742187500e+01
7.819222259521484375e+01
7.840986633300781250e+01
7.862751007080078125e+01
7.884515380859375000e+01
7.906280517578125000e+01
7.928044891357421875e+01
7.949809265136718750e+01
6.799388885498046875e+01
6.868990325927734375e+01
6.938591766357421875e+01
7.008193206787109375e+01
7.077793884277343750e+01
7.147395324707031250e+01
7.216996765136718750e+01
7.286598205566406250e+01
7.684932708740234375e+01
7.779114532470703125e+01
7.873295593261718750e+01
7.967477416992187500e+01
8.061659240722656250e+01
8.155841064453125000e+01
8.250022125244140625e+01
8.344203948974609375e+01
7.684911346435546875e+01
7.762330627441406250e+01
7.839750671386718750e+01
7.917170715332031250e+01
7.994590759277343750e+01
8.072010040283203125e+01
8.149430084228515625e+01
8.226849365234375000e+01
4.792703247070312500e+01
4.872663879394531250e+01
4.952624511718750000e+01
5.032585144042968750e+01
5.112545394897460938e+01
5.192505645751953125e+01
5.272466278076171875e+01
5.352426910400390625e+01
7.522985076904296875e+01
7.545503997802734375e+01
7.568022918701171875e+01
7.590541839599609375e+01
7.613060760498046875e+01
7.635579681396484375e+01
7.658098602294921875e+01
7.680617523193359375e+01
6.911810302734375000e+01
6.985374450683593750e+01
7.058938598632812500e+01
7.132502746582031250e+01
7.206066894531250000e+01
7.279630279541015625e+01
7.353194427490234375e+01
7.426758575439453125e+01
6.625492095947265625e+01
6.700558471679687500e+01
6.775624084472656250e+01
6.850690460205078125e+01
6.925756072998046875e+01
7.000822448730468750e+01
7.075888061523437500e+01
7.150954437255859375e+01
7.477396392822265625e+01
7.498972320556640625e+01
7.520547485351562500e+01
7.542123413085937500e+01
7.563698577880859375e+01
7.585274505615234375e+01
7.606849670410156250e+01
7.628425598144531250e+01
7.127090454101562500e+01
7.149277496337890625e+01
7.171464538574218750e+01
7.193650817871093750e+01
7.215837860107421875e+01
7.238024902343750000e+01
7.260211944580078125e+01
7.282398986816406250e+01
7.644997406005859375e+01
7.667488861083984375e+01
7.689981079101562500e+01
7.712472534179687500e+01
7.734963989257812500e+01
7.757455444335937500e+01
7.779946899414062500e+01
7.802438354492187500e+01
8.279320526123046875e+01
8.364488983154296875e+01
8.449657440185546875e+01
8.534825897216796875e+01
8.619995117187500000e+01
8.705163574218750000e+01
8.790332031250000000e+01
8.875500488281250000e+01
7.484429168701171875e+01
7.551322174072265625e+01
7.618215942382812500e+01
7.685109710693359375e+01
7.752003479003906250e+01
7.818896484375000000e+01
7.885790252685546875e+01
7.952684020996093750e+01
7.314191436767578125e+01
7.336737060546875000e+01
7.359282684326171875e+01
7.381827545166015625e+01
7.404373168945312500e+01
7.426918792724609375e+01
7.449463653564453125e+01
7.472009277343750000e+01
3.773217010498046875e+01
3.834801483154296875e+01
3.896385955810546875e+01
3.957970428466796875e+01
4.019555282592773438e+01
4.081139755249023438e+01
4.142724609375000000e+01
4.204309082031250000e+01
6.651578521728515625e+01
6.717550659179687500e+01
6.783523559570312500e+01
6.849495697021484375e+01
6.915467834472656250e+01
6.981439971923828125e+01
7.047412872314453125e+01
7.113385009765625000e+01
6.535398101806640625e+01
6.609711456298828125e+01
6.684024810791015625e+01
6.758338928222656250e+01
6.832652282714843750e+01
6.906965637207031250e+01
6.981278991699218750e+01
7.055593109130859375e+01
7.928668975830078125e+01
7.950318908691406250e+01
7.971968841552734375e+01
7.993618774414062500e+01
8.015268707275390625e+01
8.036918640136718750e+01
8.058568572998046875e+01
8.080218505859375000e+01
7.510573577880859375e+01
7.594725036621093750e+01
7.678875732421875000e+01
7.763027191162109375e+01
7.847177886962890625e+01
7.931329345703125000e+01
8.015480041503906250e+01
8.099631500244140625e+01
7.225867462158203125e+01
7.264799499511718750e+01
7.303732299804687500e+01
7.342664337158203125e+01
7.381597137451171875e+01
7.420529174804687500e+01
7.459461212158203125e+01
7.498394012451171875e+01
5.156180572509765625e+01
5.240373992919921875e+01
5.324567031860351562e+01
5.408760070800781250e+01
5.492953109741210938e+01
5.577146148681640625e+01
5.661339569091796875e+01
5.745532226562500000e+01
6.653585815429687500e+01
6.717069244384765625e+01
6.780552673339843750e+01
6.844036102294921875e+01
6.907518768310546875e+01
6.971002197265625000e+01
7.034485626220703125e+01
7.097968292236328125e+01
5.240775680541992188e+01
5.296997070312500000e+01
5.353218078613281250e+01
5.409439468383789062e+01
5.465660858154296875e+01
5.521882247924804688e+01
5.578103637695312500e+01
5.634324645996093750e+01
4.711613464355468750e+01
4.745177459716796875e+01
4.778741455078125000e+01
4.812305450439453125e+01
4.845869064331054688e+01
4.879433059692382812e+01
4.912996673583984375e+01
4.946560668945312500e+01
8.345616149902343750e+01
8.427091979980468750e+01
8.508566284179687500e+01
8.590042114257812500e+01
8.671516418457031250e+01
8.752992248535156250e+01
8.834466552734375000e+01
8.915942382812500000e+01
8.282694244384765625e+01
8.349948883056640625e+01
8.417204284667968750e+01
8.484459686279296875e+01
8.551715087890625000e+01
8.618970489501953125e+01
8.686225891113281250e+01
8.753480529785156250e+01
7.083795166015625000e+01
7.169828796386718750e+01
7.255862426757812500e+01
7.341895294189453125e+01
7.427928924560546875e+01
7.513962554931640625e+01
7.599995422363281250e+01
7.686029052734375000e+01
5.471860885620117188e+01
5.542998504638671875e+01
5.614135742187500000e+01
5.685272979736328125e+01
5.756410598754882812e+01
5.827547836303710938e+01
5.898685455322265625e+01
5.969822692871093750e+01
5.945042419433593750e+01
5.992467498779296875e+01
6.039892578125000000e+01
6.087318038940429688e+01
6.134743118286132812e+01
6.182168197631835938e+01
6.229593658447265625e+01
6.277018737792968750e+01
9.972708129882812500e+01
1.001662902832031250e+02
1.006055145263671875e+02
1.010447235107421875e+02
1.014839401245117188e+02
1.019231567382812500e+02
1.023623657226562500e+02
1.028015899658203125e+02
4.835107421875000000e+01
4.920431518554687500e+01
5.005755615234375000e+01
5.091079330444335938e+01
5.176403427124023438e+01
5.261727523803710938e+01
5.347051620483398438e+01
5.432375335693359375e+01
9.186570739746093750e+01
9.239988708496093750e+01
9.293405914306640625e+01
9.346823120117187500e+01
9.400241088867187500e+01
9.453659057617187500e+01
9.507076263427734375e+01
9.560493469238281250e+01
7.784749603271484375e+01
7.809036254882812500e+01
7.833322906494140625e+01
7.857609558105468750e+01
7.881896209716796875e+01
7.906182861328125000e+01
7.930469512939453125e+01
7.954756164550781250e+01
4.747588348388671875e+01
4.792971801757812500e+01
4.838355255126953125e+01
4.883738708496093750e+01
4.929121780395507812e+01
4.974505233764648438e+01
5.019888305664062500e+01
5.065271759033203125e+01
7.956990051269531250e+01
8.038910675048828125e+01
8.120831298828125000e+01
8.202751159667968750e+01
8.284671783447265625e+01
8.366591644287109375e+01
8.448512268066406250e+01
8.530432128906250000e+01
5.847935485839843750e+01
5.894063186645507812e+01
5.940190887451171875e+01
5.986318206787109375e+01
6.032445907592773438e+01
6.078573608398437500e+01
6.124700927734375000e+01
6.170828628540039062e+01
5.468870544433593750e+01
5.498809814453125000e+01
5.528749084472656250e+01
5.558687973022460938e+01
5.588627243041992188e+01
5.618566131591796875e+01
5.648505401611328125e+01
5.678444290161132812e+01
4.488882446289062500e+01
4.566433715820312500e+01
4.643984222412109375e+01
4.721534729003906250e+01
4.799085998535156250e+01
4.876636505126953125e+01
4.954187774658203125e+01
5.031738662719726562e+01
7.177782440185546875e+01
7.200213623046875000e+01
7.222645568847656250e+01
7.245076751708984375e+01
7.267508697509765625e+01
7.289939880371093750e+01
7.312371826171875000e+01
7.334803771972656250e+01
7.302011108398437500e+01
7.362369537353515625e+01
7.422727966308593750e+01
7.483086395263671875e+01
7.543444824218750000e+01
7.603802490234375000e+01
7.664160919189453125e+01
7.724519348144531250e+01
7.461865234375000000e+01
7.527567291259765625e+01
7.593269348144531250e+01
7.658971405029296875e+01
7.724673461914062500e+01
7.790375518798828125e+01
7.856077575683593750e+01
7.921779632568359375e+01
7.391069793701171875e+01
7.413098144531250000e+01
7.435127258300781250e+01
7.457155609130859375e+01
7.479183959960937500e+01
7.501213073730468750e+01
7.523241424560546875e+01
7.545269775390625000e+01
4.613890075683593750e+01
4.687711334228515625e+01
4.761531829833984375e+01
4.835353088378906250e+01
4.909173965454101562e+01
4.982994842529296875e+01
5.056816101074218750e+01
5.130636978149414062e+01
7.398516082763671875e+01
7.474646759033203125e+01
7.550778198242187500e+01
7.626908874511718750e+01
7.703040313720703125e+01
7.779170989990234375e+01
7.855301666259765625e+01
7.931433105468750000e+01
5.110440063476562500e+01
5.133665466308593750e+01
5.156890106201171875e+01
5.180115127563476562e+01
5.203340148925781250e+01
5.226565170288085938e+01
5.249790191650390625e+01
5.273015213012695312e+01
7.757829284667968750e+01
7.782985687255859375e+01
7.808142852783203125e+01
7.833300018310546875e+01
7.858457183837890625e+01
7.883614349365234375e+01
7.908771514892578125e+01
7.933928680419921875e+01
9.070590209960937500e+01
9.129359436035156250e+01
9.188128662109375000e+01
9.246897888183593750e+01
9.305666351318359375e+01
9.364435577392578125e+01
9.423204803466796875e+01
9.481974029541015625e+01
5.857145690917968750e+01
5.882498931884765625e+01
5.907851791381835938e+01
5.933205032348632812e+01
5.958557891845703125e+01
5.983911132812500000e+01
6.009264373779296875e+01
6.034617233276367188e+01
4.309542083740234375e+01
4.368053436279296875e+01
4.426564407348632812e+01
4.485075378417968750e+01
4.543586730957031250e+01
4.602097320556640625e+01
4.660608673095703125e+01
4.719120025634765625e+01
5.412850570678710938e+01
5.474220657348632812e+01
5.535591125488281250e+01
5.596960830688476562e+01
5.658331298828125000e+01
5.719701766967773438e+01
5.781071853637695312e+01
5.842442321777343750e+01
4.664026641845703125e+01
4.739444732666015625e+01
4.814863586425781250e+01
4.890281677246093750e+01
4.965700531005859375e+01
5.041119003295898438e+01
5.116537475585937500e+01
5.191955947875976562e+01
7.963085937500000000e+01
8.032243347167968750e+01
8.101399993896484375e+01
8.170557403564453125e+01
8.239714050292968750e+01
8.308871459960937500e+01
8.378028106689453125e+01
8.447185516357421875e+01
7.293142700195312500e+01
7.357356262207031250e+01
7.421570587158203125e+01
7.485784149169921875e+01
7.549997711181640625e+01
7.614212036132812500e+01
7.678425598144531250e+01
7.742639923095703125e+01
7.560879516601562500e+01
7.635163879394531250e+01
7.709447479248046875e+01
7.783731079101562500e+01
7.858015441894531250e+01
7.932299041748046875e+01
8.006582641601562500e+01
8.080867004394531250e+01
7.183514404296875000e+01
7.206153869628906250e+01
7.228793334960937500e+01
7.251432037353515625e+01
7.274071502685546875e+01
7.296710968017578125e+01
7.319350433349609375e+01
7.341989135742187500e+01
5.192081069946289062e+01
5.260950088500976562e+01
5.329819488525390625e+01
5.398688507080078125e+01
5.467557525634765625e+01
5.536426925659179688e+01
5.605295944213867188e+01
5.674165344238281250e+01
5.318754959106445312e+01
5.375110626220703125e+01
5.431466293334960938e+01
5.487821960449218750e+01
5.544177246093750000e+01
5.600532913208007812e+01
5.656888580322265625e+01
5.713244247436523438e+01
4.308679962158203125e+01
4.389707946777343750e+01
4.470735931396484375e+01
4.551764297485351562e+01
4.632792663574218750e+01
4.713820648193359375e+01
4.794848632812500000e+01
4.875876617431640625e+01
8.323841857910156250e+01
8.408197784423828125e+01
8.492553710937500000e+01
8.576909637451171875e+01
8.661265563964843750e+01
8.745622253417968750e+01
8.829978179931640625e+01
8.914334106445312500e+01
6.929221343994140625e+01
7.006779479980468750e+01
7.084337615966796875e+01
7.161895751953125000e+01
7.239454650878906250e+01
7.317012786865234375e+01
7.394570922851562500e+01
7.472129058837890625e+01
7.904058074951171875e+01
7.921715545654296875e+01
7.939373779296875000e+01
7.957031250000000000e+01
7.974688720703125000e+01
7.992346191406250000e+01
8.010003662109375000e+01
8.027661895751953125e+01
7.780615997314453125e+01
7.802333831787109375e+01
7.824052429199218750e+01
7.845770263671875000e+01
7.867488098144531250e+01
7.889206695556640625e+01
7.910924530029296875e+01
7.932643127441406250e+01
8.469620513916015625e+01
8.537596893310546875e+01
8.605573272705078125e+01
8.673548889160156250e+01
8.741525268554687500e+01
8.809501647949218750e+01
8.877478027343750000e+01
8.945454406738281250e+01
7.028337097167968750e+01
7.051160430908203125e+01
7.073984527587890625e+01
7.096807861328125000e+01
7.119631958007812500e+01
7.142455291748046875e+01
7.165279388427734375e+01
7.188102722167968750e+01
7.333384704589843750e+01
7.358747863769531250e+01
7.384111785888671875e+01
7.409474945068359375e+01
7.434838867187500000e+01
7.460202026367187500e+01
7.485565185546875000e+01
7.510929107666015625e+01
6.300838088989257812e+01
6.324398040771484375e+01
6.347958374023437500e+01
6.371518707275390625e+01
6.395079040527343750e+01
6.418639373779296875e+01
6.442199707031250000e+01
6.465759277343750000e+01
6.199306869506835938e+01
6.278822708129882812e+01
6.358338546752929688e+01
6.437854766845703125e+01
6.517370605468750000e+01
6.596886444091796875e+01
6.676402282714843750e+01
6.755918121337890625e+01
7.377910614013671875e+01
7.410987091064453125e+01
7.444063568115234375e+01
7.477140808105468750e+01
7.510217285156250000e+01
7.543293762207031250e+01
7.576370239257812500e+01
7.609446716308593750e+01
