1.022509
0.876935
1.074464
0.936219
1.015051
1.224672
0.763676
1.035254
1.006071
0.778410
1.340852
1.173102
0.968467
0.945441
0.817706
0.881131
1.217576
1.088547
1.025018
0.825530
1.003067
1.058311
0.963757
1.007803
1.115091
1.023726
1.321917
1.361401
0.949296
1.029863
1.201291
0.991670
0.862846
0.928980
0.965997
0.693447
1.232802
0.992500
0.913687
1.022248
1.005745
0.946533
0.886643
1.023253
1.044499
0.961852
0.832016
1.011068
1.039443
0.796791
0.898186
0.957796
1.321958
0.985092
1.082055
0.724485
1.509024
0.680025
1.234838
1.068715
0.950847
0.836211
1.278084
1.366605
0.973479
1.003096
1.109965
0.751762
1.527974
1.482552
0.929597
0.901067
1.021761
0.944918
1.301391
1.084205
1.134019
1.449000
0.891053
1.239158
0.835541
0.959745
1.180618
0.960141
0.971565
0.837034
0.927788
0.922945
0.904821
1.341980
0.691795
0.890041
0.645692
0.916515
1.135669
0.914943
1.090083
0.694732
1.003618
0.991719
