0.022259
-0.131323
0.071822
-0.065906
0.014939
0.202673
-0.269612
0.034647
0.006052
-0.250501
0.293305
0.159652
-0.032041
-0.056104
-0.201253
-0.126549
0.196862
0.084844
0.024710
-0.191730
0.003062
0.056674
-0.036916
0.007773
0.108936
0.023449
0.279083
0.308515
-0.052034
0.029426
0.183397
-0.008365
-0.147519
-0.073668
-0.034594
-0.366080
0.209289
-0.007529
-0.090267
0.022004
0.005728
-0.054949
-0.120313
0.022987
0.043537
-0.038894
-0.183903
0.011007
0.038685
-0.227163
-0.107378
-0.043120
0.279114
-0.015020
0.078862
-0.322294
0.411463
-0.385625
0.210940
0.066457
-0.050403
-0.178874
0.245362
0.312329
-0.026879
0.003092
0.104329
-0.285335
0.423943
0.393765
-0.073004
-0.104176
0.021527
-0.056658
0.263434
0.080847
0.125768
0.370874
-0.115351
0.214433
-0.179676
-0.041088
0.166038
-0.040675
-0.028847
-0.177890
-0.074953
-0.080186
-0.100018
0.294146
-0.368465
-0.116488
-0.437433
-0.087177
0.127222
-0.088894
0.086253
-0.364228
0.003612
-0.008316
