0.312485 0.060308 0.139377
0.315301 0.063725 0.139841
0.316645 0.066600 0.140864
0.315406 0.068541 0.142873
0.317267 0.071663 0.143803
0.319691 0.074924 0.144456
0.318533 0.076831 0.146398
0.319395 0.079647 0.147818
0.322308 0.083109 0.148321
0.321419 0.085201 0.150294
0.321064 0.087495 0.152097
0.324451 0.091157 0.152536
0.324927 0.093743 0.154036
0.323491 0.095550 0.156195
0.326476 0.099128 0.156918
0.327964 0.102097 0.158101
0.327004 0.103875 0.159838
0.328967 0.107051 0.160925
0.331584 0.110725 0.162103
0.330758 0.112661 0.163990
0.331600 0.115261 0.165346
0.334309 0.118941 0.166497
0.334342 0.121328 0.168270
0.334530 0.123637 0.169860
0.337354 0.127274 0.170873
0.338041 0.129957 0.172528
0.337247 0.131973 0.174596
0.340346 0.135647 0.175497
0.342253 0.139006 0.176999
0.341419 0.140907 0.179064
0.343529 0.144088 0.180173
0.346530 0.147621 0.181025
0.345087 0.149460 0.183567
0.346029 0.152193 0.185226
0.349832 0.156026 0.185855
0.349560 0.158314 0.188017
0.349462 0.160765 0.190300
0.352824 0.164316 0.190991
0.353746 0.167012 0.192693
0.352199 0.168607 0.195079
0.355476 0.172266 0.196160
0.357240 0.175306 0.197708
0.357204 0.177626 0.199831
0.359025 0.180725 0.201466
0.361622 0.184035 0.202733
0.361496 0.186523 0.205279
0.362953 0.189467 0.207101
0.365215 0.192627 0.208548
0.366323 0.195428 0.210530
0.366949 0.198033 0.212671
0.368982 0.201040 0.214203
0.370264 0.203891 0.216193
0.371988 0.206901 0.218092
0.373420 0.209616 0.219765
0.375020 0.212616 0.221840
0.376741 0.215927 0.224397
0.378178 0.218686 0.226293
0.379259 0.221329 0.228388
0.381316 0.224652 0.230792
0.382904 0.227675 0.233188
0.384517 0.230665 0.235544
0.386580 0.233913 0.237968
0.388294 0.237197 0.240912
0.389951 0.239651 0.242363
0.391813 0.242658 0.244759
0.393820 0.246109 0.247916
0.395954 0.249096 0.250099
0.398044 0.252022 0.252259
0.399589 0.255252 0.255737
0.401056 0.258009 0.258411
0.403239 0.260676 0.260124
0.405399 0.264184 0.263755
0.406783 0.266885 0.266620
0.408623 0.269276 0.268322
0.410843 0.272779 0.272154
0.413101 0.276250 0.276021
0.414987 0.278590 0.277773
0.417311 0.281721 0.280906
0.420045 0.285670 0.285559
0.422090 0.288032 0.287381
0.423668 0.290440 0.289978
0.425948 0.294173 0.295151
0.428391 0.297021 0.297924
0.430245 0.299189 0.299761
0.433049 0.303025 0.304750
0.435624 0.306286 0.308690
0.437708 0.308717 0.311254
0.440234 0.311990 0.315460
0.442773 0.315433 0.320264
0.445345 0.318121 0.322923
0.447980 0.321285 0.327028
0.450018 0.324571 0.332456
0.452621 0.327317 0.335547
0.455193 0.330151 0.338998
0.457501 0.333467 0.344392
0.460332 0.336569 0.348364
0.463517 0.339723 0.351936
0.465900 0.342903 0.357007
0.468572 0.346041 0.361498
0.471835 0.348897 0.364179
0.474521 0.352129 0.369056
0.477126 0.355464 0.374583
0.480409 0.358458 0.377614
0.483407 0.361788 0.382383
0.486031 0.365139 0.388025
0.489359 0.368434 0.392011
0.492639 0.371619 0.395754
0.495330 0.375024 0.401421
0.498952 0.378577 0.405620
0.502130 0.381716 0.409378
0.505752 0.385539 0.414411
0.509033 0.389022 0.419006
0.512267 0.392515 0.423656
0.515609 0.396137 0.428511
0.518954 0.399794 0.433378
0.522298 0.403418 0.438039
0.525937 0.407237 0.442605
0.529933 0.411367 0.447268
0.533479 0.415211 0.451944
0.537762 0.419496 0.456170
0.541030 0.423226 0.460925
0.545558 0.427883 0.465472
0.550226 0.432505 0.469402
0.552983 0.436095 0.474630
0.555977 0.439699 0.479179
0.560942 0.444749 0.483305
0.565317 0.449436 0.487519
0.569179 0.453440 0.490751
0.573952 0.458657 0.495283
0.578329 0.463492 0.499460
0.582685 0.468051 0.502636
0.587007 0.473089 0.507244
0.591053 0.477937 0.511840
0.594660 0.482102 0.515400
0.598800 0.486867 0.519198
0.602482 0.491291 0.523079
0.606703 0.496371 0.527334
0.610833 0.501404 0.531552
0.614772 0.506137 0.535274
0.618948 0.510971 0.538501
0.622630 0.515500 0.542096
0.626635 0.520556 0.546263
0.630250 0.525084 0.549856
0.633767 0.529834 0.554311
0.637394 0.534524 0.558193
0.641263 0.539367 0.561740
0.644038 0.543745 0.566992
0.647068 0.547936 0.570915
0.651963 0.553261 0.572729
0.654998 0.557707 0.577294
0.657695 0.562068 0.582574
0.661949 0.566646 0.583870
0.665195 0.571078 0.587728
0.668651 0.576174 0.592933
0.671597 0.580078 0.595978
0.674467 0.583923 0.599103
0.677280 0.588617 0.605013
0.679968 0.592642 0.609196
0.682519 0.595991 0.611802
0.685801 0.600643 0.616185
0.688530 0.604854 0.620866
0.691009 0.608112 0.623347
0.694015 0.612506 0.627825
0.696565 0.617180 0.634585
0.698897 0.620222 0.636910
0.701375 0.623869 0.640746
0.704432 0.629064 0.647545
0.706781 0.632303 0.650580
0.708778 0.634729 0.652191
0.711076 0.639194 0.659187
0.713135 0.642470 0.663249
0.715699 0.645439 0.664855
0.717588 0.649300 0.671286
0.719719 0.653153 0.677046
0.721821 0.655589 0.678371
0.723687 0.658755 0.682751
0.725621 0.662819 0.689953
0.727973 0.665672 0.691990
0.730204 0.668869 0.695623
0.732452 0.672951 0.702048
0.734549 0.676064 0.705777
0.736907 0.678749 0.707403
0.737961 0.681949 0.714398
0.739284 0.684757 0.719397
0.741643 0.687681 0.721959
0.743035 0.690436 0.726591
0.744127 0.693111 0.731798
0.746610 0.696322 0.734950
0.748190 0.699085 0.739164
0.749263 0.701710 0.744291
0.751731 0.704969 0.747700
0.753965 0.707996 0.750959
0.754977 0.710678 0.756536
0.756598 0.713281 0.760041
0.758792 0.716155 0.762813
0.759846 0.718800 0.768149
0.761145 0.721537 0.773190
0.763566 0.724678 0.776212
0.764660 0.727129 0.780705
0.764862 0.729398 0.787246
