0.274793 0.121071 0.084932
0.273473 0.123197 0.086820
0.273733 0.126006 0.088116
0.276724 0.129983 0.088346
0.276499 0.132523 0.089772
0.275742 0.134909 0.091505
0.278717 0.138967 0.091802
0.279649 0.141945 0.092728
0.278439 0.144121 0.094647
0.281261 0.148027 0.094944
0.283545 0.151693 0.095422
0.281953 0.153685 0.097468
0.283431 0.157029 0.098301
0.286939 0.161355 0.098346
0.285863 0.163510 0.100120
0.286369 0.166432 0.101329
0.289488 0.170860 0.101791
0.289583 0.173580 0.103144
0.289028 0.175709 0.104490
0.292101 0.180017 0.104813
0.293478 0.183524 0.105794
0.292933 0.185710 0.107192
0.295216 0.189539 0.107701
0.297402 0.193504 0.108382
0.296835 0.195808 0.109928
0.298568 0.199361 0.110622
0.301841 0.203767 0.110706
0.301146 0.206126 0.112419
0.301701 0.208900 0.113423
0.305148 0.213556 0.113484
0.305589 0.216627 0.114861
0.305134 0.219261 0.116598
0.309334 0.224118 0.116130
0.311081 0.227841 0.116808
0.309959 0.230209 0.118914
0.313034 0.234576 0.118943
0.315988 0.238777 0.118893
0.315436 0.241604 0.120876
0.317438 0.245578 0.121522
0.322064 0.251070 0.121051
0.321699 0.253830 0.122717
0.322958 0.257460 0.123668
0.326136 0.262109 0.123742
0.327421 0.265737 0.124647
0.327978 0.269140 0.126047
0.331361 0.273666 0.125767
0.333164 0.277625 0.126456
0.334187 0.281335 0.127658
0.336448 0.285573 0.128155
0.339240 0.290115 0.128404
0.340674 0.294184 0.129526
0.342877 0.298464 0.130096
0.344710 0.302592 0.130887
0.346886 0.307182 0.131784
0.348916 0.311377 0.132442
0.350822 0.315106 0.132789
0.353151 0.319757 0.133594
0.355897 0.324610 0.134169
0.357613 0.328439 0.134826
0.359888 0.332760 0.135388
0.362192 0.337171 0.136026
0.364060 0.341213 0.136792
0.366330 0.345200 0.137113
0.368807 0.350607 0.138576
0.371076 0.355139 0.139448
0.373122 0.358888 0.139834
0.375225 0.363534 0.141063
0.377402 0.368281 0.142351
0.380103 0.372435 0.142543
0.383007 0.377436 0.143387
0.385247 0.382686 0.145240
0.387463 0.386477 0.145716
0.390565 0.391578 0.146611
0.393368 0.397373 0.148636
0.395632 0.401167 0.149205
0.397908 0.405012 0.149843
0.400772 0.410893 0.152105
0.403128 0.415386 0.153517
0.405016 0.418445 0.153952
0.407838 0.424304 0.156506
0.411088 0.429927 0.158436
0.413635 0.433317 0.158640
0.416124 0.438318 0.160882
0.419297 0.444449 0.163865
0.421366 0.447637 0.164620
0.423814 0.451873 0.166298
0.426899 0.457549 0.169126
0.429486 0.461736 0.170815
0.432099 0.465606 0.172126
0.434708 0.470779 0.175323
0.437390 0.475196 0.177494
0.440650 0.479207 0.178550
0.443410 0.484276 0.181796
0.446239 0.489163 0.184868
0.449388 0.493150 0.186367
0.452070 0.497617 0.189286
0.454454 0.502076 0.192721
0.457687 0.506301 0.194878
0.460626 0.510599 0.197668
0.463114 0.515592 0.202306
0.466213 0.519790 0.205032
0.469467 0.523793 0.207280
0.471987 0.528447 0.211924
0.474959 0.532570 0.215117
0.478432 0.536636 0.217636
0.481181 0.540911 0.221787
0.484010 0.545331 0.226278
0.487488 0.549255 0.229023
0.490164 0.553265 0.233292
0.493306 0.557795 0.238134
0.496167 0.561482 0.241795
0.499348 0.565556 0.245980
0.502565 0.569555 0.250156
0.505883 0.573548 0.254300
0.509195 0.577462 0.258466
0.512486 0.581372 0.262873
0.515634 0.585192 0.267465
0.518551 0.588758 0.271977
0.521892 0.592576 0.276601
0.524631 0.596078 0.281630
0.528359 0.600059 0.286396
0.530969 0.603223 0.291085
0.533557 0.606584 0.296535
0.537809 0.610606 0.301021
0.541757 0.614581 0.306178
0.544231 0.617643 0.311469
0.547149 0.620910 0.316774
0.550374 0.624686 0.323336
0.553045 0.627580 0.328226
0.555994 0.630748 0.333643
0.558838 0.634108 0.340211
0.561880 0.637121 0.345198
0.565133 0.640253 0.350307
0.568592 0.643817 0.356792
0.571631 0.646965 0.362830
0.574960 0.650252 0.368903
0.577991 0.653211 0.374485
0.580988 0.656119 0.380084
0.583969 0.659121 0.386291
0.586707 0.662064 0.393079
0.589844 0.665164 0.399673
0.592718 0.667917 0.405446
0.595786 0.670931 0.412113
0.599035 0.673856 0.417879
0.601918 0.676636 0.424140
0.604611 0.679365 0.430873
0.608292 0.682365 0.435981
0.611457 0.685305 0.442531
0.612807 0.687464 0.450941
0.615930 0.690228 0.456804
0.619344 0.693046 0.461957
0.620851 0.695372 0.471296
0.623438 0.697924 0.477967
0.625868 0.700104 0.482845
0.628453 0.702796 0.490687
0.631029 0.705477 0.498473
0.633823 0.707805 0.502800
0.636476 0.710348 0.509341
0.638953 0.713077 0.517829
0.640948 0.715169 0.523906
0.643322 0.717465 0.529777
0.645585 0.720066 0.538391
0.647489 0.722103 0.544350
0.649923 0.724128 0.547679
0.652126 0.726768 0.556577
0.654226 0.729100 0.563506
0.655949 0.730629 0.566585
0.657867 0.733001 0.574407
0.660049 0.735855 0.584161
0.662277 0.737785 0.587274
0.664321 0.740116 0.593823
0.665795 0.742516 0.603267
0.668079 0.744637 0.607033
0.670009 0.746647 0.611472
0.671650 0.749273 0.621147
0.673634 0.751615 0.627215
0.675631 0.753488 0.629898
0.676878 0.755780 0.638450
0.678275 0.757936 0.645115
0.679711 0.759581 0.648483
0.681130 0.761750 0.654970
0.682081 0.764009 0.663634
0.684657 0.766423 0.666634
0.686759 0.768909 0.671685
0.687598 0.770996 0.679089
0.689523 0.773462 0.684405
0.691808 0.776107 0.689178
0.692416 0.777947 0.695693
0.694015 0.780334 0.701249
0.696193 0.782975 0.705922
0.696716 0.784756 0.711987
0.697532 0.786814 0.718302
0.699666 0.789393 0.722310
0.700955 0.791757 0.728228
0.701811 0.794006 0.734999
0.703711 0.796490 0.738986
0.705335 0.798866 0.743208
0.705797 0.800778 0.749427
0.707570 0.803388 0.754139
0.710209 0.806228 0.756681
