0.263677 0.070419 0.097803
0.265285 0.073543 0.100734
0.266427 0.076888 0.103813
0.268073 0.079999 0.106761
0.269430 0.083334 0.109884
0.270947 0.086483 0.112872
0.272364 0.089819 0.116031
0.274059 0.092976 0.119080
0.275367 0.096294 0.122230
0.277103 0.099424 0.125289
0.278474 0.102767 0.128501
0.280223 0.105938 0.131628
0.281659 0.109236 0.134837
0.283422 0.112424 0.138012
0.284799 0.115695 0.141211
0.286732 0.118885 0.144449
0.288185 0.122179 0.147715
0.290090 0.125370 0.150975
0.291377 0.128667 0.154241
0.293404 0.131873 0.157570
0.294791 0.135186 0.160896
0.296728 0.138384 0.164230
0.298126 0.141708 0.167597
0.299964 0.144958 0.170986
0.301451 0.148259 0.174374
0.303332 0.151538 0.177832
0.304886 0.154848 0.181261
0.306809 0.158149 0.184780
0.308469 0.161409 0.188204
0.310426 0.164687 0.191721
0.312117 0.168023 0.195262
0.313940 0.171345 0.198823
0.315645 0.174690 0.202388
0.317536 0.178016 0.205997
0.319273 0.181391 0.209629
0.321114 0.184756 0.213281
0.322959 0.188120 0.216954
0.324875 0.191509 0.220684
0.326798 0.194915 0.224441
0.328783 0.198325 0.228249
0.330822 0.201762 0.232114
0.332770 0.205221 0.235991
0.334834 0.208670 0.239924
0.336874 0.212144 0.243894
0.338873 0.215613 0.247859
0.340926 0.219149 0.251973
0.343011 0.222658 0.256081
0.345128 0.226225 0.260302
0.347416 0.229716 0.264531
0.349628 0.233248 0.268823
0.351821 0.236808 0.273179
0.354098 0.240372 0.277642
0.356390 0.243939 0.282159
0.358702 0.247490 0.286718
0.361075 0.251029 0.291345
0.363433 0.254585 0.296060
0.365730 0.258190 0.300902
0.368224 0.261723 0.305787
0.370633 0.265352 0.310877
0.373107 0.268845 0.315866
0.375656 0.272491 0.321223
0.378274 0.275886 0.326301
0.380868 0.279476 0.331792
0.383378 0.282966 0.337191
0.386086 0.286541 0.342917
0.388686 0.290007 0.348529
0.391461 0.293472 0.354317
0.394072 0.296931 0.360144
0.397043 0.300279 0.366018
0.399656 0.303803 0.372178
0.402699 0.307110 0.378210
0.405403 0.310567 0.384489
0.408457 0.313945 0.390835
0.411455 0.317320 0.397239
0.414579 0.320727 0.403810
0.417576 0.324055 0.410260
0.420909 0.327399 0.416884
0.424128 0.330817 0.423643
0.427533 0.334079 0.430178
0.431071 0.337494 0.437008
0.434515 0.340856 0.443732
0.438199 0.344333 0.450663
0.441904 0.347849 0.457606
0.445492 0.351419 0.464562
0.449547 0.355149 0.471765
0.453708 0.358565 0.478292
0.457759 0.362579 0.485732
0.462549 0.366080 0.492124
0.467344 0.370305 0.499549
0.471665 0.373817 0.505586
0.475875 0.378265 0.513030
0.481139 0.381936 0.518811
0.485663 0.386466 0.525887
0.490348 0.390449 0.531777
0.494893 0.395438 0.539074
0.500493 0.399587 0.544521
0.505003 0.404560 0.551269
0.511523 0.409106 0.556450
0.516007 0.414205 0.562853
0.522332 0.419228 0.568161
0.527062 0.424544 0.574234
0.533293 0.429986 0.579542
0.538174 0.435512 0.585273
0.543762 0.440834 0.590122
0.548624 0.446693 0.595788
0.554527 0.452374 0.600446
0.559924 0.458435 0.605584
0.565457 0.464228 0.610089
0.570623 0.470268 0.614874
0.575878 0.476359 0.619517
0.581044 0.482580 0.624105
0.585905 0.488731 0.628647
0.591608 0.494892 0.632527
0.596585 0.501554 0.637229
0.602184 0.507691 0.640864
0.606424 0.513822 0.645243
0.611631 0.519857 0.648711
0.615506 0.526417 0.653558
0.620801 0.532146 0.656489
0.624373 0.538588 0.661279
0.629613 0.544339 0.664130
0.632740 0.551020 0.669338
0.638034 0.555962 0.671183
0.641550 0.563160 0.676685
0.646853 0.568029 0.678425
0.649233 0.575024 0.684452
0.655168 0.579826 0.685690
0.657358 0.586629 0.691728
0.662633 0.591106 0.693070
0.664384 0.597664 0.699190
0.669675 0.601876 0.700249
0.671006 0.608681 0.707035
0.675819 0.612498 0.708088
0.676084 0.619354 0.715619
0.680805 0.621990 0.715533
0.681565 0.629346 0.723469
0.686938 0.631844 0.722865
0.686087 0.638565 0.731282
0.692979 0.641745 0.730637
0.691736 0.648181 0.739113
0.698737 0.651709 0.739011
0.696721 0.657504 0.747257
0.703949 0.660777 0.746850
0.701578 0.666543 0.755453
0.707151 0.669388 0.755788
0.706756 0.675083 0.763239
0.710854 0.677710 0.764239
0.711020 0.683470 0.771602
0.713859 0.685690 0.772899
0.714582 0.691255 0.779848
0.717708 0.693694 0.781379
0.718182 0.699156 0.788496
0.721118 0.701562 0.790262
0.721372 0.706458 0.796830
0.723594 0.708755 0.798828
0.724628 0.713717 0.805336
0.726903 0.716432 0.808077
0.728059 0.720729 0.813669
0.729665 0.723126 0.816292
0.731338 0.727503 0.821983
0.732464 0.730216 0.825319
0.734049 0.734370 0.830827
0.735065 0.737120 0.834356
0.736651 0.740952 0.839429
0.737350 0.743497 0.842799
0.738789 0.747272 0.848048
0.739622 0.750189 0.852074
0.741258 0.753707 0.856887
0.742175 0.756921 0.861444
0.743287 0.760261 0.866184
0.744374 0.763565 0.870904
0.745322 0.766908 0.875753
0.746855 0.770223 0.880453
0.747653 0.773249 0.884865
0.748999 0.776820 0.890045
0.749645 0.779665 0.894237
0.751091 0.783245 0.899450
0.751598 0.785760 0.903137
0.753180 0.789321 0.908349
0.753523 0.791962 0.912303
0.755199 0.795788 0.917917
0.755448 0.797978 0.921163
0.757244 0.801769 0.926763
0.757322 0.803919 0.930015
0.759242 0.807990 0.936032
0.759171 0.809638 0.938448
0.761220 0.814102 0.945134
0.761005 0.815610 0.947393
0.763168 0.820229 0.954300
0.762819 0.821475 0.956199
0.765116 0.826041 0.963008
0.764589 0.826966 0.964330
0.767016 0.831983 0.971900
0.766384 0.832663 0.972863
0.768936 0.837941 0.980847
0.768735 0.838414 0.981464
0.770812 0.843259 0.988871
0.770456 0.844079 0.990043
0.772585 0.848586 0.996914
0.772194 0.849554 0.998295
