0.287369 0.100440 0.103299
0.287478 0.103074 0.104688
0.288116 0.105927 0.105886
0.289663 0.109154 0.106741
0.290163 0.111934 0.107986
0.290503 0.114674 0.109336
0.292072 0.117941 0.110220
0.292991 0.120879 0.111312
0.293202 0.123566 0.112723
0.294767 0.126809 0.113618
0.296158 0.129980 0.114571
0.296284 0.132633 0.116028
0.297433 0.135717 0.117098
0.299263 0.139117 0.117921
0.299593 0.141843 0.119291
0.300450 0.144815 0.120483
0.302187 0.148269 0.121451
0.302940 0.151197 0.122690
0.303490 0.153946 0.123920
0.305250 0.157389 0.124843
0.306463 0.160589 0.125973
0.307053 0.163385 0.127220
0.308592 0.166704 0.128200
0.310116 0.170079 0.129244
0.310732 0.172937 0.130538
0.312134 0.176203 0.131579
0.314046 0.179740 0.132430
0.314672 0.182653 0.133784
0.315719 0.185704 0.134909
0.317737 0.189355 0.135762
0.318772 0.192520 0.137017
0.319517 0.195556 0.138379
0.321837 0.199308 0.139068
0.323342 0.202710 0.140105
0.323921 0.205705 0.141587
0.325898 0.209333 0.142427
0.327856 0.212926 0.143241
0.328661 0.216098 0.144692
0.330331 0.219642 0.145734
0.332885 0.223670 0.146453
0.333801 0.226864 0.147800
0.335269 0.230341 0.148939
0.337391 0.234147 0.149822
0.338899 0.237651 0.150952
0.340187 0.241101 0.152245
0.342426 0.244913 0.153019
0.344153 0.248560 0.154101
0.345635 0.252140 0.155348
0.347545 0.255900 0.156386
0.349640 0.259761 0.157355
0.351312 0.263496 0.158610
0.353242 0.267302 0.159692
0.355080 0.271085 0.160856
0.357029 0.275006 0.162074
0.358956 0.278830 0.163213
0.360861 0.282533 0.164243
0.362915 0.286517 0.165469
0.365123 0.290574 0.166639
0.367009 0.294341 0.167814
0.369094 0.298266 0.168988
0.371203 0.302227 0.170207
0.373182 0.306089 0.171472
0.375321 0.309957 0.172607
0.377513 0.314226 0.174188
0.379674 0.318268 0.175567
0.381766 0.322080 0.176768
0.383896 0.326167 0.178314
0.386057 0.330284 0.179904
0.388414 0.334250 0.181128
0.390845 0.338463 0.182628
0.393052 0.342733 0.184500
0.395294 0.346612 0.185892
0.397820 0.350863 0.187493
0.400267 0.355320 0.189537
0.402552 0.359204 0.191049
0.404852 0.363104 0.192618
0.407346 0.367585 0.194840
0.409690 0.371668 0.196763
0.411895 0.375339 0.198343
0.414409 0.379812 0.200773
0.417064 0.384212 0.203009
0.419539 0.388001 0.204642
0.421977 0.392221 0.207054
0.424653 0.396770 0.209789
0.426960 0.400445 0.211713
0.429417 0.404436 0.214033
0.432116 0.408861 0.216834
0.434641 0.412830 0.219241
0.437186 0.416704 0.221552
0.439720 0.420923 0.224582
0.442326 0.424958 0.227299
0.445122 0.428869 0.229653
0.447759 0.433062 0.232837
0.450431 0.437199 0.235997
0.453223 0.441079 0.238636
0.455867 0.445076 0.241824
0.458421 0.449055 0.245236
0.461279 0.452984 0.248238
0.464030 0.456902 0.251495
0.466682 0.461039 0.255471
0.469534 0.464938 0.258797
0.472452 0.468781 0.261993
0.475121 0.472766 0.266067
0.477973 0.476624 0.269676
0.481030 0.480496 0.273094
0.483841 0.484382 0.277117
0.486698 0.488313 0.281294
0.489769 0.492094 0.284876
0.492602 0.495889 0.289048
0.495643 0.499879 0.293456
0.498570 0.503578 0.297481
0.501635 0.507408 0.301712
0.504708 0.511195 0.305953
0.507872 0.515022 0.310238
0.511033 0.518806 0.314546
0.514187 0.522570 0.318949
0.517326 0.526320 0.323459
0.520398 0.529980 0.327975
0.523642 0.533741 0.332540
0.526686 0.537379 0.337285
0.530126 0.541234 0.341946
0.533129 0.544739 0.346610
0.536190 0.548351 0.351585
0.539841 0.552231 0.356175
0.543383 0.556071 0.361000
0.546438 0.559586 0.365983
0.549648 0.563171 0.370953
0.552999 0.566951 0.376341
0.556131 0.570400 0.381217
0.559381 0.573959 0.386270
0.562616 0.577588 0.391721
0.565906 0.581096 0.396657
0.569278 0.584654 0.401636
0.572748 0.588380 0.407066
0.576059 0.591941 0.412384
0.579453 0.595540 0.417690
0.582773 0.599047 0.422905
0.586054 0.602510 0.428119
0.589310 0.605986 0.433521
0.592501 0.609453 0.439155
0.595825 0.612985 0.444715
0.599031 0.616367 0.450037
0.602308 0.619851 0.455645
0.605647 0.623313 0.460989
0.608798 0.626662 0.466477
0.611917 0.630025 0.472182
0.615327 0.633465 0.477303
0.618527 0.636849 0.482897
0.621130 0.639951 0.489240
0.624286 0.643257 0.494662
0.627513 0.646566 0.499853
0.630091 0.649685 0.506482
0.632994 0.652864 0.512215
0.635794 0.655863 0.517400
0.638656 0.659078 0.523519
0.641487 0.662270 0.529625
0.644325 0.665270 0.534638
0.647111 0.668360 0.540362
0.649802 0.671501 0.546686
0.652320 0.674394 0.552331
0.654913 0.677324 0.557869
0.657439 0.680362 0.564254
0.659811 0.683155 0.569845
0.662311 0.685894 0.574581
0.664755 0.688919 0.581084
0.667116 0.691783 0.586969
0.669311 0.694304 0.591680
0.671533 0.697135 0.597819
0.673858 0.700178 0.604581
0.676143 0.702801 0.609261
0.678311 0.705548 0.614973
0.680336 0.708394 0.621678
0.682539 0.711024 0.626506
0.684601 0.713608 0.631551
0.686577 0.716466 0.638266
0.688619 0.719162 0.643805
0.690620 0.721635 0.648246
0.692382 0.724315 0.654578
0.694160 0.726912 0.660284
0.695912 0.729280 0.664914
0.697653 0.731858 0.670529
0.699199 0.734450 0.676812
0.701300 0.737089 0.681265
0.703204 0.739734 0.686346
0.704647 0.742222 0.692170
0.706456 0.744845 0.697303
0.708396 0.747546 0.702263
0.709705 0.749915 0.707745
0.711355 0.752488 0.712903
0.713211 0.755165 0.717774
0.714444 0.757488 0.723046
0.715789 0.759933 0.728403
0.717587 0.762567 0.732996
0.719032 0.765072 0.738143
0.720381 0.767596 0.743616
0.722033 0.770153 0.748112
0.723581 0.772669 0.752667
0.724731 0.775030 0.757867
0.726307 0.777620 0.762539
0.728162 0.780277 0.766472
