-0.360389
-0.247154
0.057890
0.588238
-0.586454
0.048245
-1.977414
1.258519
-0.691160
1.421610
-1.139946
-0.378230
-0.060235
0.594528
0.079732
-0.829059
0.109736
-1.046078
-0.790417
0.110270
-1.556104
1.551065
-0.092649
0.152513
-0.163377
0.711379
-0.405857
0.225322
0.433963
0.168489
0.600781
0.395878
0.859494
0.139704
1.066968
-0.381387
0.667064
-0.010471
-0.833029
-0.110740
0.148408
-0.782134
-0.467166
-0.434741
0.276397
-0.610331
-1.052052
-0.456889
1.960283
0.926239
-1.443039
0.170607
0.976350
-0.227400
-0.321173
-0.265807
0.777420
0.434060
0.377184
1.142158
-1.537621
0.316757
-0.269609
-0.203830
0.475840
-0.234077
0.275428
-0.167764
-0.701587
0.092441
0.652317
-0.974937
0.519617
0.609012
-0.108744
-0.230587
0.725988
0.910951
-0.195401
-0.948608
0.787206
0.344901
-0.311099
-0.459191
-0.498042
1.677339
1.870025
-2.554215
2.180654
0.236640
0.088604
1.188927
1.484529
0.572263
0.277978
-1.003591
-0.711696
-0.172324
-0.107067
1.683742
0.238977
2.550321
-0.308871
-0.258723
0.217172
1.607265
-0.760131
0.314672
-0.082150
1.114931
-1.319824
1.125337
0.532944
-0.413759
-1.177884
1.541448
0.289815
1.663082
-0.284062
-0.301252
-0.455778
0.143248
-0.272997
-0.131109
-2.469367
-0.159619
0.170585
-0.318861
0.424874
-1.274439
0.335491
-1.839274
0.006512
1.331971
-0.922354
-1.024444
1.435742
0.772667
-0.190593
0.368406
-0.258011
-0.076824
-1.710116
0.125148
-0.681123
1.994406
0.348979
0.907031
0.513584
0.618365
1.264507
0.605947
-0.046796
-0.725172
-0.000526
-1.138082
0.062525
-0.217716
1.400480
-0.321995
0.493572
-0.962817
0.164211
0.139038
-0.106900
-0.329794
-0.655533
-0.581126
-1.862018
1.904050
1.752557
-0.180950
-0.556364
0.778343
-0.756254
-1.011725
-1.184035
2.415736
-1.023553
-0.785192
-1.973304
0.454109
-0.499209
-0.425534
-0.281612
-0.291885
-1.058846
-0.386482
1.023820
0.475665
-1.463320
-0.489644
0.007853
-1.619619
0.733212
-0.277374
1.450688
0.304060
-0.517732
-0.316280
0.096142
-0.244850
-0.527067
0.571698
1.212389
-0.093181
0.233835
-1.880381
0.116426
1.196638
1.701005
-1.036265
-0.829534
-0.852537
-0.673314
0.542643
-0.982734
-0.061130
0.546256
-0.050756
-1.257720
-0.198822
-2.770873
-1.701064
-0.444076
0.508425
1.222645
-0.302149
0.626311
0.065836
-0.211320
0.578163
-0.295198
0.675744
0.418812
-1.113912
-0.722428
0.616015
1.831562
-0.005964
-0.730998
-0.492138
-0.307202
-0.111396
-2.012035
0.128329
-0.244486
-0.256954
-0.817567
0.523330
0.994099
0.142060
-0.079002
-0.691055
0.517142
-0.121371
-0.240562
-0.602210
0.326047
0.661052
0.054840
2.031053
2.824546
-0.814514
-0.518520
-0.669268
0.846074
-0.389397
-0.143997
-0.740671
2.220206
0.746148
-0.084168
-0.571457
-0.014812
0.772433
-0.242044
0.681833
-0.693115
0.459738
0.788989
-0.048219
-0.839625
-1.299648
0.088148
-1.545641
0.005950
-0.971877
-0.040784
0.340036
-0.030519
-0.429729
1.288902
0.621700
2.415379
-1.060406
-0.992955
-1.346546
-0.122555
0.504459
0.808239
-1.148104
-0.188262
-0.435998
0.364297
1.675096
-0.741787
0.473290
0.844287
0.757494
-1.246283
-0.087891
1.019225
0.225100
-0.296261
-0.338114
-0.117321
-1.728331
-0.367415
-1.517271
0.525820
0.818480
0.412755
-1.002476
-0.963530
0.648057
-0.532103
-1.100706
-0.636048
-0.205085
0.440147
0.711034
-1.015495
0.781696
0.463504
0.135515
-0.085058
-1.254344
0.769308
0.448706
-0.931385
-0.586070
-0.867066
-0.593678
1.454452
-0.709178
1.208066
0.371390
1.017194
-1.334825
1.395499
-0.489141
2.884679
1.790731
-0.726032
1.510037
0.638272
-0.959719
1.154090
0.472925
2.621760
-1.671242
0.180877
-0.135329
0.995583
-0.183041
1.129772
1.207762
-0.145002
0.283997
0.892254
1.090422
-1.210554
-0.694541
-1.149900
-0.327528
-2.313124
0.397910
1.624579
0.612080
-1.087683
-0.265447
-0.391439
0.350606
1.807013
3.422756
-0.555470
0.308528
1.586367
0.317190
1.877038
0.417292
-0.378783
1.447518
1.182694
-1.027695
-0.448546
0.626962
-0.695820
0.145667
-0.323493
-0.134282
0.871625
-1.330089
0.008901
-0.311756
-0.290325
-0.642527
-1.247076
0.244691
-1.873210
0.674155
-0.727776
-0.365585
-1.561485
-1.123632
-0.748881
-0.860282
0.301742
-0.959768
-0.777225
-0.869656
-1.290898
-0.939880
-1.535283
0.614241
-1.163193
-1.224132
-0.294127
-0.022913
