0.321865 0.045837 0.152564
0.325638 0.049462 0.152712
0.327228 0.052323 0.153676
0.324996 0.053873 0.156080
0.327334 0.057076 0.156907
0.330496 0.060465 0.157324
0.328361 0.061954 0.159617
0.329196 0.064717 0.161155
0.333065 0.068380 0.161357
0.331294 0.070117 0.163687
0.330310 0.072135 0.165768
0.334849 0.076063 0.165881
0.335075 0.078480 0.167521
0.332471 0.079801 0.170099
0.336386 0.083598 0.170630
0.338088 0.086539 0.171815
0.336163 0.087799 0.173753
0.338542 0.091018 0.174801
0.341878 0.094933 0.176013
0.340119 0.096404 0.178171
0.340818 0.098798 0.179581
0.344261 0.102701 0.180755
0.343741 0.104789 0.182762
0.343443 0.106759 0.184489
0.347031 0.110579 0.185461
0.347443 0.113061 0.187305
0.345674 0.114616 0.189709
0.349627 0.118458 0.190515
0.351814 0.121864 0.192185
0.349949 0.123237 0.194562
0.352421 0.126375 0.195636
0.356202 0.129993 0.196366
0.353399 0.131269 0.199420
0.354118 0.133772 0.201261
0.359040 0.137770 0.201688
0.357945 0.139650 0.204219
0.357088 0.141748 0.206931
0.361333 0.145333 0.207426
0.361965 0.147749 0.209307
0.358961 0.148664 0.212054
0.363032 0.152371 0.213132
0.364871 0.155231 0.214815
0.364053 0.157116 0.217242
0.365950 0.160043 0.219051
0.368976 0.163239 0.220344
0.367984 0.165338 0.223391
0.369313 0.168034 0.225437
0.371817 0.171008 0.226963
0.372614 0.173501 0.229209
0.372697 0.175731 0.231653
0.374829 0.178477 0.233259
0.375853 0.181021 0.235505
0.377504 0.183759 0.237628
0.378738 0.186109 0.239374
0.380187 0.188827 0.241738
0.381785 0.191949 0.244842
0.382985 0.194336 0.246885
0.383656 0.196571 0.249188
0.385717 0.199685 0.252042
0.387092 0.202402 0.254822
0.388497 0.205071 0.257528
0.390539 0.208069 0.260364
0.392046 0.211106 0.263943
0.393528 0.213068 0.265203
0.395253 0.215735 0.267911
0.397163 0.218977 0.271796
0.399274 0.221609 0.274160
0.401320 0.224162 0.276468
0.402526 0.227106 0.280722
0.403640 0.229441 0.283703
0.405821 0.231658 0.285266
0.407887 0.234942 0.289736
0.408862 0.237205 0.292928
0.410517 0.239064 0.294351
0.412653 0.242340 0.299053
0.414838 0.245568 0.303782
0.416544 0.247366 0.305205
0.418835 0.250165 0.308759
0.421674 0.253998 0.314649
0.423590 0.255826 0.316107
0.424814 0.257722 0.318682
0.426963 0.261277 0.325193
0.429416 0.263722 0.328048
0.431027 0.265309 0.329397
0.433954 0.269019 0.335598
0.436560 0.271996 0.340140
0.438461 0.273912 0.342500
0.440982 0.276913 0.347369
0.443512 0.280132 0.353106
0.446128 0.282404 0.355586
0.448787 0.285269 0.360195
0.450572 0.288309 0.366708
0.453200 0.290657 0.369728
0.455773 0.293120 0.373257
0.457941 0.296217 0.379633
0.460879 0.299039 0.383897
0.464331 0.301933 0.387565
0.466601 0.304875 0.393359
0.469304 0.307775 0.398293
0.472839 0.310281 0.400535
0.475537 0.313308 0.405968
0.478114 0.316484 0.412319
0.481683 0.319205 0.415022
0.484823 0.322380 0.420224
0.487401 0.325592 0.426637
0.491008 0.328728 0.430654
0.494531 0.331714 0.434283
0.497216 0.335041 0.440672
0.501237 0.338545 0.444940
0.504570 0.341465 0.448501
0.508591 0.345363 0.453931
0.512088 0.348789 0.458679
0.515524 0.352247 0.463495
0.519086 0.355869 0.468568
0.522660 0.359556 0.473649
0.526234 0.363206 0.478423
0.530223 0.367120 0.483042
0.534741 0.371484 0.487790
0.538575 0.375444 0.492525
0.543497 0.380027 0.496611
0.546880 0.383808 0.501413
0.552179 0.388964 0.505929
0.557630 0.394027 0.509530
0.560243 0.397627 0.514971
0.563201 0.401235 0.519457
0.569077 0.406935 0.523283
0.574074 0.412120 0.527236
0.578255 0.416241 0.529813
0.583844 0.422233 0.534168
0.588815 0.427637 0.538022
0.593714 0.432581 0.540470
0.598598 0.438307 0.544902
0.603055 0.443744 0.549322
0.606817 0.448091 0.552322
0.611381 0.453359 0.555610
0.615270 0.458123 0.559048
0.619940 0.463869 0.562937
0.624483 0.469560 0.566778
0.628741 0.474784 0.569950
0.633322 0.480119 0.572400
0.637173 0.484997 0.575397
0.641518 0.490719 0.579142
0.645272 0.495596 0.582127
0.648884 0.500839 0.586294
0.652687 0.506006 0.589665
0.656808 0.511352 0.592527
0.659370 0.516091 0.597850
0.662314 0.520501 0.601318
0.667931 0.526515 0.601647
0.670891 0.531341 0.605969
0.673377 0.536086 0.611303
0.678096 0.540960 0.610964
0.681388 0.545756 0.614256
0.685013 0.551658 0.619370
0.687889 0.555616 0.621552
0.690671 0.559502 0.623841
0.693413 0.564859 0.629971
0.695975 0.569104 0.633720
0.698361 0.572263 0.635304
0.701801 0.577490 0.639231
0.704480 0.582091 0.643632
0.706817 0.585152 0.645009
0.709933 0.590055 0.649079
0.712423 0.595519 0.656366
0.714588 0.598268 0.657500
0.716993 0.602040 0.660712
0.720252 0.608312 0.667976
0.722527 0.611475 0.670083
0.724286 0.613324 0.670210
0.726507 0.618536 0.677830
0.728426 0.621856 0.681383
0.731044 0.624558 0.681403
0.732746 0.628886 0.688287
0.734815 0.633182 0.694205
0.736837 0.635138 0.693867
0.738550 0.638357 0.697861
0.740395 0.643076 0.705850
0.742840 0.645745 0.706485
0.745137 0.649022 0.709395
0.747486 0.653759 0.716283
0.749621 0.656936 0.719352
0.752172 0.659430 0.719410
0.752799 0.662854 0.727222
0.753851 0.665650 0.732183
0.756454 0.668576 0.733596
0.757634 0.671302 0.738040
0.758365 0.673909 0.743323
0.761199 0.677322 0.745599
0.762695 0.680076 0.749457
0.763433 0.682630 0.754656
0.766288 0.686153 0.757338
0.768792 0.689310 0.759811
0.769474 0.691980 0.765703
0.771115 0.694544 0.768604
0.773576 0.697465 0.770385
0.774372 0.700116 0.775985
0.775542 0.702907 0.781160
0.778396 0.706280 0.783361
0.779282 0.708642 0.787769
0.778838 0.710762 0.795215
