0.187679
0.246229
0.132444
0.097277
0.669730
0.190529
0.356518
0.514780
0.259832
0.339627
0.469965
0.656161
0.281587
0.468576
0.103327
0.278280
0.162797
0.272838
0.240543
0.348969
0.372681
0.277848
0.409886
0.370258
0.309270
0.314868
0.320951
0.233926
0.344160
0.380829
0.186952
0.133045
0.288000
0.467575
0.791968
0.205881
0.230717
0.427393
0.297322
0.466648
0.629476
0.458831
0.208297
0.659618
0.453575
0.264721
0.261324
0.918917
0.410450
0.128871
0.609896
0.316293
0.550732
0.345993
0.278585
0.359276
0.456919
0.300007
0.449827
0.496325
0.196860
0.683063
0.398420
0.464730
0.783456
0.504151
0.257867
0.220995
0.731331
0.452129
0.360188
0.807668
0.136160
0.221645
0.404648
0.612814
0.746269
0.440096
0.412422
0.328047
0.500765
0.462295
0.847573
0.138381
0.489823
0.330877
0.698896
0.256324
0.606694
0.321284
0.454908
0.900681
0.553632
0.407945
0.316653
0.299113
0.381769
0.880781
0.288552
0.499686
0.467611
0.496779
0.536002
0.467452
0.436625
0.514942
0.298146
0.767643
0.189844
0.183143
0.238253
0.327579
0.945447
0.224539
0.541753
0.448163
0.435580
0.654003
0.183033
0.665348
0.180709
0.454451
0.286575
0.261213
0.371445
0.229563
0.345424
0.154751
0.191049
0.281998
0.273629
0.380791
0.189629
1.085468
0.284407
0.325827
0.718047
1.055933
0.181894
0.228449
0.292605
0.475579
0.441768
0.352109
0.444161
0.390725
0.488295
0.159111
0.235883
0.247551
0.204907
0.324905
0.478089
0.294241
0.372057
0.378848
0.671048
0.582649
0.424070
0.394397
0.328913
0.533441
0.193937
0.514635
0.420310
0.479374
0.263597
0.159165
0.252312
0.244240
0.695359
0.403372
0.450291
0.640949
0.293632
0.291713
0.258265
0.786657
0.311577
0.292094
0.379984
0.221920
0.222059
0.418421
0.631865
0.650098
0.265662
0.365737
0.331030
0.616185
0.504936
0.232771
0.556896
0.356321
0.326722
0.606790
0.977051
0.616438
0.142315
0.314197
0.941405
0.533607
0.437579
0.392840
0.534244
0.580228
0.383678
0.310748
0.220994
0.500852
0.602834
0.218109
0.753314
0.343947
0.313700
0.273154
0.261269
0.778078
0.334685
0.342030
0.239376
0.791358
0.320108
0.563207
0.184884
0.300945
0.350829
0.447739
0.543427
0.371449
0.430930
0.339720
0.326041
0.228949
0.298723
0.269914
0.503582
0.175041
0.300927
0.361745
0.237868
0.589133
0.398060
0.405209
0.490614
0.400444
0.364207
0.486707
0.199787
0.224267
0.150572
0.258088
0.438294
0.384133
0.258759
0.200661
0.339184
0.231593
1.128818
0.656865
0.468204
0.725098
0.542584
0.555591
0.205158
0.472647
0.376178
0.311295
0.493767
0.210545
0.574969
0.428107
0.184657
0.371555
0.328804
0.195999
0.446786
0.273151
0.329737
0.419891
0.708925
0.425845
0.258408
0.306898
0.121881
0.229930
0.404746
0.181268
0.422533
0.305780
0.285355
0.224976
0.323548
0.481906
0.864732
0.214973
0.460388
0.709549
0.679245
0.273566
0.445848
0.384822
1.127605
0.163140
0.482734
0.780528
0.155658
0.720746
0.468438
0.481318
0.358255
0.586979
0.366057
0.295435
0.277570
0.425764
0.171014
0.189462
0.400295
0.182701
0.191433
0.440195
0.499605
0.283568
0.643902
0.309568
0.744101
0.774982
0.246420
0.288307
0.151378
0.250633
0.501361
0.213774
0.327432
0.165400
0.479732
0.236492
0.277432
0.369167
0.411886
0.442160
0.197852
0.260761
0.461502
0.244519
0.424277
0.193381
0.624048
0.751690
0.346212
0.315015
0.706556
0.520886
0.473502
0.232528
0.326137
0.243781
0.682514
0.306261
0.426411
0.512155
0.247271
0.937216
0.665103
0.299578
0.412991
0.861032
0.542549
0.470399
0.632216
0.239676
0.274990
0.323803
0.192857
0.326106
0.375812
0.620570
0.415857
0.644632
0.253813
0.455098
0.231386
0.372651
0.385168
0.326568
0.352066
0.684154
0.568139
0.404177
0.962384
0.716598
0.505060
0.579472
0.868443
0.246358
0.310535
0.430300
0.583323
0.475463
0.390797
0.248220
0.570227
0.359577
0.210956
0.823059
0.286150
0.318002
0.222687
0.275668
0.171217
1.038055
0.515917
0.151793
0.224817
0.156832
0.283681
0.370852
0.278747
0.258766
0.183711
0.156561
0.243405
0.136230
0.273892
0.157873
0.272490
0.084497
0.241486
0.166797
