0.421118
0.148634
-0.317416
-0.291651
-0.414460
0.167869
0.064734
-0.161139
-0.432085
0.436086
-0.389160
1.084407
-0.126681
-0.330199
-0.056597
-0.136580
-0.068808
-0.338707
0.476402
0.064324
-0.290374
-0.494129
-0.160480
0.967146
-0.217239
-0.351515
-0.321785
-0.130158
-0.590396
-0.677529
-0.131235
-0.347402
-0.453972
0.090990
0.257633
0.049656
-0.370469
0.885181
0.090405
-0.313249
-0.564055
-0.262181
-0.341838
-0.109469
1.132009
-0.334682
-0.156866
0.364425
0.792098
0.102916
-0.046846
-0.109074
-0.263357
-0.029968
-0.476513
0.031088
0.161089
0.168903
0.956653
0.183251
-0.007017
0.146300
0.161493
1.039073
-0.191197
0.273336
0.042505
0.101734
-0.598057
-0.234762
-0.331598
-0.051119
-0.540493
-0.085068
-0.296939
0.504792
0.666393
0.001205
-0.038342
-0.409806
-0.193643
-0.176141
0.488326
-0.214612
-0.135375
0.152031
0.568197
-0.217251
1.104844
-0.234288
0.089332
-0.003352
-0.140577
0.435534
-0.366579
-0.281567
-0.369257
-0.334979
1.052756
0.704165
-0.101818
-0.083983
-0.247664
-0.263453
0.087632
0.111466
0.080389
1.093095
0.085214
-0.393793
-0.411926
-0.100966
-0.156997
-0.081577
1.091062
-0.196642
-0.226006
-0.161677
-0.138825
-0.033911
0.045137
-0.368248
0.639586
0.245301
-0.756950
-0.255713
-0.468149
-0.063639
0.013323
-0.344834
0.145276
-0.119179
0.497979
-0.383359
0.952383
-0.050297
-0.159832
-0.390790
-0.595565
-0.151539
-0.386448
-0.156649
0.011906
1.077136
-0.450508
0.348480
0.474826
-0.432412
0.063433
-0.035952
-0.397155
-0.364724
-0.603161
-0.263557
-0.479132
0.157495
1.019493
-0.424422
0.443566
-0.330854
-0.180695
0.719820
-0.245034
-0.090672
-0.163519
-0.103860
0.280047
-0.473129
-0.704018
-0.449518
0.647850
1.044043
0.838181
-0.439522
-0.186845
-0.471638
-0.467858
-0.228400
-0.401795
-0.261982
0.276557
-0.206395
0.186333
-0.216133
1.243688
0.538020
-0.593755
-0.408099
0.039591
1.037331
-0.021471
-0.164990
-0.031233
1.044128
0.129198
0.169057
0.978676
-0.191475
-0.279125
-0.535653
0.027722
0.527814
-0.301793
-0.389764
0.183616
0.044416
0.307365
-0.297669
-0.145777
-0.149564
0.367473
-0.289232
0.315943
1.059823
0.086312
-0.373635
-0.302124
-0.256459
-0.193010
-0.202231
-0.206937
0.708429
-0.285679
-0.312606
0.231131
0.362670
-0.187381
0.059207
0.940878
0.069317
-0.649397
-0.371034
0.239634
-0.182852
-0.342780
0.274878
1.096097
-0.026107
-0.803088
-0.127384
-0.019695
-0.140983
0.108289
-0.053237
-0.305014
0.248607
-0.169816
-0.329342
-0.686091
-0.221521
-0.177994
-0.292437
-0.501310
-0.342138
0.387375
0.183518
0.256617
0.135943
1.436574
0.336895
-0.099686
0.821702
-0.094350
-0.169373
0.039206
1.285936
0.218122
-0.505904
-0.657415
-0.431760
0.481866
-0.101787
0.000870
0.182399
-0.521434
0.082820
-0.155988
-0.400011
-0.235386
-0.120582
0.492356
-0.391398
0.117437
-0.383496
0.047279
-0.458059
0.459786
0.033617
-0.369218
0.349456
0.002908
-0.426429
0.278604
-0.379125
-0.011701
-0.389840
-0.103241
-0.484054
0.638270
0.667677
-0.243461
-0.246186
-0.393316
-0.245028
0.738548
1.026564
-0.473639
0.302418
0.124687
0.996980
-0.427540
0.716499
-0.455935
0.242076
0.809558
-0.220691
-0.238325
-0.444880
0.533064
-0.417263
0.796647
0.883653
0.308849
-0.369954
-0.174771
-0.236302
-0.453248
-0.363658
-0.215085
0.159993
-0.102278
-0.264456
-0.506201
-0.303521
0.548319
0.196807
0.220400
-0.056505
0.709698
-0.144637
0.143635
-0.429242
0.168758
-0.344579
-0.218489
0.178898
0.305885
0.244158
-0.091003
-0.435714
-0.299858
-0.129879
-0.102334
0.996311
-0.224873
0.406315
0.874175
-0.426071
-0.518734
0.026678
-0.247350
-0.454899
1.041459
0.013507
-0.107694
-0.361421
-0.249260
-0.178856
0.221994
-0.194022
0.269491
-0.132645
-0.206905
-0.493214
-0.437603
-0.466830
-0.394540
0.369908
0.670530
0.379636
0.409296
-0.284557
-0.618626
-0.057835
-0.345455
0.767045
-0.026530
0.464806
1.022801
-0.544125
0.618833
-0.284582
-0.131832
-0.225961
0.091607
0.320167
0.095050
-0.533453
1.184592
-0.560194
-0.039957
0.382677
-0.458155
-0.132892
-0.078877
0.197234
0.057672
-0.284899
-0.485505
-0.261753
0.183514
0.985339
-0.037755
-0.116351
-0.335310
-0.021551
-0.324109
0.179544
-0.262633
-0.241233
-0.032341
-0.028600
-0.332214
-0.364819
-0.563935
-0.029273
-0.026754
0.337048
-0.523746
0.268523
