0.407341 0.154172
0.409635 0.162838
0.410621 0.167826
0.412665 0.176352
0.413539 0.181333
0.415438 0.190008
0.415781 0.193483
0.417457 0.201849
0.417832 0.205615
0.419244 0.213472
0.419647 0.217520
0.420653 0.224112
0.420917 0.227681
0.421618 0.233140
0.421925 0.236924
0.422460 0.241645
0.422467 0.244211
0.422831 0.248134
0.422567 0.249657
0.422822 0.252975
0.422300 0.253530
0.422679 0.257091
0.421635 0.255991
0.421621 0.258088
0.420809 0.257849
0.420383 0.258743
0.419449 0.258254
0.418897 0.258752
0.417539 0.257490
0.416964 0.257963
0.415712 0.257123
0.414771 0.256950
0.413562 0.256420
0.412781 0.256544
0.411807 0.256466
0.411231 0.256957
0.410626 0.257417
0.410515 0.258444
0.410648 0.259684
0.411051 0.261162
0.411478 0.262485
0.412448 0.264246
0.413658 0.266087
0.415429 0.268217
0.417490 0.270438
0.420208 0.272818
0.422776 0.275021
0.426279 0.277483
0.429942 0.279875
0.434463 0.282484
0.439076 0.284929
0.444503 0.287564
0.449875 0.289903
0.456578 0.292605
0.462526 0.294868
0.470261 0.297597
0.477120 0.299909
0.485484 0.302605
0.493605 0.305184
0.501910 0.307705
0.513453 0.311287
0.521495 0.313760
0.534336 0.317927
0.542059 0.320413
0.556462 0.325563
0.562830 0.327743
0.578810 0.334152
0.586742 0.337290
0.600418 0.343557
0.609330 0.347836
0.622558 0.354907
0.632080 0.360275
0.644856 0.368305
0.652670 0.373438
0.665222 0.382714
0.673226 0.388910
0.684165 0.398423
0.692147 0.405707
0.701947 0.415595
0.709126 0.423161
0.718205 0.433815
0.725025 0.442288
0.733267 0.453558
0.740140 0.463632
0.746738 0.474066
0.752928 0.484686
0.758832 0.495720
0.763944 0.505936
0.768916 0.516761
0.773703 0.528178
0.777850 0.538887
0.782120 0.551287
0.785546 0.561987
0.788894 0.573781
0.791527 0.583629
0.794546 0.597365
0.796569 0.606754
0.798768 0.619595
0.800301 0.628411
0.801950 0.641502
0.803104 0.650282
0.804172 0.661445
0.805018 0.671854
0.805690 0.682264
0.806242 0.690686
0.806648 0.700149
0.806911 0.710039
0.807148 0.717625
0.807219 0.726961
0.807409 0.733432
0.807312 0.742345
0.807429 0.747666
0.807241 0.756500
0.807629 0.757379
0.807108 0.768773
0.807504 0.768791
0.806681 0.782970
0.807409 0.778520
0.806601 0.792360
0.807367 0.786503
0.806373 0.802021
0.807428 0.791355
0.806102 0.811694
0.807212 0.799422
0.806023 0.818729
0.806974 0.807282
0.805740 0.827404
0.806542 0.817128
0.805480 0.835323
0.806170 0.825596
0.805133 0.843915
0.805756 0.833873
0.804607 0.855115
0.805421 0.839585
0.804190 0.863713
0.805097 0.843815
0.804005 0.869424
0.804718 0.847425
0.803773 0.873678
0.804217 0.853995
0.803469 0.878847
0.803692 0.860210
0.803059 0.886072
0.803158 0.868187
0.802644 0.891777
0.802556 0.871925
0.802230 0.898160
0.802039 0.881956
0.801737 0.906115
0.801487 0.889368
0.801321 0.912737
0.801060 0.901865
0.800719 0.924784
0.800451 0.910215
0.800201 0.931607
0.799944 0.920901
0.799645 0.938304
0.799378 0.926835
0.799184 0.943920
0.798883 0.939102
0.798512 0.955181
0.798282 0.949739
0.797902 0.961000
0.797639 0.957718
0.797153 0.968506
0.796806 0.965114
0.796408 0.971418
0.795817 0.973871
0.795580 0.977434
0.795266 0.982671
0.794858 0.985483
0.794559 0.993543
0.794155 0.987804
0.793862 0.999849
0.793568 0.992290
0.793160 1.009090
0.792959 0.997390
0.792206 1.020084
0.792486 1.010828
0.791633 1.029992
0.791851 1.019866
0.790960 1.037459
0.791208 1.028379
0.789715 1.049693
0.790232 1.033399
0.788548 1.058324
0.789571 1.037665
0.787699 1.065532
0.788606 1.052063
0.786387 1.075985
0.787720 1.060965
0.785076 1.084560
0.787050 1.063372
0.784311 1.089382
0.786287 1.069654
0.783704 1.093348
0.785630 1.073462
0.783123 1.097088
0.784975 1.077170
0.783278 1.095136
