0.069366 -0.001182 0.166675
0.078641 -0.001928 0.159184
0.074413 0.006714 0.144995
0.054431 0.024526 0.137525
0.068522 -0.001601 0.167110
0.093272 -0.010007 0.166781
0.127403 -0.001536 0.138914
0.065662 0.026870 0.108742
0.030399 0.036157 0.111936
0.014378 0.043968 0.123632
0.048380 -0.005552 0.166765
0.058836 -0.010212 0.165081
0.087386 0.010152 0.119895
0.058662 0.045767 0.100430
0.016840 0.046731 0.104040
0.000000 0.042509 0.112754
0.000000 0.002642 0.161467
0.000000 0.015928 0.164142
0.005375 0.013040 0.135637
0.106933 0.057359 0.172069
0.006698 0.058981 0.148309
0.000000 0.033939 0.123943
0.000000 0.028462 0.148076
0.000000 0.009168 0.151580
0.000000 0.015016 0.143911
0.000288 -0.008871 0.135738
0.862773 -0.347141 0.314193
0.056818 -0.035971 0.171887
0.000000 0.015481 0.144857
0.000000 0.010204 0.156993
0.000000 0.021910 0.145825
0.000000 0.027056 0.123750
0.025746 0.028526 0.142878
0.386438 -0.061135 0.242284
0.084282 -0.011255 0.136922
0.000000 0.002872 0.139597
0.000000 -0.005460 0.160187
0.000000 0.034071 0.146906
0.003095 0.041406 0.114706
0.007821 0.038361 0.105350
0.056373 0.052144 0.126856
0.089798 0.017286 0.102342
0.026598 -0.017833 0.123614
0.006079 -0.017356 0.160073
