0.260212 0.289659
0.261481 0.294169
0.263047 0.299313
0.264309 0.303780
0.265850 0.308846
0.267068 0.313205
0.268680 0.318439
0.269887 0.322773
0.271431 0.327871
0.272602 0.332168
0.274050 0.337103
0.275231 0.341485
0.276638 0.346393
0.277810 0.350837
0.279088 0.355553
0.280210 0.359978
0.281448 0.364750
0.282495 0.369138
0.283665 0.373932
0.284615 0.378244
0.285719 0.383081
0.286464 0.387065
0.287550 0.392132
0.288251 0.396250
0.289091 0.400918
0.289733 0.405149
0.290449 0.409763
0.290987 0.413972
0.291643 0.418785
0.292064 0.422932
0.292576 0.427624
0.292981 0.432089
0.293393 0.436801
0.293717 0.441322
0.294051 0.446087
0.294314 0.450703
0.294585 0.455525
0.294797 0.460191
0.295000 0.464916
0.295195 0.469675
0.295422 0.474750
0.295626 0.479695
0.295849 0.484759
0.296070 0.489746
0.296321 0.494795
0.296574 0.499805
0.296907 0.505078
0.297232 0.510169
0.297621 0.515377
0.298028 0.520394
0.298510 0.525589
0.299030 0.530591
0.299629 0.535895
0.300243 0.540814
0.300994 0.546214
0.301733 0.551128
0.302619 0.556537
0.303512 0.561597
0.304524 0.566869
0.305607 0.572327
0.306607 0.576908
0.307894 0.582727
0.309005 0.587266
0.310485 0.593471
0.311679 0.597812
0.313404 0.604677
0.314632 0.608846
0.316401 0.615588
0.317890 0.620610
0.319769 0.627073
0.321391 0.632337
0.323347 0.638837
0.325093 0.644365
0.327337 0.651444
0.329191 0.657011
0.331574 0.664155
0.333686 0.670029
0.336240 0.677141
0.338620 0.683410
0.341507 0.690846
0.344143 0.697197
0.347275 0.704405
0.350220 0.710826
0.353568 0.717768
0.357132 0.724746
0.360883 0.731630
0.364777 0.738333
0.369126 0.745363
0.373648 0.752185
0.378407 0.758878
0.383504 0.765569
0.388587 0.771779
0.394302 0.778303
0.400070 0.784422
0.406545 0.790823
0.412396 0.796185
0.419494 0.802286
0.426007 0.807450
0.433679 0.813192
0.440470 0.817861
0.448469 0.823091
0.455972 0.827620
0.463728 0.832027
0.471494 0.836185
0.479761 0.840420
0.487695 0.844241
0.495416 0.847773
0.503642 0.851423
0.511221 0.854630
0.519241 0.858031
0.526676 0.861001
0.534694 0.864276
0.541544 0.866969
0.550046 0.870529
0.555883 0.872746
0.564110 0.876288
0.568686 0.878009
0.577332 0.881998
0.581527 0.883732
0.589817 0.887807
0.593254 0.889306
0.601864 0.893907
0.603963 0.894869
0.612201 0.899674
0.614213 0.900794
0.621649 0.905521
0.623285 0.906544
0.629947 0.911182
0.631690 0.912443
0.637743 0.917063
0.639270 0.918309
0.644910 0.923012
0.645753 0.923835
0.651831 0.929312
0.652243 0.929833
0.658361 0.935836
0.658374 0.936175
0.664429 0.942468
0.664365 0.942829
0.669664 0.948785
0.669693 0.949334
0.674539 0.955157
0.674396 0.955587
0.678859 0.961338
0.678914 0.962029
0.683308 0.967985
0.683030 0.968395
0.686822 0.973914
0.686725 0.974530
0.690346 0.980114
0.690270 0.980835
0.693106 0.985631
0.693154 0.986369
0.696220 0.991684
0.696270 0.992540
0.698789 0.997291
0.699201 0.998663
0.701706 1.003547
0.702002 1.004892
0.703905 1.008903
0.704255 1.010278
0.706099 1.014352
0.706741 1.016284
0.708343 1.020032
0.708980 1.021946
0.710523 1.025634
0.711385 1.028082
0.712509 1.030921
0.713454 1.033704
0.714275 1.036229
0.715241 1.038996
0.715818 1.041122
0.717264 1.044875
0.717541 1.046460
0.718936 1.050320
0.718966 1.051311
0.720612 1.055710
0.720217 1.055738
0.721530 1.059858
0.721363 1.060282
0.722787 1.064513
0.722598 1.064964
0.723842 1.068938
0.723513 1.068709
0.725232 1.073712
0.724577 1.072786
0.726459 1.078457
0.725601 1.077014
0.727034 1.081736
0.726389 1.080482
0.727858 1.085565
0.727242 1.084043
0.729004 1.090151
0.728219 1.088203
0.729849 1.094086
0.729172 1.092415
0.730778 1.098242
0.730078 1.096541
0.731656 1.102289
0.731221 1.101635
