0.450783
0.036105
0.151788
0.062284
0.123384
0.260877
-0.057364
0.299776
-0.625286
-1.595378
-0.172604
0.100030
0.198269
0.147673
0.261136
-0.376247
-0.220486
0.194337
-0.054313
0.133660
0.488004
0.336848
-0.113927
-0.138753
0.025322
0.042336
0.232879
-0.664692
-0.189094
-1.632749
0.104531
-1.578216
-0.623342
-0.063049
-0.059646
0.113930
0.254287
0.181005
0.128050
-0.097253
-0.358399
0.011731
0.198247
0.035743
0.118848
-0.647807
-0.604171
0.273851
-1.597687
0.196654
-1.163370
-0.358701
0.638213
0.279079
0.593707
0.582885
0.037963
0.452736
0.433391
-1.585961
0.115595
-0.416923
-0.529740
0.054864
0.223282
-0.037298
0.396342
0.047981
0.297854
0.092900
0.163807
0.238006
-1.565625
-0.520839
-0.153843
0.337469
0.091196
0.103584
0.255377
-0.193213
-0.156812
-1.617527
0.077385
0.233458
0.320813
-0.014400
0.261844
0.067452
0.253202
0.005492
0.086459
0.286652
-0.049151
-0.195983
0.121247
0.123553
0.184409
-0.005232
0.277709
-0.136150
-0.504900
-0.039132
0.206148
0.139136
-0.068234
-1.649612
0.281561
0.215078
0.344292
0.369692
0.090829
-1.496342
0.550352
0.154834
0.162230
0.025559
0.429557
-0.261864
-0.018716
-1.517988
0.469871
0.005773
-0.092712
0.152057
-0.181030
0.126580
-0.016126
0.312493
0.332933
-0.147523
0.147287
0.349892
0.253162
0.492183
0.149694
0.314861
-1.600761
-0.055509
0.343866
0.139951
0.255591
-0.059289
0.149550
0.041450
0.411887
0.565729
-0.055218
0.134902
0.344792
0.494665
-0.117081
0.023435
0.109783
0.065749
0.443126
0.101571
0.436461
0.098114
-0.434812
0.362083
0.002414
0.249813
-0.411729
0.031189
-0.189959
0.253253
0.568433
0.065252
0.295890
0.509787
0.170384
0.341543
-0.141242
0.186925
-0.199494
0.293638
0.703942
0.350066
0.216705
0.214289
-0.422781
-0.026531
-0.136581
-0.019547
0.205195
0.191221
0.072614
0.136428
0.580687
0.311403
-0.062612
0.220467
0.386868
0.295991
0.193779
-0.018919
0.289861
0.541630
-0.063739
-0.073533
