71.669922
90.803322
72.085929
57.918866
82.413080
73.183200
51.518446
61.461523
98.829210
49.601377
50.408102
77.866847
78.307251
53.675826
86.423017
96.146883
51.661256
81.888491
56.397919
75.550604
83.700162
60.540904
94.471800
94.471800
73.379473
86.372490
67.258314
95.631023
50.559580
48.795886
65.706147
48.873282
48.844646
94.678221
93.565591
72.731833
79.870113
81.701150
61.101292
66.438129
50.987151
95.210670
64.433371
83.933337
81.922692
49.091710
48.954869
57.245022
50.066817
77.313423
96.247475
53.308119
67.582497
91.970518
71.421748
90.123378
72.193819
59.021432
62.461940
48.849622
69.925757
95.855905
51.450961
55.586799
67.586480
75.149278
92.801837
79.469329
70.416815
65.614553
97.172522
57.978740
98.156739
51.011684
48.366196
79.294939
51.000742
78.051499
48.309373
50.987151
94.471800
49.967986
78.077179
71.921895
73.313091
84.955756
91.462208
69.724016
62.903329
71.726454
49.897407
81.503769
90.870379
51.640063
65.978202
87.794049
64.518872
94.471800
66.108729
50.987151
49.953894
72.454901
80.714912
48.841667
94.746499
94.911058
77.817790
65.059171
76.452248
72.455844
69.678360
97.169419
80.166602
70.042141
103.291268
51.136928
88.164317
82.686826
94.471800
48.681164
80.742322
94.305974
58.422439
95.854462
94.471800
64.537179
83.876539
82.766777
71.656950
52.636174
78.672074
74.558876
69.549034
72.010299
66.252873
90.174310
95.999564
52.715334
63.015976
71.199049
58.539688
70.246592
57.772513
78.543064
72.500330
74.312271
94.471800
75.111088
65.545402
96.207920
48.296085
94.408207
90.167041
73.828186
75.081987
66.975629
70.953497
92.485976
94.471800
57.083537
54.779083
81.927040
94.471800
89.661943
50.722341
66.773830
48.848150
72.256473
81.565965
57.115433
69.294057
71.951884
51.103717
62.316249
94.471800
89.817326
63.144495
62.001967
71.097110
59.407709
50.417390
94.516190
93.793626
64.519492
55.665004
85.302714
69.410637
70.922911
96.359044
81.425998
50.924076
72.038280
67.528315
76.796952
61.612560
73.216484
47.962484
76.331259
56.450248
49.956948
