0.478146
0.734425
1.480422
1.211907
1.579163
1.578108
1.470715
1.234588
1.676762
1.216415
1.564104
1.132770
0.436405
0.459720
0.453806
1.470356
0.477477
1.387314
0.731604
1.404983
1.332035
1.005787
1.871005
0.574027
1.398036
1.422627
1.254950
1.611723
1.248829
1.422442
1.647404
1.379236
0.435289
1.392026
1.883631
1.548396
1.599209
0.450378
1.471281
1.501319
0.431511
0.443739
0.449832
1.703371
1.337871
0.450907
1.231692
1.319446
1.486270
0.432999
1.683023
0.778649
1.683862
1.269664
1.124426
0.671278
1.629501
1.345106
1.720668
1.422748
0.948504
0.878430
1.706481
1.068351
0.485733
0.907667
1.638406
0.922552
0.598782
1.551019
0.448632
1.207166
1.314042
0.440572
1.476420
1.522620
0.464500
0.503142
1.175381
0.507062
1.170222
1.227407
1.508370
1.383141
1.284277
1.485677
0.452785
1.377383
1.127112
1.620563
1.687122
1.551167
0.353153
0.434363
1.359524
0.456474
0.507269
0.471205
1.590319
0.661533
