-0.011303 0.712022
-0.012694 0.708486
-0.011115 0.712772
-0.009064 0.718041
-0.010429 0.714700
-0.007711 0.721399
-0.006593 0.724097
-0.007088 0.722914
-0.004015 0.729927
-0.003948 0.730039
-0.003022 0.731967
-0.000561 0.737164
-0.001044 0.736004
0.000642 0.739385
0.002186 0.742367
0.001149 0.740074
0.003794 0.745160
0.004777 0.746887
0.004145 0.745345
0.007396 0.751454
0.006895 0.750142
0.007944 0.751820
0.010435 0.756268
0.009737 0.754545
0.011526 0.757481
0.013436 0.760603
0.012550 0.758504
0.015816 0.764037
0.016444 0.764750
0.016604 0.764496
0.019870 0.769863
0.019161 0.768054
0.020427 0.769779
0.022763 0.773377
0.022788 0.772836
0.024467 0.775135
0.026035 0.777267
0.025978 0.776559
0.028431 0.780171
0.029528 0.781410
0.030206 0.781861
0.032641 0.785358
0.032518 0.784419
0.034031 0.786304
0.036222 0.789304
0.036552 0.789118
0.038500 0.791620
0.040142 0.793656
0.040683 0.793749
0.043475 0.797659
0.045125 0.799564
0.046660 0.801278
0.049596 0.805271
0.050073 0.805245
0.052338 0.808076
0.054881 0.811286
0.056408 0.812893
0.058810 0.815785
0.061242 0.818746
0.062961 0.820508
0.066409 0.824898
0.069026 0.827921
0.071562 0.830820
0.075155 0.835108
0.077497 0.837628
0.080878 0.841480
0.084955 0.846141
0.087478 0.848722
0.091972 0.853722
0.095644 0.857608
0.098660 0.860587
0.103758 0.865955
0.107423 0.869527
0.111714 0.873735
0.117127 0.879002
0.121299 0.882840
0.126567 0.887660
0.132074 0.892577
0.136691 0.896522
0.142915 0.901823
0.148767 0.906615
0.154927 0.911513
0.160431 0.915729
0.167105 0.920740
0.173284 0.925196
0.180557 0.930336
0.187764 0.935231
0.195176 0.940090
0.202520 0.944722
0.210473 0.949587
0.218738 0.954442
0.226909 0.959054
0.235873 0.963917
0.244230 0.968263
0.252560 0.972432
0.260938 0.976465
0.269808 0.980565
0.278030 0.984219
0.287595 0.988293
0.297587 0.992364
0.304390 0.995039
0.317323 0.999861
0.325408 1.002758
0.331813 1.004983
0.346704 1.009854
0.352470 1.011678
0.361396 1.014399
0.376034 1.018599
0.379422 1.019595
0.392792 1.023165
0.403377 1.025874
0.409426 1.027411
0.422441 1.030482
0.428840 1.031963
0.435336 1.033476
0.449623 1.036537
0.455747 1.037854
0.463525 1.039471
0.474357 1.041636
0.478095 1.042411
0.489127 1.044530
0.497986 1.046222
0.500721 1.046799
0.513346 1.049103
0.519846 1.050324
0.527461 1.051724
0.536208 1.053303
0.541889 1.054367
0.548469 1.055586
0.554879 1.056779
0.561705 1.058052
0.566908 1.059059
0.572892 1.060211
0.576809 1.061013
0.585056 1.062605
0.590099 1.063647
0.594550 1.064605
0.599645 1.065704
0.603046 1.066497
0.608198 1.067659
0.613921 1.068977
0.616664 1.069701
0.620621 1.070707
0.623021 1.071381
0.625439 1.072065
0.630681 1.073472
0.634239 1.074498
0.636313 1.075164
0.641062 1.076590
0.643241 1.077333
0.645943 1.078248
0.649231 1.079374
0.651907 1.080346
0.654415 1.081291
0.657679 1.082528
0.660348 1.083602
0.662977 1.084697
0.664318 1.085330
0.666940 1.086484
0.670297 1.087984
0.672517 1.089061
0.674287 1.089963
0.677514 1.091566
0.678823 1.092324
0.681647 1.093833
0.683572 1.094944
0.685471 1.096072
0.687332 1.097212
0.689630 1.098622
0.691814 1.100016
0.692967 1.100847
0.695800 1.102698
0.698222 1.104353
0.698233 1.104557
0.702955 1.107773
0.703667 1.108470
0.704742 1.109412
0.708530 1.112280
0.708078 1.112089
0.710078 1.113848
0.713442 1.116599
0.711378 1.115241
0.715745 1.118882
0.716726 1.119932
0.716621 1.120085
0.721144 1.124133
0.722857 1.125879
0.723855 1.127043
0.726497 1.129699
0.726627 1.130118
0.727865 1.131450
0.730728 1.134562
0.730456 1.134631
0.733431 1.137848
0.735061 1.139841
0.734929 1.140058
0.738029 1.143523
0.739071 1.145081
0.740363 1.146866
0.742387 1.149463
