0.676160 0.812212
0.678203 0.814749
0.680228 0.817274
0.682230 0.819783
0.684276 0.822361
0.686209 0.824799
0.688163 0.827284
0.690063 0.829720
0.208669 0.510186
0.214108 0.510587
0.219944 0.511043
0.226016 0.511468
0.232250 0.511853
0.238214 0.512123
0.244298 0.512348
0.250652 0.512584
0.818264 0.528030
0.822210 0.541261
0.826487 0.558248
0.830224 0.576857
0.832808 0.593625
0.834348 0.607077
0.835997 0.625582
0.836936 0.642048
0.277105 0.540833
0.288522 0.542192
0.300252 0.543730
0.312301 0.545449
0.324542 0.547350
0.336955 0.549498
0.349558 0.551947
0.362159 0.554625
0.463624 0.601326
0.478338 0.609483
0.492432 0.618026
0.506106 0.627132
0.519144 0.636539
0.531721 0.646338
0.543786 0.656445
0.555274 0.666724
0.586455 1.099202
0.599178 1.101832
0.609903 1.104218
0.619804 1.106583
0.626654 1.108395
0.635585 1.110839
0.643424 1.113196
0.649754 1.115288
0.260941 0.611695
0.272771 0.616472
0.284709 0.621445
0.297546 0.627264
0.310150 0.633098
0.322722 0.639116
0.335964 0.645823
0.349121 0.652692
0.297456 0.582409
0.308791 0.585641
0.320272 0.589158
0.331951 0.592956
0.343801 0.597121
0.355600 0.601500
0.367439 0.606168
0.379302 0.611186
0.346901 0.515199
0.365860 0.517043
0.384696 0.519356
0.403456 0.522278
0.422513 0.526075
0.441564 0.530779
0.460122 0.536258
0.478064 0.542542
0.661655 0.892122
0.668169 0.896767
0.673913 0.901078
0.679462 0.905410
0.684737 0.909708
0.689808 0.914019
0.694961 0.918571
0.699622 0.922916
0.723220 0.822559
0.727605 0.831212
0.731892 0.839830
0.736057 0.848361
0.740013 0.856671
0.743852 0.864964
0.747396 0.872861
0.750864 0.880840
0.775328 0.937563
0.776675 0.942828
0.777900 0.947859
0.779146 0.953086
0.780290 0.958176
0.781462 0.963504
0.782500 0.968556
0.783743 0.974400
0.323248 1.041170
0.328533 1.042948
0.334523 1.044907
0.338666 1.046240
0.344702 1.048148
0.349597 1.049669
0.357719 1.052063
0.367003 1.054689
0.586057 0.662384
0.588972 0.665559
0.591788 0.668683
0.594711 0.671975
0.597729 0.675423
0.600611 0.678769
0.603321 0.681975
0.605879 0.685054
0.227937 1.021307
0.233728 1.024258
0.239947 1.027346
0.246235 1.030381
0.252644 1.033387
0.258990 1.036281
0.265448 1.039140
0.271954 1.041937
0.592389 0.676501
0.601136 0.686543
0.609532 0.696599
0.617877 0.706928
0.625767 0.717023
0.633214 0.726814
0.640726 0.736842
0.647801 0.746477
0.529925 1.014548
0.535974 1.015719
0.541572 1.016803
0.546217 1.017724
0.549717 1.018442
0.554361 1.019365
0.559492 1.020381
0.563409 1.021141
0.295536 0.610314
0.307527 0.615060
0.320233 0.620486
0.332331 0.625750
0.345201 0.631775
0.357729 0.637836
0.370572 0.644377
0.383163 0.651038
0.937345 0.495709
0.939288 0.505826
0.941055 0.516237
0.942878 0.529068
0.944637 0.544448
0.945791 0.558028
0.946225 0.564906
0.946675 0.573785
0.476434 0.713408
0.488002 0.721306
0.499524 0.729308
0.510609 0.737133
0.521680 0.745033
0.532254 0.752692
0.543095 0.760590
0.553236 0.768071
0.378893 0.613728
0.391593 0.619540
0.404188 0.625644
0.416648 0.632034
0.428864 0.638654
0.440965 0.645620
0.452897 0.652827
0.464554 0.660212
0.126730 0.469794
0.131041 0.471719
0.135833 0.473656
0.140582 0.475370
0.145575 0.476985
0.150928 0.478563
0.156138 0.479860
0.162007 0.481194
1.009964 0.806367
0.999752 0.857563
0.989229 0.904576
0.978510 0.947871
0.968032 0.986299
0.959668 1.014368
0.952718 1.035984
0.943763 1.061757
1.032494 0.467956
1.036046 0.496027
1.037891 0.514817
1.039156 0.531301
1.040238 0.551546
1.040702 0.564583
1.040948 0.592392
1.040823 0.604405
0.535013 1.149682
0.550905 1.152649
0.564627 1.155283
0.578321 1.157929
0.589209 1.160239
0.602115 1.162988
0.611287 1.165099
0.620421 1.167299
0.378695 0.595086
0.392636 0.600651
0.406481 0.606659
0.420119 0.613034
0.433579 0.619820
0.446775 0.626965
0.459638 0.634396
0.472269 0.642238
0.225835 0.456168
0.236683 0.455694
0.246797 0.454886
0.257827 0.453941
0.269590 0.452827
0.282695 0.451606
0.296279 0.450259
0.310877 0.448880
0.765943 0.579882
0.770551 0.595498
0.774934 0.613016
0.778158 0.628581
0.780934 0.644431
0.783243 0.659861
0.785252 0.675385
0.786798 0.689539
0.489112 0.598796
0.500406 0.605609
0.511294 0.612661
0.521882 0.620091
0.532015 0.627696
0.541911 0.635636
0.551364 0.643722
0.560496 0.652010
0.491224 0.630403
0.503340 0.638707
0.514961 0.647179
0.526276 0.655999
0.537152 0.664972
0.547635 0.674096
0.557669 0.683262
0.567468 0.692603
0.589323 0.781000
0.599649 0.789475
0.609984 0.798017
0.620276 0.806592
0.629900 0.814735
0.639191 0.822713
0.648083 0.830492
0.656775 0.838236
0.526077 0.645213
0.536795 0.653919
0.547088 0.662784
0.557033 0.671822
0.566452 0.680812
0.575785 0.690104
0.584481 0.699117
0.593123 0.708357
0.638867 0.778709
0.641113 0.781197
0.643339 0.783669
0.645545 0.786128
0.647732 0.788571
0.649902 0.791001
0.652050 0.793415
0.654179 0.795815
0.539626 0.628361
0.550408 0.637372
0.560722 0.646625
0.570513 0.656000
0.579871 0.665527
0.588873 0.675156
0.597404 0.684752
0.605703 0.694470
0.993653 0.490419
0.998274 0.528100
1.000544 0.563296
1.000819 0.603130
0.998954 0.642163
0.995903 0.675243
0.991025 0.712616
0.985329 0.747364
0.867572 0.592572
0.868774 0.611971
0.869120 0.624968
0.869191 0.642061
0.868836 0.658675
0.868120 0.675405
0.867218 0.689543
0.866048 0.705098
0.200196 0.476965
0.212004 0.477371
0.224649 0.477449
0.238160 0.477256
0.252355 0.476765
0.267762 0.476082
0.283698 0.475217
0.300499 0.474255
0.694551 0.676951
0.695851 0.680117
0.697288 0.683616
0.698686 0.687068
0.700148 0.690688
0.701816 0.694804
0.703392 0.698848
0.704990 0.702830
0.554561 0.644989
0.565209 0.654875
0.575240 0.664800
0.584745 0.674753
0.594142 0.685093
0.602959 0.695238
0.611168 0.705068
0.619389 0.715190
0.459976 0.653068
0.472968 0.661473
0.485738 0.670223
0.498015 0.679016
0.509950 0.687956
0.521545 0.696993
0.533002 0.706251
0.543938 0.715345
0.590069 0.752345
0.592735 0.754841
0.595424 0.757366
0.598092 0.759879
0.600728 0.762371
0.603356 0.764861
0.605965 0.767342
0.608549 0.769805
0.505948 0.743656
0.509675 0.746211
0.513408 0.748783
0.517075 0.751312
0.520266 0.753541
0.523412 0.755746
0.526672 0.758034
0.529837 0.760260
0.648282 0.739160
0.650280 0.742012
0.652277 0.744869
0.654270 0.747725
0.656416 0.750785
0.658502 0.753781
0.660550 0.756730
0.662570 0.759647
0.685937 0.828727
0.692802 0.837326
0.699397 0.845792
0.705678 0.854094
0.711682 0.862289
0.717390 0.870369
0.722806 0.878349
0.727931 0.886238
0.664856 0.691477
0.669891 0.700847
0.675594 0.711544
0.680840 0.721702
0.685264 0.730559
0.690311 0.740579
0.694812 0.749727
0.699148 0.758627
0.546810 0.753580
0.549905 0.755962
0.553037 0.758377
0.556215 0.760829
0.559413 0.763299
0.562786 0.765896
0.565900 0.768319
0.569104 0.770810
0.124617 0.238430
0.130861 0.241511
0.137392 0.244293
0.143846 0.246628
0.150790 0.248715
0.157746 0.250416
0.164750 0.251758
0.171935 0.252810
0.507756 0.617269
0.518890 0.625096
0.529548 0.633096
0.539957 0.641495
0.549923 0.650048
0.559545 0.658809
0.568651 0.667564
0.577389 0.676388
0.445581 0.641826
0.458836 0.649847
0.471794 0.658194
0.484452 0.666773
0.496658 0.675456
0.508583 0.684343
0.520075 0.693267
0.531418 0.702405
0.671003 0.776933
0.672829 0.779552
0.674645 0.782161
0.676460 0.784771
0.678194 0.787287
0.679982 0.789869
0.681753 0.792434
0.683504 0.794980
0.530821 0.820193
0.544720 0.827500
0.557134 0.834080
0.569605 0.840716
0.583312 0.847983
0.595757 0.854727
0.607227 0.861092
0.618163 0.867317
0.603682 0.681846
0.608284 0.687420
0.612750 0.692914
0.617031 0.698311
0.621128 0.703588
0.625231 0.708955
0.629371 0.714439
0.633371 0.719820
0.317953 0.098997
0.338150 0.095335
0.359523 0.091597
0.376970 0.088355
0.397368 0.085155
0.423054 0.082234
0.449312 0.080168
0.474397 0.079072
0.498297 0.626403
0.509018 0.633823
0.519397 0.641473
0.529454 0.649335
0.539197 0.657397
0.548563 0.665561
0.557601 0.673826
0.566403 0.682229
0.088772 0.701903
0.092496 0.705739
0.096514 0.710050
0.100094 0.713554
0.103560 0.716913
0.107330 0.720662
0.112164 0.725974
0.116790 0.730865
0.082688 0.643288
0.083331 0.643359
0.085703 0.645678
0.088363 0.648299
0.089315 0.648724
0.091730 0.650933
0.094403 0.653502
0.095598 0.654078
0.620822 0.940555
0.629979 0.944303
0.639420 0.948361
0.648614 0.952584
0.656813 0.956670
0.664354 0.960726
0.672196 0.965228
0.678589 0.969264
0.971765 0.714619
0.969343 0.729171
0.964735 0.754416
0.959083 0.782279
0.956527 0.793941
0.950988 0.818293
0.946258 0.837960
0.941900 0.855371
0.497185 0.740460
0.511313 0.750063
0.524863 0.759386
0.537583 0.768243
0.551033 0.777614
0.563505 0.786395
0.575322 0.794787
0.587098 0.803185
0.244256 0.573774
0.255583 0.576447
0.267683 0.579528
0.279858 0.582759
0.292531 0.586363
0.305406 0.590252
0.318494 0.594481
0.331843 0.599109
0.370460 0.555716
0.380273 0.558147
0.390381 0.560901
0.400367 0.563859
0.410202 0.566980
0.420114 0.570402
0.429808 0.573990
0.439407 0.577812
0.800678 0.961355
0.800781 0.964350
0.800786 0.966840
0.801267 0.972187
0.801675 0.977267
0.801921 0.981424
0.801926 0.984105
0.802041 0.987536
0.254386 0.328336
0.271451 0.324873
0.286958 0.321127
0.302004 0.317162
0.321386 0.312396
0.343034 0.307228
0.363190 0.302362
0.380899 0.298004
0.685495 1.082598
0.688056 1.084254
0.691342 1.086385
0.694916 1.088788
0.699781 1.092140
0.700964 1.093234
0.704633 1.096077
0.709085 1.099629
0.945776 0.569182
0.945954 0.572927
0.946185 0.579060
0.946382 0.587145
0.946459 0.595157
0.946448 0.600059
0.946387 0.605304
0.946228 0.612959
-0.012156 0.900038
-0.009054 0.904225
-0.009384 0.903163
-0.008503 0.903908
-0.005776 0.907334
-0.003738 0.909687
-0.003716 0.909015
-0.002217 0.910508
0.633762 0.816840
0.642836 0.824742
0.651429 0.832379
0.659895 0.840043
0.667935 0.847518
0.675749 0.854979
0.682921 0.862095
0.690056 0.869388
0.358133 0.542817
0.367879 0.544646
0.377984 0.546797
0.387834 0.549040
0.397646 0.551482
0.407652 0.554232
0.417563 0.557200
0.427184 0.560292
0.393598 0.132822
0.402987 0.131296
0.411224 0.129916
0.419733 0.128600
0.427585 0.127439
0.436755 0.126294
0.446385 0.125224
0.454785 0.124361
0.141088 0.513596
0.148900 0.516202
0.157081 0.518583
0.165719 0.520722
0.174835 0.522687
0.184404 0.524410
0.194633 0.526040
0.205557 0.527548
0.549085 0.717205
0.552203 0.719899
0.555250 0.722553
0.558422 0.725328
0.561653 0.728179
0.564758 0.730920
0.567856 0.733681
0.570805 0.736334
0.593198 0.708893
0.600378 0.716781
0.607374 0.724633
0.614266 0.732502
0.620884 0.740185
0.627394 0.747835
0.633734 0.755372
0.639878 0.762746
0.579074 0.758583
0.587778 0.766105
0.596261 0.773503
0.604223 0.780533
0.612138 0.787560
0.620064 0.794636
0.627593 0.801436
0.634943 0.808135
0.545859 0.773591
0.549160 0.775905
0.552420 0.778193
0.555287 0.780237
0.558320 0.782384
0.561331 0.784519
0.564601 0.786827
0.568014 0.789227
0.223206 0.250322
0.236984 0.248547
0.250133 0.246272
0.259213 0.244016
0.272187 0.241020
0.288088 0.237282
0.298859 0.234122
0.314355 0.229996
0.624675 0.704395
0.632560 0.714997
0.639994 0.725289
0.647509 0.735854
0.654682 0.746129
0.661354 0.755852
0.667865 0.765427
0.674136 0.774752
0.307531 0.104788
0.311827 0.103895
0.318492 0.102783
0.325062 0.101663
0.331224 0.100567
0.335216 0.099664
0.338470 0.098845
0.342581 0.097942
0.507027 1.093887
0.510980 1.094646
0.520095 1.096264
0.527023 1.097507
0.532003 1.098416
0.537241 1.099363
0.544038 1.100576
0.549960 1.101642
0.827187 0.850534
0.826890 0.858602
0.826590 0.865281
0.826320 0.873950
0.826037 0.880828
0.825750 0.887259
0.825454 0.893242
0.825142 0.898585
0.453546 0.425474
0.461028 0.425856
0.466798 0.426038
0.472400 0.426264
0.480205 0.426997
0.487470 0.427745
0.493343 0.428299
0.500048 0.429142
-0.015027 0.818353
-0.014058 0.819729
-0.012998 0.821231
-0.011429 0.823627
-0.010121 0.825404
-0.008280 0.828034
-0.005363 0.832460
-0.002866 0.836020
0.278311 0.521355
0.290300 0.522068
0.302908 0.522962
0.315606 0.523922
0.328689 0.525081
0.341927 0.526462
0.355389 0.528103
0.368824 0.529977
0.174373 0.493740
0.183524 0.494999
0.193136 0.495987
0.203843 0.496879
0.215685 0.497643
0.227648 0.498079
0.239972 0.498268
0.253303 0.498364
0.718707 0.746222
0.722235 0.755840
0.725781 0.765491
0.728974 0.774358
0.732559 0.784100
0.735728 0.792772
0.738937 0.801577
0.742278 0.810663
0.646892 0.660638
0.653400 0.671154
0.659360 0.681300
0.665088 0.691468
0.670012 0.700624
0.675224 0.710459
0.680385 0.720422
0.685293 0.730066
0.477258 0.916696
0.493776 0.921407
0.509242 0.925733
0.521692 0.929238
0.537695 0.933622
0.552633 0.937723
0.564752 0.941169
0.576360 0.944543
0.496196 0.766351
0.500608 0.769080
0.504770 0.771653
0.508885 0.774199
0.512574 0.776495
0.515952 0.778603
0.519249 0.780676
0.522630 0.782797
0.045531 0.766120
0.047753 0.768174
0.051490 0.772770
0.055136 0.777119
0.059127 0.781917
0.063364 0.786997
0.067592 0.791933
0.072851 0.798307
0.236362 0.550373
0.245570 0.551811
0.255066 0.553309
0.264871 0.554902
0.274924 0.556575
0.285237 0.558413
0.295762 0.560362
0.306506 0.562522
0.182513 0.277342
0.192904 0.277559
0.203647 0.277206
0.214364 0.276327
0.224793 0.274980
0.237042 0.273068
0.251306 0.270458
0.264945 0.267435
0.606963 0.992969
0.618458 0.996298
0.627067 0.999076
0.636699 1.002353
0.644923 1.005446
0.653495 1.008924
0.661590 1.012479
0.667706 1.015595
0.490800 0.706005
0.503232 0.714945
0.515419 0.723927
0.527037 0.732675
0.538759 0.741651
0.550323 0.750638
0.561444 0.759402
0.572155 0.767940
0.549008 0.928327
0.551677 0.929121
0.554965 0.930077
0.558551 0.931117
0.561501 0.931993
0.564480 0.932878
0.567856 0.933872
0.570664 0.934722
0.664334 0.753838
0.666211 0.756672
0.667976 0.759364
0.669736 0.762085
0.671499 0.764755
0.673253 0.767448
0.675020 0.770160
0.676734 0.772807
0.686649 0.861913
0.692354 0.867968
0.697753 0.873896
0.703016 0.879868
0.707999 0.885741
0.712817 0.891637
0.717425 0.897513
0.721721 0.903248
0.539933 0.687854
0.543266 0.690739
0.546595 0.693670
0.549781 0.696483
0.552978 0.699351
0.556130 0.702209
0.559293 0.705107
0.562432 0.708008
0.915761 0.414231
0.920633 0.426697
0.923930 0.435820
0.926012 0.441946
0.928176 0.448651
0.932296 0.462564
0.934641 0.471316
0.935743 0.475675
0.366142 0.650691
0.370308 0.652880
0.374682 0.655258
0.378999 0.657621
0.383335 0.660026
0.387605 0.662428
0.391964 0.664900
0.396107 0.667226
0.112329 0.890865
0.124657 0.902091
0.137953 0.913433
0.152813 0.925296
0.167871 0.936433
0.185916 0.948868
0.204123 0.960349
0.224733 0.972237
0.635259 0.690771
0.638490 0.695511
0.641907 0.700564
0.645095 0.705382
0.648097 0.710000
0.651282 0.714916
0.654121 0.719404
0.657076 0.724082
