-0.737839
-0.308667
0.392327
0.192195
0.456895
0.456227
0.385749
0.210737
0.516864
0.195908
0.447313
0.124666
-0.829184
-0.777137
-0.790084
0.385505
-0.739239
0.327369
-0.312517
0.340025
0.286708
0.005771
0.626476
-0.555079
0.335069
0.352505
0.227096
0.477304
0.222206
0.352375
0.499201
0.321530
-0.831745
0.330760
0.633201
0.437219
0.469509
-0.797667
0.386133
0.406344
-0.840463
-0.812518
-0.798881
0.532609
0.291079
-0.796494
0.208389
0.277212
0.396270
-0.837020
0.520592
-0.250195
0.521090
0.238752
0.117273
-0.398572
0.488274
0.296472
0.542713
0.352590
-0.052869
-0.129619
0.534433
0.066116
-0.722096
-0.096877
0.493724
-0.080612
-0.512858
0.438912
-0.801552
0.188275
0.273108
-0.819682
0.389620
0.420432
-0.766794
-0.686882
0.161593
-0.679123
0.157193
0.204903
0.411030
0.324357
0.250196
0.395871
-0.792337
0.320186
0.119659
0.482773
0.523024
0.439007
-1.040855
-0.833874
0.307135
-0.784223
-0.678713
-0.752463
0.463935
-0.413196
