58.212835
58.712835
59.212835
59.712835
60.212835
60.712835
61.212835
61.712835
62.212835
62.712835
63.212835
63.712835
70.241116
70.741116
71.241116
71.741116
72.241116
72.741116
73.241116
73.741116
74.241116
74.741116
75.241116
75.741116
66.666343
67.166343
67.666343
68.166343
68.666343
69.166343
69.666343
70.166343
70.666343
71.166343
71.666343
72.166343
67.213088
67.713088
68.213088
68.713088
69.213088
69.713088
70.213088
70.713088
71.213088
71.713088
72.213088
72.713088
74.338055
74.838055
75.338055
75.838055
76.338055
76.838055
77.338055
77.838055
78.338055
78.838055
79.338055
79.838055
68.611939
69.111939
69.611939
70.111939
70.611939
71.111939
71.611939
72.111939
72.611939
73.111939
73.611939
74.111939
64.140680
64.640680
65.140680
65.640680
66.140680
66.640680
67.140680
67.640680
68.140680
68.640680
69.140680
69.640680
65.856325
66.356325
66.856325
67.356325
67.856325
68.356325
68.856325
69.356325
69.856325
70.356325
70.856325
71.356325
60.853138
61.353138
61.853138
62.353138
62.853138
63.353138
63.853138
64.353138
64.853138
65.353138
65.853138
66.353138
64.551796
65.051796
65.551796
66.051796
66.551796
67.051796
67.551796
68.051796
68.551796
69.051796
69.551796
70.051796
78.169091
78.669091
79.169091
79.669091
80.169091
80.669091
81.169091
81.669091
82.169091
82.669091
83.169091
83.669091
60.682498
61.182498
61.682498
62.182498
62.682498
63.182498
63.682498
64.182498
64.682498
65.182498
65.682498
66.182498
56.940121
57.440121
57.940121
58.440121
58.940121
59.440121
59.940121
60.440121
60.940121
61.440121
61.940121
62.440121
63.266148
63.766148
64.266148
64.766148
65.266148
65.766148
66.266148
66.766148
67.266148
67.766148
68.266148
68.766148
60.029140
60.529140
61.029140
61.529140
62.029140
62.529140
63.029140
63.529140
64.029140
64.529140
65.029140
65.529140
69.511924
70.011924
70.511924
71.011924
71.511924
72.011924
72.511924
73.011924
73.511924
74.011924
74.511924
75.011924
64.719026
65.219026
65.719026
66.219026
66.719026
67.219026
67.719026
68.219026
68.719026
69.219026
69.719026
70.219026
88.404617
88.904617
89.404617
89.904617
90.404617
90.904617
91.404617
91.904617
92.404617
92.904617
93.404617
93.904617
59.045196
59.545196
60.045196
60.545196
61.045196
61.545196
62.045196
62.545196
63.045196
63.545196
64.045196
64.545196
77.090960
77.590960
78.090960
78.590960
79.090960
79.590960
80.090960
80.590960
81.090960
81.590960
82.090960
82.590960
62.416795
62.916795
63.416795
63.916795
64.416795
64.916795
65.416795
65.916795
66.416795
66.916795
67.416795
67.916795
58.516391
59.016391
59.516391
60.016391
60.516391
61.016391
61.516391
62.016391
62.516391
63.016391
63.516391
64.016391
78.992583
79.492583
79.992583
80.492583
80.992583
81.492583
81.992583
82.492583
82.992583
83.492583
83.992583
84.492583
74.855676
75.355676
75.855676
76.355676
76.855676
77.355676
77.855676
78.355676
78.855676
79.355676
79.855676
80.355676
87.029907
87.529907
88.029907
88.529907
89.029907
89.529907
90.029907
90.529907
91.029907
91.529907
92.029907
92.529907
65.909827
66.409827
66.909827
67.409827
67.909827
68.409827
68.909827
69.409827
69.909827
70.409827
70.909827
71.409827
80.925979
81.425979
81.925979
82.425979
82.925979
83.425979
83.925979
84.425979
84.925979
85.425979
85.925979
86.425979
74.260003
74.760003
75.260003
75.760003
76.260003
76.760003
77.260003
77.760003
78.260003
78.760003
79.260003
79.760003
41.545918
42.045918
42.545918
43.045918
43.545918
44.045918
44.545918
45.045918
45.545918
46.045918
46.545918
47.045918
66.095605
66.595605
67.095605
67.595605
68.095605
68.595605
69.095605
69.595605
70.095605
70.595605
71.095605
71.595605
69.543012
70.043012
70.543012
71.043012
71.543012
72.043012
72.543012
73.043012
73.543012
74.043012
74.543012
75.043012
65.631002
66.131002
66.631002
67.131002
67.631002
68.131002
68.631002
69.131002
69.631002
70.131002
70.631002
71.131002
61.971468
62.471468
62.971468
63.471468
63.971468
64.471468
64.971468
65.471468
65.971468
66.471468
66.971468
67.471468
84.966963
85.466963
85.966963
86.466963
86.966963
87.466963
87.966963
88.466963
88.966963
89.466963
89.966963
90.466963
68.160359
68.660359
69.160359
69.660359
70.160359
70.660359
71.160359
71.660359
72.160359
72.660359
73.160359
73.660359
48.929152
49.429152
49.929152
50.429152
50.929152
51.429152
51.929152
52.429152
52.929152
53.429152
53.929152
54.429152
72.632658
73.132658
73.632658
74.132658
74.632658
75.132658
75.632658
76.132658
76.632658
77.132658
77.632658
78.132658
70.618712
71.118712
71.618712
72.118712
72.618712
73.118712
73.618712
74.118712
74.618712
75.118712
75.618712
76.118712
74.902067
75.402067
75.902067
76.402067
76.902067
77.402067
77.902067
78.402067
78.902067
79.402067
79.902067
80.402067
62.467760
62.967760
63.467760
63.967760
64.467760
64.967760
65.467760
65.967760
66.467760
66.967760
67.467760
67.967760
57.926779
58.426779
58.926779
59.426779
59.926779
60.426779
60.926779
61.426779
61.926779
62.426779
62.926779
63.426779
82.706182
83.206182
83.706182
84.206182
84.706182
85.206182
85.706182
86.206182
86.706182
87.206182
87.706182
88.206182
66.860200
67.360200
67.860200
68.360200
68.860200
69.360200
69.860200
70.360200
70.860200
71.360200
71.860200
72.360200
77.950694
78.450694
78.950694
79.450694
79.950694
80.450694
80.950694
81.450694
81.950694
82.450694
82.950694
83.450694
81.589628
82.089628
82.589628
83.089628
83.589628
84.089628
84.589628
85.089628
85.589628
86.089628
86.589628
87.089628
53.749531
54.249531
54.749531
55.249531
55.749531
56.249531
56.749531
57.249531
57.749531
58.249531
58.749531
59.249531
64.456676
64.956676
65.456676
65.956676
66.456676
66.956676
67.456676
67.956676
68.456676
68.956676
69.456676
69.956676
67.880280
68.380280
68.880280
69.380280
69.880280
70.380280
70.880280
71.380280
71.880280
72.380280
72.880280
73.380280
72.006215
72.506215
73.006215
73.506215
74.006215
74.506215
75.006215
75.506215
76.006215
76.506215
77.006215
77.506215
65.480472
65.980472
66.480472
66.980472
67.480472
67.980472
68.480472
68.980472
69.480472
69.980472
70.480472
70.980472
74.010065
74.510065
75.010065
75.510065
76.010065
76.510065
77.010065
77.510065
78.010065
78.510065
79.010065
79.510065
64.973152
65.473152
65.973152
66.473152
66.973152
67.473152
67.973152
68.473152
68.973152
69.473152
69.973152
70.473152
72.677502
73.177502
73.677502
74.177502
74.677502
75.177502
75.677502
76.177502
76.677502
77.177502
77.677502
78.177502
70.334104
70.834104
71.334104
71.834104
72.334104
72.834104
73.334104
73.834104
74.334104
74.834104
75.334104
75.834104
65.718392
66.218392
66.718392
67.218392
67.718392
68.218392
68.718392
69.218392
69.718392
70.218392
70.718392
71.218392
34.902732
35.402732
35.902732
36.402732
36.902732
37.402732
37.902732
38.402732
38.902732
39.402732
39.902732
40.402732
75.711950
76.211950
76.711950
77.211950
77.711950
78.211950
78.711950
79.211950
79.711950
80.211950
80.711950
81.211950
69.215219
69.715219
70.215219
70.715219
71.215219
71.715219
72.215219
72.715219
73.215219
73.715219
74.215219
74.715219
61.287857
61.787857
62.287857
62.787857
63.287857
63.787857
64.287857
64.787857
65.287857
65.787857
66.287857
66.787857
70.919651
71.419651
71.919651
72.419651
72.919651
73.419651
73.919651
74.419651
74.919651
75.419651
75.919651
76.419651
83.322982
83.822982
84.322982
84.822982
85.322982
85.822982
86.322982
86.822982
87.322982
87.822982
88.322982
88.822982
65.776855
66.276855
66.776855
67.276855
67.776855
68.276855
68.776855
69.276855
69.776855
70.276855
70.776855
71.276855
74.180641
74.680641
75.180641
75.680641
76.180641
76.680641
77.180641
77.680641
78.180641
78.680641
79.180641
79.680641
61.736174
62.236174
62.736174
63.236174
63.736174
64.236174
64.736174
65.236174
65.736174
66.236174
66.736174
67.236174
86.975597
87.475597
87.975597
88.475597
88.975597
89.475597
89.975597
90.475597
90.975597
91.475597
91.975597
92.475597
79.255988
79.755988
80.255988
80.755988
81.255988
81.755988
82.255988
82.755988
83.255988
83.755988
84.255988
84.755988
72.192620
72.692620
73.192620
73.692620
74.192620
74.692620
75.192620
75.692620
76.192620
76.692620
77.192620
77.692620
65.997188
66.497188
66.997188
67.497188
67.997188
68.497188
68.997188
69.497188
69.997188
70.497188
70.997188
71.497188
73.004000
73.504000
74.004000
74.504000
75.004000
75.504000
76.004000
76.504000
77.004000
77.504000
78.004000
78.504000
82.304206
82.804206
83.304206
83.804206
84.304206
84.804206
85.304206
85.804206
86.304206
86.804206
87.304206
87.804206
69.516720
70.016720
70.516720
71.016720
71.516720
72.016720
72.516720
73.016720
73.516720
74.016720
74.516720
75.016720
62.789475
63.289475
63.789475
64.289475
64.789475
65.289475
65.789475
66.289475
66.789475
67.289475
67.789475
68.289475
78.832459
79.332459
79.832459
80.332459
80.832459
81.332459
81.832459
82.332459
82.832459
83.332459
83.832459
84.332459
73.414004
73.914004
74.414004
74.914004
75.414004
75.914004
76.414004
76.914004
77.414004
77.914004
78.414004
78.914004
75.067984
75.567984
76.067984
76.567984
77.067984
77.567984
78.067984
78.567984
79.067984
79.567984
80.067984
80.567984
64.880848
65.380848
65.880848
66.380848
66.880848
67.380848
67.880848
68.380848
68.880848
69.380848
69.880848
70.380848
87.831912
88.331912
88.831912
89.331912
89.831912
90.331912
90.831912
91.331912
91.831912
92.331912
92.831912
93.331912
65.786369
66.286369
66.786369
67.286369
67.786369
68.286369
68.786369
69.286369
69.786369
70.286369
70.786369
71.286369
59.884886
60.384886
60.884886
61.384886
61.884886
62.384886
62.884886
63.384886
63.884886
64.384886
64.884886
65.384886
84.312869
84.812869
85.312869
85.812869
86.312869
86.812869
87.312869
87.812869
88.312869
88.812869
89.312869
89.812869
76.956672
77.456672
77.956672
78.456672
78.956672
79.456672
79.956672
80.456672
80.956672
81.456672
81.956672
82.456672
71.796673
72.296673
72.796673
73.296673
73.796673
74.296673
74.796673
75.296673
75.796673
76.296673
76.796673
77.296673
75.091423
75.591423
76.091423
76.591423
77.091423
77.591423
78.091423
78.591423
79.091423
79.591423
80.091423
80.591423
59.401961
59.901961
60.401961
60.901961
61.401961
61.901961
62.401961
62.901961
63.401961
63.901961
64.401961
64.901961
62.076166
62.576166
63.076166
63.576166
64.076166
64.576166
65.076166
65.576166
66.076166
66.576166
67.076166
67.576166
76.810219
77.310219
77.810219
78.310219
78.810219
79.310219
79.810219
80.310219
80.810219
81.310219
81.810219
82.310219
72.262414
72.762414
73.262414
73.762414
74.262414
74.762414
75.262414
75.762414
76.262414
76.762414
77.262414
77.762414
55.066162
55.566162
56.066162
56.566162
57.066162
57.566162
58.066162
58.566162
59.066162
59.566162
60.066162
60.566162
79.132683
79.632683
80.132683
80.632683
81.132683
81.632683
82.132683
82.632683
83.132683
83.632683
84.132683
84.632683
85.670608
86.170608
86.670608
87.170608
87.670608
88.170608
88.670608
89.170608
89.670608
90.170608
90.670608
91.170608
70.309115
70.809115
71.309115
71.809115
72.309115
72.809115
73.309115
73.809115
74.309115
74.809115
75.309115
75.809115
83.690943
84.190943
84.690943
85.190943
85.690943
86.190943
86.690943
87.190943
87.690943
88.190943
88.690943
89.190943
72.433283
72.933283
73.433283
73.933283
74.433283
74.933283
75.433283
75.933283
76.433283
76.933283
77.433283
77.933283
86.983115
87.483115
87.983115
88.483115
88.983115
89.483115
89.983115
90.483115
90.983115
91.483115
91.983115
92.483115
50.910330
51.410330
51.910330
52.410330
52.910330
53.410330
53.910330
54.410330
54.910330
55.410330
55.910330
56.410330
72.926630
73.426630
73.926630
74.426630
74.926630
75.426630
75.926630
76.426630
76.926630
77.426630
77.926630
78.426630
73.326638
73.826638
74.326638
74.826638
75.326638
75.826638
76.326638
76.826638
77.326638
77.826638
78.326638
78.826638
85.235480
85.735480
86.235480
86.735480
87.235480
87.735480
88.235480
88.735480
89.235480
89.735480
90.235480
90.735480
86.486379
86.986379
87.486379
87.986379
88.486379
88.986379
89.486379
89.986379
90.486379
90.986379
91.486379
91.986379
71.520058
72.020058
72.520058
73.020058
73.520058
74.020058
74.520058
75.020058
75.520058
76.020058
76.520058
77.020058
76.200732
76.700732
77.200732
77.700732
78.200732
78.700732
79.200732
79.700732
80.200732
80.700732
81.200732
81.700732
66.871311
67.371311
67.871311
68.371311
68.871311
69.371311
69.871311
70.371311
70.871311
71.371311
71.871311
72.371311
49.863625
50.363625
50.863625
51.363625
51.863625
52.363625
52.863625
53.363625
53.863625
54.363625
54.863625
55.363625
75.597449
76.097449
76.597449
77.097449
77.597449
78.097449
78.597449
79.097449
79.597449
80.097449
80.597449
81.097449
77.384890
77.884890
78.384890
78.884890
79.384890
79.884890
80.384890
80.884890
81.384890
81.884890
82.384890
82.884890
70.228024
70.728024
71.228024
71.728024
72.228024
72.728024
73.228024
73.728024
74.228024
74.728024
75.228024
75.728024
76.096938
76.596938
77.096938
77.596938
78.096938
78.596938
79.096938
79.596938
80.096938
80.596938
81.096938
81.596938
78.789970
79.289970
79.789970
80.289970
80.789970
81.289970
81.789970
82.289970
82.789970
83.289970
83.789970
84.289970
86.154530
86.654530
87.154530
87.654530
88.154530
88.654530
89.154530
89.654530
90.154530
90.654530
91.154530
91.654530
79.359808
79.859808
80.359808
80.859808
81.359808
81.859808
82.359808
82.859808
83.359808
83.859808
84.359808
84.859808
76.433195
76.933195
77.433195
77.933195
78.433195
78.933195
79.433195
79.933195
80.433195
80.933195
81.433195
81.933195
80.356325
80.856325
81.356325
81.856325
82.356325
82.856325
83.356325
83.856325
84.356325
84.856325
85.356325
85.856325
81.293167
81.793167
82.293167
82.793167
83.293167
83.793167
84.293167
84.793167
85.293167
85.793167
86.293167
86.793167
70.548690
71.048690
71.548690
72.048690
72.548690
73.048690
73.548690
74.048690
74.548690
75.048690
75.548690
76.048690
64.278526
64.778526
65.278526
65.778526
66.278526
66.778526
67.278526
67.778526
68.278526
68.778526
69.278526
69.778526
75.834859
76.334859
76.834859
77.334859
77.834859
78.334859
78.834859
79.334859
79.834859
80.334859
80.834859
81.334859
72.584175
73.084175
73.584175
74.084175
74.584175
75.084175
75.584175
76.084175
76.584175
77.084175
77.584175
78.084175
64.736921
65.236921
65.736921
66.236921
66.736921
67.236921
67.736921
68.236921
68.736921
69.236921
69.736921
70.236921
74.747177
75.247177
75.747177
76.247177
76.747177
77.247177
77.747177
78.247177
78.747177
79.247177
79.747177
80.247177
61.855659
62.355659
62.855659
63.355659
63.855659
64.355659
64.855659
65.355659
65.855659
66.355659
66.855659
67.355659
79.555604
80.055604
80.555604
81.055604
81.555604
82.055604
82.555604
83.055604
83.555604
84.055604
84.555604
85.055604
78.448726
78.948726
79.448726
79.948726
80.448726
80.948726
81.448726
81.948726
82.448726
82.948726
83.448726
83.948726
55.550589
56.050589
56.550589
57.050589
57.550589
58.050589
58.550589
59.050589
59.550589
60.050589
60.550589
61.050589
65.360998
65.860998
66.360998
66.860998
67.360998
67.860998
68.360998
68.860998
69.360998
69.860998
70.360998
70.860998
67.464577
67.964577
68.464577
68.964577
69.464577
69.964577
70.464577
70.964577
71.464577
71.964577
72.464577
72.964577
74.254530
74.754530
75.254530
75.754530
76.254530
76.754530
77.254530
77.754530
78.254530
78.754530
79.254530
79.754530
77.183854
77.683854
78.183854
78.683854
79.183854
79.683854
80.183854
80.683854
81.183854
81.683854
82.183854
82.683854
67.917271
68.417271
68.917271
69.417271
69.917271
70.417271
70.917271
71.417271
71.917271
72.417271
72.917271
73.417271
75.778747
76.278747
76.778747
77.278747
77.778747
78.278747
78.778747
79.278747
79.778747
80.278747
80.778747
81.278747
78.731890
79.231890
79.731890
80.231890
80.731890
81.231890
81.731890
82.231890
82.731890
83.231890
83.731890
84.231890
62.709141
63.209141
63.709141
64.209141
64.709141
65.209141
65.709141
66.209141
66.709141
67.209141
67.709141
68.209141
66.035591
66.535591
67.035591
67.535591
68.035591
68.535591
69.035591
69.535591
70.035591
70.535591
71.035591
71.535591
50.848208
51.348208
51.848208
52.348208
52.848208
53.348208
53.848208
54.348208
54.848208
55.348208
55.848208
56.348208
84.877056
85.377056
85.877056
86.377056
86.877056
87.377056
87.877056
88.377056
88.877056
89.377056
89.877056
90.377056
74.871669
75.371669
75.871669
76.371669
76.871669
77.371669
77.871669
78.371669
78.871669
79.371669
79.871669
80.371669
71.958438
72.458438
72.958438
73.458438
73.958438
74.458438
74.958438
75.458438
75.958438
76.458438
76.958438
77.458438
59.245052
59.745052
60.245052
60.745052
61.245052
61.745052
62.245052
62.745052
63.245052
63.745052
64.245052
64.745052
46.371059
46.871059
47.371059
47.871059
48.371059
48.871059
49.371059
49.871059
50.371059
50.871059
51.371059
51.871059
63.521067
64.021067
64.521067
65.021067
65.521067
66.021067
66.521067
67.021067
67.521067
68.021067
68.521067
69.021067
74.734463
75.234463
75.734463
76.234463
76.734463
77.234463
77.734463
78.234463
78.734463
79.234463
79.734463
80.234463
60.418407
60.918407
61.418407
61.918407
62.418407
62.918407
63.418407
63.918407
64.418407
64.918407
65.418407
65.918407
54.069527
54.569527
55.069527
55.569527
56.069527
56.569527
57.069527
57.569527
58.069527
58.569527
59.069527
59.569527
79.025400
79.525400
80.025400
80.525400
81.025400
81.525400
82.025400
82.525400
83.025400
83.525400
84.025400
84.525400
89.490549
89.990549
90.490549
90.990549
91.490549
91.990549
92.490549
92.990549
93.490549
93.990549
94.490549
94.990549
77.661867
78.161867
78.661867
79.161867
79.661867
80.161867
80.661867
81.161867
81.661867
82.161867
82.661867
83.161867
83.760007
84.260007
84.760007
85.260007
85.760007
86.260007
86.760007
87.260007
87.760007
88.260007
88.760007
89.260007
77.626223
78.126223
78.626223
79.126223
79.626223
80.126223
80.626223
81.126223
81.626223
82.126223
82.626223
83.126223
66.986351
67.486351
67.986351
68.486351
68.986351
69.486351
69.986351
70.486351
70.986351
71.486351
71.986351
72.486351
62.189038
62.689038
63.189038
63.689038
64.189038
64.689038
65.189038
65.689038
66.189038
66.689038
67.189038
67.689038
59.683462
60.183462
60.683462
61.183462
61.683462
62.183462
62.683462
63.183462
63.683462
64.183462
64.683462
65.183462
76.607860
77.107860
77.607860
78.107860
78.607860
79.107860
79.607860
80.107860
80.607860
81.107860
81.607860
82.107860
81.695906
82.195906
82.695906
83.195906
83.695906
84.195906
84.695906
85.195906
85.695906
86.195906
86.695906
87.195906
90.934360
91.434360
91.934360
92.434360
92.934360
93.434360
93.934360
94.434360
94.934360
95.434360
95.934360
96.434360
51.147346
51.647346
52.147346
52.647346
53.147346
53.647346
54.147346
54.647346
55.147346
55.647346
56.147346
56.647346
65.407209
65.907209
66.407209
66.907209
67.407209
67.907209
68.407209
68.907209
69.407209
69.907209
70.407209
70.907209
82.967326
83.467326
83.967326
84.467326
84.967326
85.467326
85.967326
86.467326
86.967326
87.467326
87.967326
88.467326
73.691744
74.191744
74.691744
75.191744
75.691744
76.191744
76.691744
77.191744
77.691744
78.191744
78.691744
79.191744
56.725696
57.225696
57.725696
58.225696
58.725696
59.225696
59.725696
60.225696
60.725696
61.225696
61.725696
62.225696
62.142765
62.642765
63.142765
63.642765
64.142765
64.642765
65.142765
65.642765
66.142765
66.642765
67.142765
67.642765
61.573208
62.073208
62.573208
63.073208
63.573208
64.073208
64.573208
65.073208
65.573208
66.073208
66.573208
67.073208
65.808406
66.308406
66.808406
67.308406
67.808406
68.308406
68.808406
69.308406
69.808406
70.308406
70.808406
71.308406
58.513484
59.013484
59.513484
60.013484
60.513484
61.013484
61.513484
62.013484
62.513484
63.013484
63.513484
64.013484
79.985909
80.485909
80.985909
81.485909
81.985909
82.485909
82.985909
83.485909
83.985909
84.485909
84.985909
85.485909
62.008369
62.508369
63.008369
63.508369
64.008369
64.508369
65.008369
65.508369
66.008369
66.508369
67.008369
67.508369
86.250241
86.750241
87.250241
87.750241
88.250241
88.750241
89.250241
89.750241
90.250241
90.750241
91.250241
91.750241
51.136249
51.636249
52.136249
52.636249
53.136249
53.636249
54.136249
54.636249
55.136249
55.636249
56.136249
56.636249
73.656669
74.156669
74.656669
75.156669
75.656669
76.156669
76.656669
77.156669
77.656669
78.156669
78.656669
79.156669
63.592602
64.092602
64.592602
65.092602
65.592602
66.092602
66.592602
67.092602
67.592602
68.092602
68.592602
69.092602
66.531803
67.031803
67.531803
68.031803
68.531803
69.031803
69.531803
70.031803
70.531803
71.031803
71.531803
72.031803
64.108944
64.608944
65.108944
65.608944
66.108944
66.608944
67.108944
67.608944
68.108944
68.608944
69.108944
69.608944
78.776780
79.276780
79.776780
80.276780
80.776780
81.276780
81.776780
82.276780
82.776780
83.276780
83.776780
84.276780
67.079487
67.579487
68.079487
68.579487
69.079487
69.579487
70.079487
70.579487
71.079487
71.579487
72.079487
72.579487
63.578326
64.078326
64.578326
65.078326
65.578326
66.078326
66.578326
67.078326
67.578326
68.078326
68.578326
69.078326
71.252376
71.752376
72.252376
72.752376
73.252376
73.752376
74.252376
74.752376
75.252376
75.752376
76.252376
76.752376
75.968645
76.468645
76.968645
77.468645
77.968645
78.468645
78.968645
79.468645
79.968645
80.468645
80.968645
81.468645
53.853821
54.353821
54.853821
55.353821
55.853821
56.353821
56.853821
57.353821
57.853821
58.353821
58.853821
59.353821
78.271412
78.771412
79.271412
79.771412
80.271412
80.771412
81.271412
81.771412
82.271412
82.771412
83.271412
83.771412
57.095088
57.595088
58.095088
58.595088
59.095088
59.595088
60.095088
60.595088
61.095088
61.595088
62.095088
62.595088
77.512964
78.012964
78.512964
79.012964
79.512964
80.012964
80.512964
81.012964
81.512964
82.012964
82.512964
83.012964
64.240851
64.740851
65.240851
65.740851
66.240851
66.740851
67.240851
67.740851
68.240851
68.740851
69.240851
69.740851
77.018948
77.518948
78.018948
78.518948
79.018948
79.518948
80.018948
80.518948
81.018948
81.518948
82.018948
82.518948
60.152127
60.652127
61.152127
61.652127
62.152127
62.652127
63.152127
63.652127
64.152127
64.652127
65.152127
65.652127
65.801518
66.301518
66.801518
67.301518
67.801518
68.301518
68.801518
69.301518
69.801518
70.301518
70.801518
71.301518
74.785420
75.285420
75.785420
76.285420
76.785420
77.285420
77.785420
78.285420
78.785420
79.285420
79.785420
80.285420
62.155234
62.655234
63.155234
63.655234
64.155234
64.655234
65.155234
65.655234
66.155234
66.655234
67.155234
67.655234
78.765388
79.265388
79.765388
80.265388
80.765388
81.265388
81.765388
82.265388
82.765388
83.265388
83.765388
84.265388
54.849181
55.349181
55.849181
56.349181
56.849181
57.349181
57.849181
58.349181
58.849181
59.349181
59.849181
60.349181
75.786685
76.286685
76.786685
77.286685
77.786685
78.286685
78.786685
79.286685
79.786685
80.286685
80.786685
81.286685
79.234366
79.734366
80.234366
80.734366
81.234366
81.734366
82.234366
82.734366
83.234366
83.734366
84.234366
84.734366
76.640910
77.140910
77.640910
78.140910
78.640910
79.140910
79.640910
80.140910
80.640910
81.140910
81.640910
82.140910
74.936592
75.436592
75.936592
76.436592
76.936592
77.436592
77.936592
78.436592
78.936592
79.436592
79.936592
80.436592
67.375969
67.875969
68.375969
68.875969
69.375969
69.875969
70.375969
70.875969
71.375969
71.875969
72.375969
72.875969
78.304851
78.804851
79.304851
79.804851
80.304851
80.804851
81.304851
81.804851
82.304851
82.804851
83.304851
83.804851
68.406024
68.906024
69.406024
69.906024
70.406024
70.906024
71.406024
71.906024
72.406024
72.906024
73.406024
73.906024
62.527532
63.027532
63.527532
64.027532
64.527532
65.027532
65.527532
66.027532
66.527532
67.027532
67.527532
68.027532
66.098409
66.598409
67.098409
67.598409
68.098409
68.598409
69.098409
69.598409
70.098409
70.598409
71.098409
71.598409
78.385978
78.885978
79.385978
79.885978
80.385978
80.885978
81.385978
81.885978
82.385978
82.885978
83.385978
83.885978
78.821397
79.321397
79.821397
80.321397
80.821397
81.321397
81.821397
82.321397
82.821397
83.321397
83.821397
84.321397
67.611033
68.111033
68.611033
69.111033
69.611033
70.111033
70.611033
71.111033
71.611033
72.111033
72.611033
73.111033
65.984009
66.484009
66.984009
67.484009
67.984009
68.484009
68.984009
69.484009
69.984009
70.484009
70.984009
71.484009
