0.075377 0.667672
0.076176 0.669099
0.076786 0.670077
0.077521 0.671307
0.078347 0.672638
0.079717 0.675047
0.081142 0.677448
0.082748 0.680160
0.083791 0.681716
0.084566 0.682776
0.085411 0.683887
0.086135 0.684776
0.087102 0.686039
0.088495 0.688072
0.089980 0.690232
0.091687 0.692755
0.092624 0.693801
0.093436 0.694629
0.094378 0.695665
0.095350 0.696726
0.096936 0.698839
0.098574 0.700995
0.100328 0.703315
0.101811 0.705128
0.102678 0.705858
0.103565 0.706601
0.104532 0.707464
0.106075 0.709295
0.107902 0.711565
0.109791 0.713902
0.111524 0.715956
0.112693 0.717042
0.113582 0.717645
0.114603 0.718453
0.115522 0.719069
0.117325 0.721139
0.119252 0.723407
0.121215 0.725723
0.122906 0.727581
0.123985 0.728351
0.124985 0.729003
0.126289 0.730151
0.127944 0.731899
0.129832 0.733970
0.131918 0.736378
0.134104 0.738932
0.135710 0.740527
0.137223 0.741919
0.138805 0.743433
0.140590 0.745268
0.142769 0.747749
0.144894 0.750080
0.147075 0.752500
0.149082 0.754623
0.151053 0.756696
0.153114 0.758856
0.155081 0.760867
0.157210 0.763115
0.159573 0.765724
0.161881 0.768186
0.164121 0.770539
0.166417 0.772959
0.168939 0.775706
0.171439 0.778357
0.173979 0.781070
0.176616 0.783864
0.179340 0.786780
0.182138 0.789731
0.184806 0.792486
0.187615 0.795405
0.190544 0.798461
0.193476 0.801455
0.196399 0.804417
0.199448 0.807504
0.202841 0.810990
0.206442 0.814653
0.209820 0.818007
0.212868 0.820943
0.216090 0.824026
0.219108 0.826851
0.222947 0.830569
0.226810 0.834254
0.230904 0.838133
0.234994 0.841944
0.238570 0.845170
0.242302 0.848516
0.246295 0.852081
0.250598 0.855898
0.254733 0.859500
0.258856 0.863041
0.263095 0.866641
0.267332 0.870191
0.272122 0.874189
0.276990 0.878190
0.281936 0.882195
0.286757 0.886034
0.291495 0.889749
0.296194 0.893383
0.301011 0.897059
0.305850 0.900707
0.310902 0.904459
0.316299 0.908424
0.321538 0.912208
0.326402 0.915671
0.331413 0.919190
0.336562 0.922762
0.341925 0.926430
0.347617 0.930267
0.352972 0.933823
0.358673 0.937552
0.364541 0.941328
0.369941 0.944763
0.375078 0.947982
0.380196 0.951152
0.385504 0.954394
0.391379 0.957930
0.397527 0.961557
0.403757 0.965176
0.409743 0.968612
0.415379 0.971794
0.420567 0.974705
0.426071 0.977756
0.431950 0.980949
0.437617 0.983979
0.443205 0.986942
0.449080 0.990018
0.454798 0.992968
0.459916 0.995586
0.464935 0.998146
0.469530 1.000486
0.474968 1.003189
0.480275 1.005806
0.485384 1.008331
0.490982 1.011008
0.495757 1.013330
0.500612 1.015668
0.505041 1.017835
0.509448 1.019961
0.514554 1.022349
0.519326 1.024611
0.523793 1.026739
0.527964 1.028740
0.532288 1.030807
0.536440 1.032831
0.540620 1.034810
0.544683 1.036774
0.548481 1.038638
0.552082 1.040457
0.556164 1.042423
0.559936 1.044302
0.563616 1.046160
0.567196 1.047987
0.570588 1.049749
0.573948 1.051516
0.576914 1.053165
0.579785 1.054719
0.583108 1.056527
0.586209 1.058260
0.589307 1.060054
0.592310 1.061752
0.595356 1.063535
0.597874 1.065093
0.600502 1.066729
0.602831 1.068240
0.604838 1.069653
0.607593 1.071429
0.610083 1.073060
0.612785 1.074878
0.615088 1.076516
0.616942 1.077972
0.618841 1.079391
0.620640 1.080817
0.622705 1.082468
0.624887 1.084135
0.627009 1.085842
0.629089 1.087601
0.630910 1.089184
0.632397 1.090532
0.633987 1.092013
0.635438 1.093472
0.636981 1.094971
0.638728 1.096598
0.640347 1.098209
0.641949 1.099837
0.643367 1.101356
0.644610 1.102763
0.645664 1.104086
0.646980 1.105546
0.648344 1.107115
0.649780 1.108774
0.651199 1.110497
0.652402 1.111968
0.654011 1.113872
0.655170 1.115394
0.656005 1.116654
0.656919 1.117995
0.658654 1.120146
0.659814 1.121827
0.661231 1.123690
0.662276 1.125259
