0.202931
0.343099
0.261951
-0.161139
-0.105394
-0.398251
-1.101566
-0.418279
-1.006160
-0.037114
-0.233149
0.397571
-0.046796
-0.871423
0.087871
1.049050
0.629778
-0.468574
0.469616
-0.212956
0.241039
-0.410078
0.450994
0.901399
-0.275280
-0.156436
0.596792
-0.001287
-0.548719
0.447300
0.622918
0.406050
0.561302
-1.288928
-0.385778
0.360660
-0.016917
0.250274
0.608527
-0.270254
0.373680
-0.281410
-0.409203
-0.223750
-0.956315
-1.249354
-0.130648
0.277604
0.334246
-0.478636
-0.093157
0.917315
0.172977
-0.253962
0.252008
0.075013
-0.506196
-0.273300
-0.000864
0.639625
0.934972
0.335407
-0.908147
-0.048621
0.255855
0.607531
0.768941
0.539138
-0.768721
1.163080
1.759704
0.454658
0.420560
0.294800
0.547445
-0.231088
-0.049409
-0.455336
0.192948
-1.244457
0.641993
-0.754713
1.337877
0.045983
-0.834893
-0.352361
-0.048145
0.370833
-0.462135
-0.435370
0.854527
0.178824
0.105687
-0.136935
-0.487979
-0.886590
-0.433591
0.674011
0.631157
0.572425
1.052880
0.092432
-0.883282
-0.192884
0.087626
-0.824957
-1.201804
-1.571270
0.229930
-0.738766
0.977866
1.248727
0.007827
-0.313115
0.800353
-0.222204
0.269175
-0.321963
1.083731
-1.287711
-0.602449
0.839789
-0.443916
0.008689
-0.145005
0.818667
0.638204
0.479784
0.312246
0.972651
-0.425059
1.234930
0.172885
0.920529
0.208752
-0.160521
1.087575
-0.526439
-0.269298
-0.230613
-1.192459
0.361068
0.289170
-0.055929
0.961250
0.316127
0.767763
0.459292
-0.558744
0.158737
0.177902
1.386448
-0.716836
-0.201825
-0.899825
0.512299
-0.595236
0.412905
-0.007470
1.265467
1.308131
0.447664
-0.029629
-0.264681
1.160810
-0.495315
-0.207961
-0.259703
-0.819790
-0.010565
0.158337
0.036210
-0.924992
0.115125
-0.939728
0.537501
0.004856
0.360470
-0.285128
-0.725406
-0.447041
0.589580
0.120771
-0.330728
0.392760
-0.113763
-0.564593
0.414607
0.991159
-0.371492
-0.453472
0.593086
-2.170775
0.682606
0.602712
-0.376763
-0.637135
-0.568495
-0.200955
0.066551
0.359026
0.691047
0.100252
-1.083891
1.654034
0.043166
0.305505
1.512417
1.445793
0.458466
-0.619951
1.001588
-0.655462
-1.447975
-0.236350
0.660021
-0.137482
1.322662
1.100115
-0.494491
1.436723
0.000615
1.657570
0.324455
-0.021850
0.134945
0.083524
0.677267
-0.004992
-0.284895
0.930209
-0.786360
-0.087458
-0.180780
0.301444
-0.307789
-0.424604
-0.517687
-0.159804
-0.932718
-0.282266
-0.102997
0.232835
0.053180
0.913661
-0.318759
-0.012667
0.210906
-0.245219
0.076489
0.645166
0.289225
0.157143
0.894614
-0.018914
-0.219468
-0.876605
-0.499139
0.852025
0.568621
0.579293
-0.903790
0.339882
0.382404
-1.145570
0.258095
0.183657
0.265520
0.056729
0.093433
-0.299561
0.468554
-0.439305
-0.182640
0.741201
-0.555125
-0.677546
0.215913
-0.748116
-1.111264
1.887035
0.419233
0.863370
-0.309275
-0.139789
0.386597
0.560202
-0.677509
-0.584377
-0.431583
-1.282174
0.102398
-0.602852
0.370605
0.264077
-0.282457
-0.362888
-0.612294
0.561079
1.345681
-0.311770
-0.605919
0.040141
0.129279
1.258443
0.586026
-0.119309
0.723005
-0.520255
0.862861
-0.441855
0.546703
0.378943
0.321754
-0.290802
0.756079
0.845590
0.159491
-1.025862
0.226229
-0.706247
-0.909922
0.353237
-0.028132
0.159977
1.049508
-1.507788
-0.688248
-0.429440
0.222825
-0.816707
1.012810
-0.164088
1.995808
-0.441517
1.133158
0.302498
0.888816
-0.079253
0.333571
0.798845
-0.920908
1.888608
0.508172
0.396593
0.905582
-0.108892
-0.229009
0.639728
0.487857
-0.431100
-0.095566
-0.390722
-0.662629
0.352691
0.838288
0.101785
-0.454107
-1.214151
0.870836
-1.204492
0.206701
1.053234
-0.094233
-0.388909
0.403475
-0.182911
-0.434458
-0.349778
0.730172
1.147598
-0.286241
-0.647682
-0.720838
0.593827
0.079777
0.310507
-0.934685
1.269555
0.063119
0.453472
0.840065
-0.202490
1.262076
-0.280101
-0.313350
1.156180
-0.270623
0.656709
-0.135689
0.354909
0.692362
-0.512140
1.030243
1.000530
-0.045158
-0.428605
0.488775
1.018903
0.438767
-0.214263
1.277892
-1.267148
-0.455834
0.504907
-0.753475
-0.378861
1.075860
0.714727
1.995808
-0.479667
1.038692
0.667564
1.087563
-0.232249
1.099012
-1.521139
-0.953219
0.090335
-0.931984
0.184223
0.021398
0.442978
-1.245631
0.458135
-0.568759
0.550585
1.995808
0.970214
1.155177
-0.728584
-0.841084
-0.586847
0.726972
-0.461389
1.669865
0.208691
0.844001
-0.496866
0.067015
-0.123483
0.065850
0.199902
0.154267
-1.010978
1.113644
1.430914
-0.002501
0.100180
1.240150
-1.018089
0.137943
-0.756477
-0.242195
0.628304
0.941933
0.209329
0.003440
0.293378
0.253175
0.849206
0.548660
0.980829
-0.207206
-1.281880
-0.338171
0.292169
-0.204359
0.900682
-0.502951
-0.377036
1.995808
1.376715
0.025431
0.815743
-0.609050
1.319720
0.302727
-0.335058
0.860317
1.998314
-0.437291
-0.087400
-0.956156
0.573648
1.157432
-0.943426
-1.322486
-0.488712
-0.046050
0.705105
-0.335165
0.870105
1.570561
-0.643493
-0.408116
-0.193187
0.550469
0.552684
-0.949633
-0.899228
-0.401439
0.098076
0.343905
1.121865
0.071689
0.655859
0.763524
-0.630937
-0.308603
1.093537
0.498345
-0.331224
0.878575
-1.053917
1.081535
-0.168164
0.202485
-1.242739
-0.776041
-1.024549
0.954944
-0.873197
-0.522865
-2.183656
0.504375
-0.096136
-0.527460
0.313049
0.939468
-0.415992
-0.176350
1.185857
-0.137393
0.071980
-0.390825
0.406005
1.455474
-0.449342
-0.733571
1.101967
1.096081
1.237233
-0.621068
1.111199
0.484904
-0.410176
1.238687
0.241331
-0.151099
-0.657233
-0.313558
-0.648155
-1.213019
-0.547732
0.074983
-0.350731
0.087146
0.235869
0.000089
-0.038449
-0.158000
-0.014036
-0.415357
-1.158032
-1.057722
0.234413
0.806042
0.572813
0.098001
-0.453240
-0.193738
-1.454488
0.415941
0.877555
1.233331
1.374225
0.736504
-0.829135
0.971339
1.286214
0.501146
-0.940519
0.736741
0.014124
-0.420951
-0.536144
0.219849
0.562482
0.868224
0.008841
1.792638
-0.120425
-0.228960
0.269368
0.061626
-0.061697
0.284709
0.054465
-0.355497
0.598567
0.282109
-0.710294
-0.300436
-0.108162
-0.797634
0.402400
0.750647
0.319009
-0.103502
0.411256
1.063770
-0.153916
-0.653078
-0.112466
1.848950
-0.661805
0.458735
-0.507159
-0.606272
1.071053
-0.778750
0.716516
1.053365
0.220116
0.207735
0.458956
0.943113
0.044763
-0.018201
-1.773897
1.352875
-0.279191
0.544914
0.050384
0.716458
-1.344635
-0.896006
0.291717
0.146108
0.224038
-0.394439
1.095205
0.433110
-1.291372
-0.251866
0.216156
-0.529825
0.638102
-0.823555
-1.597144
0.173458
1.082948
-0.494251
0.004705
0.371529
0.151900
-0.360173
-1.295288
0.050467
-0.172002
1.359919
0.354980
1.739254
-1.042603
0.843751
-0.310256
0.435072
0.361288
-0.322511
-0.347687
0.086274
-0.408463
0.361990
-0.249750
-0.550884
-0.589627
-0.458758
-1.089330
-0.540117
0.766371
0.557276
-0.089270
0.084650
0.559650
0.738263
0.920428
0.046913
-1.094582
0.094876
0.080028
-0.530264
-0.999486
-0.271628
-0.405246
0.281801
1.775809
-0.207502
0.447589
-0.330081
0.919302
-1.098149
0.260142
0.940352
-0.657446
-0.495178
-0.798789
-0.265241
1.011166
0.580258
0.943391
1.481786
-0.552328
-0.133555
1.010488
0.927280
0.276923
0.228804
1.399891
0.242305
0.444902
-0.186863
0.766845
-0.554058
-0.679341
1.558430
0.255344
0.352267
1.059114
-1.185773
0.796768
-0.423701
-0.112816
1.192381
-0.217987
-0.415919
0.165165
-0.549208
1.486274
-1.015726
-0.454090
0.756172
-0.306960
0.512192
-0.587093
0.675112
0.572229
-1.342494
0.412837
-0.600062
0.432421
0.617979
0.350446
0.574433
1.426510
1.153068
1.900715
1.106651
0.730282
0.196239
1.203346
-0.133186
0.184927
-0.689719
1.097556
0.170135
0.363484
-0.195669
-1.075279
-0.538703
-0.208144
-0.209267
-0.307109
0.074052
1.800746
-0.010267
-0.323251
-0.423359
1.351365
0.219461
-0.082654
-0.626399
0.389754
-0.632715
-0.072744
-0.159939
-0.282914
-0.114688
0.677079
0.793122
1.212082
0.506838
1.223166
-0.571752
0.767589
-0.566674
-0.518765
-0.499764
-0.476539
-0.944640
-0.079461
-0.767832
-1.189522
-0.878722
-0.958401
-0.305827
0.294303
-0.175945
-0.008163
-1.021365
1.120654
-0.146646
-0.796321
-0.125300
0.159348
0.026457
-1.371244
0.151374
-1.061273
0.247136
-0.344123
-0.641981
-0.253105
-1.197949
-0.662386
0.151722
-0.765312
-0.698353
-0.000920
-0.106867
-0.807697
-1.083896
-0.795733
0.416994
-0.747052
-0.219182
-0.130050
-0.354207
-0.083710
-0.192329
0.925389
-0.076178
1.677518
0.221837
-0.819119
0.176480
0.439148
-0.168292
-0.168306
-0.086450
1.821409
-0.224283
-1.050330
-0.429868
-0.377522
-0.637392
-0.367121
-0.756603
0.100821
0.220166
-0.349989
-0.082611
0.220681
-0.303215
-0.820963
0.261371
0.580956
0.305910
-0.103333
-0.514121
-0.247760
0.133553
-0.091022
-0.286843
-0.228402
-0.167738
-1.316382
-0.563192
0.192820
-0.519659
0.292487
0.035983
0.181873
0.058376
-1.253754
-0.706272
-0.179713
0.305869
-0.317069
0.271670
0.038892
-0.020314
1.378365
-1.044009
-0.736995
-1.159051
-1.218798
0.924276
0.815017
-0.517364
-0.392887
0.219920
-1.135954
-0.488735
-0.121212
-0.670260
0.235874
-0.394573
-0.134906
0.023782
1.578974
-0.034457
-0.560931
0.501624
-0.649905
-0.076181
-0.576753
0.158503
0.197202
1.716644
0.173825
0.710501
1.640453
-0.289885
-0.746530
0.684895
0.129880
-0.583707
-0.426016
-0.037269
-0.859736
0.077428
-0.092150
0.825488
0.623330
0.203768
-0.220082
0.049840
-0.837258
0.341715
0.242965
-0.733167
-0.694178
-1.037183
0.154120
-0.348098
1.185621
-1.269803
-0.482093
-0.503581
0.504174
0.122140
0.662990
-0.241966
-0.245592
-1.183881
0.021036
0.534092
1.435990
-0.102825
0.193206
-0.578062
0.281152
-0.251760
-0.676499
-1.050117
-0.376988
-0.860576
-0.295037
-0.088826
-0.065287
0.004685
-1.020097
-0.283792
-0.944782
0.518898
-0.389147
-0.336734
-0.704227
0.343413
0.391779
0.125820
-1.009040
-0.439705
0.325166
0.153760
0.702400
0.509241
-0.934263
-0.420185
-0.583732
-0.248536
-0.948735
0.673059
-0.791260
-1.058040
-0.173787
0.228630
0.073705
0.201160
0.572423
0.099933
0.225594
-1.028074
-0.584523
-0.387168
0.032512
-0.337703
-0.118329
0.562745
1.092606
-0.944164
-0.169251
-0.235478
0.488294
-0.387459
-0.338798
0.399623
0.113604
0.562701
-0.388223
-0.073896
-0.591403
-0.776375
0.119574
-0.269048
0.444936
-0.574594
-0.596830
-0.714665
-0.152072
-0.693068
0.011724
-0.040713
0.315631
-0.374531
-1.404105
0.859643
0.571264
-0.670909
0.146940
-1.227904
-0.076469
-1.715162
-0.674608
0.121493
1.199907
-0.005856
1.105994
-0.281858
-0.598695
0.948087
-0.967859
0.296769
-0.332856
0.014009
-0.181973
0.366939
-0.496377
-0.904131
0.357753
0.708100
-0.347292
-0.024260
-0.049902
-0.155388
-0.527647
-1.286041
-0.136407
-0.983925
-0.041997
0.237070
-0.997495
-0.906800
-0.001271
0.036128
-1.162605
0.337732
-0.923820
-1.048630
-1.638147
-0.376710
0.424167
-0.028487
-0.556608
-0.924509
0.266105
-0.399161
-0.214858
0.771625
-1.044170
0.235745
-0.366699
-0.903838
-0.407003
-0.402644
0.190184
1.492732
-0.908225
0.058003
-0.431377
-0.685183
0.143324
-0.409258
0.183813
-0.192189
0.054273
-0.239155
-0.020596
0.164170
-0.476011
-0.783907
0.428509
-0.845010
-0.514065
0.791883
-0.164321
-0.208025
-0.881129
-0.183593
-0.138891
0.444491
-0.230165
0.563421
0.333603
-0.710169
0.774464
0.131507
-0.641091
-0.491239
0.798448
0.283264
-0.300117
-0.037896
-0.485794
-0.661660
-0.635779
0.220908
-0.385065
-0.063011
0.450981
0.068491
-0.668722
-0.758779
-0.085219
-0.147102
-0.164450
-0.487731
-0.355638
0.276808
0.289647
0.200033
-1.143336
-0.192391
-0.044281
-0.279324
-0.995721
0.175846
1.225188
-0.272199
-0.062738
0.710499
-1.383449
0.606270
0.200550
-0.182625
-0.136171
0.014660
-1.191069
-0.462006
0.290368
1.011754
-0.181001
0.108424
-0.449888
-0.068357
0.025287
0.068643
-0.426671
0.117153
-0.166333
-0.271448
-0.477992
-0.269100
-0.301114
-0.171827
-0.412854
-0.068675
-0.846114
0.422529
-0.051441
-1.384706
0.326894
0.035115
-0.357535
-0.002550
0.152075
0.111186
-1.212865
0.554681
0.028986
0.123083
0.517063
-0.667676
0.498985
0.039489
-0.621977
-0.381024
0.454122
-0.651431
0.366337
-0.772199
0.248960
0.080118
0.311073
0.665493
1.038677
-0.801193
-0.127463
-0.356824
0.208087
0.302245
-0.061815
-0.708207
-0.928291
-0.956550
1.285834
-0.525555
-1.264870
0.037821
1.507387
-1.155930
0.143092
0.360687
0.699788
-0.306229
-0.868555
-1.049878
-0.430667
0.601137
0.015090
0.157019
0.526217
-0.559110
-0.027685
0.259764
-1.593881
0.409678
0.047914
0.217271
0.472869
-0.110342
-0.633477
-0.055281
-0.353824
-0.340952
0.597910
-0.116046
0.002949
-0.122048
0.524395
-0.284038
-0.448750
-0.168332
0.691349
-0.656508
-0.407735
0.257161
-0.078178
-0.597486
-0.028447
1.883726
-0.037378
-0.168926
0.038146
0.639939
-0.434942
-0.384835
-0.181492
-0.330639
-0.196132
-0.467797
-0.264526
-0.840960
-1.032554
-0.063904
-0.972622
0.056178
-0.176879
-0.043151
-0.609195
-1.027496
0.448321
0.383188
-1.046044
-0.153915
0.180597
-0.171410
0.003063
-0.658894
0.178797
-0.550504
-0.420566
0.166051
0.148548
-0.571672
0.142496
-1.206706
-1.174959
0.022873
0.257387
0.185195
-0.794165
0.442274
0.227220
0.875045
0.529203
1.054916
0.967472
-0.028263
-0.810115
1.193890
-0.239038
-0.876813
-0.524972
0.938603
0.205944
0.143382
1.255390
0.604142
0.792028
-0.434568
0.372548
-0.842674
-0.602567
0.056810
-0.196062
-0.658712
0.227950
0.905484
-0.396499
-1.237839
-0.090813
-0.012431
0.028930
1.887366
1.131236
0.268570
-0.571376
0.909850
-0.652890
-0.856782
0.464084
-0.757362
0.707667
-0.706628
-0.196225
-1.466137
0.251535
-1.159054
0.278072
-0.183636
0.570235
-1.301156
-0.636452
-1.970704
-0.250686
0.654720
1.323716
0.386881
0.382582
-0.212492
-0.655808
0.934633
0.521384
-0.290464
0.282785
-0.177689
-0.074369
0.723251
0.071283
-0.907134
0.846366
0.953009
-0.416648
-0.168133
-1.194206
0.202495
-0.991703
0.049590
0.499956
-1.238489
-0.301470
0.283060
0.271739
-0.788926
0.078182
1.592279
-0.651871
0.695385
0.051201
-0.610688
-0.230110
-0.411981
-0.200728
0.342680
0.263654
0.143584
0.497669
-0.245654
-1.160846
0.821470
-0.173274
0.566275
0.564281
-0.486635
-0.015852
-0.246188
-0.033502
-0.760996
0.143213
0.540576
-0.201489
-0.771517
-0.209424
-0.029546
-0.155433
0.591600
0.186152
-0.362352
-0.099583
-0.182203
-0.375618
0.388400
0.333118
0.045134
-0.048997
0.201522
-0.245743
0.034141
-0.474738
0.106018
-0.684128
-0.105282
-0.517109
0.531444
0.058329
-0.082266
-0.232180
0.314410
-0.060576
-0.041511
-0.563382
-1.134752
0.484820
-0.378036
0.262936
1.132107
0.192544
-0.030896
0.604201
1.314951
-0.362739
0.472217
-0.505610
0.080900
-0.533746
1.209725
0.226910
-0.322307
0.373740
0.153656
-1.466695
-0.183488
1.092224
-0.429335
-0.253436
0.248440
0.044826
-1.100080
1.025338
0.500767
-0.443277
-0.915855
0.331272
0.622324
0.319825
0.624383
-0.793234
-0.582117
0.079591
0.667343
0.767141
0.580858
-0.670831
-0.950096
0.520849
0.230877
1.197769
-0.721614
0.245739
0.130901
0.544729
-0.931336
-0.296992
1.287304
0.666091
-0.382339
-0.846745
-0.156544
-1.005450
0.396693
0.410522
-0.920499
0.681970
1.097424
0.457265
-0.285850
-0.229005
0.396801
0.131613
0.658523
-0.032968
0.883698
-0.895445
-0.538444
0.998933
0.268110
0.689907
-0.509552
-0.091050
-0.527416
-0.419632
0.357619
0.169887
-0.268627
-0.016443
0.835627
-0.724441
-0.632708
-0.963655
0.196113
0.042364
1.012969
-0.315599
0.286011
-0.053818
-0.772442
-0.171993
-0.465256
-0.083014
0.084797
-0.702189
-0.414116
0.711333
0.383676
-0.819525
-0.370275
-0.715484
0.220614
-1.224388
0.301405
-0.544585
0.146412
-0.865057
-1.361997
0.493812
0.213595
-0.088944
-0.804145
-0.440246
-0.345225
0.417898
-0.435955
-0.767807
0.467709
0.824702
-0.555342
0.992768
0.398745
0.694071
-1.018779
-0.979025
-0.314329
-0.985330
0.543896
0.278260
0.494161
-0.483987
0.333703
0.496085
0.951112
0.106209
0.766040
-0.293006
0.817443
0.417577
-0.097662
0.653524
-0.411171
-0.262490
-0.879989
0.023879
0.945837
-0.079842
0.609622
-0.143897
-0.728580
-0.413818
-0.089988
-0.596571
0.144106
-0.568254
0.341875
-0.455131
-0.210356
0.494494
1.117736
0.166388
0.811417
0.213230
-0.582501
-0.033771
0.209961
0.153236
0.016092
-0.170773
0.770283
0.093855
0.421230
0.290818
-0.491037
1.122033
0.159495
-0.956311
0.337509
-0.426896
-0.102095
0.811345
-0.529082
-0.232246
-1.383888
0.096422
0.629411
-0.062907
0.041266
0.452178
-0.218035
1.050074
0.430104
-0.717294
-0.012232
