0.001926 0.140493 0.146249
0.004544 0.141786 0.148385
0.007146 0.143092 0.150538
0.009729 0.144398 0.152791
0.012315 0.145727 0.155072
0.014874 0.147054 0.157413
0.017429 0.148409 0.159767
0.019957 0.149768 0.162163
0.022491 0.151154 0.164599
0.024998 0.152537 0.167095
0.027510 0.153950 0.169625
0.030000 0.155353 0.172243
0.032488 0.156783 0.174916
0.034952 0.158211 0.177642
0.037414 0.159664 0.180403
0.039847 0.161113 0.183209
0.042263 0.162587 0.186042
0.044662 0.164070 0.188912
0.047068 0.165587 0.191816
0.049460 0.167117 0.194763
0.051836 0.168660 0.197750
0.054195 0.170210 0.200802
0.056517 0.171746 0.203926
0.058841 0.173304 0.207114
0.061152 0.174872 0.210350
0.063458 0.176463 0.213650
0.065745 0.178087 0.216912
0.068020 0.179730 0.220206
0.070284 0.181408 0.223487
0.072540 0.183108 0.226801
0.074778 0.184821 0.230158
0.077004 0.186547 0.233566
0.079225 0.188278 0.237083
0.081429 0.190015 0.240650
0.083627 0.191788 0.244232
0.085835 0.193590 0.247869
0.088034 0.195423 0.251509
0.090199 0.197284 0.255093
0.092375 0.199185 0.258700
0.094556 0.201129 0.262312
0.096696 0.203066 0.265940
0.098868 0.205052 0.269628
0.101034 0.207050 0.273380
0.103196 0.209077 0.277163
0.105386 0.211162 0.280942
0.107568 0.213274 0.284721
0.109765 0.215423 0.288533
0.111941 0.217613 0.292254
0.114142 0.219857 0.295974
0.116364 0.222148 0.299698
0.118593 0.224475 0.303403
0.120851 0.226855 0.307124
0.123123 0.229249 0.310918
0.125409 0.231671 0.314730
0.127745 0.234168 0.318513
0.130071 0.236672 0.322294
0.132420 0.239213 0.326077
0.134856 0.241884 0.329729
0.137287 0.244563 0.333363
0.139783 0.247319 0.336948
0.142287 0.250108 0.340472
0.144859 0.252949 0.344012
0.147496 0.255828 0.347606
0.150166 0.258724 0.351214
0.152904 0.261675 0.354807
0.155695 0.264686 0.358286
0.158541 0.267723 0.361763
0.161452 0.270838 0.365098
0.164445 0.274010 0.368359
0.167507 0.277200 0.371651
0.170621 0.280407 0.374890
0.173835 0.283692 0.378014
0.177139 0.286990 0.381202
0.180553 0.290332 0.384346
0.184061 0.293712 0.387425
0.187635 0.297099 0.390434
0.191328 0.300529 0.393417
0.195155 0.304009 0.396358
0.199021 0.307469 0.399190
0.202983 0.310940 0.401949
0.207066 0.314439 0.404669
0.211261 0.317955 0.407331
0.215590 0.321495 0.409966
0.220074 0.325061 0.412539
0.224643 0.328609 0.415051
0.229319 0.332156 0.417524
0.234145 0.335727 0.419944
0.239088 0.339284 0.422394
0.244081 0.342811 0.424625
0.249197 0.346332 0.426861
0.254435 0.349853 0.429033
0.259827 0.353376 0.431239
0.265322 0.356903 0.433332
0.270959 0.360402 0.435454
0.276669 0.363872 0.437561
0.282530 0.367366 0.439578
0.288454 0.370830 0.441528
0.294520 0.374303 0.443517
0.300622 0.377710 0.445453
0.306805 0.381109 0.447349
0.313129 0.384525 0.449240
0.319548 0.387945 0.451132
0.325979 0.391300 0.453095
0.332505 0.394658 0.454915
0.339199 0.398069 0.456815
0.345908 0.401435 0.458644
0.352663 0.404797 0.460459
0.359487 0.408164 0.462278
0.366363 0.411522 0.464191
0.373276 0.414873 0.466102
0.380236 0.418244 0.467973
0.387225 0.421596 0.469842
0.394253 0.424970 0.471700
0.401281 0.428333 0.473658
0.408307 0.431690 0.475586
0.415401 0.435084 0.477559
0.422496 0.438494 0.479571
0.429595 0.441891 0.481643
0.436718 0.445324 0.483764
0.443871 0.448798 0.485901
0.451022 0.452263 0.487986
0.458175 0.455760 0.490113
0.465315 0.459282 0.492234
0.472407 0.462773 0.494366
0.479522 0.466326 0.496598
0.486574 0.469842 0.498866
0.493630 0.473399 0.501176
0.500697 0.476984 0.503396
0.507741 0.480598 0.505730
0.514696 0.484159 0.508026
0.521779 0.487845 0.510356
0.528808 0.491496 0.512637
0.535874 0.495206 0.514939
0.542898 0.498915 0.517245
0.549979 0.502694 0.519585
0.556974 0.506409 0.521706
0.563798 0.510076 0.523963
0.570562 0.513705 0.526303
0.577367 0.517383 0.528545
0.584041 0.521006 0.530863
0.590800 0.524690 0.533136
0.597799 0.528523 0.535310
0.604809 0.532388 0.537483
0.611718 0.536177 0.539569
0.618578 0.539961 0.541657
0.625391 0.543717 0.543545
0.632172 0.547470 0.545490
0.638820 0.551158 0.547573
0.645382 0.554809 0.549489
0.652075 0.558522 0.551436
0.658718 0.562227 0.553448
0.665430 0.565988 0.555369
0.672108 0.569704 0.557005
0.678951 0.573522 0.558460
0.685690 0.577300 0.559891
0.692342 0.581014 0.561361
0.699119 0.584818 0.562876
0.705727 0.588542 0.564543
0.712362 0.592286 0.566005
0.718993 0.596035 0.567416
0.725610 0.599793 0.568807
0.732246 0.603550 0.570092
0.738952 0.607377 0.571269
0.745585 0.611159 0.572383
0.752123 0.614905 0.573407
0.758668 0.618669 0.574330
0.765239 0.622472 0.575234
0.771719 0.626221 0.576078
0.778364 0.630100 0.577071
0.784897 0.633913 0.578064
0.791437 0.637759 0.579010
0.798000 0.641635 0.579841
0.804513 0.645510 0.580656
0.810890 0.649311 0.581213
0.817360 0.653203 0.581753
0.823745 0.657049 0.582287
0.830125 0.660923 0.582750
0.836383 0.664747 0.583176
0.842584 0.668562 0.583622
0.848812 0.672413 0.584216
0.855160 0.676365 0.584649
0.861388 0.680253 0.584995
0.867590 0.684156 0.585333
0.873818 0.688105 0.585659
0.879951 0.692003 0.585877
0.886056 0.695915 0.586089
0.892219 0.699891 0.586298
0.898338 0.703844 0.586425
0.904336 0.707753 0.586552
0.910211 0.711609 0.586651
0.916190 0.715545 0.586725
0.922132 0.719476 0.586775
0.928129 0.723467 0.586828
0.933890 0.727313 0.586805
0.939771 0.731265 0.586814
0.945618 0.735193 0.586748
0.951281 0.739029 0.586689
0.956920 0.742862 0.586611
0.962655 0.746775 0.586543
0.968302 0.750625 0.586403
