0.050759 0.089377 0.123558
0.053654 0.090601 0.125552
0.056500 0.091854 0.127471
0.059296 0.093032 0.129656
0.062142 0.094283 0.131815
0.064901 0.095481 0.134079
0.067672 0.096759 0.136224
0.070356 0.098008 0.138395
0.073112 0.099332 0.140577
0.075779 0.100600 0.142864
0.078515 0.101953 0.145130
0.081197 0.103227 0.147642
0.083917 0.104548 0.150198
0.086565 0.105824 0.152844
0.089253 0.107161 0.155482
0.091849 0.108447 0.158179
0.094405 0.109763 0.160797
0.096935 0.111083 0.163438
0.099545 0.112492 0.166068
0.102135 0.113906 0.168730
0.104697 0.115319 0.171422
0.107233 0.116700 0.174252
0.109642 0.117962 0.177253
0.112111 0.119251 0.180387
0.114573 0.120530 0.183615
0.117052 0.121812 0.186948
0.119487 0.123177 0.189993
0.121903 0.124552 0.193046
0.124310 0.125999 0.195913
0.126720 0.127461 0.198808
0.129088 0.128889 0.201771
0.131438 0.130288 0.204848
0.133812 0.131604 0.208295
0.136147 0.132861 0.211876
0.138471 0.134147 0.215386
0.140882 0.135455 0.219065
0.143277 0.136790 0.222668
0.145523 0.138137 0.225946
0.147838 0.139534 0.229255
0.150192 0.140985 0.232514
0.152356 0.142299 0.235786
0.154690 0.143675 0.239266
0.157012 0.144966 0.242999
0.159292 0.146209 0.246785
0.161704 0.147559 0.250539
0.164062 0.148878 0.254274
0.166479 0.150194 0.258130
0.168746 0.151545 0.261582
0.171102 0.152954 0.265031
0.173515 0.154387 0.268505
0.175923 0.155829 0.271933
0.178389 0.157280 0.275400
0.180878 0.158615 0.279241
0.183357 0.159894 0.283197
0.185989 0.161282 0.287077
0.188479 0.162556 0.290997
0.190984 0.163804 0.294988
0.193769 0.165368 0.298484
0.196399 0.166822 0.301979
0.199217 0.168401 0.305380
0.201896 0.169951 0.308547
0.204755 0.171518 0.311911
0.207760 0.173026 0.315623
0.210738 0.174438 0.319514
0.213835 0.175876 0.323434
0.216979 0.177424 0.327014
0.220198 0.178935 0.330784
0.223408 0.180582 0.333958
0.226774 0.182318 0.337025
0.230221 0.183973 0.340382
0.233672 0.185613 0.343724
0.237266 0.187404 0.346671
0.240957 0.189075 0.350010
0.244871 0.190803 0.353405
0.248894 0.192579 0.356696
0.252927 0.194355 0.359923
0.257136 0.196161 0.363167
0.261558 0.198034 0.366354
0.265823 0.199876 0.369321
0.270184 0.201756 0.372220
0.274684 0.203666 0.375082
0.279306 0.205615 0.377882
0.284097 0.207593 0.380694
0.289189 0.209669 0.383514
0.294303 0.211740 0.386321
0.299454 0.213812 0.389077
0.304859 0.215980 0.391787
0.310344 0.218093 0.394760
0.315685 0.220305 0.397061
0.321131 0.222508 0.399489
0.326704 0.224783 0.401801
0.332554 0.227092 0.404445
0.338403 0.229493 0.406657
0.344542 0.231928 0.409308
0.350596 0.234330 0.411954
0.356899 0.236914 0.414334
0.363120 0.239517 0.416514
0.369552 0.242187 0.418918
0.375886 0.244840 0.421320
0.382193 0.247534 0.423549
0.388769 0.250378 0.425839
0.395410 0.253289 0.428126
0.401906 0.256105 0.430843
0.408533 0.259114 0.433036
0.415501 0.262300 0.435488
0.422391 0.265532 0.437774
0.429210 0.268802 0.439914
0.436111 0.272174 0.442065
0.443056 0.275582 0.444634
0.449978 0.279049 0.447153
0.456876 0.282604 0.449371
0.463852 0.286268 0.451686
0.470807 0.290011 0.453817
0.477681 0.293744 0.456336
0.484442 0.297494 0.458632
0.491388 0.301426 0.461069
0.498221 0.305369 0.463517
0.505126 0.309407 0.466321
0.512027 0.313528 0.469178
0.518944 0.317753 0.471938
0.525922 0.322093 0.474531
0.532838 0.326476 0.477144
0.539632 0.330862 0.479560
0.546349 0.335245 0.482094
0.553048 0.339696 0.484844
0.559634 0.344111 0.487843
0.566188 0.348578 0.490875
0.572783 0.353135 0.493434
0.579255 0.357670 0.496369
0.585527 0.362086 0.499242
0.592189 0.366864 0.502069
0.598793 0.371617 0.504808
0.605504 0.376504 0.507540
0.612082 0.381321 0.510265
0.618849 0.386329 0.513062
0.625444 0.391172 0.515032
0.631270 0.395466 0.517454
0.637031 0.399719 0.520452
0.642915 0.404061 0.522962
0.648305 0.408050 0.525855
0.654061 0.412310 0.528614
0.660813 0.417304 0.531008
0.667565 0.422294 0.533384
0.674114 0.427073 0.535630
0.680424 0.431661 0.537894
0.686585 0.436068 0.539359
0.692650 0.440408 0.541204
0.698211 0.444365 0.543804
0.703367 0.447988 0.545691
0.709277 0.452125 0.548042
0.714931 0.456071 0.550749
0.720820 0.460151 0.553113
0.726807 0.464222 0.554533
0.733446 0.468673 0.555213
0.739600 0.472781 0.555870
0.745636 0.476759 0.557055
0.752161 0.481043 0.558530
0.758031 0.484882 0.560883
0.764077 0.488803 0.562494
0.770171 0.492726 0.564060
0.776161 0.496554 0.565624
0.782521 0.500579 0.567080
0.789034 0.504697 0.568056
0.795531 0.508787 0.569123
0.801577 0.512574 0.569871
0.807729 0.516428 0.570345
0.813953 0.520328 0.570822
0.820097 0.524168 0.571393
0.826827 0.528360 0.572631
0.833400 0.532433 0.574223
0.839967 0.536525 0.575676
0.846725 0.540744 0.576778
0.853224 0.544818 0.577873
0.859456 0.548759 0.578157
0.865937 0.552881 0.578336
0.872396 0.556994 0.578821
0.878797 0.561108 0.579039
0.884751 0.564972 0.579234
0.890563 0.568772 0.579654
0.896609 0.572720 0.580875
0.903139 0.577022 0.581411
0.909503 0.581257 0.581862
0.915720 0.585439 0.582309
0.922021 0.589717 0.582724
0.928270 0.594002 0.582960
0.934369 0.598235 0.583180
0.940689 0.602659 0.583402
0.947187 0.607242 0.583543
0.953125 0.611503 0.583685
0.958640 0.615523 0.583801
0.964713 0.619963 0.583894
0.970728 0.624411 0.583965
0.976949 0.629055 0.584041
0.982535 0.633293 0.584040
0.988468 0.637831 0.584075
0.994638 0.642579 0.584034
1.000000 0.646793 0.584001
1.005367 0.651051 0.583950
1.011106 0.655632 0.583910
1.016863 0.660257 0.583799
