0.085827 -0.039179 -0.008192 0.071887 -0.014480 0.089620
0.100144 -0.068991 -0.016181 0.028295 -0.021718 0.082469
0.081564 -0.045615 -0.011230 0.038395 -0.015264 0.094185
0.089779 -0.009585 -0.001487 0.094028 -0.001501 0.097403
0.095198 -0.019926 -0.005076 0.058996 -0.012240 0.092216
0.092349 -0.025850 -0.012192 0.015096 -0.021618 0.085492
0.075254 -0.013547 -0.006576 0.017682 -0.019133 0.094417
0.090843 -0.001532 -0.000392 0.077451 -0.003740 0.097389
0.095349 -0.001060 0.000072 0.075979 -0.007055 0.095491
0.077189 0.002454 0.000531 0.022675 -0.020909 0.090346
0.065115 0.009602 0.001119 0.021991 -0.019603 0.092013
0.085744 0.013170 0.001656 0.073653 -0.005390 0.096364
0.092991 0.003788 0.000607 0.097154 -0.002015 0.096505
0.073379 0.021981 0.002826 0.054514 -0.011480 0.094495
0.067459 0.027005 0.003007 0.043522 -0.011625 0.094270
0.084869 0.015392 0.000981 0.084831 -0.001970 0.096403
0.082890 0.015268 0.001442 0.091194 -0.002136 0.096370
0.076292 0.022821 0.001384 0.081496 -0.001539 0.096195
0.089982 0.007450 -0.000386 0.098187 0.000598 0.096690
0.069329 -0.023865 -0.007102 0.090524 -0.006885 0.093759
0.033133 -0.037444 -0.011946 0.037407 -0.013247 0.104387
0.032681 -0.035010 -0.009695 0.046524 -0.001005 0.123470
0.080154 -0.010731 0.001047 0.099531 0.003428 0.102313
0.080223 -0.013281 -0.005682 0.074985 -0.005900 0.095095
0.041928 -0.018946 -0.017018 0.017439 -0.011623 0.106019
0.054796 -0.025014 -0.018838 0.026462 0.003952 0.120692
0.096866 -0.008884 -0.000420 0.098808 0.006845 0.101403
0.096125 -0.000076 0.000086 0.105792 0.000285 0.096941
0.091194 0.002644 -0.000047 0.089674 -0.002278 0.096716
0.061194 0.016451 0.003149 0.034185 -0.008299 0.100354
0.065047 0.027027 0.011616 0.030929 -0.002337 0.107307
0.089715 0.023107 0.006961 0.087451 0.001915 0.100281
0.095848 0.001143 0.000401 0.105206 0.000188 0.096985
0.091993 0.004256 0.000549 0.100654 -0.000762 0.096768
0.067001 0.031325 0.004617 0.062656 -0.005055 0.096843
0.073605 0.038414 0.007981 0.044353 -0.003959 0.097592
0.086440 0.025095 0.002694 0.085580 0.001774 0.097032
0.095917 0.001229 0.000031 0.105013 0.000309 0.096820
0.081989 0.014687 0.000697 0.092995 -0.000108 0.096470
0.073965 0.025341 0.000517 0.080183 0.002593 0.095898
0.089857 0.009820 -0.001464 0.097748 0.002991 0.096393
0.080714 -0.001779 -0.000822 0.105456 0.000664 0.097860
0.023692 -0.004660 -0.003119 0.095648 0.003214 0.106833
0.022982 0.009651 0.000679 0.109623 0.004656 0.108135
0.082035 0.007669 0.000918 0.112008 0.000462 0.098209
0.090893 -0.006798 -0.002697 0.103871 0.000119 0.096584
0.121117 -0.093319 -0.033361 0.136271 0.004292 0.090772
0.297996 -0.297797 -0.072306 0.328454 -0.017518 0.080441
0.141306 -0.021510 -0.008747 0.148913 0.002662 0.091698
0.097511 -0.000199 -0.000080 0.106843 0.000131 0.096656
0.096182 -0.002002 -0.000230 0.106177 0.000592 0.097020
0.111475 -0.029463 0.002069 0.133969 0.013400 0.101663
0.158306 -0.058204 0.022153 0.201573 0.044405 0.113095
0.137581 -0.000059 0.013956 0.133901 0.011698 0.103598
0.099165 0.000561 0.000979 0.107188 0.000597 0.097209
0.094184 0.000990 0.000241 0.105076 0.000016 0.096935
0.078502 0.015238 0.002493 0.102622 0.001360 0.098205
0.094448 0.037382 0.000755 0.120719 0.007481 0.097399
0.132844 0.022091 -0.001273 0.133462 0.006212 0.095450
0.100762 0.001239 -0.000022 0.108933 0.000588 0.096633
0.090127 0.006253 -0.001477 0.103387 0.000922 0.096073
0.093231 0.015891 -0.007547 0.109650 0.006018 0.093278
0.105690 0.005140 -0.006554 0.117619 0.005028 0.094456
0.097411 0.000016 -0.000640 0.107351 0.000518 0.096600
0.089960 0.002455 -0.000285 0.103975 -0.000368 0.096798
0.050108 0.027823 -0.002969 0.082693 -0.006544 0.095901
0.041324 0.045737 -0.006807 0.060924 -0.013451 0.094634
0.071843 0.024731 -0.000582 0.085640 -0.006910 0.096215
0.094763 0.000345 -0.000766 0.102798 -0.000781 0.096298
0.088277 0.009995 -0.010477 0.061061 -0.010154 0.089221
0.084311 0.016336 -0.018392 0.028800 -0.016128 0.082612
0.091890 0.008757 -0.002103 0.052760 -0.011773 0.093094
0.095521 0.000693 0.000113 0.100909 -0.001056 0.096705
0.095473 -0.001284 -0.000232 0.103328 -0.000269 0.096750
0.092010 -0.018356 -0.001717 0.064077 -0.005914 0.096235
0.100967 -0.034974 0.003721 0.029234 -0.015828 0.096906
0.116117 -0.019363 0.005489 0.057758 -0.009616 0.097339
0.098526 -0.001707 0.000565 0.102393 -0.000747 0.096869
0.085148 -0.012262 -0.004047 0.102998 -0.003125 0.095196
0.108029 -0.044652 -0.011628 0.125295 -0.011550 0.088836
0.140902 -0.026274 -0.006860 0.142904 -0.006712 0.091606
0.101782 -0.001490 -0.000397 0.110395 -0.000487 0.096359
0.092731 -0.001918 -0.002812 0.108742 -0.000690 0.095707
0.099241 -0.011399 -0.012527 0.135306 -0.003364 0.091390
0.110994 -0.009293 -0.009181 0.136455 -0.002095 0.092981
0.098199 -0.000886 -0.000870 0.109260 -0.000167 0.096434
0.093717 0.001759 0.000020 0.103546 -0.000298 0.096811
0.072010 0.023244 0.000268 0.073677 -0.005625 0.096593
0.056519 0.033196 -0.000301 0.043233 -0.012978 0.096048
0.076223 0.021787 0.001114 0.069123 -0.007745 0.096424
0.094794 0.000800 0.000063 0.100087 -0.000762 0.096763
0.082210 0.001753 0.001099 0.037825 -0.011373 0.095577
0.067312 -0.007285 0.004181 0.019502 -0.020850 0.092925
0.084499 -0.007290 0.003246 0.030564 -0.016347 0.094978
0.095076 -0.000124 0.000324 0.094426 -0.002153 0.096696
0.098387 -0.022470 0.002508 0.040770 -0.010779 0.095777
0.144312 -0.074744 0.019422 0.018783 -0.021761 0.093179
0.125615 -0.049354 0.009943 0.032704 -0.017790 0.094983
0.097555 -0.004531 0.000505 0.095722 -0.002408 0.096691
0.098711 -0.014456 -0.000124 0.092760 -0.004265 0.096122
0.141388 -0.069482 0.004345 0.078167 -0.015582 0.093829
0.130048 -0.045126 0.002720 0.098858 -0.011560 0.094987
0.098513 -0.003652 0.000099 0.106107 -0.001199 0.096662
0.095798 -0.003289 -0.000670 0.107002 -0.000933 0.096516
0.102500 -0.019568 -0.002772 0.118320 -0.005584 0.095244
0.103923 -0.015415 -0.001908 0.118989 -0.004726 0.095662
0.096697 -0.001574 -0.000217 0.107269 -0.000545 0.096701
