66.484351
66.749362
63.659349
76.335514
74.274202
50.804840
105.776754
64.109969
83.891157
91.243950
77.875277
80.171564
95.533235
80.418978
84.395024
58.388351
78.511217
96.413296
78.719577
86.615550
80.127772
81.991427
64.009463
72.013694
83.213286
69.700127
77.960741
86.592280
90.168479
62.708026
68.907568
68.844717
68.579700
83.758478
95.630544
79.697399
90.297986
69.331303
80.586655
92.450549
81.833198
97.120902
82.327159
78.971242
90.765706
70.747261
68.919442
68.309765
64.785657
83.439785
77.814949
69.456552
71.661763
88.572852
64.873387
46.928300
89.205038
85.958387
78.730118
42.555929
61.295402
79.355327
87.549804
80.138237
77.693449
71.834811
61.704397
76.664812
79.584829
77.067581
66.919470
74.962569
69.735430
77.087593
73.463152
83.232813
82.074345
87.186804
81.634327
79.713206
76.291193
84.000990
64.839281
68.752567
100.788429
98.608519
91.492839
61.561818
74.565401
81.123833
49.795417
82.991449
68.213044
71.604514
77.731015
100.591749
100.130389
70.252729
81.582691
69.429180
73.873265
56.493748
79.954440
77.795815
75.194040
102.171089
73.040147
56.603692
75.277345
86.692121
75.999087
67.245136
97.250684
84.927256
75.782438
87.438006
70.020511
71.366073
72.041421
102.002565
94.019729
68.640792
96.366811
87.969275
62.794821
65.272669
77.309356
80.741740
69.293667
60.408172
78.575437
77.664626
87.302735
77.625466
58.962511
97.030679
81.477433
60.314743
86.126076
81.825781
65.555550
63.541654
72.160585
68.820533
67.132209
85.411324
68.800094
76.362531
95.247030
91.574927
70.225953
65.306097
104.214197
60.302854
86.976954
81.441016
95.840049
70.786395
71.322725
60.498964
67.766125
72.535990
83.496597
62.949690
87.233198
70.990762
92.926439
80.157755
102.690538
82.582944
54.869175
94.319341
97.844362
73.998623
81.268785
77.703088
81.416770
80.486358
69.650949
88.169982
62.014722
77.435416
67.206386
77.774195
62.715793
69.167094
67.754319
70.564004
63.684975
48.165229
61.554003
75.403496
59.724020
63.977488
65.036637
72.372078
65.555728
85.557556
83.267792
55.903290
90.890781
75.037944
68.703442
64.536095
54.017871
80.811772
75.089302
74.483590
75.228634
71.092944
84.865050
68.720925
99.210126
101.627528
90.479274
67.554816
62.610584
78.460551
71.192586
77.679676
81.806875
74.564892
67.229109
67.043409
81.370785
79.074500
89.336633
69.289962
74.066566
60.241327
66.152453
101.174829
69.462057
81.014330
61.421492
99.718448
83.345695
72.045071
67.381446
66.893860
77.827203
62.262995
71.663108
96.109522
70.797429
90.352432
71.878880
76.722290
87.632533
82.968365
65.534133
68.395570
88.172234
76.028574
73.551133
75.299846
52.120104
85.352865
83.156784
82.062320
77.941603
92.552132
67.799306
68.588640
82.199181
81.124053
83.220932
82.768910
58.482891
65.232480
87.517627
82.569808
71.693167
79.635716
66.230939
86.751436
76.680491
79.131972
80.656805
82.314694
53.834901
53.953158
67.630672
73.062794
95.756810
71.213428
67.095454
85.311422
97.112856
82.181141
87.470384
96.604443
72.938327
67.250501
66.648016
75.079094
57.406541
88.188898
68.464286
67.717755
72.922709
91.941285
86.648446
72.056718
78.117519
67.412388
71.375331
54.196757
96.289914
64.620310
70.792588
83.535624
79.220658
84.763851
73.958654
61.552358
76.248514
52.806242
57.262892
72.658994
81.913271
94.455700
65.235156
78.709271
77.663371
61.309484
51.311300
76.884857
89.360338
81.401998
95.666161
65.304224
83.203478
68.453229
87.577169
67.892011
91.063146
66.831394
62.317384
77.886827
64.334254
74.199001
57.696445
63.214785
63.658907
73.680295
79.581343
89.801037
74.406205
59.643052
68.386232
89.107519
62.505800
87.650760
78.343110
85.323363
78.854278
84.595723
61.488770
62.804616
83.343824
67.425159
62.570716
83.183504
75.108627
76.566180
91.559949
85.478844
90.077670
82.511887
63.663981
103.854382
96.418305
95.075112
54.772628
65.991523
39.362656
88.890362
69.307448
59.516939
80.308369
73.632423
64.044616
77.272081
79.587732
87.445519
72.005763
75.506891
80.326709
83.033703
61.152703
68.654898
75.011037
80.241278
70.874276
72.873847
80.082367
64.809948
66.527231
59.532928
94.428282
56.745388
68.858813
73.386748
66.237557
87.366629
85.551107
66.894018
71.742022
74.259985
66.113818
79.625082
53.601426
63.556043
59.375345
63.881033
107.641672
66.944634
55.674689
89.547513
79.937933
74.850725
79.234577
59.952627
75.807327
72.178509
68.090746
82.616726
77.400601
63.553321
67.176888
89.200261
90.654451
77.291859
81.670637
68.287923
83.951169
61.166591
62.148501
86.597444
76.021395
87.066291
73.407233
61.133016
67.338037
74.473340
61.925544
65.021997
74.485897
77.728946
70.103286
78.283154
58.701918
63.884206
68.977651
73.678935
71.042860
78.569388
78.592430
71.867479
55.853073
78.035880
84.964433
80.079926
81.803213
63.391509
87.445019
61.057044
79.184718
70.398926
63.928231
66.826269
72.050314
69.838911
78.079338
93.442219
70.918383
60.674925
70.102039
74.162530
73.993656
83.501965
89.834965
84.275271
79.170978
66.237287
103.311243
73.581891
62.703652
81.381920
48.963669
74.059559
76.724430
76.615999
79.351206
74.524185
80.271909
69.784551
64.051258
100.832281
64.444545
65.470124
79.146481
77.507942
79.049437
61.740889
91.596816
73.753340
93.124375
65.645043
66.601575
69.496485
71.220826
67.269300
74.573302
79.998615
67.813447
65.893660
90.153795
79.828361
71.210716
69.552700
82.994233
88.144767
74.738720
84.959542
70.169697
71.373184
72.244252
80.021817
99.599278
68.045815
76.545612
80.224625
62.189395
67.328831
55.108677
56.794397
62.445917
69.149259
78.634990
64.064088
63.152951
82.921706
71.358669
70.304213
77.245089
70.621636
79.817168
89.735377
48.941920
98.803516
75.790817
90.324216
94.922336
56.887842
62.192214
68.929254
67.585376
71.881188
66.710905
74.633076
92.973813
57.428916
71.645029
71.117072
54.706955
66.071867
58.891470
84.465385
58.558265
61.173749
63.636901
62.903303
76.588963
65.773365
62.365013
77.932712
67.085931
79.057208
71.099695
68.120199
93.949014
64.482944
88.278402
74.232850
84.161689
70.078070
66.535042
81.934535
63.494619
65.865854
67.074683
80.145981
75.737128
65.286436
90.515440
72.438524
67.598879
63.818237
79.710416
79.129494
62.395969
54.958889
79.562299
75.897363
78.647242
75.265255
68.311662
80.228486
79.757314
69.186413
77.543566
77.371238
72.839894
55.040370
103.007710
82.539472
65.150428
60.580405
80.717803
85.060506
73.038646
56.789026
62.284746
85.156151
68.918314
67.639836
64.341963
62.144633
73.298497
81.839501
63.798600
61.060923
85.567186
84.611115
89.625570
56.890425
63.534846
77.166645
84.880780
90.858991
55.806765
84.796971
74.854588
93.832750
89.358936
84.259748
88.604085
94.495632
94.722599
80.975212
70.101223
70.292356
88.514976
75.295009
77.393559
82.525532
58.569932
76.266177
89.980184
70.021569
75.196488
67.768645
68.743082
63.032119
97.579051
71.321513
75.017560
74.780370
74.518599
75.339274
94.159463
59.590455
78.891486
104.241468
67.144984
65.585997
86.919043
91.716750
68.815531
78.934147
95.015265
89.560218
59.276436
74.361743
76.247571
87.846377
75.690239
79.282464
53.188086
45.102198
79.772285
93.336914
77.170029
78.893839
69.763093
79.449771
69.563644
63.669722
69.865539
109.450220
74.083480
72.800187
76.167467
70.236440
92.042995
82.352771
73.886732
73.524148
70.036908
76.601764
54.993276
68.337648
70.661274
67.383615
76.722232
83.173940
72.657573
69.981957
71.546383
66.681417
61.624061
95.087874
67.571400
83.599113
74.213556
68.371803
64.755980
64.843113
73.131600
63.582111
65.467006
75.444244
58.335430
61.267249
67.041201
50.818234
72.037455
99.407734
39.433618
68.326421
59.911017
62.166907
69.368997
50.826135
74.971872
70.230074
67.514336
69.929866
50.918662
65.484131
66.187813
72.920805
74.124709
77.674128
75.504377
47.608904
68.099176
78.372212
65.049223
82.107114
74.957079
96.489880
50.079575
76.107239
56.213387
81.231535
60.862858
86.327141
78.397994
79.653551
76.061871
65.075101
76.360469
58.437624
64.516045
92.689199
81.906016
79.394074
80.535699
95.474976
80.619176
86.794160
75.995303
88.598672
73.875809
60.418137
80.700932
72.665226
78.690708
78.844033
76.779541
89.499109
73.552716
94.833251
81.007978
81.029049
70.046543
90.259290
76.734817
90.999778
72.677007
93.738270
66.687141
82.623423
73.193525
83.001124
87.069479
94.638908
77.594878
68.273496
62.205671
76.981681
77.663152
79.465873
80.152982
78.679310
72.090427
63.906097
75.837758
52.992694
85.675765
71.433107
68.265999
77.910573
96.501151
84.831445
83.251930
84.527131
87.559772
79.354897
94.565813
75.992948
86.729061
95.590550
79.852320
80.163231
85.583390
85.387999
76.982403
62.884153
68.486784
69.845592
97.455660
76.726936
83.102410
81.346079
73.789947
85.377199
67.464503
74.284584
85.936783
89.415170
81.584714
91.103896
76.755241
79.789509
88.026492
79.468493
90.563652
71.293813
75.164644
89.467226
77.734546
70.238400
61.749127
78.434749
81.518138
75.088562
72.576814
81.279203
78.387160
64.944035
75.791871
89.229570
78.664273
80.682463
77.864411
86.974188
77.703422
78.465094
57.727398
79.318267
84.971508
71.057466
67.689557
78.810197
70.298522
70.925057
71.820145
91.417409
74.754535
71.588218
82.986034
80.160067
70.302106
69.542901
76.449830
79.111847
67.419353
75.019562
97.007610
82.981189
74.494764
85.981844
84.315858
83.536049
85.479982
82.677418
72.448335
81.713843
73.474001
71.142692
75.370920
42.698317
83.323634
76.135866
69.446756
68.105262
84.001077
69.897349
71.401997
93.473386
71.368755
49.547573
79.455054
66.990844
95.146662
83.027040
71.311731
68.290300
87.101817
77.185402
80.445963
67.542629
88.703468
75.269888
118.295825
73.369459
71.994301
89.149309
79.758116
78.604675
79.846884
64.250311
63.205262
77.046261
84.150669
82.219500
79.943890
77.928676
65.339255
85.559556
77.476722
59.318625
62.186474
75.880771
74.144321
81.036662
52.060748
71.338127
81.392505
75.556510
53.987397
78.114501
88.130804
77.883328
94.537980
63.405003
82.565131
84.446167
63.960745
64.774698
82.455817
79.675495
72.483063
74.508143
53.679426
69.746947
83.876589
74.772092
81.490700
86.543369
21.992979
70.434537
83.220178
79.386302
101.930890
83.531520
67.506093
61.420871
81.185715
65.345266
93.215410
93.149614
93.462623
64.761925
56.931846
79.749011
86.711257
86.338866
90.058537
99.659042
84.905691
86.035042
78.933565
73.285027
66.343869
67.042873
75.668385
95.027969
43.749175
95.614661
77.489106
83.939434
69.511407
81.072469
55.478855
73.008744
70.527592
84.125488
63.607993
83.466481
66.933474
84.174817
79.887947
71.597605
93.861218
66.605574
70.671432
50.088147
80.950020
80.680726
81.858418
94.026252
61.180624
63.323517
80.656429
88.826022
94.750935
61.144299
86.078480
73.452399
65.007392
66.582811
67.698837
71.929315
74.429220
68.967277
58.815139
75.499523
93.360241
71.169410
92.230531
77.288836
72.718948
80.222690
63.808701
90.755203
73.435675
70.935194
92.067400
76.087245
82.618240
82.273328
66.504871
71.548679
79.838956
89.124909
85.156453
82.710591
60.055858
85.323246
70.762975
83.176101
70.070555
77.352132
94.816248
68.504510
66.029875
88.593194
70.854206
66.566785
76.598551
78.001520
72.017109
61.175765
71.272486
66.613384
71.618653
78.712840
79.282423
83.158646
76.761142
91.684524
82.489692
60.499294
77.504961
83.316309
67.879227
76.977237
91.614844
72.904635
72.244187
90.510484
80.856937
92.672474
81.567104
65.903554
87.903611
86.848916
84.704254
82.084810
85.590358
53.204145
79.855442
93.068809
109.260835
86.228560
83.105790
70.394098
81.892144
59.710923
77.529845
80.799909
71.237300
86.579142
92.754591
89.685413
81.038713
82.790794
73.385056
91.594326
89.469514
98.319421
70.962743
93.096511
83.322765
78.898625
86.019325
83.670185
86.856883
78.782337
84.933051
84.939269
82.788333
95.781108
97.147358
84.868403
85.061439
64.940458
82.499787
83.514833
84.781031
68.359128
70.378482
80.187641
60.900206
76.630002
80.649332
74.994497
71.620644
82.383701
81.201353
66.711902
84.393979
63.690640
79.441565
83.731501
83.947206
73.886842
71.462630
58.590769
85.513329
77.999004
65.497474
87.875724
90.437296
80.120811
86.930919
86.535144
81.829767
79.846101
85.198274
72.387738
81.371682
71.020322
50.065940
69.931599
60.976687
92.635587
83.934302
80.394020
84.625395
65.320029
64.700608
79.120575
77.553639
82.601673
73.822385
94.762751
71.693141
101.963586
89.084867
81.447399
86.858385
93.083569
82.218336
91.664633
65.949289
95.865840
77.160817
86.096725
79.366372
73.340494
55.485720
94.678755
92.212846
70.264763
69.242830
82.502168
72.295829
92.914151
88.314253
64.869281
70.049258
90.398419
92.341061
87.197413
69.484544
69.365619
69.129536
72.453907
68.086456
77.874341
69.046089
88.453096
86.270865
66.935514
82.268958
81.114691
61.327098
77.910340
84.570153
64.288489
76.906926
81.787964
84.330921
81.213412
87.536219
82.663855
78.992446
81.024846
50.921939
90.445912
89.877470
62.372000
74.103656
93.232889
85.990179
88.403924
78.983711
88.636939
63.637854
74.834528
89.467970
84.973312
77.573661
65.928032
85.541916
65.938616
74.043945
63.913942
65.075715
69.801914
83.707365
77.019179
83.449285
76.796309
95.611072
87.138321
84.122972
82.387005
74.830774
85.428078
66.468274
77.151695
73.224624
83.006979
85.894716
66.015017
67.869115
79.059421
45.874087
65.076933
75.190471
84.477693
80.283708
83.245359
85.224556
87.276650
93.717624
74.316983
68.165762
87.289300
82.669514
94.069562
67.724786
84.996546
77.262418
87.572678
72.707837
55.724923
83.891944
73.507218
71.469831
65.138507
80.220442
56.581256
90.409133
77.814077
80.960837
87.300535
74.624040
63.520616
66.286640
90.088667
67.181370
76.516350
58.334147
68.077866
57.670236
86.797324
70.862295
71.294394
90.932618
67.210613
56.959368
68.917470
70.012288
59.769757
84.015126
87.853883
53.701313
76.956034
72.953160
64.511169
59.450620
67.244446
57.898507
87.828825
55.915635
81.614652
66.072422
97.317044
83.425767
58.068201
88.750217
51.124577
74.725955
63.090541
78.399190
77.633981
67.102000
72.707088
76.749134
65.230322
76.926019
79.191119
79.857564
83.612535
77.607660
80.011406
76.751512
85.663347
78.088550
65.089644
64.207253
66.870384
62.516224
85.424595
68.901559
76.482650
87.700431
71.249685
67.661779
52.567144
61.852986
70.846312
78.860039
63.783298
62.207034
72.892946
64.030236
56.514713
75.681984
75.615180
61.022369
76.952895
87.946334
66.771280
94.819205
89.482381
93.373690
53.129337
73.918914
66.835239
65.959148
87.189090
69.541623
66.641050
80.787386
59.571355
79.571949
64.742960
61.037628
77.235354
79.753524
78.094322
83.055775
78.984357
86.747873
75.633951
86.344919
91.043302
70.254614
85.611292
72.128959
56.151423
68.079195
74.488517
74.407664
70.991820
70.714046
43.672268
70.536963
74.322874
79.394026
69.598801
94.438246
67.571829
66.842663
58.523739
63.179056
68.168630
72.981064
69.018361
42.447919
69.419498
56.529585
64.340367
65.537033
94.662739
63.816419
80.906348
71.379198
69.713854
63.286243
74.282379
70.700609
75.045963
48.615699
76.082519
77.138670
63.589136
80.484694
55.496045
75.676192
71.971195
84.667755
88.001536
69.763636
66.592534
67.843830
68.003709
76.716312
70.803765
63.760145
75.245127
71.898560
59.594043
76.601816
72.067523
76.963983
44.374855
57.832729
68.995787
67.565999
55.983918
71.038696
62.794248
54.230535
65.513074
65.547995
81.336290
52.849371
55.219941
71.609449
52.469678
65.417605
74.288775
67.136721
61.192281
63.809941
71.175595
58.234017
82.499771
89.186109
57.741179
57.786599
66.120263
69.085018
64.840085
56.731922
74.012072
86.642075
72.150568
64.323128
71.317006
58.062849
58.752073
56.853467
63.504532
76.728504
59.076266
62.132053
70.307589
89.118754
80.380337
83.938279
90.742176
98.391157
53.086973
49.531460
74.270378
80.837018
59.277658
81.997133
70.284332
82.963974
72.284530
72.814928
57.355213
81.554980
82.425453
59.613286
78.834040
91.621869
49.650769
81.847184
70.015627
79.912351
73.700108
70.964746
78.301261
111.384960
88.218382
73.947927
86.337755
74.797956
75.135939
64.095349
89.203576
87.326881
62.686939
81.915293
77.577025
88.382269
100.017117
81.531682
81.723676
79.464798
78.012351
41.765436
66.786856
63.391471
98.060058
76.048597
84.734556
80.246876
99.614502
84.190394
94.439403
89.029287
64.360278
79.994133
53.738981
93.214255
77.280778
79.170634
71.613347
80.133803
81.355148
70.025365
81.665033
72.776647
81.581210
48.941776
75.443751
52.621232
76.859709
70.037799
77.175108
79.365276
74.638237
84.962528
83.831796
81.693571
58.606441
77.370429
90.780448
72.737519
65.184370
70.451933
79.536431
91.738666
82.390770
82.302113
78.105563
87.458947
81.502472
59.841784
50.096247
76.049060
86.375012
95.516219
84.437888
82.308462
74.481476
79.244686
87.286596
94.511988
84.578656
83.624551
78.505118
86.838537
61.823660
77.744901
90.287056
84.328137
84.288370
85.401296
62.726666
84.571522
87.215300
64.266936
89.778216
80.399060
81.969222
71.074659
80.890601
