-0.067259 0.221334 0.178408
-0.065039 0.222964 0.180737
-0.062811 0.224595 0.183222
-0.060554 0.226347 0.185560
-0.058364 0.228047 0.187991
-0.056128 0.229838 0.190416
-0.053937 0.231583 0.193041
-0.051708 0.233398 0.195737
-0.049564 0.235161 0.198494
-0.047377 0.237023 0.201244
-0.045277 0.238825 0.204087
-0.043156 0.240735 0.206778
-0.041095 0.242643 0.209519
-0.039011 0.244630 0.212252
-0.036993 0.246585 0.215068
-0.034939 0.248631 0.217905
-0.032897 0.250710 0.220920
-0.030873 0.252820 0.223986
-0.028951 0.254866 0.227132
-0.027053 0.256948 0.230324
-0.025172 0.259076 0.233565
-0.023306 0.261282 0.236745
-0.021377 0.263675 0.239836
-0.019528 0.266069 0.242859
-0.017713 0.268508 0.245846
-0.015944 0.271003 0.248811
-0.014207 0.273476 0.252129
-0.012499 0.275997 0.255506
-0.010842 0.278510 0.259137
-0.009229 0.281062 0.262804
-0.007626 0.283717 0.266463
-0.006049 0.286465 0.270068
-0.004509 0.289336 0.273350
-0.002975 0.292327 0.276536
-0.001480 0.295388 0.279869
-0.000075 0.298435 0.283068
0.001295 0.301537 0.286397
0.002702 0.304794 0.290111
0.004024 0.308046 0.293842
0.005276 0.311308 0.297672
0.006619 0.314903 0.301522
0.007828 0.318417 0.305200
0.009033 0.322091 0.308637
0.010240 0.325962 0.312074
0.011331 0.329728 0.315571
0.012428 0.333666 0.319114
0.013476 0.337663 0.322558
0.014560 0.341887 0.326452
0.015569 0.346110 0.330372
0.016531 0.350388 0.334287
0.017480 0.354776 0.338252
0.018389 0.359275 0.342216
0.019324 0.363972 0.345775
0.020282 0.368872 0.349218
0.021150 0.373677 0.352746
0.022124 0.378882 0.356226
0.023119 0.384259 0.359626
0.023917 0.389256 0.363539
0.024843 0.394693 0.367433
0.025688 0.399973 0.371392
0.026636 0.405673 0.375598
0.027556 0.411314 0.379551
0.028499 0.417025 0.383102
0.029557 0.423046 0.386426
0.030632 0.429124 0.389691
0.031731 0.435239 0.393242
0.032914 0.441439 0.396509
0.034143 0.447869 0.400388
0.035391 0.454194 0.404270
0.036761 0.460685 0.407781
0.038278 0.467332 0.411194
0.039811 0.473940 0.414955
0.041505 0.480780 0.418262
0.043241 0.487449 0.421381
0.045082 0.494138 0.424508
0.047111 0.500943 0.427560
0.049234 0.507746 0.430526
0.051425 0.514477 0.433476
0.053949 0.521538 0.436485
0.056639 0.528545 0.439405
0.059485 0.535565 0.442280
0.062497 0.542542 0.445095
0.065663 0.549489 0.447815
0.068865 0.556102 0.450372
0.072328 0.562738 0.452779
0.076060 0.569470 0.455150
0.079866 0.575951 0.457454
0.083956 0.582509 0.459429
0.088388 0.589063 0.461828
0.093075 0.595595 0.464028
0.097948 0.601962 0.466230
0.102915 0.608067 0.468030
0.108161 0.614138 0.470164
0.113463 0.619838 0.471731
0.119186 0.625625 0.473236
0.124914 0.631061 0.474925
0.131004 0.636467 0.476706
0.137219 0.641664 0.478264
0.143792 0.646735 0.479662
0.150683 0.651723 0.481192
0.157548 0.656361 0.482647
0.164629 0.660847 0.484107
0.172169 0.665265 0.485078
0.179677 0.669320 0.486478
0.187104 0.673097 0.487748
0.194730 0.676647 0.489072
0.202647 0.680086 0.490556
0.210636 0.683292 0.492050
0.218796 0.686315 0.493180
0.227121 0.689159 0.494375
0.235602 0.691843 0.495910
0.244019 0.694242 0.497325
0.252571 0.696494 0.498986
0.261362 0.698613 0.500321
0.270339 0.700591 0.501895
0.279132 0.702345 0.503421
0.288153 0.704001 0.505015
0.297037 0.705447 0.506266
0.305973 0.706782 0.507563
0.314905 0.708007 0.509052
0.323605 0.709060 0.510677
0.332396 0.710046 0.512365
0.341333 0.710977 0.514311
0.350215 0.711805 0.516092
0.359166 0.712606 0.517795
0.368088 0.713338 0.519196
0.377005 0.714044 0.520632
0.385734 0.714700 0.522539
0.394584 0.715369 0.524133
0.403463 0.716019 0.525677
0.411805 0.716645 0.527406
0.419980 0.717256 0.529112
0.427940 0.717877 0.530866
0.435942 0.718540 0.532583
0.443625 0.719215 0.534267
0.451285 0.719913 0.536591
0.459901 0.720825 0.538436
0.468326 0.721782 0.539577
0.476518 0.722796 0.541193
0.485164 0.723972 0.542324
0.493220 0.725158 0.543559
0.499959 0.726202 0.545172
0.506653 0.727323 0.546766
0.513381 0.728520 0.548289
0.520350 0.729869 0.549735
0.527424 0.731346 0.551861
0.534505 0.732922 0.553520
0.542051 0.734744 0.554311
0.550041 0.736825 0.555733
0.556990 0.738719 0.556571
0.564211 0.740813 0.557001
0.571191 0.742959 0.557740
0.577929 0.745123 0.559226
0.584013 0.747205 0.561437
0.590645 0.749583 0.563605
0.597257 0.752041 0.565062
0.603409 0.754429 0.566215
0.610232 0.757154 0.566379
0.616878 0.759914 0.567199
0.623483 0.762753 0.567981
0.630261 0.765782 0.568730
0.636563 0.768660 0.569413
0.642846 0.771643 0.570593
0.649044 0.774614 0.571496
0.655757 0.777941 0.572677
0.662378 0.781295 0.574054
0.669009 0.784736 0.575404
0.675613 0.788184 0.576476
0.681810 0.791497 0.576915
0.688062 0.794843 0.576812
0.694404 0.798283 0.576822
0.700563 0.801677 0.577109
0.707054 0.805300 0.577378
0.713643 0.808992 0.578276
0.720131 0.812694 0.579318
0.726516 0.816315 0.579872
0.733016 0.820040 0.580680
0.739955 0.824014 0.581442
0.747044 0.828064 0.581907
0.753930 0.831983 0.581489
0.760369 0.835706 0.581759
0.766801 0.839384 0.581942
0.773440 0.843183 0.582121
0.780050 0.846976 0.582328
0.786515 0.850650 0.582545
0.793186 0.854434 0.582778
0.799678 0.858126 0.583008
0.805773 0.861560 0.583157
0.812500 0.865314 0.583310
0.819634 0.869247 0.583441
0.826125 0.872831 0.583543
0.832627 0.876391 0.583622
0.838940 0.879843 0.583704
0.845706 0.883458 0.583715
0.852214 0.886941 0.583757
0.858194 0.890112 0.583719
0.865112 0.893708 0.583699
0.871959 0.897229 0.583661
0.878406 0.900536 0.583628
0.884553 0.903644 0.583523
