-0.965837
-0.091590
-0.565711
-0.939237
0.797276
-0.997795
-0.131355
0.881777
1.575116
-1.034532
0.916383
0.125074
-0.940019
0.527624
-0.138450
-0.176687
-0.249023
0.159806
1.635124
2.041640
2.298920
-0.994952
-0.671146
0.418050
-0.685648
-0.855884
-1.070402
1.764686
-0.931817
1.327887
1.244779
-0.890360
1.938545
3.296372
0.033420
-0.991943
1.365865
0.005051
-0.863617
-0.770785
0.095687
-0.237070
0.544714
-1.106855
-1.020989
-0.590918
0.125673
-0.113829
2.407989
1.843453
1.642363
-0.286267
-0.636813
-0.726126
0.193504
-0.442037
0.950751
-0.932689
0.595868
-0.206527
2.550094
1.247227
-0.623134
0.425030
0.236873
-1.003774
1.241885
-1.023402
-1.029815
0.062592
-0.674612
-0.405886
-0.319580
1.679862
-0.740084
-0.816754
-0.838876
-0.463059
-1.005117
0.242380
-1.118941
-0.493742
-0.570579
-0.916754
-0.795342
0.832034
-0.533325
1.054695
1.431402
-0.270606
-0.839567
-0.906549
1.064504
-0.029964
-0.698026
-1.054094
-1.079746
-0.006276
2.626093
-1.003652
0.483835
-0.596606
1.437617
-0.864852
0.531231
-0.978910
1.681118
1.411506
-0.590265
0.015885
0.653619
0.020878
-0.552896
-1.008030
0.976705
-0.750373
-0.444898
-0.808275
-1.045690
-0.325394
-0.974991
-0.987849
-0.029665
0.535278
-0.275099
-0.497968
0.274415
0.862196
-0.753639
0.148188
0.273240
-0.786155
-0.381921
3.258247
0.423558
-0.758511
0.448559
-0.686058
-0.668419
-0.346487
-0.587446
-0.910796
-1.130434
0.579497
0.759811
-0.107430
-0.424735
-0.495936
-0.137167
-1.075298
0.245748
-0.041228
0.677955
-1.006783
-0.772841
1.250800
-0.945437
-0.045265
2.479368
-0.732128
0.568493
-0.369452
-1.119322
-0.763002
-0.746707
-0.603697
0.045821
-0.847916
-0.069424
1.220914
0.047919
-1.039708
-0.482241
1.443987
-0.530890
1.401663
-1.075704
0.619944
1.770436
-0.880213
0.901582
-0.441594
-0.630785
1.270624
-0.173937
-1.083733
0.607940
-0.561419
-0.472993
0.350754
-0.961443
1.118201
-0.486331
-0.538893
-0.081375
-0.714824
-0.370027
3.513641
0.369527
-1.039095
