0.026063
0.244021
0.154076
0.170579
-0.275209
0.412137
0.179989
0.011037
-0.069399
0.234624
-0.438688
0.031307
0.376792
-0.039887
0.123962
0.113222
0.371809
0.213206
-1.540388
-1.540388
-0.125478
0.251426
0.128199
-0.032873
0.128108
0.395025
0.200507
-1.540388
0.260425
-0.095668
-0.152830
0.424504
-0.089188
-0.175557
-0.039852
0.177664
-0.213209
0.151310
0.356457
0.206571
0.044934
0.314301
-0.154284
0.270604
0.254367
0.295864
0.093091
0.027762
-1.540388
-1.540388
-1.540388
0.199509
0.285195
0.234332
0.079847
0.398761
-0.457733
0.452125
-0.021481
0.282578
-1.540388
-0.051041
0.193552
-0.182588
0.108696
0.175628
-0.876737
0.108545
0.226385
0.114064
0.102496
0.342317
0.183770
-0.103701
0.317617
0.218730
0.359592
0.273754
0.213444
-0.056319
0.147743
0.085880
0.326684
0.225961
0.341496
-0.016160
0.214808
-0.515188
-1.540388
0.344135
0.338015
0.317488
-0.532673
0.092849
0.355765
0.399731
0.264912
0.015773
-1.540388
0.260788
0.329186
0.160726
-0.025761
0.360484
0.111190
0.417357
-0.034874
0.034376
0.298173
0.033917
0.006873
0.048712
0.161645
0.343849
-0.131066
0.316802
0.197895
0.221862
0.335906
0.143821
0.391065
0.504291
-0.039755
0.254313
0.173375
0.291445
0.088714
-0.390360
0.250353
0.180569
-0.091416
0.196753
0.193484
-1.540388
0.002579
0.406505
0.022788
0.120805
0.294413
0.215272
0.411460
0.238561
0.078325
-0.024616
-0.284455
0.297447
0.278469
0.265545
0.141728
0.242184
-0.036698
0.228316
0.067039
0.371477
0.113224
-0.901078
0.308663
0.273390
-1.540388
0.198177
-0.239794
0.240959
0.198329
0.418678
0.231372
0.152277
0.017808
0.298647
0.152637
-1.540388
0.104182
0.394779
0.185962
-1.540388
0.184733
-1.540388
0.297691
-0.174629
-1.540388
0.170527
-0.393316
0.369843
0.068893
-1.368344
0.147763
0.309680
-0.112769
0.328253
0.029867
-0.064988
0.170376
0.143727
0.328336
0.245368
0.396297
0.291780
0.258599
-0.169466
-0.033863
0.331032
