-0.021985 0.181425 0.189544
-0.019030 0.182710 0.191098
-0.016077 0.184031 0.192693
-0.013120 0.185392 0.194340
-0.010180 0.186776 0.196000
-0.007252 0.188177 0.197737
-0.004306 0.189539 0.199829
-0.001346 0.190929 0.202029
0.001598 0.192334 0.204307
0.004507 0.193754 0.206599
0.007404 0.195206 0.208952
0.010253 0.196746 0.211082
0.013082 0.198322 0.213177
0.015887 0.199932 0.215297
0.018678 0.201575 0.217478
0.021454 0.203243 0.219710
0.024240 0.204893 0.222222
0.027014 0.206539 0.224976
0.029766 0.208211 0.227763
0.032484 0.209902 0.230601
0.035189 0.211624 0.233497
0.037861 0.213432 0.236270
0.040499 0.215337 0.238821
0.043114 0.217261 0.241449
0.045704 0.219223 0.244127
0.048284 0.221233 0.246877
0.050832 0.223227 0.249798
0.053362 0.225195 0.253042
0.055872 0.227227 0.256283
0.058340 0.229267 0.259604
0.060775 0.231346 0.262950
0.063202 0.233510 0.266262
0.065618 0.235828 0.269283
0.067974 0.238151 0.272360
0.070324 0.240525 0.275510
0.072629 0.242937 0.278678
0.074930 0.245404 0.281973
0.077179 0.247810 0.285561
0.079412 0.250284 0.289183
0.081622 0.252820 0.292841
0.083818 0.255416 0.296526
0.085975 0.258055 0.300223
0.088103 0.260836 0.303615
0.090225 0.263709 0.306971
0.092311 0.266620 0.310352
0.094386 0.269594 0.313754
0.096436 0.272632 0.317164
0.098480 0.275672 0.320905
0.100486 0.278714 0.324726
0.102469 0.281817 0.328561
0.104431 0.284978 0.332407
0.106385 0.288200 0.336249
0.108330 0.291552 0.339824
0.110301 0.295069 0.343249
0.112236 0.298600 0.346664
0.114186 0.302219 0.350068
0.116119 0.305870 0.353447
0.118046 0.309537 0.357026
0.119985 0.313228 0.360735
0.121904 0.316926 0.364436
0.123835 0.320698 0.368094
0.125773 0.324539 0.371679
0.127761 0.328511 0.375054
0.129779 0.332583 0.378288
0.131831 0.336738 0.381449
0.133917 0.340910 0.384601
0.136065 0.345201 0.387732
0.138189 0.349413 0.390882
0.140321 0.353564 0.394128
0.142513 0.357803 0.397361
0.144759 0.362071 0.400504
0.147082 0.366421 0.403511
0.149457 0.370774 0.406516
0.151879 0.375172 0.409263
0.154329 0.379547 0.411907
0.156888 0.383976 0.414521
0.159521 0.388405 0.417007
0.162207 0.392839 0.419461
0.164994 0.397225 0.422049
0.167854 0.401574 0.424536
0.170792 0.405944 0.426947
0.173821 0.410283 0.429243
0.176979 0.414649 0.431422
0.180171 0.418915 0.433528
0.183463 0.423149 0.435559
0.186845 0.427337 0.437526
0.190319 0.431469 0.439441
0.193900 0.435544 0.441259
0.197610 0.439618 0.443078
0.201434 0.443624 0.444822
0.205369 0.447555 0.446495
0.209413 0.451464 0.448144
0.213527 0.455257 0.449731
0.217753 0.458966 0.451238
0.222069 0.462631 0.452730
0.226499 0.466211 0.454172
0.231040 0.469725 0.455569
0.235695 0.473170 0.456940
0.240478 0.476557 0.458277
0.245329 0.479840 0.459604
0.250288 0.483055 0.460906
0.255403 0.486214 0.462171
0.260587 0.489318 0.463454
0.265916 0.492370 0.464562
0.271296 0.495318 0.465745
0.276833 0.498228 0.466937
0.282403 0.501033 0.468162
0.288043 0.503758 0.469416
0.293822 0.506452 0.470628
0.299710 0.509090 0.471890
0.305698 0.511685 0.473097
0.311801 0.514235 0.474351
0.317985 0.516738 0.475574
0.324265 0.519197 0.476817
0.330625 0.521625 0.478155
0.336995 0.523945 0.479494
0.343519 0.526293 0.480950
0.350086 0.528558 0.482452
0.356736 0.530819 0.483941
0.363507 0.533078 0.485414
0.370341 0.535327 0.486972
0.377229 0.537525 0.488439
0.384222 0.539754 0.490019
0.391275 0.541940 0.491564
0.398445 0.544156 0.493133
0.405587 0.546333 0.494869
0.412788 0.548524 0.496693
0.420029 0.550684 0.498581
0.427426 0.552923 0.500484
0.434811 0.555120 0.502407
0.442312 0.557377 0.504318
0.449900 0.559676 0.506078
0.457534 0.562006 0.508053
0.465146 0.564319 0.509944
0.472876 0.566718 0.511824
0.480556 0.569090 0.513858
0.488422 0.571569 0.515901
0.496285 0.574079 0.517953
0.504131 0.576617 0.520069
0.511930 0.579171 0.522266
0.519799 0.581813 0.524319
0.527765 0.584516 0.526267
0.535774 0.587294 0.528325
0.543783 0.590127 0.530311
0.551793 0.593018 0.532290
0.559910 0.596013 0.534179
0.568102 0.599097 0.536226
0.576053 0.602150 0.538194
0.583920 0.605231 0.540287
0.591725 0.608349 0.542291
0.599551 0.611542 0.544352
0.607537 0.614890 0.546371
0.615725 0.618393 0.547948
0.623992 0.622027 0.549705
0.632180 0.625678 0.551368
0.640442 0.629455 0.553011
0.648528 0.633228 0.554615
0.656436 0.636997 0.556343
0.664252 0.640767 0.558009
0.672118 0.644660 0.559678
0.679984 0.648604 0.561203
0.687864 0.652649 0.562816
0.695787 0.656769 0.564205
0.703821 0.661046 0.565463
0.711744 0.665311 0.566619
0.719725 0.669701 0.567772
0.727756 0.674158 0.568691
0.735810 0.678705 0.569720
0.743270 0.682995 0.570943
0.750807 0.687397 0.572147
0.758190 0.691747 0.573248
0.765518 0.696145 0.574348
0.772775 0.700531 0.575356
0.780352 0.705167 0.576153
0.787947 0.709869 0.576840
0.795462 0.714571 0.577484
0.802947 0.719306 0.578082
0.810503 0.724138 0.578663
0.817711 0.728789 0.579242
0.824615 0.733314 0.579956
0.831564 0.737900 0.580624
0.838475 0.742502 0.581255
0.845272 0.747068 0.581847
0.851958 0.751598 0.582392
0.859050 0.756421 0.582559
0.866007 0.761163 0.582790
0.872871 0.765884 0.582930
0.879586 0.770541 0.582969
0.886261 0.775193 0.583072
0.892811 0.779786 0.583358
0.899249 0.784337 0.583733
0.905527 0.788783 0.584028
0.911841 0.793271 0.584321
0.918120 0.797745 0.584591
0.924439 0.802259 0.584754
0.930622 0.806680 0.584634
0.936982 0.811225 0.584545
0.943208 0.815673 0.584379
0.949315 0.820063 0.584248
0.955309 0.824364 0.584042
