-0.059792 0.240315 0.215777
-0.057161 0.242030 0.216989
-0.054516 0.243819 0.218191
-0.051823 0.245708 0.219425
-0.049170 0.247633 0.220547
-0.046535 0.249559 0.221827
-0.043812 0.251264 0.224507
-0.041004 0.253040 0.227482
-0.038230 0.254813 0.230622
-0.035550 0.256583 0.233645
-0.032882 0.258410 0.236735
-0.030346 0.260497 0.238595
-0.027833 0.262688 0.240131
-0.025376 0.264931 0.241568
-0.022929 0.267231 0.243068
-0.020491 0.269575 0.244619
-0.017977 0.271816 0.247252
-0.015477 0.273951 0.250757
-0.013014 0.276141 0.254236
-0.010634 0.278322 0.257756
-0.008250 0.280588 0.261370
-0.005932 0.283083 0.264193
-0.003660 0.285884 0.265826
-0.001418 0.288695 0.267638
0.000778 0.291561 0.269482
0.002987 0.294540 0.271452
0.005130 0.297394 0.274068
0.007229 0.300075 0.277972
0.009306 0.302916 0.281674
0.011279 0.305692 0.285613
0.013185 0.308524 0.289506
0.015126 0.311624 0.293089
0.017129 0.315232 0.295158
0.018964 0.318688 0.297354
0.020831 0.322300 0.299772
0.022587 0.325896 0.302125
0.024359 0.329635 0.304916
0.025966 0.333037 0.309003
0.027554 0.336593 0.313117
0.029097 0.340262 0.317279
0.030639 0.344091 0.321492
0.032085 0.347926 0.325686
0.033538 0.352105 0.328389
0.035023 0.356543 0.330854
0.036419 0.360951 0.333385
0.037820 0.365509 0.335997
0.039166 0.370133 0.338583
0.040439 0.374701 0.342656
0.041595 0.379120 0.347151
0.042690 0.383585 0.351681
0.043718 0.388074 0.356239
0.044739 0.392672 0.360824
0.045823 0.397581 0.364222
0.047036 0.403019 0.366900
0.048137 0.408257 0.369619
0.049296 0.413745 0.372344
0.050405 0.419162 0.375059
0.051412 0.424447 0.378725
0.052409 0.429749 0.383109
0.053319 0.434842 0.387586
0.054250 0.440050 0.391948
0.055178 0.445302 0.396058
0.056316 0.451064 0.399393
0.057542 0.457048 0.402199
0.058844 0.463214 0.404789
0.060230 0.469434 0.407587
0.061739 0.475982 0.410326
0.063085 0.481951 0.413398
0.064346 0.487541 0.417159
0.065696 0.493326 0.420920
0.067174 0.499203 0.424520
0.068855 0.505386 0.427701
0.070598 0.511499 0.431081
0.072435 0.517627 0.433521
0.074245 0.523494 0.435723
0.076312 0.529666 0.438001
0.078543 0.535862 0.439993
0.080757 0.541872 0.441937
0.083136 0.547858 0.444771
0.085634 0.553740 0.447445
0.088195 0.559564 0.449877
0.090930 0.565360 0.452084
0.093979 0.571371 0.453989
0.096902 0.576907 0.455812
0.099977 0.582395 0.457523
0.103163 0.587765 0.459164
0.106447 0.592996 0.460786
0.109930 0.598175 0.462251
0.113588 0.603373 0.463783
0.117452 0.608494 0.465240
0.121515 0.613518 0.466632
0.125672 0.618445 0.467958
0.129838 0.623079 0.469250
0.134186 0.627600 0.470420
0.138525 0.631938 0.471545
0.143063 0.636175 0.472645
0.147753 0.640302 0.473673
0.152603 0.644320 0.474697
0.157675 0.648272 0.475673
0.162701 0.651959 0.476704
0.167866 0.655526 0.477700
0.173428 0.659104 0.478655
0.178887 0.662459 0.479612
0.184748 0.665829 0.479947
0.190464 0.668903 0.480619
0.196549 0.671966 0.481327
0.202460 0.674741 0.482195
0.208362 0.677323 0.483194
0.214578 0.679881 0.483980
0.220956 0.682323 0.484948
0.227495 0.684668 0.485642
0.234243 0.686913 0.486485
0.241075 0.689028 0.487137
0.248050 0.691026 0.487811
0.255040 0.692888 0.488749
0.261893 0.694525 0.489764
0.269054 0.696141 0.491048
0.276247 0.697584 0.492580
0.283510 0.698949 0.493888
0.291072 0.700265 0.495020
0.298590 0.701470 0.496341
0.306246 0.702573 0.497302
0.314009 0.703618 0.498496
0.321934 0.704564 0.499572
0.330099 0.705477 0.500559
0.337882 0.706239 0.502177
0.345628 0.706939 0.504004
0.353464 0.707553 0.506147
0.361661 0.708192 0.508096
0.369732 0.708739 0.510185
0.378047 0.709304 0.512042
0.386565 0.709901 0.513132
0.394984 0.710451 0.515011
0.403266 0.710978 0.516602
0.411726 0.711562 0.517904
0.419904 0.712082 0.519988
0.428642 0.712700 0.521957
0.437178 0.713341 0.523922
0.445441 0.713996 0.526139
0.453309 0.714643 0.528705
0.461237 0.715412 0.530522
0.469593 0.716311 0.532000
0.477884 0.717278 0.533896
0.486013 0.718337 0.535482
0.493994 0.719483 0.537063
0.502309 0.720815 0.538259
0.510812 0.722283 0.540202
0.518143 0.723656 0.541894
0.525006 0.725018 0.544231
0.531524 0.726406 0.546260
0.538064 0.727891 0.548631
0.545137 0.729662 0.550812
0.553235 0.731921 0.551273
0.561434 0.734372 0.552484
0.569483 0.736925 0.553595
0.577751 0.739748 0.554664
0.585298 0.742489 0.555737
0.592046 0.745055 0.557462
0.598670 0.747659 0.559264
0.605380 0.750453 0.561070
0.612387 0.753480 0.562575
0.619342 0.756638 0.564483
0.626812 0.760140 0.565747
0.634673 0.763999 0.566426
0.642431 0.767908 0.567024
0.650368 0.772063 0.567614
0.658904 0.776594 0.567525
0.667592 0.781341 0.568029
0.673988 0.784998 0.569629
0.680777 0.788952 0.571229
0.687339 0.792820 0.572737
0.693638 0.796635 0.574239
0.700072 0.800533 0.575685
0.707965 0.805317 0.576267
0.716165 0.810324 0.576530
0.724246 0.815301 0.576768
0.732434 0.820376 0.576961
0.741028 0.825727 0.577147
0.748613 0.830496 0.577671
0.754981 0.834625 0.578869
0.761773 0.838992 0.580008
0.768627 0.843412 0.581126
0.775205 0.847676 0.582204
0.781528 0.851790 0.583204
0.789779 0.856991 0.582538
0.797937 0.862080 0.582482
0.805791 0.866982 0.582036
0.813216 0.871632 0.581251
0.820687 0.876293 0.580863
0.827817 0.880753 0.581428
0.834520 0.884983 0.582411
0.841011 0.889043 0.583318
0.847737 0.893217 0.584219
0.854532 0.897385 0.585114
0.861586 0.901657 0.585518
0.868555 0.905818 0.584901
0.876261 0.910323 0.584327
0.883880 0.914715 0.583666
0.890832 0.918761 0.583041
0.897791 0.922745 0.582339
