1.372952
1.933017
1.212200
0.916427
1.128567
0.527205
0.596809
0.532291
2.782161
2.601204
0.171346
1.186351
1.408147
1.795450
1.334859
0.402431
1.428176
1.113489
0.642345
0.722463
1.142408
1.216772
0.205868
0.983955
1.623953
0.944369
1.419977
1.088089
3.510525
0.922608
1.974323
1.555627
1.405390
0.967390
1.299357
3.140848
1.464499
1.429727
0.771417
2.610579
0.688751
0.421710
1.620825
0.333554
0.986215
0.836219
1.564892
0.323009
0.540727
0.608354
2.646481
5.006085
1.180861
1.003212
0.681039
1.543952
1.404779
3.736674
1.315134
1.843393
2.359289
0.827051
0.545362
1.398093
1.444451
1.268813
0.369415
1.516965
0.718327
1.299482
0.592331
0.885446
1.610322
0.516446
0.831932
1.157578
0.164668
0.713459
0.482082
0.857390
1.339753
0.945295
0.995195
0.316593
1.460918
0.944033
0.729213
3.068774
1.836341
1.378074
1.367730
1.520127
0.649318
0.291946
0.942444
0.282516
1.176954
1.150106
1.057844
0.761293
0.196082
3.034940
1.736119
1.275062
1.142672
1.285499
0.834674
1.259738
0.672204
1.294882
1.474487
1.553449
1.422620
1.220339
1.338377
0.179147
0.275440
1.209360
1.658767
1.039700
0.889534
1.038066
0.425438
1.210369
2.400641
0.601932
0.826786
0.762510
0.515638
0.575863
0.421606
2.245822
2.900296
0.811979
0.954765
0.170388
1.891024
1.114580
0.274506
0.929106
1.658515
0.836522
0.297595
1.956751
0.691080
0.544065
0.289730
1.292800
1.700464
1.231369
1.119110
1.649879
1.021122
2.264582
1.583179
1.125670
1.103596
1.048170
1.233883
2.169871
1.991068
2.182915
1.362578
0.323179
0.645700
1.873280
0.786059
1.367034
1.060873
1.401882
1.075748
0.149411
0.564304
3.069919
1.686374
0.684069
0.727581
2.305164
1.286234
2.995406
0.415427
0.904006
1.204332
1.172023
0.170321
0.377288
0.378948
1.351597
1.151072
1.367755
1.259011
0.987492
1.611410
1.941368
0.362307
0.519894
0.250220
0.731822
0.977477
0.165622
1.380899
0.967723
0.612622
1.379529
0.975623
0.913975
2.340428
1.451352
1.703152
1.662533
0.864250
0.311060
1.913486
0.715900
2.824436
0.901954
0.864634
2.332365
0.707696
2.380052
1.664429
1.195202
1.086056
1.189779
1.249263
1.667430
1.005618
2.617005
0.370944
0.572763
0.987897
1.201025
0.915758
2.514747
0.218361
1.858456
0.849592
1.426628
1.702154
1.269867
