68.237341
63.719473
57.923377
78.608209
59.651600
49.021404
79.632650
79.608468
44.716801
56.557089
49.270746
68.554249
59.861896
69.924006
65.107670
49.392226
69.641717
55.251454
48.890901
66.941735
67.327722
74.807577
49.426592
55.179521
72.207618
61.450229
70.642779
76.048279
53.554320
78.706482
72.990641
77.696125
74.352807
54.442473
64.988291
64.243536
71.090363
69.396680
78.516788
73.673244
71.527525
49.094884
74.896037
49.255188
67.473399
78.565914
60.609245
49.674438
70.113182
49.518212
62.144751
67.118800
73.714591
56.594385
78.484015
61.143799
64.529436
58.174349
77.536868
62.221418
62.422641
64.669441
49.119625
66.216589
72.347705
59.410191
70.145309
65.946299
64.794283
63.006521
49.028924
58.644637
68.430953
49.419673
48.194017
60.635915
49.389759
79.679310
78.508260
72.423622
59.452436
60.439173
68.303845
49.497686
69.063968
55.145490
78.654809
61.888078
66.436392
52.668851
56.800997
76.006001
48.867002
49.386747
72.766427
49.971412
55.793665
71.794688
73.363988
78.505948
49.482140
57.945414
80.092740
67.741147
58.150529
67.115389
79.976607
79.171985
78.642256
74.699650
64.459873
79.553064
78.556882
57.916038
80.048164
49.436363
47.602343
55.208453
64.401357
74.530368
78.647626
63.270271
47.732097
75.004730
56.317466
49.277780
48.829096
58.284243
49.163851
49.180781
49.108587
66.494071
63.967728
78.803716
49.239019
49.254745
69.059477
78.826032
49.375109
51.298116
57.533502
71.415594
49.282575
69.939074
48.952799
49.013370
48.116530
68.413421
66.154766
70.074981
57.658363
79.761449
77.474768
66.156724
72.270873
79.781041
55.955905
74.743284
68.579474
65.618402
49.735376
66.200884
73.126320
49.746863
49.154888
69.179920
65.767331
77.155160
55.849181
70.907387
49.307955
49.409640
78.470695
68.416167
68.904930
60.909876
46.670286
52.275019
60.590656
44.259077
78.414264
68.687594
71.012852
71.599539
49.423620
49.133300
49.588481
47.704749
78.877409
50.979103
66.521598
48.752910
71.418004
58.577332
49.199054
49.334979
42.798864
49.456539
68.500181
46.205383
75.219798
49.250853
48.537238
60.661274
67.889240
58.142759
73.419854
54.338839
60.326259
63.858498
78.860086
77.210620
64.117181
78.465030
67.988767
60.487271
63.829119
63.339968
79.831559
57.086781
57.781321
50.702050
60.687508
59.633677
67.399074
66.442733
57.898558
66.909335
78.255739
54.705505
61.476439
57.797401
66.354565
64.264737
49.484166
52.602524
79.085957
71.330755
70.912371
65.903649
