2.344521
2.968752
2.080116
0.536264
1.098311
0.316100
2.183153
1.742567
2.803248
2.051032
1.850832
0.821925
3.055580
2.429735
1.432814
2.695110
1.251790
1.773139
0.246553
0.577035
1.914119
2.082719
2.368279
2.521301
3.669766
4.419061
3.691411
1.116647
3.069413
1.307522
3.063305
2.390956
3.561466
2.321158
1.772865
3.959414
2.066856
1.897525
0.784769
2.875199
1.693252
2.400940
2.830910
1.589151
2.265552
0.778296
1.922526
3.359382
2.378786
1.679020
2.380974
3.961540
1.689166
1.940503
0.755601
3.790143
2.536789
2.619976
0.881361
3.630810
3.194319
1.882230
2.143415
1.844623
2.023542
2.632413
2.132061
2.661651
1.162300
1.487002
1.013372
1.767123
2.429585
2.044414
2.807124
1.908708
3.202368
1.713120
0.813951
1.775628
1.880037
3.533058
1.487226
2.314418
1.979738
1.147424
1.095122
2.383121
1.503049
3.339928
1.799320
1.972762
2.259094
2.232785
1.652942
4.510046
2.342221
0.958154
2.286176
0.965988
2.785406
2.181674
1.637649
2.171140
3.501842
1.749663
2.925229
0.944190
1.006531
1.501069
2.185556
0.730192
1.727314
3.241066
4.325820
3.183477
2.829458
2.271085
1.782016
2.317106
2.329724
1.885008
1.942058
1.446667
2.995118
2.200618
0.769175
1.261556
0.954280
0.765831
0.593252
1.916126
2.161764
1.752358
0.417870
1.752366
2.032576
1.765474
3.143370
2.694715
2.650063
2.440114
2.160923
1.849812
0.371472
0.331930
1.765233
1.971071
2.854842
1.814099
2.333730
1.074662
1.989791
2.393198
1.852339
1.614978
0.936306
1.955767
1.474161
3.656304
0.792261
1.895383
0.554485
3.409578
0.728103
2.160364
3.389309
0.489449
1.806129
1.987403
0.948508
2.897308
0.912042
5.342010
2.028318
0.675922
3.453173
3.800568
1.722277
4.989586
1.003936
2.092648
2.510398
1.540197
2.850852
0.668396
2.835537
1.762403
1.245025
3.101154
1.612708
3.341159
2.569518
2.422434
0.904648
3.287865
7.978570
1.577072
2.693996
6.808143
2.204352
0.555865
3.966725
2.218640
1.595606
2.222045
1.918350
2.826306
3.193793
4.564991
1.048892
3.391092
2.689581
0.495382
2.924170
1.069956
3.629485
3.072424
2.471658
2.582728
2.983770
2.255396
2.645297
0.955130
2.638671
1.367178
2.022294
2.872518
1.596792
3.287375
2.975243
2.313447
1.294285
2.048899
2.572701
3.922937
1.032060
1.576795
1.716142
1.234794
