0.250643 -0.180956
0.251071 -0.175152
0.251535 -0.169259
0.252037 -0.163277
0.252580 -0.157204
0.253168 -0.151036
0.253804 -0.144773
0.254493 -0.138413
0.255238 -0.131953
0.256045 -0.125392
0.256917 -0.118727
0.257860 -0.111957
0.258853 -0.105070
0.259980 -0.098091
0.261142 -0.090985
0.262451 -0.083779
0.263808 -0.076446
0.265327 -0.069007
0.266934 -0.061444
0.268663 -0.053762
0.270524 -0.045959
0.272524 -0.038034
0.274672 -0.029986
0.276977 -0.021815
0.279448 -0.013521
0.282094 -0.005103
0.284926 0.003438
0.287954 0.012103
0.291187 0.020890
0.294603 0.029795
0.298313 0.038831
0.302192 0.047976
0.306392 0.057254
0.310779 0.066635
0.315513 0.076151
0.320452 0.085762
0.325766 0.095511
0.331345 0.105361
0.337240 0.115323
0.343462 0.125393
0.350022 0.135572
0.356929 0.145856
0.364190 0.156242
0.371815 0.166728
0.379809 0.177311
0.388177 0.187986
0.396860 0.198718
0.406040 0.209593
0.415469 0.220479
0.425397 0.231502
0.435548 0.242511
0.446184 0.253646
0.457005 0.264740
0.468281 0.275942
0.479764 0.287115
0.491497 0.298286
0.503444 0.309438
0.515568 0.320556
0.527827 0.331623
0.540174 0.342622
0.552564 0.353537
0.564949 0.364352
0.577281 0.375053
0.589514 0.385628
0.601604 0.396065
0.613426 0.406302
0.625193 0.416498
0.636622 0.426485
0.647613 0.436206
0.658612 0.446001
0.669061 0.455487
0.679403 0.465010
0.689107 0.474180
0.698612 0.483349
0.707772 0.492419
0.716729 0.501524
0.725090 0.510328
0.733270 0.519202
0.741153 0.528047
0.748882 0.537007
0.756111 0.545734
0.763235 0.554618
0.770161 0.563560
0.777041 0.572716
0.783672 0.581852
0.790093 0.590989
0.796588 0.600427
0.803088 0.610068
0.809647 0.619947
0.816461 0.630259
0.823201 0.640593
0.830347 0.651460
0.837854 0.662766
0.845983 0.674752
0.854376 0.686979
0.863638 0.700053
0.873756 0.713906
0.885092 0.728863
0.897438 0.744663
0.910935 0.761428
0.926218 0.779769
0.943507 0.799902
0.962423 0.821496
0.982959 0.844617
1.005592 0.869824
1.030050 0.896984
1.055160 0.925081
1.080170 0.953459
1.104857 0.981933
1.128386 1.009646
1.149597 1.035314
1.168223 1.058522
1.184610 1.079513
1.198744 1.098162
1.210451 1.114166
1.220031 1.127769
1.228019 1.139517
1.234548 1.149509
1.239973 1.158123
1.244299 1.165313
1.248015 1.171643
1.251244 1.177234
1.254229 1.182363
1.256927 1.186955
1.259639 1.191379
1.262388 1.195657
1.265299 1.199947
1.268205 1.204047
1.271327 1.208240
1.274601 1.212461
1.278112 1.216815
1.281673 1.221105
1.285249 1.225303
1.289020 1.229624
1.292986 1.234076
1.296900 1.238400
1.300725 1.242563
1.304696 1.246830
1.308819 1.251208
1.312798 1.255393
1.316605 1.259361
1.320532 1.263425
1.324591 1.267594
1.328444 1.271528
1.332071 1.275209
1.335815 1.278992
1.339688 1.282888
1.343318 1.286523
1.346691 1.289886
1.350191 1.293368
1.353625 1.296773
1.357198 1.300307
1.360297 1.303360
1.363535 1.306545
1.366708 1.309659
1.370034 1.312918
1.372864 1.315682
1.375848 1.318594
1.378771 1.321442
1.381860 1.324449
1.384439 1.326952
1.387187 1.329617
1.389880 1.332226
1.392751 1.335007
1.395103 1.337278
1.397636 1.339724
1.400120 1.342120
1.402795 1.344702
1.405183 1.347002
1.407282 1.349019
1.409578 1.351227
1.412077 1.353631
1.414288 1.355754
1.416210 1.357595
1.418339 1.359637
1.420679 1.361883
1.422732 1.363850
1.424496 1.365536
1.426476 1.367430
1.428675 1.369537
1.430587 1.371366
1.432210 1.372913
1.434056 1.374677
1.436130 1.376661
1.437916 1.378366
1.439412 1.379791
1.441139 1.381438
1.442839 1.383059
1.444773 1.384907
1.446157 1.386222
1.447777 1.387766
1.449372 1.389286
1.451208 1.391038
1.452490 1.392255
1.454014 1.393706
1.455516 1.395135
1.457262 1.396800
1.458453 1.397929
1.459890 1.399296
1.461307 1.400644
