0.244623 -0.093593
0.244573 -0.085075
0.244519 -0.076444
0.244461 -0.067706
0.244399 -0.058867
0.244334 -0.049934
0.244267 -0.040915
0.244197 -0.031817
0.244125 -0.022649
0.244053 -0.013421
0.243981 -0.004140
0.243912 0.005183
0.243825 0.014539
0.243786 0.023915
0.243713 0.033304
0.243693 0.042698
0.243644 0.052082
0.243653 0.061454
0.243661 0.070799
0.243692 0.080109
0.243750 0.089378
0.243838 0.098596
0.243962 0.107757
0.244125 0.116855
0.244331 0.125884
0.244585 0.134838
0.244891 0.143712
0.245253 0.152503
0.245675 0.161208
0.246145 0.169811
0.246717 0.178346
0.247328 0.186763
0.248047 0.195111
0.248813 0.203336
0.249693 0.211493
0.250627 0.219526
0.251679 0.227493
0.252807 0.235351
0.254027 0.243115
0.255343 0.250787
0.256755 0.258368
0.258267 0.265861
0.259879 0.273267
0.261593 0.280588
0.263411 0.287826
0.265335 0.294985
0.267355 0.302045
0.269506 0.309074
0.271745 0.315987
0.274120 0.322877
0.276587 0.329656
0.279193 0.336420
0.281897 0.343075
0.284746 0.349727
0.287710 0.356301
0.290804 0.362826
0.294033 0.369307
0.297401 0.375747
0.300913 0.382150
0.304577 0.388520
0.308397 0.394860
0.312382 0.401175
0.316540 0.407467
0.320878 0.413743
0.325405 0.420004
0.330115 0.426221
0.335067 0.432503
0.340221 0.438749
0.345564 0.444922
0.351229 0.451255
0.357082 0.457488
0.363270 0.463863
0.369628 0.470098
0.376315 0.476443
0.383289 0.482824
0.390623 0.489337
0.398123 0.495721
0.405992 0.502250
0.414166 0.508845
0.422728 0.515607
0.431420 0.522259
0.440490 0.529094
0.449844 0.536024
0.459573 0.543156
0.469454 0.550295
0.479452 0.557439
0.489765 0.564794
0.500251 0.572255
0.510875 0.579816
0.521721 0.587569
0.532363 0.595189
0.543130 0.602966
0.553837 0.610768
0.564550 0.618661
0.574827 0.626318
0.584977 0.633985
0.594808 0.641520
0.604362 0.648953
0.613354 0.656072
0.621754 0.662850
0.629710 0.669386
0.637170 0.675633
0.643969 0.681462
0.650153 0.686899
0.655890 0.692061
0.661237 0.696989
0.666225 0.701713
0.671028 0.706370
0.675910 0.711176
0.681104 0.716331
0.686813 0.722018
0.693314 0.728475
0.700989 0.736046
0.710175 0.745033
0.721051 0.755577
0.733838 0.767848
0.748976 0.782193
0.766570 0.798619
0.786932 0.817290
0.809445 0.837513
0.834528 0.859561
0.861606 0.882846
0.890484 0.907179
0.919435 0.931150
0.948857 0.955194
0.977793 0.978641
1.006217 1.001589
1.032468 1.022789
1.057663 1.043217
1.081252 1.062465
1.103651 1.080892
1.123986 1.097769
1.142344 1.113140
1.159690 1.127793
1.176105 1.141780
1.190860 1.154455
1.204095 1.165907
1.216719 1.176904
1.228804 1.187502
1.239674 1.197089
1.249436 1.205741
1.258900 1.214169
1.268113 1.222412
1.276422 1.229874
1.283895 1.236608
1.291268 1.243274
1.298569 1.249898
1.305162 1.255894
1.311091 1.261298
1.317041 1.266735
1.322707 1.271923
1.328430 1.277176
1.333277 1.281628
1.338219 1.286178
1.342955 1.290545
1.347809 1.295029
1.351869 1.298779
1.356071 1.302668
1.360118 1.306419
1.364323 1.310322
1.367788 1.313536
1.371429 1.316919
1.374949 1.320194
1.378655 1.323646
1.381659 1.326441
1.384860 1.329425
1.387968 1.332323
1.391279 1.335415
1.394211 1.338153
1.396768 1.340540
1.399543 1.343132
1.402536 1.345935
1.405167 1.348396
1.407440 1.350521
1.409943 1.352863
1.412675 1.355425
1.415058 1.357658
1.417096 1.359564
1.419371 1.361697
1.421885 1.364058
1.424061 1.366098
1.425900 1.367820
1.427983 1.369775
1.430313 1.371965
1.432311 1.373842
1.433981 1.375407
1.435901 1.377210
1.437784 1.378978
1.439919 1.380988
1.441443 1.382417
1.443222 1.384088
1.444968 1.385730
1.446972 1.387617
1.448369 1.388927
1.450024 1.390483
1.451651 1.392014
1.453539 1.393793
1.454824 1.394998
1.456371 1.396454
1.457894 1.397887
