72.446997
90.978540
70.381323
57.297819
79.400798
73.551949
50.790242
62.947035
94.681304
50.790242
50.790242
75.229953
78.593406
53.981636
85.743928
94.681304
50.790242
80.976940
55.323028
73.806283
81.507174
62.585968
94.681304
94.681304
72.316021
86.506297
67.798864
94.681304
50.790242
50.790242
64.176147
50.790242
50.790242
94.681304
94.681304
74.077996
82.280425
81.060600
64.959644
66.655848
50.790242
94.681304
64.305295
84.652566
82.353463
50.790242
50.790242
59.773558
50.790242
79.568892
94.681304
50.790242
70.667639
87.688646
72.667165
84.465940
68.530133
62.988908
64.028097
50.790242
69.539286
94.681304
50.790242
57.408475
68.677975
76.704115
90.215119
78.967184
69.942439
65.463734
94.681304
59.107241
94.681304
50.790242
50.790242
77.345339
54.656035
80.681628
58.309044
50.790242
94.681304
50.790242
79.725013
72.170892
72.877825
85.076322
87.170424
68.852357
63.769570
70.405052
50.790242
78.503500
88.603349
50.790242
67.339494
87.164810
63.546457
94.681304
64.299686
50.790242
50.790242
73.708928
80.339149
50.790242
94.681304
94.681304
75.975497
64.644160
75.000197
73.735095
68.539650
94.681304
77.137294
69.573688
94.681304
50.790242
84.183734
84.662257
94.681304
50.790242
78.453510
94.681304
58.295021
94.681304
94.681304
64.408087
83.987018
81.914352
72.266766
50.790242
81.358076
74.213755
70.038633
72.182728
69.220447
88.364825
94.681304
54.436229
65.717637
69.330146
64.751603
73.535805
57.980060
73.438501
71.445322
74.458422
94.681304
73.946386
67.337887
88.317423
50.790242
92.589675
85.191248
72.295713
72.031984
65.449932
69.245780
92.855472
94.681304
60.757895
53.881685
81.687765
94.681304
89.453757
50.790242
66.780334
56.001902
73.907687
80.362234
61.992225
69.882404
71.655655
50.790242
66.092379
94.681304
86.262480
65.887496
64.325504
70.705865
60.307811
50.790242
94.681304
94.681304
63.256194
56.851381
85.149604
73.678586
70.912324
88.996315
79.882509
50.790242
73.062797
69.312037
77.192917
62.783891
67.823491
50.790242
76.207290
54.767732
50.790242
