0.056960 0.103771 0.150348
0.060050 0.104768 0.152246
0.063166 0.105811 0.154162
0.066220 0.106855 0.156093
0.069194 0.107869 0.158107
0.072131 0.108865 0.160237
0.075095 0.109961 0.162207
0.077940 0.110994 0.164291
0.080721 0.112009 0.166437
0.083514 0.113058 0.168592
0.086295 0.114123 0.170790
0.089121 0.115186 0.173207
0.091959 0.116321 0.175514
0.094698 0.117406 0.177909
0.097511 0.118534 0.180423
0.100357 0.119705 0.182964
0.103085 0.120853 0.185457
0.105710 0.121928 0.188095
0.108322 0.123037 0.190698
0.110924 0.124180 0.193265
0.113481 0.125350 0.195751
0.116019 0.126530 0.198260
0.118633 0.127643 0.201247
0.121263 0.128828 0.204125
0.123881 0.130028 0.207020
0.126467 0.131179 0.210093
0.129042 0.132368 0.213104
0.131513 0.133528 0.216079
0.133867 0.134653 0.219011
0.136271 0.135877 0.221806
0.138602 0.137057 0.224658
0.140874 0.138189 0.227612
0.143276 0.139382 0.230707
0.145719 0.140539 0.234069
0.148190 0.141733 0.237441
0.150708 0.142949 0.240887
0.153237 0.144194 0.244314
0.155648 0.145374 0.247760
0.157871 0.146538 0.250929
0.160072 0.147700 0.254101
0.162303 0.148884 0.257319
0.164543 0.150085 0.260533
0.166776 0.151279 0.263785
0.169102 0.152479 0.267255
0.171585 0.153745 0.270843
0.174067 0.155023 0.274417
0.176467 0.156230 0.278055
0.179044 0.157578 0.281623
0.181389 0.158710 0.285413
0.183548 0.159923 0.288618
0.185681 0.161115 0.291853
0.188000 0.162444 0.295015
0.190141 0.163640 0.298265
0.192515 0.164928 0.301651
0.195236 0.166332 0.305282
0.197807 0.167647 0.308890
0.200385 0.168951 0.312541
0.203034 0.170281 0.316201
0.205780 0.171670 0.319813
0.208306 0.173085 0.322931
0.210806 0.174483 0.326023
0.213376 0.175884 0.329170
0.215989 0.177348 0.332174
0.218712 0.178734 0.335520
0.221487 0.180171 0.338788
0.224560 0.181694 0.342170
0.227665 0.183171 0.345659
0.230843 0.184715 0.349007
0.234005 0.186241 0.352297
0.237104 0.187664 0.355758
0.240024 0.189234 0.358357
0.243101 0.190796 0.361148
0.246177 0.192392 0.363740
0.249201 0.193954 0.366314
0.252501 0.195488 0.369256
0.256164 0.197177 0.372154
0.259906 0.198921 0.374896
0.263777 0.200608 0.377914
0.267829 0.202288 0.381118
0.271940 0.204105 0.383838
0.275692 0.205886 0.386023
0.279301 0.207527 0.388352
0.283057 0.209183 0.390733
0.286750 0.210865 0.392851
0.290604 0.212605 0.394903
0.294779 0.214432 0.397030
0.299568 0.216424 0.399370
0.304457 0.218439 0.401706
0.309258 0.220430 0.403942
0.314299 0.222495 0.406188
0.319058 0.224533 0.407928
0.323538 0.226342 0.410088
0.328032 0.228205 0.411991
0.332841 0.230177 0.413936
0.337624 0.232094 0.416010
0.342455 0.234061 0.417975
0.348050 0.236372 0.419818
0.353419 0.238647 0.421340
0.358808 0.240886 0.423125
0.364164 0.243117 0.424896
0.369561 0.245384 0.426622
0.374867 0.247612 0.428374
0.380593 0.250039 0.430186
0.386078 0.252366 0.432026
0.391826 0.254867 0.433746
0.397874 0.257546 0.435406
0.403733 0.260108 0.437403
0.409447 0.262667 0.439118
0.415266 0.265289 0.440991
0.421137 0.268011 0.442625
0.427076 0.270791 0.444358
0.433078 0.273653 0.446040
0.439325 0.276657 0.447962
0.445606 0.279699 0.450132
0.451957 0.282853 0.452169
0.458323 0.286086 0.454102
0.464655 0.289363 0.455947
0.470833 0.292595 0.457848
0.477011 0.295865 0.459918
0.483225 0.299200 0.462113
0.489292 0.302517 0.464174
0.495522 0.305994 0.466161
0.502279 0.309853 0.468349
0.509221 0.313855 0.470932
0.516143 0.317940 0.473431
0.522950 0.322012 0.475758
0.529871 0.326209 0.478486
0.536201 0.330088 0.480908
0.542537 0.334038 0.482760
0.548925 0.338083 0.484691
0.555093 0.341999 0.486723
0.561391 0.346089 0.488270
0.567855 0.350303 0.490247
0.574949 0.354954 0.493421
0.581929 0.359584 0.496645
0.588861 0.364208 0.499777
0.595881 0.368959 0.502316
0.602406 0.373353 0.505028
0.608603 0.377560 0.507147
0.614706 0.381726 0.508944
0.620314 0.385548 0.510436
0.626557 0.389810 0.512137
0.632485 0.393843 0.514253
0.639778 0.398838 0.517495
0.646894 0.403709 0.520353
0.654057 0.408594 0.522908
0.661210 0.413460 0.525598
0.668837 0.418636 0.527779
0.674414 0.422360 0.529765
0.679729 0.425864 0.531143
0.685691 0.429819 0.532358
0.691281 0.433504 0.533579
0.697167 0.437371 0.534723
0.703987 0.441804 0.537163
0.711503 0.446650 0.538947
0.719299 0.451657 0.540721
0.726500 0.456205 0.542413
0.733594 0.460632 0.544781
0.740427 0.464888 0.546053
0.746861 0.468889 0.546949
0.752526 0.472380 0.547850
0.758795 0.476226 0.548665
0.764745 0.479872 0.549461
0.771408 0.483907 0.550516
0.778373 0.488075 0.552265
0.785932 0.492576 0.553940
0.793078 0.496806 0.555585
0.800476 0.501130 0.557954
0.807296 0.505160 0.559278
0.813940 0.509170 0.559680
0.820432 0.513094 0.560058
0.826784 0.516950 0.560396
0.833298 0.520916 0.560721
0.840128 0.525086 0.560977
0.847646 0.529592 0.562317
0.854898 0.533955 0.563634
0.862184 0.538370 0.564900
0.869384 0.542765 0.566140
0.876687 0.547251 0.567395
0.883385 0.551496 0.567812
0.890017 0.555758 0.567947
0.896458 0.559954 0.568088
0.902764 0.564101 0.568169
0.909217 0.568382 0.568229
0.916119 0.572946 0.568801
0.923187 0.577630 0.569624
0.929964 0.582194 0.570437
0.936431 0.586568 0.571678
0.943659 0.591523 0.572584
0.950054 0.596035 0.572959
0.956113 0.600452 0.572699
0.962143 0.604909 0.572387
0.967810 0.609176 0.572046
0.973599 0.613572 0.571731
0.979731 0.618217 0.571543
0.986187 0.623003 0.572757
0.992701 0.627961 0.573302
0.998957 0.632805 0.573789
1.005612 0.637995 0.574263
1.011779 0.642892 0.574717
