0.733177
0.964667
2.365958
0.858105
0.606201
0.875353
0.829812
1.672925
1.404426
0.657334
0.635282
1.940529
0.500236
0.935245
1.086315
4.518336
1.395002
1.067674
2.346586
0.850513
1.101634
0.821624
2.230434
2.390229
0.695858
1.041583
0.757190
0.468405
0.577813
1.920263
1.832204
1.792251
1.756442
0.227587
0.793530
0.518767
0.726216
0.894620
2.163784
1.587930
1.296643
0.862275
0.570073
1.039488
0.756813
0.461816
1.041796
1.121154
4.283972
1.479586
1.737024
2.173305
0.789402
0.616179
1.415108
2.803269
0.537421
0.668802
1.983785
1.135083
1.533895
0.644189
0.461853
0.929698
1.029052
2.453859
2.629049
1.720335
0.398578
3.669931
5.123935
1.024515
0.900743
0.995431
0.525203
0.837551
1.108607
0.488878
1.111028
0.361162
2.213122
0.196345
3.054831
1.048827
0.809053
0.330231
1.059865
1.415401
1.827577
0.589624
2.969990
2.092483
1.225173
0.823968
0.362596
0.601496
0.555442
1.688909
1.809427
0.633459
3.490792
1.143184
0.422404
0.776890
1.670733
0.510782
0.684823
0.251409
0.230866
0.346891
3.707507
4.313662
2.333183
0.487555
0.662204
0.265224
0.769064
0.426587
3.175027
1.002289
0.682590
2.022720
0.672303
1.371634
0.834528
2.674998
1.318676
2.821634
0.883309
4.459123
0.491838
4.977092
1.182494
3.659418
3.643307
0.818202
3.038227
0.715345
0.975410
0.565997
0.775881
0.575981
0.405763
1.078745
3.644548
1.189133
1.722582
1.537161
0.701086
0.827569
0.809914
5.258343
0.379256
1.073966
0.475278
0.710636
1.484639
1.052217
1.111818
4.534867
3.893278
1.257097
1.466066
0.844229
1.360281
1.291581
0.234333
0.294042
0.372888
0.362177
0.884449
0.508350
0.431351
0.597470
1.006956
1.728327
0.989277
0.679970
2.212148
0.752960
0.802863
0.666524
4.390570
0.359989
0.452530
0.942715
0.450826
1.035746
2.278195
1.606198
0.791155
1.714841
0.162255
0.866271
1.258624
0.762205
0.352154
1.167160
0.213259
2.785027
0.550194
2.133177
1.533648
0.613801
7.369909
0.608027
1.291404
4.366258
1.632500
1.694162
0.613201
2.944765
0.800557
0.300760
0.647091
1.696547
1.009670
5.370195
1.569164
1.025770
1.925163
0.596757
7.447566
0.782628
0.581740
0.396824
0.405009
3.067222
1.586766
1.199993
0.411963
0.530443
0.653343
1.236353
1.108269
0.625875
1.517569
1.164817
1.286089
0.510197
0.750865
1.957288
1.475351
0.560254
4.549875
0.506593
1.159341
0.743477
1.345271
0.972236
1.067493
1.166542
1.003025
2.403079
0.852664
0.509006
1.325772
0.673329
2.452267
1.214844
1.322159
0.709496
2.350904
1.220269
1.794515
2.641838
1.011222
0.632501
0.945353
0.465833
1.494557
1.114515
1.558549
0.778298
2.375528
0.549350
0.997252
1.642646
0.326645
0.716245
7.447566
1.092138
3.165782
0.771176
0.887122
2.591945
2.570061
0.475963
0.845502
0.503015
0.575216
0.913456
0.852364
0.927797
0.942774
1.483314
0.557446
2.381528
1.894838
1.952195
0.554080
0.679449
1.658498
0.275049
4.489851
1.814374
0.210077
4.215066
0.471701
2.021068
0.865308
0.818007
0.875106
0.854558
1.280657
7.407604
2.096301
1.059179
1.578070
1.425368
0.249000
0.797265
1.402557
1.116246
0.928506
3.577996
0.717274
1.622462
0.647252
0.236853
0.382812
1.172913
1.634274
7.040553
0.400550
2.941317
0.828277
2.432359
0.849201
1.521792
2.458494
0.981771
7.447566
0.537106
2.171439
3.816302
0.664747
0.559365
1.609629
2.130088
0.912362
1.384714
0.831240
0.671585
0.803938
1.989885
1.024056
0.590661
0.795200
2.960145
0.270497
1.129213
2.515357
1.019085
0.600249
0.844479
0.484680
0.529889
0.222042
1.120583
3.903839
0.873648
0.698325
0.601946
2.356587
0.975565
1.923415
0.922620
3.301013
2.692181
0.439724
2.193811
2.135891
2.425229
0.390818
0.797335
1.118244
0.755930
1.456973
0.593488
2.125650
0.482621
0.200679
0.530219
2.377622
1.166294
1.236404
0.634094
2.389340
0.627352
1.567862
7.447566
0.522583
0.870202
1.105426
0.458952
0.788688
1.904870
2.260688
7.271323
0.698110
2.977537
2.773172
2.966166
1.356701
1.864396
0.762873
0.540322
1.625255
0.492061
0.587411
1.718441
0.755451
0.375209
0.722581
0.314876
1.050351
7.447566
0.641450
1.675429
0.299714
0.488786
0.441457
1.563795
0.719948
4.626067
0.843301
2.586974
1.319793
0.568323
0.572347
0.836226
0.948390
3.526005
1.356542
4.213527
4.186201
1.080517
1.565083
4.639042
0.522786
1.494105
0.621766
0.877461
2.063566
1.230421
0.358708
0.758916
0.786530
2.035115
0.695432
1.911680
2.952778
0.627386
0.638557
0.448613
1.615869
1.670003
1.773949
0.531094
1.892764
2.704826
5.111055
0.630963
1.532727
0.604790
2.950057
2.220976
0.353824
1.257739
6.592452
0.589056
1.127523
0.684546
3.782975
3.949563
0.486314
0.215796
0.937013
0.410840
2.229467
1.262892
2.289232
3.843769
0.288455
0.760411
0.952170
0.463084
2.787156
0.410040
1.167733
0.802848
1.447608
1.896909
0.573928
1.669797
0.873560
1.105875
0.590411
0.931522
2.770101
1.613522
1.538668
4.011198
0.189272
2.365504
0.885728
0.695869
0.970032
1.105666
0.434921
2.907116
1.313051
1.513251
0.341316
1.787794
1.204830
0.989000
0.971316
4.170302
0.764278
1.603986
3.047177
0.744001
1.869007
0.431594
0.714434
4.283693
0.344135
0.408037
2.661345
1.829886
2.778499
1.047344
2.115158
1.480228
0.370025
5.317361
0.272960
0.363219
0.836481
0.486190
2.231951
0.253507
0.496938
0.934680
0.494505
1.854400
3.166027
1.425330
0.595455
0.979395
1.101983
0.761402
1.270255
0.968788
1.122881
1.524445
2.336687
0.849587
0.444620
0.912815
0.573801
1.018818
1.777331
4.061419
4.051118
0.554578
0.738226
1.528691
3.721823
2.374716
0.943173
1.635180
0.816531
0.362581
0.565605
1.801593
1.518973
2.858379
0.985365
4.555070
0.792921
0.512154
0.811464
1.699816
1.208432
0.656977
0.774864
1.251812
2.161037
0.231719
0.533465
0.739888
1.613052
0.287503
2.007330
1.837129
3.761045
0.486764
1.130779
2.788505
1.081824
0.972999
1.473095
6.335861
0.735405
1.824198
0.614412
1.194500
1.895796
1.216879
0.678751
1.608657
1.276670
1.915843
1.954884
2.559440
1.402629
1.829444
0.108672
3.655917
2.134908
1.247489
0.326145
0.924136
0.481384
0.748479
1.254720
0.405585
1.296161
0.285444
4.065501
1.565235
0.696462
0.706293
1.152358
2.346440
0.966220
0.295611
0.582774
3.352220
1.883343
1.253737
0.656491
0.125779
0.342599
0.579302
1.447391
0.943382
0.356590
6.119868
1.934775
7.447566
1.946963
1.178031
1.025391
0.601879
1.066691
0.586171
1.469332
1.450335
1.094845
1.239335
0.451816
1.035516
1.324638
0.478931
0.498269
0.649130
0.727746
2.722935
0.672220
1.902002
1.578345
2.114736
4.389599
1.456627
0.675708
1.073192
2.528673
1.882205
1.424646
1.137263
0.745319
0.940440
5.110366
1.596995
2.506791
1.778434
1.652633
1.083222
1.809492
6.228333
0.723504
0.803834
0.465420
1.131792
1.075294
2.111992
3.158973
2.519298
0.958223
0.833651
3.407167
2.584942
1.027701
0.739972
1.283387
1.408058
1.407900
0.915674
0.965362
0.892214
1.645780
4.750996
0.541713
0.536550
3.077557
0.330043
2.288316
0.637119
1.394986
5.210901
0.599345
0.723309
1.519696
0.923370
5.018611
0.283362
0.864987
1.071646
0.544311
1.159542
2.806868
1.121235
1.307125
0.318672
1.583029
0.325113
1.123638
1.712315
0.863778
2.077386
3.407469
5.030557
4.761177
2.167036
3.666019
0.503032
1.354945
1.052476
1.320251
0.581058
2.078353
0.465992
0.527205
0.582549
0.625403
1.171264
1.462804
0.726193
1.491786
1.581697
7.369909
1.392049
0.965210
0.645741
4.057027
0.851828
0.455370
0.501700
1.105574
2.235294
0.195715
0.638063
0.273496
0.752531
1.132055
1.369211
2.922391
1.034493
4.525240
1.172546
3.188919
0.443882
0.371151
0.622120
0.416768
0.810526
0.225945
0.736776
1.208605
0.791641
0.468839
0.502734
1.420982
1.137595
3.424404
0.471107
0.701383
1.090782
0.374306
0.230453
1.007454
0.587851
0.459895
0.348060
0.523484
1.305929
0.539856
0.505204
0.404432
1.341336
0.779490
1.035548
1.593114
1.368188
0.838579
2.005209
0.994175
1.037933
0.822445
1.446134
0.210989
0.725138
0.665793
0.842933
0.904965
0.540164
0.248352
1.087964
5.053646
1.167272
0.353503
1.219739
0.576470
3.155046
0.415385
1.722613
7.447566
0.816346
1.009444
0.715449
1.169783
0.729982
0.415342
0.905602
0.586818
2.782942
1.033835
0.396389
0.594205
0.712443
0.434310
1.179728
1.716570
0.925882
0.689894
0.417876
0.931013
0.445816
0.472564
0.905105
0.683712
1.230347
0.753204
0.369733
0.231502
0.711540
1.133474
0.478746
1.828293
0.723669
1.475084
1.178731
0.843327
0.962760
0.385214
1.360566
0.732943
2.360318
1.724582
0.518386
0.334592
1.064346
0.985007
3.890475
1.077145
0.805294
0.524494
0.921024
0.610953
1.209731
2.417543
0.303578
1.553696
1.276964
1.198769
0.990563
6.457723
1.182406
1.128334
0.407933
0.573784
1.726430
1.279566
1.447999
2.015518
5.302702
2.858118
1.321699
4.995208
0.629497
0.581879
1.652446
1.782403
1.337967
1.052389
1.159048
0.347088
0.948653
0.702175
0.662212
1.011133
1.014792
1.511242
0.884707
1.972833
0.788703
0.804335
0.774050
1.478895
0.694533
0.521925
0.743105
0.816944
0.511466
0.650418
0.497690
0.503600
0.490162
3.894154
0.922102
1.682648
0.702109
0.731640
0.881611
0.618287
1.448409
1.572188
1.291126
2.077144
0.607451
0.757161
0.371020
0.361575
0.262892
0.943893
0.911489
1.086570
0.978164
0.599246
0.620737
0.873762
0.798245
0.590982
0.989648
0.413808
2.071189
1.282590
0.699015
0.838231
0.632129
2.311255
1.361750
0.910523
1.556630
0.418760
1.779696
0.624580
1.345602
1.204155
1.906191
0.710843
0.633572
1.121357
2.614498
0.942264
1.344604
1.870575
0.950538
0.979778
0.499124
0.652826
1.832185
0.335025
0.607023
0.415977
2.498388
2.828947
0.930966
0.887909
0.951466
0.934726
0.244256
0.254309
1.665476
0.732743
0.146903
1.164790
0.696931
0.744710
1.173026
1.224596
0.906604
1.754927
1.299054
0.911479
0.774561
0.976548
0.792783
0.501354
1.733770
0.869054
1.148434
0.897949
1.501152
1.546031
0.680848
1.606110
0.689428
0.838049
0.616415
0.651833
0.750574
4.326119
0.366892
1.815677
1.063004
0.319432
2.164094
2.035534
2.146870
1.393813
0.389488
2.279404
0.890487
0.261406
0.957322
2.134812
0.908039
0.362843
0.726341
1.058185
0.476707
0.955332
0.265950
0.443548
0.899224
0.711786
1.237400
1.002223
0.304046
1.362730
1.842402
0.322288
1.752460
0.595289
0.356860
0.393395
0.618304
0.563263
0.666058
0.644246
0.176906
0.742696
1.769530
1.409218
0.751246
0.269350
0.953821
0.887836
0.266284
0.378288
0.583472
1.815922
3.102891
0.433650
1.850311
1.401399
0.277678
1.573414
0.795339
1.164330
1.644955
2.637914
0.750368
1.395716
1.083696
0.608839
0.745752
1.618876
0.741573
0.261368
1.373974
0.414882
1.396106
0.969354
0.918148
0.916871
1.087477
1.112702
1.616127
0.705887
0.867698
1.260367
0.812665
0.562267
1.376850
1.142472
0.773277
0.567760
0.852930
0.740384
0.490933
0.983487
0.993009
0.644237
0.855096
0.568918
0.430225
0.579664
0.600929
1.174575
1.034060
1.271054
1.208852
0.618157
0.611832
1.229984
0.620259
0.822080
1.192557
1.548798
1.053975
0.535427
0.774966
3.422857
0.847217
0.472778
1.129525
0.368567
0.690522
1.727025
1.343554
0.826462
1.177431
0.287529
0.943991
1.347684
1.678823
0.284859
1.175053
0.680688
0.564631
0.790068
1.106537
1.149383
0.605439
0.876015
0.625657
0.859543
0.878507
0.624476
0.416545
1.002231
0.653162
0.602104
0.674588
1.983958
0.409757
1.166280
0.697591
0.338614
0.684998
0.961391
0.798277
0.248014
0.566936
0.496997
0.746122
1.432072
2.053903
1.206464
0.814839
0.731500
0.398301
1.186919
0.877875
1.674947
0.497930
0.842829
0.389249
0.786502
1.915242
0.749622
0.815149
0.598955
0.515757
1.975332
0.486463
1.392570
0.584767
1.085979
0.269344
4.371320
0.594145
0.678503
0.951302
4.496284
0.495965
1.633160
1.526419
2.191601
0.757123
0.437315
0.778131
0.858362
3.072630
0.468462
0.964895
1.399396
1.999848
0.268048
1.644229
0.364589
0.564950
1.022286
0.643157
1.120753
0.738851
0.743183
1.216354
0.867176
0.337879
0.347340
1.311054
0.705079
0.579832
1.135498
0.635672
0.767177
1.846460
1.333266
2.936098
1.124332
1.475426
0.293082
4.430444
0.810064
4.675185
0.681919
4.998072
1.249591
0.847636
0.566595
1.164662
1.074856
0.771890
0.824050
1.836728
0.590140
1.126182
0.958699
0.673133
0.323686
1.233135
0.612893
0.184150
0.577155
0.524528
0.603885
0.829072
1.113927
1.570190
0.610320
0.587497
0.381989
0.355457
0.654328
0.567449
0.894268
0.207377
0.722438
1.053355
1.391610
1.095399
0.237378
0.789324
0.948739
0.710673
0.579919
1.398318
1.055649
0.959907
1.948962
1.085924
0.406782
0.740969
0.483878
2.447214
0.191241
0.925988
1.352200
4.702549
0.914274
1.098099
2.901160
1.071271
4.709841
0.300840
1.562823
0.621909
0.310129
0.271842
0.507705
0.862689
1.099672
2.471957
0.699060
0.629725
0.745892
0.663611
1.877931
6.092277
3.349443
0.889477
1.115063
1.976284
1.460552
0.338085
1.242118
0.470989
3.935939
0.811274
1.141013
1.178216
0.779275
0.992383
2.130948
1.891202
1.767036
0.477866
1.112909
0.461740
0.638897
0.699179
1.829333
0.702661
1.301714
0.865327
0.566803
0.854784
0.553554
0.663656
1.484508
0.620146
1.488282
0.645729
1.341443
0.778694
2.477732
2.118066
1.065337
0.992903
0.776572
1.593078
0.434757
0.697404
0.865463
2.004869
1.647318
1.328823
0.593044
0.614127
1.222493
2.877171
0.529104
0.648011
0.646417
0.681147
0.984457
0.489344
0.799848
1.549639
0.741578
1.186455
0.746986
0.508072
0.448874
2.770587
1.428561
2.081936
0.187474
0.446747
1.608374
1.724510
0.833187
0.492915
1.185145
1.250426
0.847369
0.869639
0.454349
0.986200
1.294891
1.486755
1.529084
2.062898
0.854381
0.551028
0.738159
0.956401
2.314398
3.725041
0.418489
0.658774
0.643907
0.894967
0.925028
2.269439
0.773486
1.018550
0.828765
1.440999
0.458014
1.362739
5.198720
0.669854
1.506880
1.474353
0.486553
0.342736
1.193068
0.650477
0.815715
2.543604
0.803231
1.016777
0.889735
2.194798
0.527941
1.432732
0.344336
1.189127
0.361309
4.357144
0.585449
1.005891
0.688592
1.255764
0.961706
0.854346
0.779446
0.412286
0.490361
0.871205
1.384535
0.445681
1.661892
2.066665
0.401871
1.225940
1.373076
1.869294
1.367069
1.023697
0.743225
0.856392
1.118424
1.836550
1.075085
3.498773
0.940858
0.344045
1.490918
1.390906
1.709903
0.669374
3.765558
1.020072
1.007108
0.868680
0.714141
2.468819
1.709365
1.568835
0.807003
2.020391
0.735583
2.107334
1.465739
0.758206
1.882986
2.569043
1.058662
0.183473
0.382556
0.980380
1.405053
2.846693
2.096512
1.846640
0.350468
2.939164
2.228193
2.833615
0.651527
1.279083
0.926248
2.024280
0.724827
1.058649
1.494149
0.859691
0.878492
1.271465
1.336612
0.400278
1.678779
1.064186
1.369195
1.199957
0.996994
1.576108
2.268054
1.380915
2.076025
2.705181
0.508587
0.665839
0.723987
0.665388
1.773898
0.747861
0.655293
1.379740
0.429608
0.751453
0.386476
0.461469
0.573665
1.131184
0.420985
0.698819
0.310814
0.625108
1.491933
0.497823
0.436129
0.438170
0.937845
0.186645
0.650588
1.984442
1.106581
0.855204
1.769351
0.771844
0.289945
0.626277
0.810632
0.358226
0.510506
1.604924
1.568109
1.255357
0.642171
1.386229
0.743445
1.937449
0.978187
0.674994
0.795605
1.179428
0.305054
0.549692
0.725657
1.320513
1.446901
1.038033
0.662353
0.528853
1.158870
0.449452
0.775717
0.448691
1.392564
1.320993
0.425780
2.393640
1.157125
1.641855
0.840878
2.184050
0.518954
0.336208
1.744196
0.935914
1.171552
0.888472
2.337257
0.740819
0.600663
0.501815
2.929260
0.554714
0.704412
0.711999
0.483492
0.768360
1.028374
1.273019
1.257897
0.774467
0.494500
0.820948
1.212745
0.752503
1.323991
0.442221
0.847948
2.175433
1.068811
1.512481
1.199308
0.562031
0.877494
0.500585
1.525713
0.943375
