0.011414 0.159774 0.176622
0.014212 0.160864 0.178633
0.017006 0.161976 0.180686
0.019779 0.163101 0.182779
0.022526 0.164232 0.184926
0.025256 0.165371 0.187136
0.027982 0.166547 0.189350
0.030672 0.167720 0.191626
0.033340 0.168906 0.193956
0.035998 0.170106 0.196318
0.038643 0.171327 0.198731
0.041285 0.172564 0.201234
0.043917 0.173825 0.203744
0.046517 0.175092 0.206312
0.049121 0.176387 0.208947
0.051717 0.177699 0.211617
0.054278 0.179025 0.214314
0.056804 0.180349 0.217079
0.059315 0.181697 0.219871
0.061811 0.183068 0.222687
0.064287 0.184466 0.225522
0.066743 0.185875 0.228385
0.069201 0.187292 0.231395
0.071649 0.188744 0.234411
0.074082 0.190219 0.237460
0.076495 0.191702 0.240578
0.078894 0.193213 0.243710
0.081259 0.194741 0.246865
0.083586 0.196274 0.250028
0.085912 0.197857 0.253188
0.088212 0.199450 0.256384
0.090488 0.201055 0.259626
0.092778 0.202701 0.262922
0.095067 0.204370 0.266304
0.097348 0.206067 0.269697
0.099629 0.207801 0.273128
0.101906 0.209574 0.276574
0.104147 0.211349 0.280029
0.106343 0.213150 0.283438
0.108530 0.214983 0.286864
0.110714 0.216844 0.290298
0.112895 0.218744 0.293744
0.115072 0.220678 0.297210
0.117259 0.222643 0.300719
0.119477 0.224668 0.304261
0.121693 0.226729 0.307800
0.123892 0.228806 0.311353
0.126128 0.230957 0.314884
0.128317 0.233085 0.318464
0.130475 0.235258 0.321902
0.132632 0.237459 0.325337
0.134833 0.239737 0.328744
0.137005 0.242010 0.332159
0.139233 0.244352 0.335590
0.141543 0.246778 0.339056
0.143837 0.249214 0.342507
0.146140 0.251676 0.345935
0.148477 0.254186 0.349349
0.150852 0.256750 0.352726
0.153204 0.259340 0.355964
0.155573 0.261956 0.359170
0.157982 0.264613 0.362365
0.160419 0.267307 0.365483
0.162911 0.270029 0.368661
0.165436 0.272782 0.371765
0.168061 0.275609 0.374870
0.170731 0.278462 0.377976
0.173448 0.281349 0.380997
0.176199 0.284251 0.383967
0.178976 0.287144 0.386935
0.181762 0.290074 0.389667
0.184624 0.293028 0.392398
0.187532 0.296002 0.395042
0.190468 0.298965 0.397626
0.193526 0.301968 0.400275
0.196710 0.305028 0.402846
0.199960 0.308100 0.405322
0.203298 0.311178 0.407828
0.206739 0.314275 0.410342
0.210247 0.317393 0.412687
0.213733 0.320459 0.414854
0.217252 0.323484 0.417028
0.220873 0.326523 0.419183
0.224535 0.329540 0.421223
0.228297 0.332568 0.423203
0.232200 0.335619 0.425151
0.236312 0.338726 0.427093
0.240513 0.341824 0.428993
0.244752 0.344877 0.430819
0.249123 0.347948 0.432622
0.253509 0.350981 0.434298
0.257883 0.353909 0.436025
0.262319 0.356813 0.437647
0.266905 0.359745 0.439260
0.271557 0.362649 0.440891
0.276269 0.365518 0.442439
0.281245 0.368484 0.443936
0.286244 0.371417 0.445362
0.291298 0.374304 0.446813
0.296406 0.377162 0.448247
0.301584 0.380006 0.449656
0.306802 0.382813 0.451063
0.312183 0.385659 0.452465
0.317563 0.388458 0.453880
0.323051 0.391265 0.455236
0.328692 0.394131 0.456605
0.334313 0.396917 0.458023
0.339967 0.399697 0.459401
0.345694 0.402480 0.460819
0.351487 0.405276 0.462191
0.357354 0.408092 0.463612
0.363261 0.410889 0.464999
0.369286 0.413731 0.466468
0.375359 0.416578 0.468007
0.381493 0.419448 0.469534
0.387673 0.422335 0.471058
0.393884 0.425232 0.472584
0.400095 0.428121 0.474148
0.406341 0.431025 0.475774
0.412629 0.433951 0.477450
0.418915 0.436882 0.479124
0.425277 0.439859 0.480803
0.431819 0.442949 0.482565
0.438408 0.446046 0.484403
0.445051 0.449210 0.486284
0.451668 0.452349 0.488119
0.458352 0.455547 0.490085
0.464934 0.458716 0.492033
0.471522 0.461882 0.493843
0.478178 0.465124 0.495728
0.484774 0.468323 0.497624
0.491463 0.471618 0.499467
0.498186 0.474919 0.501387
0.505102 0.478346 0.503606
0.512031 0.481810 0.505871
0.518940 0.485254 0.508094
0.525932 0.488786 0.510234
0.532791 0.492230 0.512390
0.539612 0.495684 0.514442
0.546434 0.499154 0.516429
0.553159 0.502581 0.518353
0.560062 0.506112 0.520322
0.566910 0.509622 0.522384
0.574114 0.513335 0.524690
0.581296 0.517048 0.526906
0.588509 0.520783 0.529048
0.595739 0.524537 0.531210
0.603103 0.528371 0.533248
0.610006 0.531971 0.535244
0.616823 0.535502 0.537050
0.623833 0.539160 0.538819
0.630767 0.542784 0.540568
0.637785 0.546459 0.542276
0.645059 0.550284 0.544266
0.652464 0.554163 0.546044
0.659985 0.558136 0.547831
0.667322 0.561990 0.549529
0.674679 0.565881 0.551385
0.681930 0.569709 0.552922
0.689108 0.573521 0.554358
0.696127 0.577266 0.555779
0.703234 0.581049 0.557106
0.710307 0.584848 0.558430
0.717487 0.588695 0.559734
0.724747 0.592605 0.561174
0.732129 0.596596 0.562559
0.739399 0.600542 0.563898
0.746732 0.604543 0.565380
0.753863 0.608444 0.566548
0.760961 0.612373 0.567492
0.768001 0.616293 0.568391
0.774987 0.620207 0.569243
0.781984 0.624151 0.570055
0.789026 0.628147 0.570815
0.796221 0.632249 0.571798
0.803269 0.636279 0.572700
0.810324 0.640351 0.573575
0.817329 0.644424 0.574411
0.824326 0.648520 0.575216
0.831185 0.652593 0.575819
0.837940 0.656624 0.576285
0.844677 0.660693 0.576762
0.851291 0.664705 0.577155
0.857934 0.668771 0.577532
0.864672 0.672923 0.578015
0.871353 0.677050 0.578485
0.877992 0.681201 0.578967
0.884463 0.685261 0.579478
0.891137 0.689488 0.579929
0.897524 0.693567 0.580194
0.903831 0.697647 0.580310
0.910095 0.701729 0.580391
0.916239 0.705767 0.580444
0.922407 0.709849 0.580500
0.928555 0.713920 0.580523
0.934768 0.718036 0.580867
0.940963 0.722175 0.581038
0.947063 0.726278 0.581178
0.953223 0.730436 0.581297
0.959233 0.734520 0.581396
