2.934482
0.881455
-0.376899
-0.265869
-0.280602
-2.131810
-0.633621
-1.001560
1.044423
0.034518
-0.734121
-0.145699
0.015067
-1.532657
-0.190705
-1.204803
-1.402772
0.090667
-0.662145
-0.349333
-0.753386
0.174621
-0.414026
0.475602
0.194271
0.339957
0.730156
0.876184
-0.498051
1.278348
-0.794916
1.045156
1.234181
1.107167
-0.240160
-0.405487
-0.378298
-0.812316
-0.343684
-0.016720
0.414020
0.337977
-0.373674
-0.393703
-0.122856
2.637379
-0.708531
-0.154850
-1.375846
-1.159534
0.708108
-0.185539
-0.207717
0.729103
0.179395
-1.659795
-0.055134
0.197462
-2.334908
0.884638
-0.575001
-0.542191
1.895649
0.808424
0.063574
1.259005
0.701910
-0.105989
-0.443946
-0.593240
1.395724
0.453247
-0.406839
0.222919
3.848784
-0.053230
0.199927
-0.773043
0.341634
0.353639
-0.216007
0.174529
-0.513635
-0.050391
-0.139146
0.294518
0.749459
-0.565723
-0.995337
0.262506
-2.538617
-1.656506
-0.027543
1.085239
0.786638
-1.331747
0.146874
0.624021
-1.797896
-0.615634
0.517545
4.296658
0.737601
0.152322
1.618845
-0.516497
0.453203
-0.331253
0.846587
-0.596523
0.421399
2.442555
-0.592295
0.490985
-0.678112
0.198581
2.007971
-1.583749
3.259692
-0.085505
-0.784225
-0.652092
0.473083
-1.044469
-1.022611
-0.769777
1.765104
-0.472536
-0.419659
-0.558942
0.207985
-0.153141
0.024176
-0.051500
1.624594
-0.076743
-0.446834
-0.642428
0.189181
0.513649
0.604095
-0.435545
0.721822
-0.009428
-0.206111
-0.117204
0.201806
0.175026
-0.080773
-0.270461
2.416620
0.064690
0.438746
-0.235003
-0.736258
-1.215488
-0.545750
0.158900
-1.379878
0.372511
-0.076219
0.626479
0.644186
-0.496629
-0.305324
0.026664
0.406128
-0.756764
-0.700891
0.329943
-1.083549
-0.039428
0.100906
-0.997162
-0.362457
0.654117
0.433153
0.360350
-0.277381
-0.311064
-0.017666
-1.138765
-1.374110
-0.956637
0.743417
0.471066
0.253934
-0.861067
-0.643976
-0.266144
0.511421
-1.053606
3.350672
1.118082
0.444146
-0.521808
-0.441394
0.675642
-0.331024
1.892473
0.432890
-0.457733
-0.922115
0.398301
-2.042869
0.815025
-0.766649
-0.339441
-0.123292
1.025828
-0.495876
-0.086271
0.201393
-0.051204
-0.641961
0.455240
-0.257799
0.954308
1.133761
0.364293
1.051533
-0.727788
0.294498
-0.058443
-0.282760
-0.695745
-0.934519
1.914988
1.713525
1.196640
-1.320455
0.530998
-0.386768
0.511586
1.425389
-0.293233
-0.833858
-0.812573
0.447472
0.815919
0.627320
-0.961575
0.005201
-0.381933
-0.439921
0.369692
0.224561
-0.718591
-0.333825
0.577700
-1.205787
-0.277963
0.060702
0.231023
-0.608247
-0.181192
0.910821
0.352596
0.316505
-1.480417
0.434050
-0.156050
1.139823
-0.765525
-0.248421
0.625788
0.242926
-0.575798
0.206933
-0.520187
-1.447225
-0.981335
0.755246
0.641325
1.528384
0.428971
0.622573
-0.222069
-0.528254
-0.443141
-0.136334
-0.345767
0.079479
3.152824
-0.631435
1.318046
-1.298845
0.448877
-0.605879
0.680489
0.918620
-0.183834
-0.373539
0.931631
4.566350
0.534316
0.205624
0.725431
-0.093552
-1.751219
0.841023
-0.011166
-0.453410
-0.007985
-1.269127
-1.828777
-0.683101
0.528580
0.160838
-0.469504
1.101923
0.056642
0.134318
-0.007220
0.475216
0.707447
-0.521707
3.040738
-0.783960
0.988117
0.584039
-0.386344
-1.599910
0.272199
0.188861
-0.915596
1.071044
2.286143
-0.820706
1.049366
0.069616
-0.881619
-0.644690
1.065628
0.766611
0.945287
-0.484075
1.790920
-0.801647
0.948638
2.576716
-0.499779
-1.038174
1.656203
-0.243325
-1.240724
-0.114131
-0.164588
0.166187
1.601416
0.205127
-0.215824
3.728044
0.423668
-1.513189
-0.303338
-0.799295
0.025264
-0.094336
-0.283086
-0.390807
-0.184258
-1.632323
-1.112949
-0.529253
-0.117261
-0.238806
-0.414489
0.092765
1.464230
-1.707785
-0.450563
0.194447
0.131140
-1.451883
0.140743
0.278240
0.089812
1.604794
-0.685983
0.597482
2.009388
3.186092
-0.233039
0.471980
0.108811
1.133421
0.373831
-0.076071
0.197881
0.218616
-0.307223
0.482401
-0.942242
2.965490
0.771989
-0.073046
1.019773
-1.119639
-1.257818
-0.019609
-2.003166
0.620837
-0.241598
-0.378114
-0.080407
-0.226117
0.149175
0.739889
0.800093
2.371169
-0.485580
1.852279
0.318705
-0.502484
-0.791280
-0.028717
1.239651
2.561550
0.305308
0.431773
-0.488780
-0.199849
2.257362
-0.020867
-0.551729
-0.920148
-0.571942
-0.759854
-2.382763
3.686548
0.368489
-0.286263
-1.560076
0.187266
-0.039691
-0.192657
1.153523
-0.449115
-1.499389
-0.286948
-0.342852
1.861496
-1.337310
-0.379616
1.203909
0.324509
-0.589167
0.724450
-0.493576
-1.010947
-0.148595
0.799585
1.513773
3.888147
-1.634720
-2.521548
-1.288605
-0.634736
0.188684
-0.318488
0.236271
0.716597
-0.401048
1.877842
1.436874
0.365000
4.821804
-0.448170
-0.652431
-0.648441
-1.597434
-0.858649
3.315877
-0.091941
-0.402908
-0.737416
1.948549
-0.861065
0.257672
0.115462
0.430028
0.103672
0.127532
0.324610
-0.756632
0.414426
0.379284
-1.110350
-0.530546
-0.437173
-0.198365
-1.778262
-0.862451
-1.255205
-0.260729
0.385681
-0.712867
-0.464339
0.155737
-1.565921
1.476288
-0.088611
-0.014254
-0.330556
0.621314
-0.432095
0.015428
0.564267
-2.518386
-0.009236
-0.331535
0.556306
2.516496
2.471058
-0.289756
-1.738558
-0.503797
-1.154622
-0.696924
0.257013
0.518268
0.464508
0.329046
-0.217489
-0.109849
0.222355
0.234987
-0.484407
0.642200
-0.083817
-0.438337
1.921212
0.339530
-0.379361
0.014446
-0.288026
-0.678442
-0.810867
-0.442697
-1.243633
-0.686765
-1.088823
0.595163
0.002063
0.087086
0.187223
0.316028
-0.153052
0.358892
-0.163789
-0.757272
-0.798884
-0.426644
0.211944
-1.372792
-0.743125
0.213608
-0.336812
0.421927
-0.147387
0.744874
0.336838
0.235572
-0.191435
-0.444707
-0.103667
1.010283
-0.496486
-0.333102
2.572291
0.020560
-0.317277
1.074291
-0.355474
-0.149598
-1.723458
1.319291
0.157847
0.089905
-0.586534
-0.376272
-1.122715
-1.216240
-0.279099
0.225165
0.124739
-1.690187
0.681076
-1.007053
1.029128
-0.502165
-1.954246
-0.232630
1.589891
-0.330209
-0.552799
1.692953
0.844657
-0.655944
-0.535394
-0.569391
-0.926546
3.328616
0.031958
-2.324482
-0.082078
-0.790606
2.187840
-0.133611
0.656802
-1.905610
1.271418
0.273035
0.387486
-1.627197
-0.564321
-0.920302
0.401924
-1.509784
2.328146
0.463150
-0.152673
0.285269
-0.923697
-0.744893
-0.130889
0.184680
-0.553017
0.952866
0.043431
-0.460681
0.174906
-1.002927
0.224355
0.055490
-0.287851
0.133097
1.666350
-0.550077
-0.527829
0.428402
-1.456800
-0.314512
0.214211
0.262786
-0.254743
0.024324
0.690645
0.445948
0.084369
0.417599
1.235204
0.411164
0.162767
-0.316451
-1.229890
0.243000
-0.372672
2.184616
-1.116083
1.612379
3.520396
0.217358
0.847247
-0.119700
0.077365
3.346051
-0.160464
0.422233
-0.893850
0.996536
-0.287179
0.196129
-0.106589
-0.230276
-0.818201
0.289150
-0.199681
-0.188807
-0.325988
-0.710022
-0.248310
-0.233597
-0.821764
1.452967
-0.257296
-0.943137
-0.686202
0.351186
-1.278512
-0.021983
-0.788761
-0.191565
1.310705
0.152795
2.142230
0.482441
1.899816
2.749483
-0.954209
0.013552
-1.534912
-0.236332
1.055993
-1.277373
0.284764
-0.528419
-1.142771
-0.596969
-0.545403
-0.193737
1.169372
0.720006
2.847359
0.275765
0.980708
0.177514
-0.259429
-0.165618
0.092784
-0.178128
3.163105
-1.099505
-1.041928
-0.078396
1.142438
-1.572984
-0.128864
-2.635781
-0.608360
-0.597771
-0.362981
-0.404730
-0.842723
1.081642
1.567614
-0.569214
-0.781095
0.249104
-1.442024
-2.239765
-1.347075
-1.376540
-0.339807
0.740751
0.183855
-0.517790
3.259082
1.161471
-0.171546
0.488006
-2.183175
2.307200
0.262605
1.391518
0.449150
-1.445727
-0.031641
-0.485433
-0.691545
0.022778
-0.617239
0.674304
-1.434944
-0.435389
0.536464
-0.238404
-0.161016
0.094516
-0.106208
0.574862
-0.523722
-0.115661
-2.173226
-3.030194
-1.443316
-0.366854
4.680603
-0.171948
0.420287
-0.262031
1.159521
0.066890
0.921527
-0.197609
0.161088
0.494111
0.063684
1.975767
-0.981920
-0.222177
-0.120119
0.524399
2.015703
0.047591
-0.630721
0.281129
0.253251
-0.252618
-0.176033
-0.099794
-0.723084
-0.246409
-0.282170
0.443730
-1.072613
-0.332889
0.066048
-0.464024
-0.661375
0.069533
0.715830
0.055063
-0.266737
0.105391
-0.109758
0.615114
0.680613
0.026682
-0.329303
4.335595
-0.158334
0.745127
2.046852
0.854409
0.220195
-1.340647
-0.644172
0.661053
-0.294338
-1.100860
-1.265065
-0.164769
0.227227
0.011940
-0.263749
-0.894219
0.378409
-0.637188
0.067809
-0.047035
-0.368344
-0.121595
-1.028675
0.509311
-0.044398
-0.404276
1.036352
-0.022760
0.331080
-0.109833
0.073636
-0.185082
-0.429237
0.339467
-0.566787
-0.090179
-0.892065
-0.208068
-0.676486
-0.470545
0.699930
-0.619976
0.000381
0.062250
-0.018099
0.020186
-1.005939
-0.284209
0.370381
0.516256
-0.243030
-1.037996
-1.072111
-0.724652
-0.305284
-0.133340
0.483586
0.438768
-1.344283
-1.793066
5.202711
-0.927377
0.160903
0.783673
-0.421353
-0.476305
-1.074898
-0.136966
-0.506603
-0.873727
-2.212379
-0.179809
0.790924
0.445919
0.273370
0.211887
-0.461328
-0.177097
-0.499178
-1.160242
-0.094400
0.151538
-0.251382
-0.020645
-0.950536
0.446601
-0.725874
0.469837
-0.280629
0.048231
-0.809256
1.128033
0.175141
-0.877258
0.273929
-0.782842
-0.407593
-0.252714
-0.242275
-0.779061
0.952288
-1.342902
-0.388213
-0.557637
-0.340407
-2.364464
-0.014398
-0.104939
0.077058
-0.042466
-0.452438
-1.324621
-1.096781
0.062617
0.258287
-0.130068
-0.568676
-0.395574
4.014424
-0.374701
0.077859
-0.279846
0.176696
0.545064
-1.540564
0.301285
-0.044983
1.020540
-0.688238
2.299991
-0.681413
0.291610
0.195954
3.542034
-1.552726
-0.246578
-1.216530
0.953419
0.828407
-0.007348
-0.088106
0.861562
-0.903880
-1.079936
-0.001999
-0.190609
0.280215
-0.040242
0.000558
0.423896
0.340819
-0.631510
0.525174
-0.406548
-0.543498
-0.942527
0.412776
-0.862907
-0.549475
-0.423977
-1.329932
-0.637222
-1.706491
-0.725337
-0.520299
0.043011
0.501075
-0.009277
0.911918
0.257391
0.074368
-0.312329
0.318035
-0.520875
-0.513994
-1.070056
-0.471693
-0.262370
-0.054824
-0.609405
-0.039627
0.412428
0.875733
0.297974
2.944289
-1.253441
-0.260123
0.202375
2.183146
-1.255322
-2.328081
0.232336
0.800042
0.468896
-0.656175
0.075434
-1.487251
-0.240248
1.067770
0.855638
1.548277
0.929892
-0.580109
-1.016416
-0.191602
0.678772
0.493054
2.608532
0.575366
-0.148815
0.332525
0.754397
0.401816
-0.053333
1.263877
-0.944695
0.758479
0.232838
-1.275640
0.760435
-0.607389
0.267783
-0.338181
3.717032
-1.096330
-0.235439
0.544068
2.703788
1.587631
-0.167462
-0.403847
0.483638
0.048934
-0.134479
-0.123489
0.514632
-0.418980
-0.151616
1.054916
0.678037
-0.304351
-0.449660
-0.178634
0.009167
-0.368310
-0.130152
-0.508541
0.371471
0.128994
-0.083790
0.734628
0.355362
-1.217750
-0.382346
-0.646940
-1.334630
0.400197
0.315214
1.632975
-0.292892
-1.353499
-0.223107
0.194972
0.601089
1.016242
1.231872
0.074858
2.448164
0.234143
-0.724557
0.301996
-0.172044
-0.804444
-0.192207
0.720632
0.887245
0.566441
-1.148180
5.614014
0.881369
-0.435886
0.398900
1.441842
0.348052
-0.484078
-0.753960
-0.225180
-0.123794
-0.587164
0.353322
-0.828736
-0.498794
0.366790
-0.210734
-0.263494
-0.447752
-0.937048
-0.288678
0.263218
-0.704842
0.368566
0.631233
-0.532748
-0.987119
-0.106241
-0.385299
0.172241
0.059067
0.259726
0.107819
-0.350584
-0.049528
0.061866
0.740735
0.046855
0.008132
0.229085
0.509780
-0.468172
-0.932370
-0.400199
-0.265605
0.040218
0.390416
-0.484804
0.095424
-0.489699
-0.354959
-0.282547
-0.576474
-0.238126
-0.372497
-1.105872
2.081070
1.271209
-0.120501
-1.271863
-1.951556
0.501178
-0.404143
-0.056029
0.160204
0.088772
1.654605
-0.787014
2.555743
0.115084
-0.065923
0.342967
-0.199272
0.563884
-1.484668
-0.573444
-0.642487
2.551850
-0.000703
-0.944062
0.194330
-0.115800
-0.760450
-0.719689
-0.071992
-0.627750
-0.572537
-0.090611
-0.505797
2.840366
-0.315462
0.225704
-0.100403
0.331052
-0.592412
0.533931
-1.187972
-0.552851
-0.318202
1.130318
1.196302
0.134969
0.291153
-0.930354
-1.150202
-0.295786
0.464315
-0.222513
0.040926
-0.121128
0.235457
-0.863715
0.531608
-0.345973
-0.373141
0.266128
-1.033867
-2.064422
0.525249
0.845816
1.645241
0.415725
0.355214
-0.536630
-0.675672
0.766862
0.298665
0.788007
0.181661
-0.110748
-0.778699
-1.345927
0.770332
0.492531
0.548711
-0.232259
-0.155115
-0.479744
0.745927
-1.130403
0.749546
-0.277339
-0.195217
0.757876
0.345322
0.230095
0.288206
0.245008
0.329660
0.372621
-0.084315
-1.783468
-0.009782
0.513264
-0.051129
1.189039
-0.589980
-0.364863
-0.238920
-0.481176
-0.932598
-0.669614
1.143203
0.016162
-0.038401
-0.088839
0.139117
-0.712626
0.742873
0.573378
-0.767200
-0.185207
-1.704638
-0.714541
0.044833
-0.238621
-0.468525
0.406751
0.839574
0.693025
0.870933
0.479816
-0.175605
1.590000
-0.236243
0.108756
-0.311884
0.259421
-1.169708
0.288450
1.886651
0.581735
0.990401
-0.837972
-0.313088
-1.187745
-0.096328
0.726875
-0.695845
-0.106765
0.728795
-0.506600
-0.470908
0.716522
0.058481
1.000090
0.520051
0.258108
0.511432
-1.214214
-0.026580
-0.419813
-1.094188
-0.196598
-1.390904
0.205893
-1.368207
-0.990141
1.685980
1.190880
-0.268838
-1.101013
0.170375
-0.189649
0.336823
-1.304467
-1.348250
0.140142
-0.212977
-1.034700
0.424810
-0.108985
-1.411017
-0.065416
-0.908743
-0.046390
-1.073449
-0.223987
-2.913123
-1.056232
0.412920
-0.634733
2.182419
0.135203
-0.911629
1.870165
-0.339816
2.143829
0.827960
-0.073744
2.101800
-0.565133
0.526877
0.993476
0.631564
-0.450691
-1.208759
0.556103
0.226293
-0.510780
-0.032548
0.688816
-1.798294
0.215655
1.253907
-1.595493
1.101175
-0.035080
0.249136
0.376624
-1.555316
0.287103
0.278393
0.248014
-1.536444
0.072486
0.239358
-0.796152
-0.599511
2.669950
-1.599486
-0.971576
-0.027221
0.469664
0.384440
-0.485671
1.428536
-0.760790
-0.216411
-0.593319
0.300310
-0.556401
0.409141
-1.932475
-0.812162
-0.609851
-0.172256
1.017456
-0.352724
-0.577384
0.840314
0.188227
0.298864
0.769137
0.621301
-0.315972
-0.101800
-0.671818
-0.487560
-0.059760
0.045656
2.102149
-1.069864
-1.356676
3.639089
-0.204666
-1.070033
-0.551987
-0.738851
-0.682614
0.283626
-0.038549
0.133996
-0.404065
0.505706
0.054311
-0.123878
-1.876342
-0.258932
-0.541675
0.566465
-1.242839
0.384521
-0.222391
-0.395183
-1.142132
-1.628252
-0.300417
0.021974
0.343571
1.894545
-0.378309
-0.777689
0.419587
0.370188
-0.388828
-0.143275
-0.671705
0.573512
0.389392
-0.306993
-0.772704
-0.147023
-1.443155
-0.264685
-0.701090
0.658178
-0.042715
1.578766
0.351176
0.093943
0.537934
-1.195247
0.458224
-0.607384
0.360676
-0.759212
-1.879996
-0.807070
-0.276548
-1.300475
0.284176
-0.343837
-0.002359
0.279714
1.132683
0.472680
-0.773329
-0.158756
-0.148295
1.132013
0.179784
-0.230174
0.192321
-0.721173
0.545877
-2.783228
-1.887356
2.409397
1.430531
2.479713
-0.721674
-0.410712
0.834517
-0.699812
2.099573
-0.251350
1.714479
-1.788857
0.110231
-0.344472
-0.815778
0.421212
-0.629656
-1.472205
-0.317177
-2.156214
-1.165190
-0.279523
-0.614549
0.878759
-1.155443
-1.692012
3.498535
-1.840428
2.079174
2.539517
-0.550359
-0.809566
0.070193
0.054711
-0.241270
-1.286815
-1.541360
-0.821188
0.204892
-0.394782
2.181169
-0.138189
0.400649
1.052406
0.103137
0.869289
-0.051459
0.241264
-1.742570
0.340652
0.050768
0.979458
0.159738
0.142304
-1.822979
0.174003
-0.029277
0.286353
0.970890
-0.754438
-0.314970
-0.388265
1.033280
-1.016367
-0.017077
-0.970963
0.287113
0.444544
0.716493
1.756252
-0.116292
0.846542
0.511597
-0.730543
0.686387
1.062136
-0.354160
-0.502729
-0.258023
0.415960
-0.453794
-1.059594
-0.112534
0.421863
0.327867
0.899448
0.034076
-0.684672
-2.512682
0.768503
0.613093
-0.525017
-0.093478
0.729924
-0.217983
-0.192139
-0.102814
0.008083
-0.783270
-1.863906
0.340446
-0.538430
-0.292458
-0.065223
-1.155106
-0.867864
0.216624
-0.123752
0.293877
1.016252
0.006192
0.572076
-2.648655
0.447179
-0.682351
0.146588
-0.516725
0.080466
-0.835197
-0.121910
-0.085091
-1.224053
-1.269971
0.851861
-0.248259
0.362773
0.881937
-0.683385
3.221005
0.309364
-0.338814
0.065478
-0.023349
-0.314407
0.191251
0.484872
-0.418679
-0.494179
-0.588721
-0.392061
0.592663
-0.505166
-0.727886
-0.049460
1.177728
0.762630
-0.166634
-0.682984
0.265630
-0.196047
0.493222
0.543490
0.178167
-0.012512
0.009833
0.293186
-0.220692
3.104411
0.505185
0.672131
0.021891
-0.024572
-0.152182
-0.718975
-0.060021
-0.611582
