56.648408
61.440937
66.010857
76.083555
67.903830
56.487398
95.615981
70.046058
82.199725
93.438730
81.745481
80.141296
119.538829
73.786089
86.264911
60.446162
76.152507
92.649496
79.734515
91.555618
80.461153
81.493017
66.442183
71.227500
91.496732
73.024061
67.761397
83.160637
96.722405
66.615847
67.917632
70.497194
68.472222
84.605895
98.806715
91.271150
98.733470
71.127831
80.496755
83.501910
84.282498
91.734264
83.249029
75.997131
90.552302
73.435514
70.658006
65.534567
71.774479
86.243089
75.872772
67.300944
66.262717
94.161903
66.801408
58.777729
99.251948
88.674946
71.890151
48.550129
54.460464
97.010267
90.964094
83.002359
76.696965
73.024189
63.043672
75.797662
87.220484
76.971031
66.216394
69.721250
66.260029
77.576786
67.817310
83.432322
82.865798
88.991409
81.929017
79.951939
76.604390
88.911951
64.290793
66.585194
90.388780
118.593368
91.132668
60.092239
80.217460
82.358162
52.607480
83.451698
68.860324
72.920510
78.361244
95.153406
104.831612
69.162744
81.466064
61.314241
74.247651
57.089577
75.452834
78.558150
77.168329
102.409166
75.368169
63.303248
72.656436
91.640773
77.591161
67.574462
88.444408
87.544837
67.773105
84.657779
64.382767
58.479929
72.022714
85.237907
93.190938
67.965780
96.735588
85.866916
60.319134
65.493958
69.349575
82.767033
68.018750
63.103632
72.002460
78.163778
86.564170
78.372141
54.896924
104.951815
81.391927
58.379206
86.654658
73.280210
75.305829
54.751132
67.197215
68.996184
67.605765
86.716575
68.281883
75.577491
96.565773
95.309689
60.942927
66.477577
120.855741
59.166731
82.193978
93.363822
86.482523
67.281427
70.795580
61.832631
68.001431
71.893624
82.500310
63.416497
83.259465
76.762071
115.377249
72.031381
104.483435
65.935321
54.979925
115.203280
94.558107
75.456160
83.158674
77.181355
81.768580
76.111590
72.740395
88.538015
64.159780
91.817128
68.671659
76.618981
47.038663
71.817554
70.010429
68.929632
62.648381
61.422253
63.874720
74.124609
68.734841
52.049463
61.196010
75.847357
69.067227
84.440234
91.975972
59.844247
101.885199
74.130235
68.843807
66.425023
55.072198
84.686549
74.526171
74.700395
72.278118
71.681150
83.485410
69.095900
93.633691
97.145908
90.680481
66.121424
64.601236
79.611574
66.805995
82.516549
77.801363
71.048708
67.455870
67.854680
81.307220
54.726121
98.999632
71.908729
77.264630
63.254679
94.557563
103.992475
66.221606
83.357119
57.839371
103.111908
80.265245
72.382174
69.759699
67.012619
78.704089
62.813214
72.868568
110.837584
71.539183
98.547167
71.967877
83.562940
92.200040
80.354663
61.739043
68.640642
90.227743
75.321963
70.144971
72.376921
71.126317
86.047221
83.149008
76.910194
79.718002
88.374865
70.878802
65.755295
62.025748
79.798638
84.579924
90.356427
54.820727
47.583019
82.257844
87.698937
78.975625
83.359666
67.707929
89.983530
79.917961
78.665795
79.345486
81.977341
53.922030
51.444707
68.807960
74.239192
94.206394
75.357370
67.338070
88.303949
94.234445
90.999152
80.945408
99.136478
73.390444
61.243281
65.224747
71.397802
53.583701
85.574816
68.193868
61.581911
64.522301
92.955271
84.339780
55.176688
77.292459
66.728344
103.655624
57.121400
100.656068
63.052195
72.013534
95.734172
78.604663
89.786553
77.999761
62.856668
75.389401
50.303234
75.265625
74.826093
71.706126
83.014497
63.518435
77.845944
79.157914
62.270633
66.736619
78.937649
93.289539
58.619253
96.625061
60.306006
80.705819
68.568714
92.092836
67.505991
96.713819
67.756050
61.894800
77.991315
65.797598
80.575146
57.841975
51.602571
68.299652
77.269443
77.486121
95.914481
71.668680
63.111143
70.440535
84.619792
61.052367
89.167837
88.687225
83.638859
78.431121
82.714834
69.996753
64.197484
82.874323
70.461985
61.974728
83.230731
72.023437
69.487549
103.524550
88.810779
106.226433
91.980817
64.489227
104.437046
96.501604
88.842279
55.776254
62.291275
44.971934
81.256211
68.841358
68.157305
58.003117
72.485318
79.044329
75.590674
67.840902
89.780717
64.044784
73.901055
80.121763
89.154961
68.593500
76.440847
72.665142
79.984375
68.339924
75.533320
80.204585
56.363949
65.543099
40.332061
86.740948
57.366287
73.879895
72.968935
60.919654
94.038599
84.008246
63.321824
73.175426
74.353259
66.681500
79.266530
57.695716
63.166867
68.067999
60.502561
88.067941
64.784842
54.677043
94.454599
83.999407
75.492682
74.517466
61.870874
65.915318
63.469243
66.130179
82.627630
83.028056
58.048452
61.604686
95.479480
92.148567
74.094293
84.260219
67.596692
87.443946
62.006071
65.680029
96.214146
76.996458
91.306995
71.307022
63.763494
71.882388
75.468135
61.827728
65.983821
75.687066
78.573731
68.302577
79.211420
61.045047
61.273814
70.906114
68.923746
60.136490
74.029944
71.299738
72.182875
40.440994
77.900422
85.792565
83.486516
84.707361
56.716664
90.715846
67.632157
75.978464
69.057848
73.766348
65.487100
72.390957
55.862181
76.957716
100.624137
68.996972
65.233500
60.248397
68.742972
73.938721
84.140044
88.406497
81.302169
81.993237
66.081224
102.348145
72.679315
64.612120
92.217868
49.662718
75.012314
75.703167
75.941799
81.783612
74.204758
79.379524
59.108014
66.791456
103.418387
69.015913
67.472382
78.218839
78.181913
65.921442
65.904781
101.333901
68.067838
101.367299
71.556525
65.250878
68.702709
76.668670
70.009099
56.872186
77.993921
65.200795
50.027008
78.193301
75.134567
73.407097
69.763315
81.877022
81.205699
80.923261
85.269576
70.693732
74.010323
69.342203
82.579992
100.533584
73.690394
76.277237
77.961201
69.042842
64.915409
35.010924
56.604128
45.784777
62.246836
77.626186
60.314504
62.161846
78.051346
68.228377
70.944851
82.081105
72.608109
90.700192
113.786954
47.954993
108.393551
71.767309
88.703215
103.037163
55.217856
61.992613
72.454863
68.765915
73.905702
62.426702
76.099891
91.917061
59.540539
80.584446
70.944466
51.873945
63.092773
60.543592
84.004439
49.063135
58.665493
71.150579
58.052549
71.660584
65.717011
62.324022
51.845960
76.969656
79.861266
71.342772
69.876361
80.585446
63.298469
85.370232
77.214005
82.135223
70.894613
63.399664
81.633674
62.078346
64.778742
68.755772
82.381372
67.412618
67.582208
86.610849
65.457977
62.061042
68.752556
79.607727
83.812931
64.960797
51.487954
82.756310
78.491017
77.280973
74.683109
73.904510
80.794949
75.697124
68.972456
78.772892
74.922779
74.014162
54.773209
98.477053
82.899099
60.537179
68.202399
77.163523
88.148747
64.397885
64.450718
60.749642
85.056105
70.325365
66.885230
65.166621
70.638549
73.064988
80.760001
73.604915
57.331054
94.574955
89.998968
86.204661
64.682691
62.577678
82.696419
86.162392
102.206288
57.288242
84.794352
79.280703
95.725720
92.154753
78.935215
89.307586
105.845230
90.671930
83.658238
66.917262
76.364839
94.287937
47.476111
59.907016
81.715064
67.879929
75.849631
102.826814
72.048014
75.776543
68.292784
83.355251
56.687294
94.226595
49.946065
78.066295
72.395502
70.141722
75.537144
89.730817
57.035187
87.242307
88.539314
73.656434
53.592648
87.102766
93.142724
56.709380
77.243128
104.712717
85.378482
57.824718
73.066648
77.448806
83.358120
76.655003
79.358958
64.209484
58.009399
82.182587
89.561020
76.494240
79.088646
69.510113
78.416007
70.431458
75.644845
71.821311
85.189916
74.298699
75.821024
77.525515
68.351596
91.509774
76.926024
66.415095
74.356611
71.809868
75.153297
63.353563
65.678390
71.241210
67.446875
75.535602
90.374209
66.434859
70.248014
70.858025
66.219316
48.731391
88.879552
78.032286
83.068671
59.607598
60.831314
64.375721
61.853146
73.049444
57.969115
67.237667
77.053487
56.007435
60.764990
68.189312
56.188837
72.626087
106.027347
41.481705
66.097765
57.175786
52.836182
81.367716
44.380918
71.228114
70.437927
50.008086
60.061314
43.395211
63.775221
61.032716
74.981909
73.316708
80.069239
74.380294
46.261926
72.693809
73.424701
57.064526
81.874077
74.730426
96.544426
46.518219
75.573068
47.855656
83.368338
62.213727
88.236465
78.243036
74.650411
73.777316
65.694248
76.563867
61.460489
68.364677
93.531112
81.915090
88.953709
87.945974
106.755483
79.049199
70.477004
73.246296
95.760798
67.494821
59.651482
88.393639
73.152695
78.800101
78.577523
76.808037
73.782612
78.083450
96.702535
90.048902
86.302017
64.537642
83.788450
80.168963
82.967654
65.179085
87.806126
65.903259
78.364227
72.825202
80.529775
85.556259
94.177385
73.589491
70.470268
59.206160
96.122548
76.183247
90.494883
85.504163
83.002660
78.765046
63.765339
72.218594
46.680764
104.830755
69.752847
69.892050
86.381289
86.636557
74.809797
88.423842
83.009017
80.811353
74.646580
94.284187
77.756282
94.080712
98.424648
81.864327
80.373293
84.737162
97.891551
93.208555
64.193442
68.612606
70.021641
100.933049
78.618186
78.223997
74.036936
65.773184
84.893150
68.021160
74.084011
82.806275
90.885691
72.638232
88.040236
97.623378
77.413963
100.706126
78.695165
81.273120
70.120406
69.531990
92.041113
83.101415
69.565792
59.865157
75.805944
91.232966
90.790752
72.621326
93.987331
84.257815
64.911964
79.543610
84.816505
71.285986
83.201267
89.780185
85.743910
80.278576
104.592612
66.796954
76.237220
84.575507
78.267042
69.943842
86.100801
69.678727
72.124780
79.620122
91.400831
73.472338
77.079948
90.578392
77.152149
72.054737
70.387854
69.765630
81.650236
68.183149
67.632830
86.905010
76.746480
72.717265
93.483566
83.688123
77.984176
81.171515
82.119685
72.669846
84.762683
74.889748
87.599481
70.217805
49.676297
80.292787
75.560791
68.867771
68.071258
78.159561
65.510987
71.256440
97.919201
76.727225
47.072862
78.837511
58.414058
92.322221
79.942748
67.050083
64.386712
92.407703
64.626737
75.881850
64.660364
87.607230
78.878850
79.552155
80.494404
62.402888
87.436481
77.463025
81.252240
90.680618
65.083908
55.232161
80.823710
78.581780
92.823055
102.478466
74.639665
69.474771
85.260179
79.968612
61.489096
62.698234
65.148846
97.622715
79.920682
55.560826
71.335429
77.271047
77.311476
53.811036
75.986357
96.721810
68.767739
97.029996
62.545190
83.001933
87.390204
67.981652
63.640215
82.413938
88.800928
68.294360
74.097054
49.822462
67.560439
86.430886
76.382853
81.832371
84.468913
36.012744
71.328409
91.219477
79.207621
98.313157
75.320968
70.936168
64.790422
76.535585
64.765731
95.536431
83.487606
99.640035
66.330345
52.208859
83.637433
87.116086
89.083240
92.553449
105.756724
84.059437
74.235373
67.962639
82.165640
50.018181
68.632070
75.112540
81.023588
44.119171
93.850588
73.271400
102.470878
94.860883
81.131974
49.531769
98.773868
70.709166
80.272329
64.283712
80.463272
69.045499
82.792742
78.238999
69.971485
92.883106
67.777387
68.665179
54.739927
85.345643
82.175420
85.848461
90.598628
75.929901
57.986659
83.658285
82.128546
99.081179
64.729849
86.913053
75.330590
66.557380
54.239165
68.047900
76.350380
69.704614
77.503444
47.401720
74.574232
76.879372
77.847144
90.562078
90.589274
67.943443
82.438312
35.445023
77.785267
75.299360
62.687562
108.417443
85.669001
79.673455
87.330170
62.582666
62.823587
90.405881
78.629965
90.970218
83.623581
70.396215
73.204741
73.353811
80.935713
73.665438
75.432162
94.532299
67.633460
81.254823
93.221098
67.510091
62.492482
73.346956
84.875252
67.652215
71.573490
74.746907
44.155688
69.810534
87.403414
77.727005
80.491009
83.747785
98.521251
80.024355
58.737630
75.945619
76.290510
72.712643
76.340584
85.950434
70.234818
70.238452
87.841112
74.714725
92.635691
80.468994
62.961026
86.831660
88.263493
84.369614
76.278204
89.264173
50.798292
86.211028
84.840752
89.787299
85.072516
89.059040
67.751032
81.362837
59.356813
88.339776
81.364375
73.956751
92.886309
92.627903
80.693353
74.289234
91.777619
85.883577
95.222180
89.174120
102.111870
70.477107
95.982315
84.241261
87.430084
89.945966
89.476854
83.720304
77.517900
82.714369
86.828048
82.903191
89.887544
105.321226
100.328431
82.352073
57.688394
74.255899
83.429336
79.090462
72.210174
70.074886
90.703085
61.144805
74.758143
87.661734
84.526649
77.885352
93.937776
78.288162
68.389421
91.805974
66.384485
84.483655
82.613467
85.437051
69.636459
67.278048
58.019673
84.355800
82.681733
59.159452
89.458266
80.796544
94.155986
85.576775
90.284013
80.564661
82.167727
91.604071
72.639700
76.205180
73.092811
52.094787
59.191191
66.868982
83.875519
88.844741
90.867702
87.546741
72.334913
72.760025
86.509768
81.379906
75.750356
61.679037
96.831525
70.268968
74.405248
93.032800
88.574690
83.554474
112.725164
86.518846
88.873849
66.407116
88.963487
73.550347
88.575375
71.609665
71.239199
42.845290
85.272614
100.761062
66.158109
72.191174
94.663173
70.321221
93.233323
73.983941
53.131118
70.809656
88.334364
94.922646
90.804913
69.264592
68.572622
70.606533
71.764132
68.413449
79.021301
68.566140
77.302260
76.561684
72.311512
99.929670
83.657810
58.046193
78.986369
78.990717
67.519194
74.791078
102.613183
88.157049
86.237049
88.805360
89.294319
79.680229
78.221439
51.009489
96.162642
111.518543
63.193482
77.770014
103.781696
84.057096
94.540614
83.360792
80.381621
60.393837
78.592869
80.960792
85.088768
101.801542
74.407103
101.873829
65.398893
80.600351
74.892196
63.597883
71.474965
89.378428
72.018723
85.887460
79.082955
94.854292
68.005030
83.366496
77.030911
72.755266
97.740243
61.924864
76.408840
62.501625
60.985147
85.723046
69.367491
79.419104
77.733749
57.923601
67.091283
87.157438
90.709596
96.955346
97.621344
98.011092
87.524630
91.923143
65.160079
63.209713
80.023400
82.486461
87.590616
74.485451
95.918363
74.205707
92.582963
69.581263
53.230186
82.194011
68.676712
70.811254
52.575622
82.716357
54.395464
92.274331
76.064972
73.129609
81.180104
70.898954
63.994604
64.362622
89.514931
66.011658
70.197995
64.408196
70.449605
55.428497
81.982259
69.039848
52.156262
109.441141
65.312018
53.865075
68.261349
71.152609
70.013580
90.310792
96.808291
61.600955
76.709935
73.486084
56.701343
64.475386
64.060142
66.055295
91.679155
54.014644
80.805719
67.661924
91.607355
78.893974
69.124256
89.139482
65.767075
78.943163
63.820923
79.813773
83.129669
72.878010
75.081080
82.608185
46.229338
74.318680
71.597610
79.711928
85.159700
79.453534
71.423802
61.583224
89.084826
79.713241
58.521558
72.621474
84.562080
63.894498
79.159395
69.982489
75.073186
88.073019
73.249280
69.725914
54.207370
58.739263
66.045411
91.916016
70.077098
66.874188
73.249641
65.005642
60.789718
77.496466
78.583237
59.883773
90.308503
99.394815
69.149888
93.600998
96.126275
91.627438
55.216013
81.060816
65.618355
55.950825
92.185222
64.292758
66.744545
69.669941
60.827503
82.642402
68.745410
66.402732
76.403614
80.297449
80.025957
83.694877
75.641455
86.878221
76.468695
80.896402
91.832942
71.126876
89.068738
70.246596
68.269146
65.785080
70.032268
77.631252
64.835420
70.970489
57.117570
72.836141
71.735292
87.154533
65.426025
88.284332
71.483055
68.144062
60.899851
64.663415
65.695577
82.548646
69.422497
47.257433
59.442413
60.337617
67.981926
63.952580
88.800438
62.554795
78.670580
67.208946
68.390623
59.026779
71.717170
63.850783
73.201337
36.573707
74.545135
95.221934
61.727581
90.590756
55.900359
77.914863
74.410928
99.919819
85.106206
60.018289
66.521672
59.890372
53.314834
83.983972
64.127315
67.200464
72.218325
65.669357
45.344520
82.842673
67.021149
78.117501
44.670218
55.900287
60.425046
73.574239
60.475747
77.000255
62.286822
44.458841
73.274684
68.266796
92.250482
57.772187
56.046340
70.661332
58.257561
67.074649
70.835129
58.059496
65.654701
60.030450
69.177660
56.204654
74.712928
78.293861
68.785046
61.474386
69.944324
68.258595
65.611171
55.871414
72.583097
89.913478
72.708678
52.243497
68.168278
58.109584
61.400388
64.382795
61.075561
76.003887
76.847651
58.890149
72.525517
105.565015
76.959451
86.379573
79.077110
93.609669
49.194322
49.481266
74.797113
88.200423
54.451751
78.867462
62.522710
67.904196
77.180228
72.752790
55.459820
83.570332
79.661016
69.054378
72.138782
79.589735
70.464557
86.538426
68.791081
77.167652
78.434918
72.187576
81.411277
102.453590
79.260823
72.907957
92.217325
79.227084
64.116131
82.365301
91.015730
94.918346
70.381807
94.328050
91.493226
85.155041
92.839649
89.905648
92.131643
89.145318
60.349593
46.177437
68.984248
60.256651
87.405913
97.805823
95.065003
116.682903
93.465254
72.756850
113.454378
83.541078
64.155713
79.899283
48.770852
90.878078
81.847788
96.046922
70.617289
84.772275
108.225981
69.971729
87.143517
84.835587
95.453354
29.977555
76.858600
61.546135
78.821445
61.325084
74.614197
77.892813
92.250138
90.325699
90.361776
73.970744
66.712967
81.774428
86.557338
74.683043
64.904225
69.624601
72.651749
95.816212
96.309772
76.231914
86.901029
87.976880
88.668284
65.460005
48.226865
93.657782
95.673663
85.338919
98.477953
87.691874
74.504640
83.069024
88.570005
104.710189
84.515411
83.695474
78.861242
86.442865
64.013619
82.581373
89.804889
78.346072
76.208360
89.156487
64.264226
85.450814
85.461590
64.153198
101.443809
94.333059
92.130525
73.681008
81.164263
