0.386604
0.205118
0.152053
0.168839
0.221860
0.287738
0.516760
0.212814
0.333062
0.110494
0.140013
0.196153
0.380829
0.168200
0.192817
0.195181
0.182213
0.392128
0.420855
0.205107
0.194438
0.176329
0.382670
1.026773
0.164195
0.063466
0.140424
0.202525
0.198341
0.163774
0.774843
0.114170
0.289421
0.197612
0.331111
0.485913
0.418614
0.158270
0.795202
0.142801
0.197735
0.202939
0.286063
0.066405
0.493128
0.408429
0.285822
0.179966
0.212726
0.156842
0.169856
0.238590
0.411846
0.325866
0.239998
0.150487
0.350035
0.156038
0.411443
0.344042
0.244694
0.093666
0.341208
0.091399
0.171529
0.530511
0.388500
0.567311
0.167831
0.327655
0.457163
0.276017
0.161696
0.589747
0.545935
0.486538
0.553479
0.339491
0.722827
0.527800
1.072429
0.408679
0.281341
0.139564
0.734423
0.432785
0.394667
0.279792
0.305723
0.636471
0.268733
0.206101
0.503844
0.466062
0.439023
0.298280
0.301394
0.668519
0.589455
0.098484
0.641663
0.241429
0.116917
0.445382
0.750069
0.178268
0.316467
0.236109
0.193792
0.323549
0.242292
0.313304
0.208607
0.424168
0.272045
0.406385
0.385876
0.071265
0.274929
0.133725
0.466530
0.329255
0.486289
0.335846
0.084560
0.744054
0.192725
0.558410
0.140665
0.286554
0.270616
0.248368
0.520704
0.597844
0.143745
0.539397
0.861909
0.154082
0.239201
0.404033
0.328218
0.115943
0.131879
0.556577
0.542723
0.400082
0.228391
0.567150
0.289572
0.270212
0.160427
0.280492
0.355209
0.164108
0.381220
0.221353
0.260075
0.134318
0.338201
0.182040
0.901631
0.262709
0.245688
0.614671
0.259654
0.452811
0.263631
0.400763
0.602813
0.204115
0.153700
0.479900
0.538140
0.189590
0.512179
0.339918
0.482342
0.157230
0.346231
0.350567
0.244584
0.158476
0.127032
0.414656
0.301815
0.363811
0.227559
0.284713
0.629253
0.279754
0.128759
0.372065
0.330357
0.134611
0.182320
0.625157
0.333231
0.319014
0.112763
0.163155
0.457500
0.485881
0.405943
0.110721
0.335995
0.128035
0.192290
0.263560
0.317383
0.322539
0.545535
0.438374
0.419100
0.796443
0.127443
0.418164
0.444585
0.257823
0.174940
0.146641
0.451983
0.089582
0.141884
0.206433
0.190881
0.214640
0.021207
0.224482
0.525331
0.099847
0.307993
0.633503
0.304556
0.318051
0.122501
0.977537
0.355852
0.173096
0.257046
0.259498
0.164100
0.164636
0.162421
0.169689
0.224629
0.424338
0.229861
0.335376
0.093869
0.369135
0.271959
0.249674
0.341483
0.288846
0.120415
0.202394
0.137068
0.174355
0.794348
0.093471
0.105986
0.372541
0.155755
0.147102
0.281879
0.218872
0.242484
0.025450
0.290181
0.211937
0.189350
0.102819
0.079359
0.138747
0.172083
0.210273
0.147795
0.389029
0.160037
0.516301
0.477294
0.225778
0.140454
0.474776
0.168321
0.178392
0.271466
0.363066
0.215735
0.347870
0.184143
0.118168
0.285213
0.228201
0.234098
0.136936
0.261696
0.304620
0.358133
0.110097
0.327333
0.617682
0.494357
0.089071
0.485871
0.118592
0.353164
0.128199
0.276305
0.211728
0.806674
0.440671
0.333554
0.162223
0.462030
0.310345
0.777419
0.278187
0.338113
0.504091
0.354868
0.130939
0.339164
0.164467
0.161227
0.537466
0.246531
0.180425
0.586586
0.286371
0.345584
0.138289
0.231126
0.572395
0.391451
0.284871
0.346463
0.238671
0.251936
0.356359
0.351640
0.695144
0.278688
0.245675
0.360616
0.085441
0.282286
0.411359
0.306798
0.220311
0.089505
0.212815
0.256416
0.079524
0.267125
0.572204
0.214092
0.329345
0.437076
0.713374
0.558900
0.147314
0.679639
0.154419
0.552285
0.174640
0.277212
0.498238
0.224169
0.147075
0.258453
0.556138
0.311123
0.296332
0.221419
0.101892
0.280803
0.161168
0.166820
0.245505
0.376674
0.556997
0.549129
0.350564
0.520912
0.164559
0.105025
0.088852
0.365835
0.271215
0.138281
0.070951
0.579196
0.237613
0.110544
0.316068
0.063169
0.252954
0.328231
0.147562
0.322810
0.225908
0.382363
0.243520
0.121573
0.885545
0.339819
0.157491
0.246720
0.419918
0.339267
0.499653
0.127132
0.219909
0.161465
0.136384
0.353225
0.144025
0.437417
0.374896
0.216374
0.415804
0.148307
0.248395
0.364568
0.132543
0.323445
0.487476
0.205151
0.323591
0.189006
0.738221
0.243807
0.203393
0.133140
0.195383
0.209642
0.135670
0.141953
0.217111
0.168320
0.661106
0.116523
0.201749
0.251952
0.296821
0.270525
0.427885
0.107438
0.269044
0.120710
0.292118
0.621394
0.293913
0.355088
0.237070
0.372142
0.391627
0.171700
0.125336
0.181619
0.172243
0.312604
0.242277
0.301714
0.274899
0.201925
0.364310
0.480446
0.242370
0.239169
0.430071
0.344510
0.149331
0.107194
0.211870
0.574766
0.172110
0.038925
0.178809
0.218613
0.509278
0.268052
0.090217
0.199335
0.353153
0.238974
0.432946
0.413763
0.156710
0.219712
0.871946
0.398785
0.247569
0.048544
0.328470
0.451101
0.172306
0.594548
0.733953
0.092982
0.611544
0.260978
0.132036
0.199046
0.294994
0.207886
0.205406
0.223353
0.316890
0.195859
0.285890
0.138519
0.313952
0.391145
0.372982
0.171901
0.098381
0.110292
0.055467
0.149014
0.199010
0.307864
0.206928
0.236809
0.266613
0.201468
0.203826
0.430026
0.246489
0.431516
0.208192
1.036711
0.388386
0.169908
0.368219
0.357082
0.587593
0.343501
0.102394
0.437188
0.335940
0.162618
0.208334
0.478612
0.590972
0.128386
0.333086
0.052227
0.218000
0.073759
0.334104
0.062576
0.082349
0.309945
0.109254
0.095915
0.209709
0.540702
0.283961
0.054967
0.238850
0.125464
0.045687
0.248737
0.176771
0.249097
0.226568
0.100152
0.729481
0.376839
0.097656
0.333067
0.273006
0.207640
0.277489
0.408171
0.155652
0.175480
0.221778
0.560710
0.488056
0.290313
0.183342
1.008289
0.149897
0.341481
0.627878
0.216575
0.481100
0.108140
0.247402
0.054184
0.187175
0.114737
0.116519
0.198892
0.113284
0.259516
0.494337
0.443076
0.070184
0.128490
0.090117
0.242884
0.094707
0.400702
0.238475
0.135678
0.202693
0.409799
0.397600
0.523213
0.162223
0.233797
0.216920
1.192662
0.486477
0.350468
0.447527
0.544794
0.261283
0.213397
0.220036
0.253053
0.324747
0.158464
0.182486
0.224466
0.094316
0.755170
0.311289
0.188348
0.242766
0.170760
0.151282
0.748638
0.259085
0.213267
0.126269
0.128303
0.148854
0.050522
0.400335
0.512715
0.205173
0.385374
0.094922
0.404275
0.451736
0.097851
0.195058
0.141639
0.393171
0.217383
0.123212
0.129566
0.244051
0.286824
0.330718
0.527175
0.302113
0.189684
0.261778
0.174672
0.184194
0.336673
0.225656
0.383482
0.282167
0.149596
0.108283
0.333056
0.333381
0.108281
0.261258
0.843908
0.086119
0.145019
0.396552
0.212178
0.565333
0.591134
0.171627
0.337727
0.223611
0.284248
0.420171
0.190431
0.469601
0.142311
0.086005
0.238665
0.268559
0.433299
0.298742
0.372397
0.178745
0.329044
0.063059
0.368330
0.435504
0.275616
0.197065
0.226099
0.206565
0.354106
0.370193
0.091865
0.146042
0.213149
0.431736
0.053755
0.188060
0.277901
0.345073
0.456606
0.227515
0.127269
0.118628
0.109125
0.351572
0.248845
0.074070
0.121550
0.668619
0.155144
0.158210
0.356676
0.133648
0.395393
0.088229
0.140898
0.083896
0.175947
0.092302
1.157386
0.200946
0.286532
0.597173
0.114649
0.082787
0.065896
0.042370
0.190270
0.326675
0.320988
0.414887
0.234186
0.263345
0.233527
0.226032
0.232156
0.501949
0.277472
0.409633
0.383713
0.276740
0.311747
0.049493
0.218219
0.519513
0.363012
0.325460
0.148249
0.040894
0.202396
0.620100
0.366388
0.405617
0.237150
0.068293
0.226995
0.066497
0.430212
1.112988
0.136498
0.415837
0.301202
0.127505
0.318953
0.201557
0.197911
0.181393
0.312570
0.274666
0.243256
0.300614
0.152633
0.318959
0.219033
0.336897
0.299031
0.076102
0.236957
0.379610
0.216093
0.377825
0.194220
0.149985
0.424430
0.321703
0.361843
0.267521
0.220126
0.400941
0.389233
0.206556
0.105268
0.177866
0.159073
0.239534
0.405539
0.211858
0.326407
0.236189
0.262848
0.172393
0.430594
0.319202
0.135482
0.161212
0.260327
0.225748
0.229031
0.153989
0.702909
0.225347
0.213345
0.396932
0.130352
0.121967
0.395271
0.282489
0.368244
0.224906
0.158924
0.258872
0.151515
0.302198
0.200695
0.032031
0.719901
0.294462
0.404790
0.338302
0.276362
0.459737
0.303156
0.331262
0.548509
0.376767
0.337360
0.229630
0.276705
0.375803
0.087254
0.335833
0.133136
0.124852
0.355762
0.131083
0.294827
0.247828
0.139445
0.431656
0.428965
0.183205
0.162430
0.176807
0.167041
0.230815
0.517763
0.134350
0.087703
0.175918
0.186371
0.601835
0.204841
0.287663
0.199030
0.219727
0.327469
0.386887
0.249762
0.249328
0.327098
0.205448
0.208484
0.594859
0.221702
0.255258
0.454831
0.206657
0.282314
0.183612
0.739913
0.522687
0.260985
0.471386
0.830266
0.256146
0.379126
0.278037
0.316804
0.242730
0.178345
0.202270
0.418009
0.182095
0.692571
0.225426
0.143559
0.197228
0.184440
0.229052
0.146239
0.289855
0.240717
0.271415
0.144790
0.157841
0.828903
0.263167
0.271175
0.255686
0.206703
0.359130
0.159644
0.211487
0.394512
0.282814
0.172336
0.095146
0.163085
0.117417
0.254388
0.241902
0.379096
0.144984
0.466465
0.193000
0.313038
0.132785
0.126946
0.218039
0.148577
0.116946
0.182509
0.098226
0.227176
0.416780
0.177741
0.221209
0.305547
0.171064
0.771142
0.142512
0.075882
0.163282
0.110994
0.135717
0.143991
0.337247
0.390159
0.458318
0.246024
0.225818
0.116226
0.135549
0.292594
0.413209
0.293548
0.198561
0.236733
0.075806
0.390173
0.124842
0.301714
0.135694
0.186908
0.149660
0.244119
0.305312
0.174720
0.192114
0.147706
0.380287
0.200133
0.251651
0.273948
0.402712
0.166911
0.240869
0.319638
0.292393
0.175104
0.257171
0.204972
0.171946
0.120454
0.461326
0.106141
0.301761
0.149361
0.187974
0.298008
0.185850
0.152316
0.167967
0.185530
0.108973
0.270990
0.271502
0.282783
0.237758
0.469708
0.208645
0.246619
0.169479
0.249892
0.331794
0.288626
0.149452
0.134126
0.289806
0.313163
0.193502
0.168034
0.391108
0.267655
0.225111
0.285472
0.276090
0.184137
0.274530
0.235695
0.192898
0.242738
0.248850
0.192558
0.127303
0.161167
0.278540
0.390908
0.170963
0.375525
0.154954
0.197983
0.365292
0.269570
0.163832
0.072857
0.148615
0.209909
0.308847
0.208950
0.090166
0.241674
0.386756
0.489470
0.162238
0.131268
0.151607
0.237558
0.257095
0.679949
0.496745
0.114247
0.218137
0.153676
0.316070
0.252322
0.314193
0.371100
0.419539
0.172268
0.641693
0.430963
0.335205
0.321339
0.216104
0.418524
0.194120
0.074883
0.245297
0.421764
0.383833
0.177392
0.181995
0.183312
0.222611
0.149761
0.570184
0.255310
0.233792
0.383468
0.514199
0.255342
0.120745
0.324559
0.137107
0.183671
0.230708
0.099364
0.202282
0.140860
0.237432
0.385160
0.373172
0.045017
0.137358
0.245655
0.251405
0.280055
0.215595
0.258437
0.229185
0.099168
0.319861
0.197373
0.194913
0.189575
0.121884
0.144990
0.152802
0.191595
0.219875
0.181379
0.143687
0.098557
0.415835
0.347970
0.153563
0.257211
0.399272
0.206713
0.208827
0.174642
0.299892
0.079060
0.208718
0.131299
0.258027
0.242634
0.223698
0.202132
0.094837
0.191598
0.156069
0.159052
0.158631
0.034914
0.431423
0.272689
0.223928
0.072473
0.286636
0.284887
0.292786
0.192925
0.136676
0.108479
0.122353
0.216793
0.170998
0.116266
0.237314
0.378137
0.300057
0.225496
0.404233
0.191679
0.607863
0.020296
0.310390
0.292401
0.148696
0.191640
0.313685
0.212977
0.111191
0.171195
0.135324
0.088996
0.149723
0.208129
0.288847
0.053904
0.463082
0.161091
0.211621
0.131300
0.329247
0.186340
0.202848
0.746685
0.072273
0.364718
0.071489
0.209076
0.149317
0.236030
0.093546
0.163074
0.215505
0.266409
0.213610
0.211458
0.226247
0.249214
0.207353
0.371422
0.270966
0.446615
0.333922
0.334031
0.181285
0.122456
0.453588
0.331727
0.337930
0.262577
0.368386
0.171948
0.639355
0.312275
0.200317
0.140870
0.123915
0.331275
0.229016
0.219168
0.114587
0.438406
0.237620
0.331882
0.191872
0.014918
0.474467
0.333569
0.204730
0.109475
0.379071
0.214885
0.072795
0.203700
0.462872
0.297087
0.266765
0.401625
0.246736
0.119165
0.128495
0.221330
0.197148
0.196806
0.250061
0.148607
0.167488
0.183052
0.288011
0.176828
0.107396
0.252777
0.154978
0.171625
0.237705
0.628868
0.111230
0.169074
0.234453
0.139226
0.387608
0.157581
0.218400
0.364549
0.227639
0.166821
0.225351
0.207667
0.209783
0.114539
0.428528
0.296858
0.150547
0.327956
0.217621
0.130362
0.138388
0.209877
0.315473
0.272055
0.283411
0.418370
0.267040
0.190044
0.770696
0.149976
0.159099
0.295059
0.216908
0.130696
0.217737
0.171598
0.220957
0.071220
0.314980
0.131427
0.140932
0.081302
0.428667
0.448014
0.120247
0.142776
0.267202
0.337452
0.084761
0.252665
0.179762
0.284635
0.307666
0.376253
0.609131
0.163628
0.198424
0.181659
0.088128
0.239493
0.059402
0.289862
0.415671
0.163923
0.053529
0.136873
0.321784
0.193574
0.328908
0.328735
0.141219
0.202355
0.321451
0.309227
0.294645
0.269191
0.293787
0.165260
0.082229
0.096753
0.401896
0.088713
0.110733
0.504370
0.265596
0.092121
0.382823
0.068891
0.263377
0.187164
0.358099
0.099521
0.202659
0.249364
0.117249
0.179419
0.165684
0.152302
0.122168
0.159540
0.211903
0.158434
0.119759
0.207493
0.078515
0.673553
0.159981
0.199069
0.069816
0.180346
0.136069
0.219195
0.132604
0.211467
0.215986
0.067342
0.227561
0.164572
0.235671
0.316357
0.387457
0.218386
0.081684
0.237032
0.329035
0.097701
0.217931
0.242760
0.127319
0.168844
0.098995
0.278075
0.265708
0.312468
0.176779
0.319087
0.114294
0.172179
0.120383
0.096651
0.151617
0.442426
0.330048
0.138699
0.038206
0.148327
0.192337
0.174433
0.241412
0.293234
0.226566
0.260851
0.201808
0.184060
0.359442
0.126910
0.183881
0.173704
0.232884
0.284256
0.179931
0.444587
0.152772
0.499222
0.295956
0.277834
0.203253
0.205811
0.295129
0.405143
0.206839
0.124099
0.303320
0.262249
0.151123
0.133048
0.153044
0.025776
0.164377
0.391639
0.165338
0.164728
0.235605
0.174770
0.311313
0.103678
0.137741
0.376431
0.334095
0.489216
0.535439
0.167653
0.549904
0.158960
0.194217
0.166075
0.165234
0.476273
0.424707
0.189983
0.104731
0.140361
0.161641
0.103612
0.153608
0.181132
0.129488
0.283585
0.211786
0.095769
0.336482
0.165193
0.156257
0.339785
0.055236
0.125169
0.136722
0.156708
0.158001
0.177115
0.212093
0.152831
0.168014
0.153678
0.040743
0.274496
0.242122
0.248742
0.165868
0.246680
0.123297
0.083506
0.098506
0.238636
0.167111
0.307787
0.237519
0.237450
0.043989
0.279492
0.171784
0.094818
0.190706
0.155881
0.087292
0.201598
0.131144
0.144812
0.230424
0.110644
0.156796
0.188234
0.120323
0.311538
0.223438
0.410454
0.199021
0.242590
0.124784
0.206165
0.126836
0.095827
0.134065
0.292356
0.134676
0.077583
0.183935
0.259479
0.283694
0.107927
0.167887
0.173124
0.280331
0.123488
0.065000
0.330163
0.236488
0.092897
0.258556
0.190059
0.219826
0.169210
0.271815
0.436972
0.186798
0.104896
0.349364
0.083309
0.428035
0.150736
0.130986
0.293914
0.215035
0.212996
0.299179
0.061042
0.233397
0.169144
0.073789
0.090782
0.166561
0.092288
0.235284
0.189781
0.088210
0.183430
0.104139
0.331119
0.177442
0.124361
0.100465
0.072690
0.085010
0.136225
0.185687
0.095712
0.043538
0.100143
0.060635
0.103710
0.080287
0.151320
0.157037
0.270844
0.124007
0.237856
0.166955
0.110317
0.155454
0.221980
0.222363
0.083160
0.111530
0.082448
0.084819
0.172930
0.045362
0.122643
0.111494
0.102328
0.079266
0.066438
0.155491
0.167171
0.080871
0.229557
0.114992
0.105061
0.112763
0.164754
0.210217
0.222076
0.093431
0.083355
0.077497
0.134516
0.128033
0.221255
0.109429
0.071051
0.310838
0.217263
0.096353
0.127001
0.165459
0.065113
0.114415
0.174437
0.044312
0.096247
0.071070
0.112003
0.217696
0.032591
0.114621
0.100838
0.143677
0.181820
0.165672
0.065876
0.096343
0.039518
0.116425
