-0.052819 0.251220 0.215708
-0.050473 0.252801 0.217786
-0.048174 0.254373 0.219929
-0.045858 0.255992 0.222149
-0.043510 0.257692 0.224380
-0.041161 0.259454 0.226584
-0.038874 0.261157 0.229031
-0.036527 0.262983 0.231462
-0.034165 0.264889 0.233927
-0.031850 0.266784 0.236446
-0.029562 0.268717 0.239015
-0.027337 0.270696 0.241450
-0.025168 0.272626 0.244063
-0.022961 0.274679 0.246683
-0.020847 0.276726 0.249267
-0.018800 0.278746 0.251883
-0.016710 0.280874 0.254645
-0.014584 0.283147 0.257342
-0.012495 0.285440 0.260151
-0.010447 0.287753 0.263077
-0.008417 0.290119 0.266173
-0.006421 0.292512 0.269302
-0.004507 0.294997 0.272017
-0.002657 0.297462 0.274921
-0.000846 0.299968 0.277881
0.000949 0.302580 0.280721
0.002700 0.305217 0.283698
0.004475 0.307998 0.286791
0.006278 0.310901 0.289970
0.007989 0.313770 0.293378
0.009705 0.316779 0.296784
0.011419 0.319931 0.300137
0.013002 0.323021 0.303409
0.014526 0.326194 0.306467
0.015985 0.329353 0.309551
0.017373 0.332540 0.312626
0.018710 0.335775 0.315788
0.020087 0.339183 0.318944
0.021529 0.342840 0.322444
0.022948 0.346619 0.325995
0.024308 0.350404 0.329517
0.025626 0.354275 0.333095
0.026919 0.358264 0.336679
0.028136 0.362220 0.340040
0.029231 0.366087 0.343329
0.030302 0.370033 0.346659
0.031414 0.374200 0.349926
0.032385 0.378175 0.353309
0.033518 0.382648 0.356429
0.034706 0.387364 0.360180
0.035907 0.392239 0.363897
0.036977 0.396925 0.367710
0.038177 0.402025 0.371399
0.039247 0.406915 0.374949
0.040128 0.411439 0.378244
0.041128 0.416340 0.381539
0.042154 0.421314 0.384727
0.043167 0.426324 0.387891
0.044148 0.431292 0.391074
0.045269 0.436639 0.394716
0.046459 0.442160 0.398325
0.047669 0.447749 0.401834
0.048900 0.453311 0.405398
0.050171 0.458981 0.408565
0.051480 0.464593 0.411686
0.052683 0.469945 0.414662
0.053973 0.475471 0.417472
0.055294 0.480920 0.420309
0.056731 0.486528 0.423103
0.058356 0.492419 0.425604
0.060148 0.498536 0.428861
0.061984 0.504570 0.431815
0.063947 0.510678 0.434848
0.066102 0.516912 0.437726
0.068255 0.523041 0.440199
0.070272 0.528655 0.442589
0.072365 0.534166 0.444977
0.074564 0.539713 0.447004
0.076819 0.545200 0.448771
0.079140 0.550534 0.450858
0.081899 0.556298 0.453243
0.085020 0.562419 0.455351
0.088241 0.568455 0.457323
0.091696 0.574484 0.459361
0.095217 0.580315 0.461348
0.098668 0.585780 0.463170
0.101769 0.590589 0.464753
0.104985 0.595318 0.466229
0.108472 0.600104 0.467624
0.111953 0.604700 0.468968
0.115893 0.609598 0.470668
0.120384 0.614793 0.471752
0.125038 0.619835 0.472939
0.129618 0.624575 0.474079
0.134490 0.629364 0.475030
0.139478 0.633924 0.475930
0.143879 0.637796 0.477049
0.148717 0.641830 0.478393
0.153755 0.645775 0.479384
0.159036 0.649683 0.480321
0.164476 0.653477 0.481258
0.170232 0.657258 0.482103
0.175727 0.660662 0.482942
0.181705 0.664160 0.483690
0.187513 0.667315 0.484536
0.193215 0.670276 0.485567
0.199304 0.673212 0.486156
0.205738 0.676147 0.487025
0.212245 0.678926 0.487779
0.218826 0.681547 0.488789
0.225541 0.684070 0.489786
0.232260 0.686380 0.490801
0.238913 0.688534 0.491718
0.245702 0.690592 0.492450
0.252526 0.692513 0.493375
0.259448 0.694323 0.494457
0.266530 0.696043 0.495676
0.273936 0.697720 0.496878
0.281481 0.699302 0.497987
0.289109 0.700782 0.499053
0.297003 0.702195 0.500294
0.304785 0.703470 0.501710
0.312073 0.704572 0.503145
0.319163 0.705541 0.504216
0.326433 0.706487 0.505516
0.333796 0.707352 0.506940
0.341164 0.708178 0.508101
0.349344 0.709070 0.509567
0.357407 0.709848 0.511559
0.365554 0.710613 0.513624
0.373910 0.711345 0.515520
0.382193 0.712038 0.518039
0.390215 0.712670 0.520111
0.397592 0.713293 0.521164
0.405154 0.713945 0.522210
0.412643 0.714571 0.523255
0.420081 0.715208 0.524976
0.427992 0.715914 0.526372
0.436289 0.716682 0.528349
0.444641 0.717484 0.530612
0.453520 0.718404 0.533103
0.461595 0.719309 0.535416
0.469984 0.720353 0.537250
0.476732 0.721268 0.538037
0.483623 0.722252 0.539123
0.490403 0.723281 0.540442
0.497139 0.724375 0.541551
0.503292 0.725412 0.543118
0.511726 0.727015 0.544713
0.520261 0.728741 0.546729
0.528069 0.730430 0.548918
0.536219 0.732334 0.551003
0.543993 0.734276 0.553102
0.550792 0.736143 0.553922
0.556732 0.737815 0.555244
0.562491 0.739533 0.556593
0.568763 0.741479 0.557814
0.575269 0.743651 0.558368
0.581930 0.745906 0.559829
0.589054 0.748439 0.561621
0.597011 0.751438 0.563362
0.604267 0.754257 0.565035
0.611972 0.757409 0.566742
0.618894 0.760329 0.568037
0.625630 0.763300 0.568614
0.631832 0.766122 0.569202
0.638480 0.769225 0.569739
0.645011 0.772387 0.569527
0.651990 0.775770 0.570183
0.659206 0.779325 0.571743
0.666600 0.783041 0.573257
0.674158 0.786905 0.574740
0.681590 0.790764 0.576169
0.688743 0.794534 0.577602
0.695353 0.798124 0.577921
0.702099 0.801780 0.578083
0.708885 0.805506 0.578278
0.715756 0.809300 0.578426
0.722520 0.813065 0.578485
0.729900 0.817157 0.579379
0.737175 0.821159 0.580384
0.744769 0.825366 0.581424
0.752321 0.829518 0.582351
0.759772 0.833638 0.583289
0.766828 0.837581 0.583689
0.773514 0.841306 0.583655
0.780603 0.845258 0.583673
0.787808 0.849226 0.583070
0.794309 0.852859 0.582864
0.801416 0.856726 0.583036
0.808866 0.860727 0.583869
0.816277 0.864673 0.584706
0.824007 0.868737 0.585517
0.831624 0.872731 0.586308
0.838602 0.876378 0.586805
0.845254 0.879922 0.585814
0.851714 0.883318 0.585483
0.858356 0.886761 0.585163
0.864425 0.889919 0.584811
0.870937 0.893244 0.584431
