0.237343
0.110427
0.154518
0.243678
0.164993
0.104703
0.150793
0.202788
0.156608
0.110448
0.143013
0.443858
0.153014
0.128821
0.388016
0.151094
0.275616
0.146092
0.129075
0.121786
0.125335
0.157145
0.116790
0.141585
0.160280
0.202054
0.142286
0.138152
0.228342
0.088320
0.151406
0.128732
0.118778
0.116547
0.124907
0.133277
0.137230
0.232659
0.198350
0.165230
0.203064
0.217605
0.111053
0.144669
0.161618
0.192905
0.142589
0.105966
0.113314
0.196736
0.253005
0.126635
0.193802
0.141156
0.155512
0.159431
0.176939
0.255420
0.236360
0.118904
0.184443
0.160593
0.167593
0.232914
0.184523
0.140262
0.123001
0.127906
0.126106
0.212686
0.105105
0.146562
0.144653
0.169199
0.127294
0.135900
0.216834
0.127090
0.113892
0.113811
0.127276
0.210315
0.124400
0.091847
0.130894
0.236200
0.125576
0.213508
0.136639
0.125279
0.212582
0.187773
0.182844
0.112972
0.112465
0.125600
0.156617
0.236168
0.086790
0.159579
0.200970
0.324451
0.153163
0.118756
0.118463
0.144939
0.194824
0.120120
0.131166
0.122788
0.180275
0.128470
0.147913
0.219367
0.134871
0.152679
0.155666
0.119779
0.154051
0.148156
0.223407
0.152135
0.165552
0.145089
0.115233
0.122696
0.189385
0.199180
0.124830
0.146755
0.138277
0.136680
0.129607
0.231623
0.126891
0.246417
0.338417
0.137116
0.150286
0.111014
0.140965
0.154004
0.110244
0.180910
0.105264
0.102778
0.169813
0.146629
0.162088
0.143446
0.132944
0.153509
0.170034
0.111173
0.151605
0.393254
0.197986
0.240396
0.182080
0.127771
0.138627
0.263632
0.147647
0.106855
0.130606
0.144708
0.138021
0.227358
0.189339
0.155320
0.154963
0.194797
0.144495
0.118309
0.170898
0.179631
0.126747
0.133272
0.101470
0.233442
0.125656
0.097004
0.172694
0.093992
0.177014
0.096607
0.137809
0.151372
0.112890
0.208929
0.225831
0.208330
0.167222
0.169904
0.141443
0.185556
0.142682
0.148096
0.246736
0.126194
0.144804
0.212215
0.133890
0.128648
0.105759
0.131738
0.198490
0.191587
0.117006
0.128388
0.152914
0.209953
0.243281
0.102901
0.191480
0.175746
0.184577
0.119531
0.283168
0.134143
0.273128
0.137886
0.132211
0.162147
0.184078
0.124440
0.133411
0.198281
0.146178
0.228425
0.215664
0.109688
0.184849
0.104081
0.253879
0.159651
0.145588
0.374865
0.170537
0.115752
0.132054
0.130524
0.197732
0.102932
0.145026
0.167918
0.212317
0.140137
0.158230
0.153736
0.166732
0.166142
0.167939
0.185317
0.248457
0.237729
0.185371
0.157409
0.177742
0.138135
0.110733
0.117100
0.198849
0.107614
0.104636
0.085265
0.126567
0.134332
0.132735
0.176102
0.124306
0.179364
0.137140
0.118122
0.118217
0.207545
0.131029
0.163455
0.196342
0.175186
0.225767
0.330154
0.138621
0.159626
0.162897
0.159297
0.131943
0.149766
0.169111
0.130739
0.120205
0.116604
0.196957
0.148304
0.079937
0.152949
0.367987
0.150955
0.133065
0.156471
