5.440949249267578125e+01
5.601214981079101562e+01
5.761480712890625000e+01
5.921746444702148438e+01
6.082012557983398438e+01
6.242278289794921875e+01
6.402544403076171875e+01
6.562809753417968750e+01
1.168686294555664062e+02
1.174153823852539062e+02
1.179621276855468750e+02
1.185088806152343750e+02
1.190556335449218750e+02
1.196023864746093750e+02
1.201491394042968750e+02
1.206958923339843750e+02
6.886252593994140625e+01
6.924677276611328125e+01
6.963101959228515625e+01
7.001526641845703125e+01
7.039951324462890625e+01
7.078376007080078125e+01
7.116800689697265625e+01
7.155225372314453125e+01
9.301770782470703125e+01
9.352703094482421875e+01
9.403634643554687500e+01
9.454566955566406250e+01
9.505499267578125000e+01
9.556430816650390625e+01
9.607363128662109375e+01
9.658294677734375000e+01
6.006927490234375000e+01
6.046531677246093750e+01
6.086135864257812500e+01
6.125739669799804688e+01
6.165343475341796875e+01
6.204947662353515625e+01
6.244551849365234375e+01
6.284155654907226562e+01
6.435805511474609375e+01
6.488281250000000000e+01
6.540756225585937500e+01
6.593231201171875000e+01
6.645706939697265625e+01
6.698181915283203125e+01
6.750656890869140625e+01
6.803132629394531250e+01
7.040914154052734375e+01
7.084941864013671875e+01
7.128970336914062500e+01
7.172998046875000000e+01
7.217026519775390625e+01
7.261054992675781250e+01
7.305082702636718750e+01
7.349111175537109375e+01
1.052977142333984375e+02
1.060446853637695312e+02
1.067916564941406250e+02
1.075386276245117188e+02
1.082855987548828125e+02
1.090325698852539062e+02
1.097795410156250000e+02
1.105265121459960938e+02
9.831089782714843750e+01
9.934985351562500000e+01
1.003888092041015625e+02
1.014277572631835938e+02
1.024667129516601562e+02
1.035056686401367188e+02
1.045446243286132812e+02
1.055835800170898438e+02
6.544364929199218750e+01
6.577007293701171875e+01
6.609649658203125000e+01
6.642291259765625000e+01
6.674933624267578125e+01
6.707575225830078125e+01
6.740217590332031250e+01
6.772859954833984375e+01
9.412465667724609375e+01
9.463191986083984375e+01
9.513917541503906250e+01
9.564643859863281250e+01
9.615369415283203125e+01
9.666094970703125000e+01
9.716821289062500000e+01
9.767546844482421875e+01
3.359242248535156250e+01
3.456895065307617188e+01
3.554548263549804688e+01
3.652201080322265625e+01
3.749853897094726562e+01
3.847507095336914062e+01
3.945159912109375000e+01
4.042813110351562500e+01
7.068549346923828125e+01
7.100256347656250000e+01
7.131963348388671875e+01
7.163670349121093750e+01
7.195377349853515625e+01
7.227084350585937500e+01
7.258791351318359375e+01
7.290498352050781250e+01
9.267051696777343750e+01
9.304140472412109375e+01
9.341229248046875000e+01
9.378318786621093750e+01
9.415407562255859375e+01
9.452496337890625000e+01
9.489585876464843750e+01
9.526674652099609375e+01
1.942129898071289062e+01
2.049620819091796875e+01
2.157112121582031250e+01
2.264603042602539062e+01
2.372093963623046875e+01
2.479584884643554688e+01
2.587076187133789062e+01
2.694567108154296875e+01
2.379158401489257812e+01
2.446010971069335938e+01
2.512863159179687500e+01
2.579715347290039062e+01
2.646567916870117188e+01
2.713420104980468750e+01
2.780272674560546875e+01
2.847124862670898438e+01
5.494165802001953125e+01
5.538428878784179688e+01
5.582691955566406250e+01
5.626955413818359375e+01
5.671218490600585938e+01
5.715481567382812500e+01
5.759745025634765625e+01
5.804008102416992188e+01
6.152407455444335938e+01
6.220182800292968750e+01
6.287958145141601562e+01
6.355733489990234375e+01
6.423509216308593750e+01
6.491284179687500000e+01
6.559059906005859375e+01
6.626835632324218750e+01
6.820345306396484375e+01
6.856208801269531250e+01
6.892071533203125000e+01
6.927935028076171875e+01
6.963797760009765625e+01
6.999661254882812500e+01
7.035524749755859375e+01
7.071387481689453125e+01
2.451465225219726562e+01
2.551297378540039062e+01
2.651129531860351562e+01
2.750962066650390625e+01
2.850794219970703125e+01
2.950626373291015625e+01
3.050458908081054688e+01
3.150291061401367188e+01
7.109118652343750000e+01
7.149847412109375000e+01
7.190576171875000000e+01
7.231304931640625000e+01
7.272033691406250000e+01
7.312761688232421875e+01
7.353491210937500000e+01
7.394219207763671875e+01
6.695318603515625000e+01
6.742501068115234375e+01
6.789683532714843750e+01
6.836865997314453125e+01
6.884048461914062500e+01
6.931230926513671875e+01
6.978413391113281250e+01
7.025595092773437500e+01
8.057829284667968750e+01
8.084468841552734375e+01
8.111108398437500000e+01
8.137747192382812500e+01
8.164387512207031250e+01
8.191026306152343750e+01
8.217665863037109375e+01
8.244305419921875000e+01
4.782948303222656250e+01
4.850284194946289062e+01
4.917620086669921875e+01
4.984956359863281250e+01
5.052292251586914062e+01
5.119628143310546875e+01
5.186964416503906250e+01
5.254299926757812500e+01
9.235050964355468750e+01
9.301183319091796875e+01
9.367315673828125000e+01
9.433448028564453125e+01
9.499580383300781250e+01
9.565712738037109375e+01
9.631845092773437500e+01
9.697977447509765625e+01
6.015554046630859375e+01
6.057982635498046875e+01
6.100411224365234375e+01
6.142839813232421875e+01
6.185268402099609375e+01
6.227696990966796875e+01
6.270125579833984375e+01
6.312554168701171875e+01
5.976006698608398438e+01
6.014146041870117188e+01
6.052285766601562500e+01
6.090425109863281250e+01
6.128564834594726562e+01
6.166704177856445312e+01
6.204843902587890625e+01
6.242983245849609375e+01
6.596606445312500000e+01
6.618093872070312500e+01
6.639581298828125000e+01
6.661068725585937500e+01
6.682556152343750000e+01
6.704043579101562500e+01
6.725531005859375000e+01
6.747018432617187500e+01
3.853403091430664062e+01
3.903089904785156250e+01
3.952777099609375000e+01
4.002463531494140625e+01
4.052150726318359375e+01
4.101837539672851562e+01
4.151524353027343750e+01
4.201211547851562500e+01
8.112904357910156250e+01
8.145942687988281250e+01
8.178981018066406250e+01
8.212019348144531250e+01
8.245057678222656250e+01
8.278096771240234375e+01
8.311135101318359375e+01
8.344173431396484375e+01
7.030794525146484375e+01
7.066963195800781250e+01
7.103131866455078125e+01
7.139300537109375000e+01
7.175469207763671875e+01
7.211637878417968750e+01
7.247805786132812500e+01
7.283974456787109375e+01
8.478439331054687500e+01
8.529872894287109375e+01
8.581306457519531250e+01
8.632739257812500000e+01
8.684172821044921875e+01
8.735606384277343750e+01
8.787039184570312500e+01
8.838472747802734375e+01
2.703395843505859375e+01
2.753921508789062500e+01
2.804447174072265625e+01
2.854972839355468750e+01
2.905498123168945312e+01
2.956023788452148438e+01
3.006549453735351562e+01
3.057075119018554688e+01
7.111917114257812500e+01
7.143239593505859375e+01
7.174562072753906250e+01
7.205884552001953125e+01
7.237207031250000000e+01
7.268529510498046875e+01
7.299851989746093750e+01
7.331174468994140625e+01
8.115232086181640625e+01
8.161363983154296875e+01
8.207495117187500000e+01
8.253627014160156250e+01
8.299758911132812500e+01
8.345890808105468750e+01
8.392021942138671875e+01
8.438153839111328125e+01
6.118639373779296875e+01
6.157941818237304688e+01
6.197244262695312500e+01
6.236546707153320312e+01
6.275849151611328125e+01
6.315151977539062500e+01
6.354454040527343750e+01
6.393756866455078125e+01
6.725764465332031250e+01
6.757596588134765625e+01
6.789429473876953125e+01
6.821261596679687500e+01
6.853093719482421875e+01
6.884925842285156250e+01
6.916758728027343750e+01
6.948590850830078125e+01
1.043490371704101562e+02
1.048713073730468750e+02
1.053935699462890625e+02
1.059158401489257812e+02
1.064381103515625000e+02
1.069603729248046875e+02
1.074826431274414062e+02
1.080049133300781250e+02
4.492903137207031250e+01
4.556763458251953125e+01
4.620623779296875000e+01
4.684483718872070312e+01
4.748343658447265625e+01
4.812203979492187500e+01
4.876064300537109375e+01
4.939924621582031250e+01
8.411325073242187500e+01
8.446034240722656250e+01
8.480743408203125000e+01
8.515452575683593750e+01
8.550161743164062500e+01
8.584870910644531250e+01
8.619580078125000000e+01
8.654289245605468750e+01
9.152185821533203125e+01
9.268037414550781250e+01
9.383889007568359375e+01
9.499740600585937500e+01
9.615591430664062500e+01
9.731443023681640625e+01
9.847294616699218750e+01
9.963146209716796875e+01
7.946326446533203125e+01
8.001558685302734375e+01
8.056790924072265625e+01
8.112023162841796875e+01
8.167255401611328125e+01
8.222487640380859375e+01
8.277719879150390625e+01
8.332952880859375000e+01
7.263996124267578125e+01
7.316998291015625000e+01
7.370000457763671875e+01
7.423002624511718750e+01
7.476005554199218750e+01
7.529007720947265625e+01
7.582009887695312500e+01
7.635012054443359375e+01
8.008849334716796875e+01
8.030334472656250000e+01
8.051819610595703125e+01
8.073304748535156250e+01
8.094789886474609375e+01
8.116275024414062500e+01
8.137760162353515625e+01
8.159245300292968750e+01
9.557289123535156250e+01
9.578829956054687500e+01
9.600370788574218750e+01
9.621910858154296875e+01
9.643451690673828125e+01
9.664992523193359375e+01
9.686532592773437500e+01
9.708073425292968750e+01
7.782186889648437500e+01
7.814055633544921875e+01
7.845923614501953125e+01
7.877792358398437500e+01
7.909661102294921875e+01
7.941529083251953125e+01
7.973397827148437500e+01
8.005266571044921875e+01
1.169026336669921875e+02
1.178187866210937500e+02
1.187349395751953125e+02
1.196510925292968750e+02
1.205672454833984375e+02
1.214833984375000000e+02
1.223995513916015625e+02
1.233157043457031250e+02
9.225512695312500000e+01
9.263841247558593750e+01
9.302170562744140625e+01
9.340499877929687500e+01
9.378829193115234375e+01
9.417158508300781250e+01
9.455487060546875000e+01
9.493816375732421875e+01
7.350144958496093750e+01
7.372605895996093750e+01
7.395066833496093750e+01
7.417527770996093750e+01
7.439988708496093750e+01
7.462449645996093750e+01
7.484910583496093750e+01
7.507371520996093750e+01
7.751454925537109375e+01
7.778373718261718750e+01
7.805292510986328125e+01
7.832211303710937500e+01
7.859130096435546875e+01
7.886048889160156250e+01
7.912967681884765625e+01
7.939886474609375000e+01
1.602561950683593750e+01
1.693770980834960938e+01
1.784980010986328125e+01
1.876189041137695312e+01
1.967397689819335938e+01
2.058606719970703125e+01
2.149815750122070312e+01
2.241024780273437500e+01
7.697278594970703125e+01
7.753605651855468750e+01
7.809933471679687500e+01
7.866261291503906250e+01
7.922589111328125000e+01
7.978916168212890625e+01
8.035243988037109375e+01
8.091571044921875000e+01
4.618055725097656250e+01
4.645501708984375000e+01
4.672948455810546875e+01
4.700394821166992188e+01
4.727841186523437500e+01
4.755287933349609375e+01
4.782734298706054688e+01
4.810180664062500000e+01
1.123566131591796875e+02
1.131514282226562500e+02
1.139462432861328125e+02
1.147410659790039062e+02
1.155358810424804688e+02
1.163307037353515625e+02
1.171255187988281250e+02
1.179203338623046875e+02
6.292339706420898438e+01
6.345149993896484375e+01
6.397960281372070312e+01
6.450770568847656250e+01
6.503580474853515625e+01
6.556391143798828125e+01
6.609201049804687500e+01
6.662010955810546875e+01
6.831623077392578125e+01
6.878158569335937500e+01
6.924694061279296875e+01
6.971230316162109375e+01
7.017765808105468750e+01
7.064301300048828125e+01
7.110836791992187500e+01
7.157372283935546875e+01
6.695037078857421875e+01
6.734450531005859375e+01
6.773864746093750000e+01
6.813278198242187500e+01
6.852691650390625000e+01
6.892105865478515625e+01
6.931519317626953125e+01
6.970933532714843750e+01
9.473899841308593750e+01
9.535909271240234375e+01
9.597919464111328125e+01
9.659928894042968750e+01
9.721939086914062500e+01
9.783949279785156250e+01
9.845959472656250000e+01
9.907968902587890625e+01
3.105771636962890625e+01
3.167740249633789062e+01
3.229708480834960938e+01
3.291677093505859375e+01
3.353645706176757812e+01
3.415613937377929688e+01
3.477582550048828125e+01
3.539550781250000000e+01
6.769323730468750000e+01
6.835738372802734375e+01
6.902153015136718750e+01
6.968567657470703125e+01
7.034982299804687500e+01
7.101396942138671875e+01
7.167811584472656250e+01
7.234226226806640625e+01
5.138018035888671875e+01
5.162272644042968750e+01
5.186527252197265625e+01
5.210781860351562500e+01
5.235036087036132812e+01
5.259290313720703125e+01
5.283544921875000000e+01
5.307799530029296875e+01
7.148413085937500000e+01
7.179656219482421875e+01
7.210899353027343750e+01
7.242142486572265625e+01
7.273384857177734375e+01
7.304627990722656250e+01
7.335871124267578125e+01
7.367114257812500000e+01
6.301499938964843750e+01
6.375275421142578125e+01
6.449050903320312500e+01
6.522825622558593750e+01
6.596601104736328125e+01
6.670376586914062500e+01
6.744152069091796875e+01
6.817927551269531250e+01
5.351187133789062500e+01
5.412771606445312500e+01
5.474356079101562500e+01
5.535940551757812500e+01
5.597525024414062500e+01
5.659109497070312500e+01
5.720693969726562500e+01
5.782278442382812500e+01
8.026200866699218750e+01
8.069309234619140625e+01
8.112417602539062500e+01
8.155525970458984375e+01
8.198634338378906250e+01
8.241742706298828125e+01
8.284851074218750000e+01
8.327959442138671875e+01
7.700279235839843750e+01
7.778915405273437500e+01
7.857552337646484375e+01
7.936188507080078125e+01
8.014824676513671875e+01
8.093460845947265625e+01
8.172097778320312500e+01
8.250733947753906250e+01
6.591674041748046875e+01
6.620137023925781250e+01
6.648599243164062500e+01
6.677062225341796875e+01
6.705525207519531250e+01
6.733988189697265625e+01
6.762451171875000000e+01
6.790913391113281250e+01
4.479927825927734375e+01
4.541405487060546875e+01
4.602883148193359375e+01
4.664360809326171875e+01
4.725838470458984375e+01
4.787316131591796875e+01
4.848793792724609375e+01
4.910271453857421875e+01
6.569541168212890625e+01
6.637864685058593750e+01
6.706187438964843750e+01
6.774510955810546875e+01
6.842833709716796875e+01
6.911157226562500000e+01
6.979479980468750000e+01
7.047803497314453125e+01
1.108860321044921875e+02
1.113529357910156250e+02
1.118198547363281250e+02
1.122867660522460938e+02
1.127536773681640625e+02
1.132205963134765625e+02
1.136875076293945312e+02
1.141544189453125000e+02
1.073541107177734375e+02
1.080561447143554688e+02
1.087581787109375000e+02
1.094602050781250000e+02
1.101622314453125000e+02
1.108642654418945312e+02
1.115662994384765625e+02
1.122683258056640625e+02
7.071315002441406250e+01
7.107830810546875000e+01
7.144345855712890625e+01
7.180861663818359375e+01
7.217377471923828125e+01
7.253892517089843750e+01
7.290408325195312500e+01
7.326924133300781250e+01
4.068258666992187500e+01
4.121271514892578125e+01
4.174284744262695312e+01
4.227297973632812500e+01
4.280310821533203125e+01
4.333323669433593750e+01
4.386336898803710938e+01
4.439350128173828125e+01
5.044462585449218750e+01
5.109617614746093750e+01
5.174772262573242188e+01
5.239926910400390625e+01
5.305081939697265625e+01
5.370236968994140625e+01
5.435391998291015625e+01
5.500547027587890625e+01
8.235298919677734375e+01
8.306056976318359375e+01
8.376815032958984375e+01
8.447572326660156250e+01
8.518330383300781250e+01
8.589088439941406250e+01
8.659845733642578125e+01
8.730603790283203125e+01
7.104675292968750000e+01
7.145587158203125000e+01
7.186498260498046875e+01
7.227409362792968750e+01
7.268320465087890625e+01
7.309231567382812500e+01
7.350143432617187500e+01
7.391054534912109375e+01
4.566871643066406250e+01
4.779376220703125000e+01
4.991880416870117188e+01
5.204384613037109375e+01
5.416889190673828125e+01
5.629393005371093750e+01
5.841897583007812500e+01
6.054401779174804688e+01
9.877320861816406250e+01
9.929115295410156250e+01
9.980910491943359375e+01
1.003270568847656250e+02
1.008450012207031250e+02
1.013629455566406250e+02
1.018808975219726562e+02
1.023988494873046875e+02
7.193562316894531250e+01
7.213655853271484375e+01
7.233749389648437500e+01
7.253842926025390625e+01
7.273935699462890625e+01
7.294029235839843750e+01
7.314122772216796875e+01
7.334215545654296875e+01
6.753065490722656250e+01
6.790429687500000000e+01
6.827793884277343750e+01
6.865158081054687500e+01
6.902522277832031250e+01
6.939886474609375000e+01
6.977250671386718750e+01
7.014614868164062500e+01
2.483936691284179688e+01
2.562434005737304688e+01
2.640931701660156250e+01
2.719429397583007812e+01
2.797926712036132812e+01
2.876424407958984375e+01
2.954922103881835938e+01
3.033419418334960938e+01
9.979887390136718750e+01
1.001523742675781250e+02
1.005058670043945312e+02
1.008593673706054688e+02
1.012128601074218750e+02
1.015663604736328125e+02
1.019198608398437500e+02
1.022733535766601562e+02
6.077191162109375000e+01
6.104159927368164062e+01
6.131128311157226562e+01
6.158097076416015625e+01
6.185065841674804688e+01
6.212034606933593750e+01
6.239002990722656250e+01
6.265971755981445312e+01
7.086414337158203125e+01
7.128749084472656250e+01
7.171084594726562500e+01
7.213420104980468750e+01
7.255754852294921875e+01
7.298090362548828125e+01
7.340425109863281250e+01
7.382760620117187500e+01
9.959411621093750000e+01
1.003022689819335938e+02
1.010104217529296875e+02
1.017185745239257812e+02
1.024267272949218750e+02
1.031348800659179688e+02
1.038430328369140625e+02
1.045511932373046875e+02
5.861798095703125000e+01
5.901867675781250000e+01
5.941936874389648438e+01
5.982006072998046875e+01
6.022075271606445312e+01
6.062144470214843750e+01
6.102214050292968750e+01
6.142283248901367188e+01
5.701671218872070312e+01
5.736631011962890625e+01
5.771590805053710938e+01
5.806550598144531250e+01
5.841510009765625000e+01
5.876469802856445312e+01
5.911429595947265625e+01
5.946389389038085938e+01
3.958460617065429688e+01
3.992910385131835938e+01
4.027360534667968750e+01
4.061810302734375000e+01
4.096260070800781250e+01
4.130709838867187500e+01
4.165159606933593750e+01
4.199609375000000000e+01
7.278204345703125000e+01
7.320296478271484375e+01
7.362387847900390625e+01
7.404479980468750000e+01
7.446571350097656250e+01
7.488663482666015625e+01
7.530755615234375000e+01
7.572846984863281250e+01
4.745580291748046875e+01
4.818490982055664062e+01
4.891401672363281250e+01
4.964311981201171875e+01
5.037223052978515625e+01
5.110133361816406250e+01
5.183044052124023438e+01
5.255954742431640625e+01
3.048248291015625000e+01
3.136820983886718750e+01
3.225393295288085938e+01
3.313965988159179688e+01
3.402538681030273438e+01
3.491110992431640625e+01
3.579683685302734375e+01
3.668256378173828125e+01
8.466902923583984375e+01
8.525256347656250000e+01
8.583610534667968750e+01
8.641963958740234375e+01
8.700317382812500000e+01
8.758671569824218750e+01
8.817024993896484375e+01
8.875378417968750000e+01
4.596747207641601562e+01
4.633821487426757812e+01
4.670895767211914062e+01
4.707970046997070312e+01
4.745044326782226562e+01
4.782118606567382812e+01
4.819192886352539062e+01
4.856267166137695312e+01
9.235814666748046875e+01
9.349613189697265625e+01
9.463411712646484375e+01
9.577210235595703125e+01
9.691009521484375000e+01
9.804808044433593750e+01
9.918606567382812500e+01
1.003240509033203125e+02
6.630288696289062500e+01
6.656031799316406250e+01
6.681775665283203125e+01
6.707519531250000000e+01
6.733263397216796875e+01
6.759007263183593750e+01
6.784750366210937500e+01
6.810494232177734375e+01
6.294301223754882812e+01
6.355265808105468750e+01
6.416230010986328125e+01
6.477194213867187500e+01
6.538159179687500000e+01
6.599123382568359375e+01
6.660087585449218750e+01
6.721052551269531250e+01
5.155873870849609375e+01
5.175869750976562500e+01
5.195866394042968750e+01
5.215862274169921875e+01
5.235858535766601562e+01
5.255854797363281250e+01
5.275850677490234375e+01
5.295846939086914062e+01
9.829475402832031250e+01
9.869589233398437500e+01
9.909702301025390625e+01
9.949816131591796875e+01
9.989929199218750000e+01
1.003004302978515625e+02
1.007015686035156250e+02
1.011027069091796875e+02
8.297441101074218750e+01
8.394395446777343750e+01
8.491349792480468750e+01
8.588304138183593750e+01
8.685258483886718750e+01
8.782212829589843750e+01
8.879167175292968750e+01
8.976121520996093750e+01
8.613390350341796875e+01
8.651384735107421875e+01
8.689379119873046875e+01
8.727372741699218750e+01
8.765367126464843750e+01
8.803361511230468750e+01
8.841355133056640625e+01
8.879349517822265625e+01
7.677169799804687500e+01
7.782118225097656250e+01
7.887067413330078125e+01
7.992015838623046875e+01
8.096964263916015625e+01
8.201913452148437500e+01
8.306861877441406250e+01
8.411810302734375000e+01
1.657677841186523438e+01
1.746809005737304688e+01
1.835940551757812500e+01
1.925071716308593750e+01
2.014202880859375000e+01
2.103334426879882812e+01
2.192465591430664062e+01
2.281596755981445312e+01
7.342655944824218750e+01
7.365415191650390625e+01
7.388173675537109375e+01
7.410932922363281250e+01
7.433692169189453125e+01
7.456451416015625000e+01
7.479210662841796875e+01
7.501969909667968750e+01
7.913830566406250000e+01
7.996926879882812500e+01
8.080023193359375000e+01
8.163119506835937500e+01
8.246215820312500000e+01
8.329312133789062500e+01
8.412408447265625000e+01
8.495504760742187500e+01
7.348613739013671875e+01
7.380225372314453125e+01
7.411837768554687500e+01
7.443450164794921875e+01
7.475061798095703125e+01
7.506674194335937500e+01
7.538286590576171875e+01
7.569898986816406250e+01
5.746055984497070312e+01
5.812858200073242188e+01
5.879660415649414062e+01
5.946462249755859375e+01
6.013264465332031250e+01
6.080066680908203125e+01
6.146868133544921875e+01
6.213670349121093750e+01
1.006429672241210938e+02
1.013894805908203125e+02
1.021360015869140625e+02
1.028825149536132812e+02
1.036290283203125000e+02
1.043755493164062500e+02
1.051220703125000000e+02
1.058685760498046875e+02
4.571462631225585938e+01
4.651260375976562500e+01
4.731057739257812500e+01
4.810855102539062500e+01
4.890652465820312500e+01
4.970450210571289062e+01
5.050247955322265625e+01
5.130045318603515625e+01
8.354140472412109375e+01
8.410425567626953125e+01
8.466710662841796875e+01
8.522995758056640625e+01
8.579280853271484375e+01
8.635565948486328125e+01
8.691851043701171875e+01
8.748136138916015625e+01
7.300469207763671875e+01
7.332151031494140625e+01
7.363832855224609375e+01
7.395514678955078125e+01
7.427196502685546875e+01
7.458878326416015625e+01
7.490560150146484375e+01
7.522241973876953125e+01
7.132050323486328125e+01
7.170614624023437500e+01
7.209178161621093750e+01
7.247742462158203125e+01
7.286306762695312500e+01
7.324871063232421875e+01
7.363434600830078125e+01
7.401998901367187500e+01
7.692934417724609375e+01
7.744029235839843750e+01
7.795124816894531250e+01
7.846219635009765625e+01
7.897314453125000000e+01
7.948409271240234375e+01
7.999504089355468750e+01
8.050599670410156250e+01
7.675778961181640625e+01
7.710276794433593750e+01
7.744773864746093750e+01
7.779271697998046875e+01
7.813769531250000000e+01
7.848266601562500000e+01
7.882764434814453125e+01
7.917262268066406250e+01
5.503554534912109375e+01
5.632322692871093750e+01
5.761091232299804688e+01
5.889859771728515625e+01
6.018627929687500000e+01
6.147396087646484375e+01
6.276164627075195312e+01
6.404933166503906250e+01
5.059267807006835938e+01
5.087067413330078125e+01
5.114867019653320312e+01
5.142666625976562500e+01
5.170466232299804688e+01
5.198265838623046875e+01
5.226065444946289062e+01
5.253865051269531250e+01
7.337294006347656250e+01
7.388232421875000000e+01
7.439170837402343750e+01
7.490109252929687500e+01
7.541047668457031250e+01
7.591986846923828125e+01
7.642925262451171875e+01
7.693863677978515625e+01
6.175574493408203125e+01
6.238294219970703125e+01
6.301013946533203125e+01
6.363733673095703125e+01
6.426453399658203125e+01
6.489173126220703125e+01
6.551892852783203125e+01
6.614612579345703125e+01
4.428923034667968750e+01
4.449779510498046875e+01
4.470635986328125000e+01
4.491492843627929688e+01
4.512349700927734375e+01
4.533206176757812500e+01
4.554062652587890625e+01
4.574919509887695312e+01
1.180432128906250000e+02
1.190235900878906250e+02
1.200039672851562500e+02
1.209843444824218750e+02
1.219647216796875000e+02
1.229451065063476562e+02
1.239254837036132812e+02
1.249058685302734375e+02
7.356903839111328125e+01
7.383882141113281250e+01
7.410861206054687500e+01
7.437839508056640625e+01
7.464817810058593750e+01
7.491796112060546875e+01
7.518775177001953125e+01
7.545753479003906250e+01
3.439174270629882812e+01
3.501741409301757812e+01
3.564308166503906250e+01
3.626874923706054688e+01
3.689441680908203125e+01
3.752008438110351562e+01
3.814575195312500000e+01
3.877141952514648438e+01
5.095125579833984375e+01
5.124957656860351562e+01
5.154790115356445312e+01
5.184622573852539062e+01
5.214454650878906250e+01
5.244287109375000000e+01
5.274119567871093750e+01
5.303952026367187500e+01
4.645435333251953125e+01
4.675059509277343750e+01
4.704682922363281250e+01
4.734307098388671875e+01
4.763930892944335938e+01
4.793554687500000000e+01
4.823178482055664062e+01
4.852802276611328125e+01
9.840185546875000000e+01
9.917516326904296875e+01
9.994847106933593750e+01
1.007217712402343750e+02
1.014950790405273438e+02
1.022683868408203125e+02
1.030416946411132812e+02
1.038150024414062500e+02
8.855642700195312500e+01
8.979925537109375000e+01
9.104208374023437500e+01
9.228491210937500000e+01
9.352774047851562500e+01
9.477056884765625000e+01
9.601339721679687500e+01
9.725622558593750000e+01
5.754410934448242188e+01
5.787120819091796875e+01
5.819830322265625000e+01
5.852539825439453125e+01
5.885249710083007812e+01
5.917959594726562500e+01
5.950669097900390625e+01
5.983378982543945312e+01
6.514981079101562500e+01
6.570038604736328125e+01
6.625096130371093750e+01
6.680153656005859375e+01
6.735211181640625000e+01
6.790269470214843750e+01
6.845326995849609375e+01
6.900384521484375000e+01
8.628829193115234375e+01
8.696253967285156250e+01
8.763678741455078125e+01
8.831103515625000000e+01
8.898527526855468750e+01
8.965953063964843750e+01
9.033377075195312500e+01
9.100802612304687500e+01
7.566152191162109375e+01
7.603838348388671875e+01
7.641524505615234375e+01
7.679211425781250000e+01
7.716897583007812500e+01
7.754583740234375000e+01
7.792269897460937500e+01
7.829956054687500000e+01
4.085433959960937500e+01
4.147132873535156250e+01
4.208832168579101562e+01
4.270531463623046875e+01
4.332230377197265625e+01
4.393929290771484375e+01
4.455628585815429688e+01
4.517327880859375000e+01
9.541224670410156250e+01
9.582354736328125000e+01
9.623484802246093750e+01
9.664614868164062500e+01
9.705745697021484375e+01
9.746875762939453125e+01
9.788005828857421875e+01
9.829136657714843750e+01
4.283531951904296875e+01
4.321430969238281250e+01
4.359329986572265625e+01
4.397229003906250000e+01
4.435128021240234375e+01
4.473027038574218750e+01
4.510926055908203125e+01
4.548824691772460938e+01
7.351181793212890625e+01
7.411593627929687500e+01
7.472005462646484375e+01
7.532418060302734375e+01
7.592829895019531250e+01
7.653241729736328125e+01
7.713653564453125000e+01
7.774065399169921875e+01
9.349331665039062500e+01
9.422058868408203125e+01
9.494786071777343750e+01
9.567513275146484375e+01
9.640240478515625000e+01
9.712968444824218750e+01
9.785695648193359375e+01
9.858422851562500000e+01
9.918994140625000000e+01
9.986727905273437500e+01
1.005446014404296875e+02
1.012219390869140625e+02
1.018992691040039062e+02
1.025765991210937500e+02
1.032539291381835938e+02
1.039312591552734375e+02
9.784696960449218750e+01
9.829466247558593750e+01
9.874234771728515625e+01
9.919003295898437500e+01
9.963771820068359375e+01
1.000854034423828125e+02
1.005330963134765625e+02
1.009807815551757812e+02
4.100263214111328125e+01
4.171782684326171875e+01
4.243302536010742188e+01
4.314822387695312500e+01
4.386341857910156250e+01
4.457861709594726562e+01
4.529381561279296875e+01
4.600901031494140625e+01
1.110139541625976562e+02
1.115122375488281250e+02
1.120105133056640625e+02
1.125088043212890625e+02
1.130070800781250000e+02
1.135053634643554688e+02
1.140036468505859375e+02
1.145019226074218750e+02
2.525317764282226562e+01
2.604602050781250000e+01
2.683885955810546875e+01
2.763170242309570312e+01
2.842454147338867188e+01
2.921738433837890625e+01
3.001022338867187500e+01
3.080306625366210938e+01
7.476793670654296875e+01
7.518571472167968750e+01
7.560348510742187500e+01
7.602125549316406250e+01
7.643903350830078125e+01
7.685680389404296875e+01
7.727458190917968750e+01
7.769235229492187500e+01
1.197774810791015625e+02
1.206398849487304688e+02
1.215022888183593750e+02
1.223646850585937500e+02
1.232270812988281250e+02
1.240894851684570312e+02
1.249518890380859375e+02
1.258142852783203125e+02
7.679890441894531250e+01
7.708665466308593750e+01
7.737440490722656250e+01
7.766215515136718750e+01
7.794990539550781250e+01
7.823765563964843750e+01
7.852540588378906250e+01
7.881315612792968750e+01
6.881229400634765625e+01
6.933134460449218750e+01
6.985039520263671875e+01
7.036944580078125000e+01
7.088849639892578125e+01
7.140754699707031250e+01
7.192660522460937500e+01
7.244565582275390625e+01
9.215898132324218750e+01
9.238482666015625000e+01
9.261067199707031250e+01
9.283651733398437500e+01
9.306236267089843750e+01
9.328821563720703125e+01
9.351406097412109375e+01
9.373990631103515625e+01
6.497013092041015625e+01
6.525390625000000000e+01
6.553768920898437500e+01
6.582147216796875000e+01
6.610524749755859375e+01
6.638903045654296875e+01
6.667280578613281250e+01
6.695658874511718750e+01
6.934014129638671875e+01
6.989981079101562500e+01
7.045948791503906250e+01
7.101916503906250000e+01
7.157884216308593750e+01
7.213851165771484375e+01
7.269818878173828125e+01
7.325786590576171875e+01
2.344266510009765625e+01
2.408123779296875000e+01
2.471981430053710938e+01
2.535839080810546875e+01
2.599696731567382812e+01
2.663554382324218750e+01
2.727412033081054688e+01
2.791269683837890625e+01
7.613224029541015625e+01
7.729885101318359375e+01
7.846546173095703125e+01
7.963207244873046875e+01
8.079868316650390625e+01
8.196528625488281250e+01
8.313189697265625000e+01
8.429850769042968750e+01
8.350978851318359375e+01
8.397435760498046875e+01
8.443892669677734375e+01
8.490350341796875000e+01
8.536807250976562500e+01
8.583264923095703125e+01
8.629721832275390625e+01
8.676178741455078125e+01
7.540901947021484375e+01
7.585694885253906250e+01
7.630487823486328125e+01
7.675280761718750000e+01
7.720072937011718750e+01
7.764865875244140625e+01
7.809658813476562500e+01
7.854451751708984375e+01
4.657108306884765625e+01
4.809495162963867188e+01
4.961882019042968750e+01
5.114268493652343750e+01
5.266654968261718750e+01
5.419041442871093750e+01
5.571427917480468750e+01
5.723814773559570312e+01
5.234441375732421875e+01
5.272671508789062500e+01
5.310901260375976562e+01
5.349131011962890625e+01
5.387361145019531250e+01
5.425590896606445312e+01
5.463820648193359375e+01
5.502050781250000000e+01
2.336651611328125000e+01
2.408458328247070312e+01
2.480264663696289062e+01
2.552070999145507812e+01
2.623877716064453125e+01
2.695684051513671875e+01
2.767490386962890625e+01
2.839297103881835938e+01
7.875188446044921875e+01
7.895829772949218750e+01
7.916471099853515625e+01
7.937112426757812500e+01
7.957752990722656250e+01
7.978394317626953125e+01
7.999035644531250000e+01
8.019676971435546875e+01
7.452548217773437500e+01
7.503270721435546875e+01
7.553993988037109375e+01
7.604717254638671875e+01
7.655439758300781250e+01
7.706163024902343750e+01
7.756886291503906250e+01
7.807609558105468750e+01
3.214940643310546875e+01
3.269615554809570312e+01
3.324290466308593750e+01
3.378965377807617188e+01
3.433640289306640625e+01
3.488315200805664062e+01
3.542990112304687500e+01
3.597665023803710938e+01
8.982804870605468750e+01
9.004589843750000000e+01
9.026374816894531250e+01
9.048159790039062500e+01
9.069945526123046875e+01
9.091730499267578125e+01
9.113515472412109375e+01
9.135301208496093750e+01
1.209582519531250000e+02
1.215076522827148438e+02
1.220570602416992188e+02
1.226064605712890625e+02
1.231558685302734375e+02
1.237052764892578125e+02
1.242546844482421875e+02
1.248040847778320312e+02
4.398540878295898438e+01
4.440235137939453125e+01
4.481929779052734375e+01
4.523624420166015625e+01
4.565319061279296875e+01
4.607013320922851562e+01
4.648707580566406250e+01
4.690402221679687500e+01
7.810154724121093750e+01
7.846014404296875000e+01
7.881873321533203125e+01
7.917733001708984375e+01
7.953592681884765625e+01
7.989451599121093750e+01
8.025311279296875000e+01
8.061170196533203125e+01
7.446170043945312500e+01
7.472554016113281250e+01
7.498937988281250000e+01
7.525321960449218750e+01
7.551705932617187500e+01
7.578089904785156250e+01
7.604473876953125000e+01
7.630857849121093750e+01
1.993023300170898438e+01
2.059885406494140625e+01
2.126747894287109375e+01
2.193610000610351562e+01
2.260472106933593750e+01
2.327334213256835938e+01
2.394196701049804688e+01
2.461058807373046875e+01
2.680025863647460938e+01
2.740793991088867188e+01
2.801562500000000000e+01
2.862330627441406250e+01
2.923098754882812500e+01
2.983866882324218750e+01
3.044635391235351562e+01
3.105403518676757812e+01
2.038323211669921875e+01
2.098969268798828125e+01
2.159615325927734375e+01
2.220261001586914062e+01
2.280907058715820312e+01
2.341553115844726562e+01
2.402199172973632812e+01
2.462844848632812500e+01
3.980501174926757812e+01
4.033380889892578125e+01
4.086260223388671875e+01
4.139140319824218750e+01
4.192019653320312500e+01
4.244899749755859375e+01
4.297779464721679688e+01
4.350659179687500000e+01
8.140792083740234375e+01
8.180523681640625000e+01
8.220255279541015625e+01
8.259986877441406250e+01
8.299718475341796875e+01
8.339450073242187500e+01
8.379181671142578125e+01
8.418913269042968750e+01
7.943185424804687500e+01
7.969891357421875000e+01
7.996597290039062500e+01
8.023302459716796875e+01
8.050008392333984375e+01
8.076713562011718750e+01
8.103419494628906250e+01
8.130124664306640625e+01
5.612217330932617188e+01
5.651110076904296875e+01
5.690003204345703125e+01
5.728895568847656250e+01
5.767788696289062500e+01
5.806681442260742188e+01
5.845573806762695312e+01
5.884466552734375000e+01
9.441542053222656250e+01
9.589663696289062500e+01
9.737785339355468750e+01
9.885906982421875000e+01
1.003402862548828125e+02
1.018215026855468750e+02
1.033027191162109375e+02
1.047839355468750000e+02
1.076161575317382812e+02
1.080962524414062500e+02
1.085763397216796875e+02
1.090564422607421875e+02
1.095365295410156250e+02
1.100166244506835938e+02
1.104967193603515625e+02
1.109768066406250000e+02
7.314047241210937500e+01
7.354808044433593750e+01
7.395569610595703125e+01
7.436330413818359375e+01
7.477091979980468750e+01
7.517852783203125000e+01
7.558614349365234375e+01
7.599375152587890625e+01
5.381229400634765625e+01
5.473617935180664062e+01
5.566006469726562500e+01
5.658395004272460938e+01
5.750783538818359375e+01
5.843172073364257812e+01
5.935560607910156250e+01
6.027948760986328125e+01
8.730413818359375000e+01
8.766320800781250000e+01
8.802228546142578125e+01
8.838136291503906250e+01
8.874043273925781250e+01
8.909951019287109375e+01
8.945858764648437500e+01
8.981765747070312500e+01
1.624096298217773438e+01
1.707332992553710938e+01
1.790569305419921875e+01
1.873805618286132812e+01
1.957042312622070312e+01
2.040278625488281250e+01
2.123514938354492188e+01
2.206751632690429688e+01
7.407894134521484375e+01
7.451148223876953125e+01
7.494403076171875000e+01
7.537657165527343750e+01
7.580912017822265625e+01
7.624166107177734375e+01
7.667420959472656250e+01
7.710675048828125000e+01
1.114105911254882812e+02
1.123191299438476562e+02
1.132276687622070312e+02
1.141362152099609375e+02
1.150447540283203125e+02
1.159532928466796875e+02
1.168618316650390625e+02
1.177703704833984375e+02
6.777153015136718750e+01
6.810951995849609375e+01
6.844751739501953125e+01
6.878550720214843750e+01
6.912350463867187500e+01
6.946150207519531250e+01
6.979949188232421875e+01
7.013748931884765625e+01
8.121167755126953125e+01
8.149118041992187500e+01
8.177068328857421875e+01
8.205018615722656250e+01
8.232968902587890625e+01
8.260919189453125000e+01
8.288869476318359375e+01
8.316819763183593750e+01
8.942205810546875000e+01
8.991798400878906250e+01
9.041390991210937500e+01
9.090983581542968750e+01
9.140576171875000000e+01
9.190167999267578125e+01
9.239760589599609375e+01
9.289353179931640625e+01
1.945046997070312500e+01
2.088465881347656250e+01
2.231885147094726562e+01
2.375304412841796875e+01
2.518723678588867188e+01
2.662142562866210938e+01
2.805561828613281250e+01
2.948981094360351562e+01
7.061188507080078125e+01
7.091271209716796875e+01
7.121353912353515625e+01
7.151436614990234375e+01
7.181519317626953125e+01
7.211602020263671875e+01
7.241684722900390625e+01
7.271768188476562500e+01
8.313468933105468750e+01
8.365045166015625000e+01
8.416621398925781250e+01
8.468198394775390625e+01
8.519775390625000000e+01
8.571351623535156250e+01
8.622928619384765625e+01
8.674504852294921875e+01
1.174939880371093750e+02
1.181786346435546875e+02
1.188632812500000000e+02
1.195479278564453125e+02
1.202325744628906250e+02
1.209172210693359375e+02
1.216018676757812500e+02
1.222865142822265625e+02
6.621460723876953125e+01
6.657350158691406250e+01
6.693240356445312500e+01
6.729129791259765625e+01
6.765019226074218750e+01
6.800908660888671875e+01
6.836798095703125000e+01
6.872688293457031250e+01
9.432681274414062500e+01
9.481379699707031250e+01
9.530079650878906250e+01
9.578778839111328125e+01
9.627478027343750000e+01
9.676177215576171875e+01
9.724876403808593750e+01
9.773575592041015625e+01
6.679733276367187500e+01
6.708010101318359375e+01
6.736286926269531250e+01
6.764562988281250000e+01
6.792839813232421875e+01
6.821116638183593750e+01
6.849393463134765625e+01
6.877669525146484375e+01
8.760574340820312500e+01
8.818272399902343750e+01
8.875969696044921875e+01
8.933666992187500000e+01
8.991365051269531250e+01
9.049062347412109375e+01
9.106759643554687500e+01
9.164457702636718750e+01
8.654148864746093750e+01
8.679429626464843750e+01
8.704710388183593750e+01
8.729991149902343750e+01
8.755271911621093750e+01
8.780551910400390625e+01
8.805833435058593750e+01
8.831113433837890625e+01
7.001378631591796875e+01
7.036779785156250000e+01
7.072180938720703125e+01
7.107582092285156250e+01
7.142983245849609375e+01
7.178384399414062500e+01
7.213785552978515625e+01
7.249186706542968750e+01
8.076522827148437500e+00
9.039760589599609375e+00
1.000299453735351562e+01
1.096623229980468750e+01
1.192946624755859375e+01
1.289270401000976562e+01
1.385593795776367188e+01
1.481917572021484375e+01
5.588269805908203125e+01
5.611583709716796875e+01
5.634896850585937500e+01
5.658210754394531250e+01
5.681523895263671875e+01
5.704837799072265625e+01
5.728151321411132812e+01
5.751464843750000000e+01
8.888392639160156250e+01
8.931246185302734375e+01
8.974099731445312500e+01
9.016953277587890625e+01
9.059806823730468750e+01
9.102660369873046875e+01
9.145513916015625000e+01
9.188367462158203125e+01
1.347421417236328125e+02
1.355652008056640625e+02
1.363882751464843750e+02
1.372113342285156250e+02
1.380343933105468750e+02
1.388574523925781250e+02
1.396805114746093750e+02
1.405035705566406250e+02
9.391342163085937500e+01
9.457375335693359375e+01
9.523408508300781250e+01
9.589442443847656250e+01
9.655476379394531250e+01
9.721509552001953125e+01
9.787543487548828125e+01
9.853576660156250000e+01
7.178856658935546875e+01
7.223088073730468750e+01
7.267319488525390625e+01
7.311551666259765625e+01
7.355783081054687500e+01
7.400015258789062500e+01
7.444246673583984375e+01
7.488478088378906250e+01
6.093067932128906250e+01
6.148305511474609375e+01
6.203543090820312500e+01
6.258781051635742188e+01
6.314018630981445312e+01
6.369256591796875000e+01
6.424494171142578125e+01
6.479731750488281250e+01
6.368516159057617188e+01
6.415592193603515625e+01
6.462667846679687500e+01
6.509743499755859375e+01
6.556819152832031250e+01
6.603894805908203125e+01
6.650970458984375000e+01
6.698046875000000000e+01
6.117732238769531250e+01
6.167528533935546875e+01
6.217324829101562500e+01
6.267121124267578125e+01
6.316917419433593750e+01
6.366713714599609375e+01
6.416510009765625000e+01
6.466306304931640625e+01
4.662044525146484375e+01
4.713922882080078125e+01
4.765801620483398438e+01
4.817680358886718750e+01
4.869557952880859375e+01
4.921436691284179688e+01
4.973315429687500000e+01
5.025193786621093750e+01
6.861000823974609375e+01
6.900013732910156250e+01
6.939026641845703125e+01
6.978040313720703125e+01
7.017053222656250000e+01
7.056066131591796875e+01
7.095079040527343750e+01
7.134091949462890625e+01
9.755458068847656250e+01
9.828678894042968750e+01
9.901899719238281250e+01
9.975120544433593750e+01
1.004834213256835938e+02
1.012156295776367188e+02
1.019478378295898438e+02
1.026800537109375000e+02
2.145751571655273438e+01
2.210767364501953125e+01
2.275782775878906250e+01
2.340798950195312500e+01
2.405815124511718750e+01
2.470830917358398438e+01
2.535847091674804688e+01
2.600863265991210938e+01
6.688339233398437500e+01
6.728831481933593750e+01
6.769323730468750000e+01
6.809815216064453125e+01
6.850307464599609375e+01
6.890799713134765625e+01
6.931291198730468750e+01
6.971783447265625000e+01
1.261396484375000000e+02
1.270528411865234375e+02
1.279660339355468750e+02
1.288792114257812500e+02
1.297924041748046875e+02
1.307055969238281250e+02
1.316187896728515625e+02
1.325319824218750000e+02
6.101256179809570312e+01
6.202775192260742188e+01
6.304294204711914062e+01
6.405813598632812500e+01
6.507332611083984375e+01
6.608852386474609375e+01
6.710371398925781250e+01
6.811890411376953125e+01
9.157447052001953125e+01
9.188274383544921875e+01
9.219100952148437500e+01
9.249928283691406250e+01
9.280755615234375000e+01
9.311582183837890625e+01
9.342409515380859375e+01
9.373236083984375000e+01
2.964236450195312500e+01
3.022898864746093750e+01
3.081561660766601562e+01
3.140224075317382812e+01
3.198886871337890625e+01
3.257550048828125000e+01
3.316212463378906250e+01
3.374875259399414062e+01
6.239583587646484375e+01
6.291189956665039062e+01
6.342795944213867188e+01
6.394401931762695312e+01
6.446008300781250000e+01
6.497614288330078125e+01
6.549220275878906250e+01
6.600826263427734375e+01
9.505270385742187500e+01
9.549447631835937500e+01
9.593624877929687500e+01
9.637802886962890625e+01
9.681980133056640625e+01
9.726157379150390625e+01
9.770334625244140625e+01
9.814511871337890625e+01
9.654913330078125000e+01
9.696502685546875000e+01
9.738092041015625000e+01
9.779681396484375000e+01
9.821270751953125000e+01
9.862860107421875000e+01
9.904449462890625000e+01
9.946038818359375000e+01
6.620730590820312500e+01
6.654404449462890625e+01
6.688079071044921875e+01
6.721752929687500000e+01
6.755427551269531250e+01
6.789101409912109375e+01
6.822776031494140625e+01
6.856449890136718750e+01
8.185240173339843750e+01
8.246132659912109375e+01
8.307025146484375000e+01
8.367917633056640625e+01
8.428810882568359375e+01
8.489703369140625000e+01
8.550595855712890625e+01
8.611488342285156250e+01
1.658887481689453125e+01
1.730203247070312500e+01
1.801519012451171875e+01
1.872834396362304688e+01
1.944150161743164062e+01
2.015465927124023438e+01
2.086781692504882812e+01
2.158097457885742188e+01
7.109989929199218750e+01
7.149706268310546875e+01
7.189423370361328125e+01
7.229139709472656250e+01
7.268856811523437500e+01
7.308573913574218750e+01
7.348290252685546875e+01
7.388007354736328125e+01
5.352362060546875000e+01
5.402008056640625000e+01
5.451654052734375000e+01
5.501300430297851562e+01
5.550946807861328125e+01
5.600592803955078125e+01
5.650238800048828125e+01
5.699884796142578125e+01
8.032299041748046875e+01
8.078146362304687500e+01
8.123993682861328125e+01
8.169841003417968750e+01
8.215688323974609375e+01
8.261535644531250000e+01
8.307382202148437500e+01
8.353229522705078125e+01
9.466551971435546875e+01
9.540357971191406250e+01
9.614163970947265625e+01
9.687969970703125000e+01
9.761776733398437500e+01
9.835581970214843750e+01
9.909388732910156250e+01
9.983194732666015625e+01
1.126039581298828125e+02
1.133895492553710938e+02
1.141751403808593750e+02
1.149607238769531250e+02
1.157463150024414062e+02
1.165319061279296875e+02
1.173174896240234375e+02
1.181030807495117188e+02
6.471707916259765625e+01
6.492926788330078125e+01
6.514145660400390625e+01
6.535365295410156250e+01
6.556584167480468750e+01
6.577803039550781250e+01
6.599022674560546875e+01
6.620241546630859375e+01
7.099731445312500000e+01
7.128229522705078125e+01
7.156727600097656250e+01
7.185225677490234375e+01
7.213723754882812500e+01
7.242221832275390625e+01
7.270719909667968750e+01
7.299218750000000000e+01
1.002228851318359375e+02
1.009464035034179688e+02
1.016699218750000000e+02
1.023934402465820312e+02
1.031169586181640625e+02
1.038404769897460938e+02
1.045639953613281250e+02
1.052875213623046875e+02
7.072131347656250000e+01
7.115000915527343750e+01
7.157869720458984375e+01
7.200739288330078125e+01
7.243608093261718750e+01
7.286477661132812500e+01
7.329346466064453125e+01
7.372216033935546875e+01
2.389607238769531250e+01
2.457461547851562500e+01
2.525316238403320312e+01
2.593170547485351562e+01
2.661024856567382812e+01
2.728879165649414062e+01
2.796733474731445312e+01
2.864587783813476562e+01
5.954145050048828125e+01
5.996519088745117188e+01
6.038893127441406250e+01
6.081267547607421875e+01
6.123641586303710938e+01
6.166015625000000000e+01
6.208390045166015625e+01
6.250764083862304688e+01
1.346588516235351562e+01
1.424153137207031250e+01
1.501717376708984375e+01
1.579281997680664062e+01
1.656846618652343750e+01
1.734411239624023438e+01
1.811975479125976562e+01
1.889540100097656250e+01
4.615135955810546875e+01
4.673791885375976562e+01
4.732447814941406250e+01
4.791103363037109375e+01
4.849758529663085938e+01
4.908414459228515625e+01
4.967070007324218750e+01
5.025725555419921875e+01
8.828343200683593750e+01
8.871295166015625000e+01
8.914246368408203125e+01
8.957197570800781250e+01
9.000149536132812500e+01
9.043100738525390625e+01
9.086051940917968750e+01
9.129003906250000000e+01
1.044082031250000000e+02
1.050535583496093750e+02
1.056989135742187500e+02
1.063442687988281250e+02
1.069896240234375000e+02
1.076349868774414062e+02
1.082803497314453125e+02
1.089257049560546875e+02
5.228912734985351562e+01
5.263553237915039062e+01
5.298193740844726562e+01
5.332834243774414062e+01
5.367474746704101562e+01
5.402115249633789062e+01
5.436755752563476562e+01
5.471396255493164062e+01
2.441819763183593750e+01
2.484837341308593750e+01
2.527854919433593750e+01
2.570872497558593750e+01
2.613890075683593750e+01
2.656907653808593750e+01
2.699925231933593750e+01
2.742942810058593750e+01
1.094407272338867188e+01
1.149096679687500000e+01
1.203786087036132812e+01
1.258475494384765625e+01
1.313164901733398438e+01
1.367854309082031250e+01
1.422544097900390625e+01
1.477233505249023438e+01
1.244089355468750000e+02
1.252228240966796875e+02
1.260367126464843750e+02
1.268506088256835938e+02
1.276645050048828125e+02
1.284783935546875000e+02
1.292922821044921875e+02
1.301061706542968750e+02
6.623572540283203125e+01
6.687194824218750000e+01
6.750817108154296875e+01
6.814438629150390625e+01
6.878060913085937500e+01
6.941683197021484375e+01
7.005305480957031250e+01
7.068927764892578125e+01
7.242983245849609375e+01
7.285424041748046875e+01
7.327864074707031250e+01
7.370304107666015625e+01
7.412744903564453125e+01
7.455184936523437500e+01
7.497625732421875000e+01
7.540065765380859375e+01
9.443753814697265625e+01
9.521532440185546875e+01
9.599311828613281250e+01
9.677090454101562500e+01
9.754869079589843750e+01
9.832647705078125000e+01
9.910426330566406250e+01
9.988204956054687500e+01
9.010476684570312500e+01
9.034934997558593750e+01
9.059393310546875000e+01
9.083851623535156250e+01
9.108310699462890625e+01
9.132769012451171875e+01
9.157227325439453125e+01
9.181685638427734375e+01
9.199337768554687500e+01
9.273793792724609375e+01
9.348249053955078125e+01
9.422705078125000000e+01
9.497161102294921875e+01
9.571617126464843750e+01
9.646072387695312500e+01
9.720528411865234375e+01
1.064147644042968750e+02
1.071746444702148438e+02
1.079345245361328125e+02
1.086943969726562500e+02
1.094542694091796875e+02
1.102141418457031250e+02
1.109740142822265625e+02
1.117338867187500000e+02
9.115393066406250000e+01
9.151632690429687500e+01
9.187871551513671875e+01
9.224110412597656250e+01
9.260349273681640625e+01
9.296588134765625000e+01
9.332826995849609375e+01
9.369065856933593750e+01
7.782531738281250000e+01
7.834169769287109375e+01
7.885807037353515625e+01
7.937445068359375000e+01
7.989083099365234375e+01
8.040721130371093750e+01
8.092358398437500000e+01
8.143996429443359375e+01
1.100092239379882812e+02
1.109141998291015625e+02
1.118191833496093750e+02
1.127241668701171875e+02
1.136291503906250000e+02
1.145341339111328125e+02
1.154391174316406250e+02
1.163441009521484375e+02
6.880381011962890625e+01
6.913291931152343750e+01
6.946202087402343750e+01
6.979113006591796875e+01
7.012023925781250000e+01
7.044934082031250000e+01
7.077845001220703125e+01
7.110755920410156250e+01
5.989527130126953125e+01
6.111874389648437500e+01
6.234220886230468750e+01
6.356567764282226562e+01
6.478914642333984375e+01
6.601261901855468750e+01
6.723608398437500000e+01
6.845955657958984375e+01
7.036717224121093750e+01
7.066561889648437500e+01
7.096405792236328125e+01
7.126250457763671875e+01
7.156095123291015625e+01
7.185939025878906250e+01
7.215783691406250000e+01
7.245628356933593750e+01
6.644815063476562500e+01
6.680233001708984375e+01
6.715650939941406250e+01
6.751068878173828125e+01
6.786486816406250000e+01
6.821904754638671875e+01
6.857322692871093750e+01
6.892740631103515625e+01
9.785724639892578125e+00
1.085169601440429688e+01
1.191767120361328125e+01
1.298364639282226562e+01
1.404962158203125000e+01
1.511559677124023438e+01
1.618157196044921875e+01
1.724754714965820312e+01
1.138492431640625000e+02
1.149813079833984375e+02
1.161133728027343750e+02
1.172454299926757812e+02
1.183774948120117188e+02
1.195095596313476562e+02
1.206416168212890625e+02
1.217736816406250000e+02
6.170045852661132812e+01
6.254166412353515625e+01
6.338287353515625000e+01
6.422408294677734375e+01
6.506529235839843750e+01
6.590650177001953125e+01
6.674770355224609375e+01
6.758891296386718750e+01
6.471206665039062500e+01
6.515036010742187500e+01
6.558865356445312500e+01
6.602693939208984375e+01
6.646523284912109375e+01
6.690352630615234375e+01
6.734181213378906250e+01
6.778010559082031250e+01
7.019567871093750000e+01
7.049694824218750000e+01
7.079821777343750000e+01
7.109949493408203125e+01
7.140076446533203125e+01
7.170203399658203125e+01
7.200330352783203125e+01
7.230457305908203125e+01
9.450065612792968750e+01
9.467231750488281250e+01
9.484397888183593750e+01
9.501564025878906250e+01
9.518730163574218750e+01
9.535896301269531250e+01
9.553062438964843750e+01
9.570228576660156250e+01
6.534083557128906250e+01
6.568329620361328125e+01
6.602574920654296875e+01
6.636820983886718750e+01
6.671066284179687500e+01
6.705311584472656250e+01
6.739557647705078125e+01
6.773802947998046875e+01
7.123596954345703125e+01
7.169621276855468750e+01
7.215646362304687500e+01
7.261670684814453125e+01
7.307695007324218750e+01
7.353720092773437500e+01
7.399744415283203125e+01
7.445769500732421875e+01
6.053537368774414062e+01
6.083609008789062500e+01
6.113681030273437500e+01
6.143752670288085938e+01
6.173824310302734375e+01
6.203896331787109375e+01
6.233967971801757812e+01
6.264039611816406250e+01
3.058359146118164062e+01
3.127116775512695312e+01
3.195874023437500000e+01
3.264631652832031250e+01
3.333388900756835938e+01
3.402146530151367188e+01
3.470904159545898438e+01
3.539661407470703125e+01
3.251784896850585938e+01
3.303908920288085938e+01
3.356033325195312500e+01
3.408157348632812500e+01
3.460281753540039062e+01
3.512405776977539062e+01
3.564530181884765625e+01
3.616654586791992188e+01
5.521469116210937500e+01
5.572313690185546875e+01
5.623157882690429688e+01
5.674002456665039062e+01
5.724847030639648438e+01
5.775691604614257812e+01
5.826536178588867188e+01
5.877380752563476562e+01
6.052192306518554688e+01
6.094563293457031250e+01
6.136934661865234375e+01
6.179306030273437500e+01
6.221677398681640625e+01
6.264048767089843750e+01
6.306420135498046875e+01
6.348791503906250000e+01
8.080466461181640625e+01
8.126959991455078125e+01
8.173454284667968750e+01
8.219947814941406250e+01
8.266441345214843750e+01
8.312935638427734375e+01
8.359429168701171875e+01
8.405923461914062500e+01
9.607666015625000000e+01
9.663134002685546875e+01
9.718602752685546875e+01
9.774071502685546875e+01
9.829539489746093750e+01
9.885008239746093750e+01
9.940476989746093750e+01
9.995945739746093750e+01
6.736726379394531250e+01
6.768699645996093750e+01
6.800672912597656250e+01
6.832646942138671875e+01
6.864620208740234375e+01
6.896593475341796875e+01
6.928567504882812500e+01
6.960540771484375000e+01
7.308676147460937500e+01
7.345843505859375000e+01
7.383010864257812500e+01
7.420178985595703125e+01
7.457346343994140625e+01
7.494513702392578125e+01
7.531681060791015625e+01
7.568849182128906250e+01
6.325648498535156250e+01
6.351725006103515625e+01
6.377801132202148438e+01
6.403877258300781250e+01
6.429953002929687500e+01
6.456029510498046875e+01
6.482105255126953125e+01
6.508181762695312500e+01
6.890104675292968750e+01
6.922725677490234375e+01
6.955345916748046875e+01
6.987966918945312500e+01
7.020587921142578125e+01
7.053208923339843750e+01
7.085829925537109375e+01
7.118450927734375000e+01
6.678252410888671875e+01
6.707662200927734375e+01
6.737071990966796875e+01
6.766481781005859375e+01
6.795891571044921875e+01
6.825301361083984375e+01
6.854711151123046875e+01
6.884120941162109375e+01
9.077310943603515625e+01
9.136281585693359375e+01
9.195252227783203125e+01
9.254222869873046875e+01
9.313194274902343750e+01
9.372164916992187500e+01
9.431135559082031250e+01
9.490106201171875000e+01
7.521475219726562500e+01
7.568249511718750000e+01
7.615023803710937500e+01
7.661798095703125000e+01
7.708571624755859375e+01
7.755345916748046875e+01
7.802120208740234375e+01
7.848894500732421875e+01
2.010050201416015625e+01
2.120085906982421875e+01
2.230121231079101562e+01
2.340156555175781250e+01
2.450191879272460938e+01
2.560227584838867188e+01
2.670262908935546875e+01
2.780298233032226562e+01
7.560826110839843750e+01
7.591684722900390625e+01
7.622544097900390625e+01
7.653402709960937500e+01
7.684262084960937500e+01
7.715120697021484375e+01
7.745980072021484375e+01
7.776838684082031250e+01
6.902984619140625000e+01
6.991117095947265625e+01
7.079249572753906250e+01
7.167381286621093750e+01
7.255513763427734375e+01
7.343645477294921875e+01
7.431777954101562500e+01
7.519909667968750000e+01
9.111465454101562500e+01
9.180548858642578125e+01
9.249633026123046875e+01
9.318717193603515625e+01
9.387800598144531250e+01
9.456884765625000000e+01
9.525968933105468750e+01
9.595053100585937500e+01
8.703176116943359375e+01
8.748959350585937500e+01
8.794742584228515625e+01
8.840525817871093750e+01
8.886308288574218750e+01
8.932092285156250000e+01
8.977874755859375000e+01
9.023658752441406250e+01
6.767417907714843750e+01
6.802864837646484375e+01
6.838312530517578125e+01
6.873759460449218750e+01
6.909207153320312500e+01
6.944654846191406250e+01
6.980101776123046875e+01
7.015549468994140625e+01
5.778974914550781250e+01
5.808865356445312500e+01
5.838755798339843750e+01
5.868646240234375000e+01
5.898537063598632812e+01
5.928427505493164062e+01
5.958317947387695312e+01
5.988208770751953125e+01
7.292876434326171875e+01
7.367018890380859375e+01
7.441161346435546875e+01
7.515303802490234375e+01
7.589446258544921875e+01
7.663588714599609375e+01
7.737731170654296875e+01
7.811873626708984375e+01
2.418542098999023438e+01
2.505263519287109375e+01
2.591985321044921875e+01
2.678707122802734375e+01
2.765428924560546875e+01
2.852150344848632812e+01
2.938872146606445312e+01
3.025593948364257812e+01
9.616941833496093750e+01
9.748433685302734375e+01
9.879924774169921875e+01
1.001141662597656250e+02
1.014290771484375000e+02
1.027439956665039062e+02
1.040589065551757812e+02
1.053738250732421875e+02
5.317454528808593750e+01
5.357556915283203125e+01
5.397659683227539062e+01
5.437762069702148438e+01
5.477864456176757812e+01
5.517967224121093750e+01
5.558069610595703125e+01
5.598171997070312500e+01
6.003690719604492188e+01
6.022972869873046875e+01
6.042255401611328125e+01
6.061537933349609375e+01
6.080820465087890625e+01
6.100102615356445312e+01
6.119385147094726562e+01
6.138667678833007812e+01
9.630731201171875000e+01
9.672149658203125000e+01
9.713568115234375000e+01
9.754987335205078125e+01
9.796405792236328125e+01
9.837824249267578125e+01
9.879243469238281250e+01
9.920661926269531250e+01
2.089345169067382812e+01
2.191487503051757812e+01
2.293629455566406250e+01
2.395771789550781250e+01
2.497914123535156250e+01
2.600056457519531250e+01
2.702198791503906250e+01
2.804341125488281250e+01
1.198794403076171875e+02
1.205567321777343750e+02
1.212340164184570312e+02
1.219113006591796875e+02
1.225885848999023438e+02
1.232658691406250000e+02
1.239431533813476562e+02
1.246204376220703125e+02
7.690833282470703125e+01
7.714691162109375000e+01
7.738548278808593750e+01
7.762406158447265625e+01
7.786264038085937500e+01
7.810121917724609375e+01
7.833979797363281250e+01
7.857837677001953125e+01
7.411685180664062500e+01
7.460505676269531250e+01
7.509326934814453125e+01
7.558147430419921875e+01
7.606968688964843750e+01
7.655789184570312500e+01
7.704610443115234375e+01
7.753431701660156250e+01
6.987979888916015625e+01
7.041077423095703125e+01
7.094174957275390625e+01
7.147272491455078125e+01
7.200370025634765625e+01
7.253467559814453125e+01
7.306565093994140625e+01
7.359662628173828125e+01
7.123085021972656250e+01
7.163153076171875000e+01
7.203220367431640625e+01
7.243288421630859375e+01
7.283355712890625000e+01
7.323423767089843750e+01
7.363491058349609375e+01
7.403558349609375000e+01
2.531916427612304688e+01
2.579285430908203125e+01
2.626654815673828125e+01
2.674023818969726562e+01
2.721392822265625000e+01
2.768762207031250000e+01
2.816131210327148438e+01
2.863500595092773438e+01
8.963552856445312500e+01
9.030995178222656250e+01
9.098438262939453125e+01
9.165881347656250000e+01
9.233323669433593750e+01
9.300766754150390625e+01
9.368209838867187500e+01
9.435652160644531250e+01
7.504833221435546875e+01
7.594628906250000000e+01
7.684424591064453125e+01
7.774220275878906250e+01
7.864015960693359375e+01
7.953811645507812500e+01
8.043607330322265625e+01
8.133403015136718750e+01
8.963655090332031250e+01
9.026191711425781250e+01
9.088728332519531250e+01
9.151264953613281250e+01
9.213801574707031250e+01
9.276338195800781250e+01
9.338874816894531250e+01
9.401411437988281250e+01
3.129838180541992188e+01
3.214656066894531250e+01
3.299473571777343750e+01
3.384291458129882812e+01
3.469108963012695312e+01
3.553926849365234375e+01
3.638744354248046875e+01
3.723561859130859375e+01
7.430039978027343750e+01
7.453563690185546875e+01
7.477088165283203125e+01
7.500611877441406250e+01
7.524136352539062500e+01
7.547660064697265625e+01
7.571184539794921875e+01
7.594708251953125000e+01
9.801749420166015625e+01
9.852110290527343750e+01
9.902471923828125000e+01
9.952833557128906250e+01
1.000319442749023438e+02
1.005355606079101562e+02
1.010391693115234375e+02
1.015427856445312500e+02
9.255884552001953125e+01
9.340534210205078125e+01
9.425183868408203125e+01
9.509833526611328125e+01
9.594482421875000000e+01
9.679132080078125000e+01
9.763781738281250000e+01
9.848431396484375000e+01
7.583597564697265625e+01
7.641488647460937500e+01
7.699379730224609375e+01
7.757270812988281250e+01
7.815161895751953125e+01
7.873052978515625000e+01
7.930943298339843750e+01
7.988834381103515625e+01
6.387385940551757812e+01
6.428417968750000000e+01
6.469449615478515625e+01
6.510482025146484375e+01
6.551513671875000000e+01
6.592546081542968750e+01
6.633577728271484375e+01
6.674610137939453125e+01
3.114930725097656250e+01
3.155199050903320312e+01
3.195467376708984375e+01
3.235735321044921875e+01
3.276003646850585938e+01
3.316271972656250000e+01
3.356540298461914062e+01
3.396808624267578125e+01
7.901150512695312500e+01
7.988552856445312500e+01
8.075955963134765625e+01
8.163358306884765625e+01
8.250761413574218750e+01
8.338163757324218750e+01
8.425566864013671875e+01
8.512969207763671875e+01
6.325253295898437500e+01
6.414438629150390625e+01
6.503623962402343750e+01
6.592809295654296875e+01
6.681994628906250000e+01
6.771179199218750000e+01
6.860364532470703125e+01
6.949549865722656250e+01
7.504867553710937500e+01
7.544557189941406250e+01
7.584247589111328125e+01
7.623937225341796875e+01
7.663626861572265625e+01
7.703317260742187500e+01
7.743006896972656250e+01
7.782697296142578125e+01
