0.300202 0.353777
0.301167 0.355589
0.302320 0.357650
0.303174 0.359321
0.304269 0.361324
0.305117 0.362984
0.306130 0.364865
0.307176 0.366802
0.308271 0.368787
0.308994 0.370291
0.310063 0.372268
0.310926 0.373958
0.311840 0.375721
0.312888 0.377641
0.314032 0.379678
0.315180 0.381726
0.316237 0.383664
0.317343 0.385655
0.318473 0.387678
0.319688 0.389815
0.320913 0.391947
0.322113 0.394049
0.323555 0.396471
0.324675 0.398444
0.325673 0.400268
0.326727 0.402164
0.327888 0.404191
0.329343 0.406571
0.330541 0.408638
0.331912 0.410900
0.333386 0.413287
0.334970 0.415807
0.336397 0.418115
0.337777 0.420355
0.339054 0.422460
0.340324 0.424545
0.341520 0.426546
0.342860 0.428695
0.344104 0.430723
0.345408 0.432823
0.346867 0.435088
0.348376 0.437405
0.350103 0.439962
0.351865 0.442534
0.353475 0.444936
0.355390 0.447655
0.357264 0.450306
0.358913 0.452696
0.360919 0.455482
0.362973 0.458299
0.364730 0.460766
0.366384 0.463104
0.368392 0.465817
0.370349 0.468463
0.371980 0.470750
0.373598 0.472993
0.375401 0.475430
0.377569 0.478223
0.379627 0.480897
0.382029 0.483897
0.384265 0.486719
0.386375 0.489385
0.388943 0.492509
0.391277 0.495368
0.393561 0.498152
0.396216 0.501304
0.398250 0.503810
0.400543 0.506556
0.402939 0.509404
0.405411 0.512287
0.407754 0.515047
0.410087 0.517776
0.412562 0.520615
0.415257 0.523643
0.418308 0.526999
0.421625 0.530593
0.424582 0.533826
0.427680 0.537188
0.430746 0.540496
0.433746 0.543718
0.436592 0.546779
0.439370 0.549757
0.442398 0.552969
0.445313 0.556045
0.448721 0.559585
0.451915 0.562910
0.455025 0.566134
0.458176 0.569392
0.461692 0.572985
0.464913 0.576284
0.468521 0.579945
0.471867 0.583344
0.475516 0.587029
0.478979 0.590529
0.482635 0.594209
0.486426 0.598015
0.489910 0.601516
0.493589 0.605208
0.497323 0.608954
0.500864 0.612506
0.504761 0.616412
0.508391 0.620049
0.511962 0.623631
0.515613 0.627295
0.519192 0.630892
0.523173 0.634903
0.526927 0.638692
0.530886 0.642703
0.534722 0.646600
0.538367 0.650300
0.541986 0.653982
0.545661 0.657734
0.549575 0.661754
0.553217 0.665495
0.557359 0.669797
0.561125 0.673708
0.564896 0.677638
0.568700 0.681630
0.572471 0.685600
0.576270 0.689641
0.580441 0.694146
0.584319 0.698316
0.588130 0.702433
0.591459 0.705957
0.595220 0.710085
0.598471 0.713584
0.601704 0.717076
0.604680 0.720248
0.607595 0.723413
0.610853 0.726997
0.613952 0.730397
0.616954 0.733690
0.619977 0.737071
0.623510 0.741054
0.627098 0.745126
0.630351 0.748827
0.633907 0.752914
0.637435 0.756974
0.640532 0.760487
0.644310 0.764941
0.648027 0.769362
0.650616 0.772311
0.652898 0.774861
0.655697 0.778095
0.658339 0.781156
0.660912 0.784142
0.663489 0.787140
0.666372 0.790508
0.668995 0.793590
0.671800 0.796925
0.674690 0.800383
0.677538 0.803798
0.680319 0.807142
0.683091 0.810481
0.685645 0.813541
0.688784 0.817446
0.691950 0.821418
0.694522 0.824541
0.696619 0.827023
0.698701 0.829493
0.700730 0.831874
0.703007 0.834613
0.705029 0.837016
0.707031 0.839373
0.708596 0.841238
0.710518 0.843523
0.713396 0.847074
0.715954 0.850336
0.718468 0.853503
0.720962 0.856655
0.723377 0.859704
0.725792 0.862755
0.727871 0.865240
0.729812 0.867533
0.731874 0.870079
0.733687 0.872263
0.735448 0.874381
0.737443 0.876900
0.739544 0.879568
0.741180 0.881475
0.742851 0.883483
0.744510 0.885474
0.746463 0.887861
0.748416 0.890376
0.750344 0.892847
0.752356 0.895501
0.754296 0.898044
0.756568 0.901231
0.758210 0.903179
0.760393 0.906327
0.762186 0.908674
0.763469 0.909951
0.764993 0.911797
0.766819 0.914324
0.768267 0.916031
0.769856 0.918110
0.771023 0.919268
0.772292 0.920611
0.773324 0.921580
0.774614 0.923042
