0.296047 0.399764
0.295880 0.403845
0.295720 0.407944
0.295588 0.412177
0.295436 0.416236
0.295313 0.420382
0.295196 0.424502
0.295090 0.428605
0.295015 0.432791
0.294953 0.436950
0.294904 0.441051
0.294878 0.445161
0.294878 0.449256
0.294917 0.453406
0.294969 0.457465
0.295073 0.461594
0.295206 0.465685
0.295375 0.469743
0.295606 0.473866
0.295837 0.477798
0.296141 0.481808
0.296495 0.485791
0.296890 0.489701
0.297346 0.493603
0.297858 0.497455
0.298396 0.501186
0.299009 0.504903
0.299658 0.508496
0.300408 0.512149
0.301197 0.515673
0.302086 0.519212
0.303018 0.522629
0.304004 0.525935
0.305094 0.529264
0.306244 0.532483
0.307499 0.535689
0.308839 0.538837
0.310265 0.541910
0.311806 0.544998
0.313434 0.547999
0.315164 0.550950
0.316968 0.553799
0.318909 0.556639
0.320899 0.559361
0.322934 0.561931
0.325147 0.564556
0.327412 0.567052
0.329815 0.569527
0.332321 0.571973
0.334849 0.574235
0.337521 0.576529
0.340279 0.578742
0.343224 0.580996
0.346185 0.583139
0.349237 0.585222
0.352381 0.587266
0.355572 0.589231
0.358877 0.591176
0.362279 0.593141
0.365735 0.595040
0.369298 0.596950
0.372959 0.598870
0.376598 0.600680
0.380360 0.602571
0.384180 0.604443
0.388054 0.606318
0.391910 0.608138
0.395917 0.610052
0.399954 0.612001
0.403986 0.613916
0.408032 0.615838
0.412136 0.617815
0.416262 0.619804
0.420426 0.621886
0.424620 0.623947
0.428832 0.626119
0.433007 0.628264
0.437199 0.630461
0.441375 0.632685
0.445553 0.634933
0.449720 0.637268
0.453843 0.639594
0.458017 0.642017
0.462133 0.644449
0.466326 0.646984
0.470402 0.649523
0.474444 0.652078
0.478439 0.654660
0.482448 0.657319
0.486293 0.659899
0.490245 0.662659
0.494062 0.665365
0.497987 0.668230
0.501711 0.671000
0.505521 0.673905
0.509236 0.676817
0.512869 0.679725
0.516482 0.682688
0.519970 0.685616
0.523557 0.688702
0.527192 0.691896
0.530540 0.694929
0.533894 0.698025
0.537244 0.701190
0.540557 0.704394
0.543759 0.707572
0.546963 0.710816
0.550095 0.714062
0.553203 0.717354
0.556185 0.720596
0.559187 0.723922
0.562138 0.727265
0.565027 0.730620
0.567886 0.734001
0.570681 0.737384
0.573478 0.740824
0.576107 0.744189
0.578842 0.747662
0.581417 0.751064
0.583958 0.754487
0.586442 0.757908
0.588892 0.761344
0.591279 0.764772
0.593737 0.768323
0.595959 0.771683
0.598227 0.775140
0.600381 0.778521
0.602577 0.781997
0.604725 0.785472
0.606825 0.788941
0.608983 0.792532
0.610915 0.795949
0.613041 0.799565
0.615027 0.803107
0.616881 0.806542
0.618816 0.810118
0.620655 0.813625
0.622509 0.817201
0.624166 0.820586
0.625866 0.824070
0.627510 0.827528
0.629087 0.830946
0.630633 0.834367
0.632094 0.837721
0.633519 0.841064
0.635018 0.844567
0.636436 0.848047
0.637790 0.851385
0.639100 0.854750
0.640399 0.858149
0.641752 0.861683
0.642980 0.865069
0.644118 0.868354
0.645286 0.871736
0.646417 0.875104
0.647500 0.878436
0.648522 0.881703
0.649597 0.885117
0.650599 0.888444
0.651588 0.891796
0.652584 0.895214
0.653479 0.898478
0.654377 0.901794
0.655212 0.905031
0.656096 0.908411
0.656880 0.911628
0.657646 0.914846
0.658377 0.918029
0.659114 0.921269
0.659843 0.924534
0.660486 0.927638
0.661106 0.930722
0.661702 0.933779
0.662283 0.936831
0.662890 0.939998
0.663482 0.943166
0.664108 0.946467
0.664664 0.949617
0.665201 0.952749
0.665707 0.955829
0.666207 0.958924
0.666675 0.961960
0.667087 0.964863
0.667519 0.967848
0.667985 0.970966
0.668400 0.973965
0.668752 0.976789
0.669117 0.979670
0.669470 0.982550
0.669834 0.985482
0.670185 0.988397
0.670525 0.991295
0.670837 0.994123
0.671121 0.996863
0.671382 0.999542
0.671639 1.002216
0.671922 1.005011
0.672152 1.007611
0.672351 1.010091
0.672536 1.012521
