0.255938 0.436618
0.255502 0.441053
0.255075 0.445485
0.254641 0.449743
0.254249 0.454259
0.253838 0.458470
0.253471 0.462888
0.253106 0.467142
0.252826 0.471870
0.252500 0.476028
0.252228 0.480367
0.251993 0.484715
0.251796 0.489088
0.251658 0.493538
0.251596 0.498166
0.251493 0.502281
0.251424 0.506319
0.251404 0.510362
0.251503 0.514676
0.251614 0.518770
0.251790 0.522861
0.252052 0.527023
0.252327 0.530949
0.252688 0.534916
0.253129 0.538878
0.253557 0.542524
0.253988 0.545930
0.254542 0.549487
0.255167 0.552958
0.255796 0.556204
0.256472 0.559339
0.257310 0.562679
0.258242 0.566042
0.259223 0.569227
0.260281 0.572377
0.261387 0.575403
0.262446 0.578080
0.263601 0.580747
0.264917 0.583572
0.266305 0.586327
0.267785 0.589055
0.269220 0.591462
0.270871 0.594121
0.272518 0.596553
0.274324 0.599105
0.276207 0.601607
0.278211 0.604135
0.280392 0.606785
0.282480 0.609090
0.284524 0.611166
0.286800 0.613484
0.289006 0.615534
0.291326 0.617627
0.293691 0.619670
0.296302 0.621984
0.298828 0.624052
0.301258 0.625896
0.303853 0.627864
0.306691 0.630138
0.309333 0.632068
0.312148 0.634204
0.314986 0.636338
0.317821 0.638360
0.320816 0.640613
0.323748 0.642747
0.326714 0.644898
0.329719 0.647100
0.332738 0.649303
0.335855 0.651649
0.338977 0.653996
0.342128 0.656386
0.345192 0.658661
0.348432 0.661155
0.351708 0.663733
0.355021 0.666384
0.358455 0.669214
0.361791 0.671889
0.365153 0.674596
0.368493 0.677270
0.371964 0.680138
0.375467 0.683016
0.378914 0.685810
0.382445 0.688690
0.386088 0.691747
0.389731 0.694729
0.393394 0.697729
0.397094 0.700745
0.401025 0.704002
0.404865 0.707104
0.408499 0.709946
0.412114 0.712739
0.415785 0.715569
0.419503 0.718421
0.423468 0.721522
0.427588 0.724742
0.431573 0.727786
0.435751 0.730985
0.439670 0.733917
0.443939 0.737125
0.448016 0.740143
0.451961 0.743037
0.456281 0.746198
0.460382 0.749190
0.464711 0.752321
0.468878 0.755327
0.472823 0.758184
0.476755 0.761034
0.480770 0.763941
0.484684 0.766791
0.488859 0.769812
0.493100 0.772877
0.496965 0.775732
0.501135 0.778754
0.505130 0.781740
0.509152 0.784736
0.513134 0.787731
0.517083 0.790731
0.520681 0.793579
0.524649 0.796615
0.528382 0.799618
0.532160 0.802645
0.536271 0.805860
0.539916 0.808884
0.543401 0.811869
0.546763 0.814831
0.549703 0.817630
0.552928 0.820594
0.556202 0.823624
0.559000 0.826453
0.561966 0.829372
0.564974 0.832420
0.567745 0.835337
0.570488 0.838288
0.573370 0.841354
0.576185 0.844424
0.578795 0.847420
0.581403 0.850453
0.583800 0.853396
0.586283 0.856436
0.588720 0.859489
0.590939 0.862389
0.592861 0.865202
0.594920 0.868101
0.596815 0.870902
0.599026 0.874009
0.600942 0.876910
0.602911 0.879840
0.604837 0.882897
0.606897 0.886084
0.608924 0.889294
0.610902 0.892508
0.612603 0.895493
0.614339 0.898581
0.616302 0.901971
0.617947 0.905076
0.619647 0.908292
0.621161 0.911355
0.622795 0.914545
0.623994 0.917392
0.625447 0.920536
0.627010 0.923883
0.628324 0.926963
0.629685 0.930159
0.631004 0.933355
0.632311 0.936591
0.633549 0.939785
0.634624 0.942793
0.635735 0.945908
0.636885 0.949066
0.637712 0.951897
0.638782 0.955096
0.639818 0.958293
0.640811 0.961469
0.641576 0.964295
0.642755 0.967833
0.643603 0.970973
0.644309 0.973828
0.645118 0.976910
0.645888 0.979958
0.646633 0.982995
0.647205 0.985727
0.647935 0.988818
0.648514 0.991637
0.649223 0.994762
0.649817 0.997664
0.650401 1.000519
0.650809 1.003139
0.651437 1.006231
0.651857 1.008847
0.652431 1.011874
0.652893 1.014643
0.653301 1.017288
0.653694 1.019924
0.654192 1.022876
0.654679 1.025826
0.654990 1.028297
0.655293 1.030684
0.655668 1.033490
0.656094 1.036371
0.656531 1.039302
