0.318954 0.307317
0.320095 0.311230
0.321285 0.315090
0.322402 0.318680
0.323745 0.322537
0.325111 0.326236
0.326552 0.329927
0.328087 0.333599
0.329583 0.337071
0.331151 0.340515
0.332933 0.344034
0.334743 0.347445
0.336643 0.350816
0.338517 0.354006
0.340570 0.357251
0.342632 0.360315
0.344776 0.363324
0.347031 0.366285
0.349184 0.369029
0.351744 0.371950
0.354257 0.374650
0.356798 0.377247
0.359535 0.379827
0.362294 0.382277
0.365123 0.384640
0.368407 0.387065
0.371655 0.389336
0.375203 0.391605
0.378651 0.393651
0.382419 0.395689
0.386061 0.397534
0.390070 0.399366
0.394341 0.401145
0.398582 0.402743
0.403076 0.404283
0.407485 0.405662
0.411991 0.406934
0.416565 0.408108
0.421070 0.409117
0.425667 0.410052
0.430274 0.410880
0.435147 0.411660
0.439689 0.412294
0.444812 0.412921
0.450409 0.413546
0.455394 0.413993
0.460847 0.414441
0.465993 0.414790
0.471253 0.415080
0.477119 0.415429
0.482750 0.415683
0.488475 0.415931
0.493492 0.416061
0.499262 0.416270
0.505036 0.416486
0.510839 0.416713
0.516974 0.417013
0.522891 0.417314
0.528785 0.417630
0.534839 0.418033
0.540676 0.418449
0.546342 0.418888
0.552557 0.419537
0.558436 0.420176
0.564271 0.420902
0.570081 0.421722
0.576274 0.422779
0.581729 0.423715
0.587287 0.424787
0.593001 0.426055
0.598749 0.427480
0.604249 0.428947
0.609642 0.430519
0.614976 0.432193
0.619941 0.433864
0.625005 0.435702
0.630117 0.437743
0.635067 0.439856
0.640001 0.442129
0.644716 0.444445
0.649539 0.446986
0.654319 0.449697
0.658722 0.452310
0.663202 0.455165
0.667100 0.457728
0.671486 0.460865
0.675714 0.464072
0.679912 0.467454
0.683850 0.470788
0.688059 0.474620
0.691878 0.478245
0.695839 0.482263
0.699199 0.485791
0.703008 0.490092
0.706184 0.493810
0.709661 0.498150
0.713047 0.502618
0.716252 0.507075
0.719586 0.512006
0.722389 0.516340
0.724834 0.520297
0.727727 0.525276
0.730597 0.530530
0.733125 0.535420
0.735518 0.540317
0.737959 0.545612
0.740167 0.550711
0.742327 0.556017
0.744319 0.561228
0.746374 0.566975
0.748166 0.572350
0.749856 0.577789
0.751463 0.583329
0.752933 0.588830
0.754326 0.594469
0.755530 0.599820
0.756747 0.605637
0.757777 0.611205
0.758795 0.617197
0.759689 0.623127
0.760490 0.629167
0.761173 0.635158
0.761769 0.641293
0.762161 0.646523
0.762619 0.653290
0.762901 0.659344
0.763122 0.666024
0.763200 0.671970
0.763191 0.677951
0.763098 0.683977
0.762915 0.689035
0.762684 0.695232
0.762354 0.700298
0.761977 0.705683
0.761510 0.711908
0.761013 0.716943
0.760437 0.722489
0.759836 0.727429
0.759098 0.733885
0.758350 0.739473
0.757536 0.745206
0.756647 0.751197
0.755712 0.757083
0.754678 0.763436
0.753585 0.769779
0.752616 0.774766
0.751652 0.779579
0.750419 0.785954
0.749240 0.791747
0.748084 0.797173
0.747077 0.801430
0.745891 0.806748
0.744579 0.812726
0.743381 0.817844
0.742172 0.822941
0.740923 0.828197
0.739598 0.833809
0.738475 0.838183
0.737254 0.843086
0.736084 0.847670
0.735016 0.851640
0.733774 0.856608
0.732620 0.861054
0.731397 0.865941
0.730371 0.869633
0.729178 0.874371
0.728015 0.878947
0.726844 0.883626
0.725771 0.887740
0.724756 0.891535
0.723597 0.896299
0.722451 0.901045
0.721315 0.905802
0.720213 0.910420
0.719269 0.914114
0.718362 0.917641
0.717617 0.920118
0.716753 0.923451
0.715903 0.926749
0.715040 0.930227
0.714222 0.933445
0.713385 0.936896
0.712476 0.941069
0.711667 0.944522
0.710988 0.946916
0.710251 0.949951
0.709424 0.953976
0.708665 0.957439
0.707947 0.960767
0.707288 0.963569
0.706645 0.966312
0.706018 0.968996
0.705380 0.971988
0.704717 0.975359
0.704055 0.978967
0.703420 0.982429
0.702872 0.984949
0.702255 0.988544
0.701607 0.992706
0.700963 0.996998
