0.273125 0.389382
0.273829 0.391317
0.274421 0.393065
0.275220 0.395188
0.275869 0.397044
0.276692 0.399237
0.277421 0.401265
0.278132 0.403265
0.278848 0.405287
0.279780 0.407717
0.280517 0.409780
0.281405 0.412142
0.282268 0.414461
0.283056 0.416664
0.283823 0.418836
0.284594 0.421016
0.285423 0.423306
0.286260 0.425619
0.287090 0.427923
0.287879 0.430150
0.288701 0.432449
0.289543 0.434791
0.290261 0.436884
0.291195 0.439420
0.292196 0.442082
0.293197 0.444742
0.294170 0.447346
0.294989 0.449668
0.295962 0.452277
0.296883 0.454793
0.297750 0.457203
0.298603 0.459574
0.299554 0.462146
0.300556 0.464814
0.301628 0.467619
0.302751 0.470519
0.303921 0.473496
0.305060 0.476422
0.306268 0.479474
0.307463 0.482489
0.308624 0.485438
0.309778 0.488365
0.310833 0.491102
0.311923 0.493906
0.313119 0.496885
0.314170 0.499602
0.315301 0.502461
0.316578 0.505576
0.317689 0.508364
0.318834 0.511208
0.320165 0.514386
0.321577 0.517703
0.322863 0.520771
0.324206 0.523925
0.325754 0.527425
0.327372 0.531049
0.328913 0.534505
0.330311 0.537703
0.331829 0.541081
0.333194 0.544185
0.334686 0.547476
0.336316 0.550997
0.337727 0.554108
0.339336 0.557548
0.341009 0.561077
0.342539 0.564324
0.344440 0.568178
0.346282 0.571906
0.348101 0.575546
0.349956 0.579242
0.351929 0.583077
0.353951 0.586961
0.355980 0.590835
0.357934 0.594558
0.359755 0.598035
0.361493 0.601346
0.363489 0.605026
0.365459 0.608615
0.367534 0.612345
0.369708 0.616192
0.372002 0.620175
0.374413 0.624296
0.376726 0.628206
0.379223 0.632371
0.381485 0.636125
0.383932 0.640104
0.386492 0.644206
0.389096 0.648316
0.391562 0.652175
0.394260 0.656318
0.396806 0.660189
0.399567 0.664313
0.402220 0.668227
0.405045 0.672325
0.407822 0.676301
0.410583 0.680200
0.413584 0.684371
0.416534 0.688408
0.419512 0.692424
0.422664 0.696609
0.425659 0.700528
0.428869 0.704669
0.432171 0.708862
0.435476 0.712995
0.438840 0.717127
0.442072 0.721056
0.445456 0.725098
0.448752 0.728971
0.452166 0.732923
0.455740 0.737010
0.459330 0.741040
0.462993 0.745115
0.466487 0.748925
0.470190 0.752914
0.473575 0.756488
0.477234 0.760312
0.480864 0.764038
0.484565 0.767808
0.488257 0.771504
0.491934 0.775118
0.495343 0.778391
0.498958 0.781852
0.502614 0.785310
0.506618 0.789111
0.510290 0.792475
0.514331 0.796197
0.518373 0.799871
0.522598 0.803694
0.526850 0.807462
0.530768 0.810858
0.534879 0.814427
0.538990 0.817946
0.543051 0.821351
0.546672 0.824346
0.550206 0.827235
0.553915 0.830228
0.557433 0.833059
0.560875 0.835795
0.564625 0.838793
0.567751 0.841192
0.570865 0.843554
0.574830 0.846644
0.579111 0.850017
0.582847 0.852885
0.586660 0.855790
0.590476 0.858677
0.594231 0.861499
0.597670 0.864069
0.601269 0.866735
0.604648 0.869208
0.607890 0.871562
0.611108 0.873888
0.614319 0.876199
0.617477 0.878462
0.620708 0.880764
0.623461 0.882678
0.626063 0.884446
0.629142 0.886625
0.632587 0.889096
0.635982 0.891524
0.639310 0.893892
0.642466 0.896144
0.645732 0.898464
0.648900 0.900704
0.652501 0.903263
0.655674 0.905506
0.657879 0.907001
0.660407 0.908708
0.662862 0.910366
0.665274 0.911989
0.667698 0.913625
0.670065 0.915222
0.672698 0.917088
0.675403 0.919018
0.677928 0.920768
0.680630 0.922673
0.683324 0.924575
0.685741 0.926225
0.688009 0.927762
0.690605 0.929615
0.693235 0.931500
0.695762 0.933300
0.697913 0.934799
0.700121 0.936311
0.702241 0.937753
0.704166 0.938997
0.706236 0.940397
0.707867 0.941338
0.710019 0.942887
0.711691 0.943841
0.713651 0.945160
0.716026 0.947009
0.718229 0.948625
0.720010 0.949751
0.722139 0.951330
0.724074 0.952660
0.726401 0.954504
0.728586 0.956217
0.730953 0.958108
0.733026 0.959697
