0.367780 0.626921
0.376760 0.634356
0.385785 0.641961
0.394855 0.649735
0.403846 0.657467
0.654719 0.812171
0.660882 0.818618
0.666897 0.824927
0.672756 0.831091
0.678719 0.837432
0.440125 0.656934
0.448130 0.663757
0.456038 0.670505
0.464024 0.677443
0.472092 0.684572
0.777213 0.965975
0.781749 0.971187
0.786247 0.976379
0.790707 0.981547
0.795127 0.986693
0.161651 0.551576
0.168542 0.556075
0.175461 0.560652
0.182406 0.565310
0.189377 0.570052
0.738414 0.939104
0.743241 0.944317
0.747894 0.949335
0.752793 0.954680
0.757375 0.959651
0.372375 0.634091
0.381034 0.641361
0.389737 0.648795
0.398444 0.656321
0.407195 0.664008
0.210020 0.472750
0.215651 0.475999
0.221313 0.479332
0.226946 0.482613
0.232610 0.485977
0.402529 0.643209
0.411771 0.651008
0.421051 0.658966
0.430412 0.667150
0.439679 0.675279
0.332358 0.534725
0.338744 0.538995
0.345071 0.543205
0.351433 0.547499
0.357797 0.551830
0.424970 0.651064
0.433730 0.658511
0.442483 0.666031
0.451315 0.673758
0.459957 0.681280
0.646157 0.804399
0.652460 0.810900
0.658612 0.817266
0.664996 0.823969
0.671225 0.830533
0.184492 0.487100
0.189450 0.489963
0.194441 0.492909
0.199446 0.495891
0.204462 0.498910
0.490814 0.681312
0.498469 0.687995
0.506014 0.694598
0.513743 0.701518
0.521262 0.708222
0.695578 0.846901
0.701674 0.853597
0.707875 0.860479
0.713763 0.867024
0.719895 0.873927
0.177370 0.365518
0.180512 0.366904
0.183649 0.368294
0.186781 0.369688
0.189908 0.371085
0.187460 0.356748
0.191647 0.358556
0.195822 0.360366
0.199983 0.362176
0.204130 0.363986
0.485192 0.675203
0.492870 0.681799
0.500632 0.688576
0.508379 0.695411
0.516215 0.702431
0.319423 0.604296
0.326539 0.610014
0.333598 0.615681
0.340703 0.621493
0.347819 0.627383
0.686333 0.855913
0.690546 0.860424
0.694610 0.864769
0.698790 0.869281
0.702954 0.873793
0.587202 0.741901
0.595037 0.749380
0.602966 0.757062
0.610993 0.764950
0.618764 0.772607
0.338306 0.621319
0.347205 0.628659
0.356157 0.636190
0.365124 0.643841
0.374103 0.651608
0.492982 0.668538
0.502007 0.676250
0.511023 0.684049
0.520124 0.692063
0.529117 0.700034
0.405514 0.635561
0.413192 0.641873
0.421033 0.648509
0.428702 0.654941
0.436450 0.661564
0.406110 0.636653
0.414224 0.643406
0.422335 0.650228
0.430441 0.657115
0.438629 0.664202
0.366251 0.627383
0.375120 0.634774
0.383997 0.642267
0.392878 0.649858
0.401763 0.657543
0.390794 0.638024
0.399748 0.645575
0.408661 0.653148
0.417699 0.661014
0.426648 0.668826
0.266740 0.513882
0.272644 0.517682
0.278556 0.521521
0.284477 0.525403
0.290431 0.529375
0.184144 0.454192
0.190679 0.457765
0.197231 0.461391
0.203820 0.465112
0.210388 0.468798
0.692211 0.880252
0.696407 0.884676
0.700846 0.889428
0.705134 0.894005
0.709401 0.898574
0.633694 0.752864
0.641543 0.760859
0.649506 0.769093
0.657322 0.777260
0.664982 0.785346
0.233215 0.324089
0.235218 0.324774
0.237222 0.325470
0.239217 0.326159
0.241213 0.326858
0.543545 0.730559
0.550021 0.736587
0.556375 0.742501
0.562926 0.748728
0.569248 0.754696
0.313422 0.546945
0.319846 0.551408
0.326276 0.555918
0.332711 0.560473
0.339152 0.565075
0.185843 0.427846
0.190294 0.430140
0.194751 0.432455
0.199212 0.434789
0.203678 0.437142
0.759908 0.956292
0.763988 0.960834
0.767900 0.965182
0.771785 0.969514
0.775498 0.973649
0.700060 0.857629
0.706255 0.864436
0.712552 0.871425
0.718671 0.878246
0.724750 0.885069
0.203876 0.364795
0.207702 0.366472
0.211529 0.368176
0.215321 0.369819
0.219114 0.371488
0.572629 0.702910
0.581184 0.710812
0.589738 0.718825
0.598287 0.726949
0.606713 0.735042
0.797647 0.991661
0.800311 0.994762
0.802959 0.997856
0.805591 1.000938
0.808140 1.003929
0.448658 0.633779
0.455306 0.639136
0.461951 0.644539
0.468681 0.650109
0.475321 0.655607
0.217586 0.330144
0.220278 0.331172
0.222948 0.332168
0.225624 0.333200
0.228268 0.334176
0.426541 0.644970
0.434188 0.651429
0.441659 0.657684
0.449297 0.664256
0.456841 0.670748
0.660244 0.831762
0.666743 0.838544
0.673340 0.845498
0.679776 0.852297
0.686045 0.858934
0.704446 1.041706
0.706583 1.043672
0.708588 1.045461
0.710584 1.047235
0.712571 1.048994
0.720629 0.899084
0.726450 0.905484
0.732230 0.911870
0.737967 0.918242
0.743518 0.924419
0.484876 0.682812
0.492062 0.689112
0.499332 0.695592
0.506399 0.701845
0.513648 0.708412
0.407514 0.634846
0.415766 0.641678
0.424014 0.648580
0.432257 0.655549
0.440408 0.662450
0.559130 0.716126
0.567203 0.723543
0.575479 0.731302
0.583522 0.738862
0.591772 0.746768
0.705598 0.873112
0.710874 0.878891
0.715983 0.884494
0.721339 0.890444
0.726525 0.896214
0.261769 0.570716
0.269529 0.576392
0.277313 0.582175
0.285118 0.588066
0.292945 0.594065
0.739291 0.893671
0.744536 0.899764
0.749892 0.906042
0.755061 0.912128
0.760039 0.918015
0.190068 0.426712
0.196032 0.429789
0.202003 0.432899
0.207982 0.436041
0.213966 0.439215
0.584715 0.735193
0.593410 0.743484
0.602087 0.751859
0.610743 0.760313
0.619377 0.768844
0.741764 0.914520
0.745278 0.918501
0.748629 0.922295
0.752254 0.926449
0.755714 0.930413
0.224905 0.476862
0.229199 0.479342
0.233520 0.481887
0.237846 0.484454
0.242178 0.487042
0.603949 1.047774
0.604425 1.048175
0.605168 1.049012
0.605643 1.049411
0.606384 1.050245
0.562365 0.747876
0.568861 0.754045
0.575230 0.760095
0.581798 0.766459
0.588129 0.772551
0.181632 0.330415
0.184137 0.331423
0.186633 0.332430
0.189131 0.333463
0.191612 0.334467
0.327521 0.540333
0.332064 0.543407
0.336609 0.546501
0.341156 0.549615
0.345705 0.552749
0.426497 0.630980
0.433667 0.636788
0.440749 0.642524
0.447996 0.648559
0.455154 0.654520
0.109303 0.413471
0.109303 0.413471
0.109303 0.413471
0.109303 0.413471
0.109303 0.413471
0.678957 0.795296
0.687086 0.804237
0.694896 0.812909
0.702945 0.821990
0.710657 0.830775
0.309088 0.540443
0.315417 0.544737
0.321780 0.549130
0.328149 0.553566
0.334554 0.558096
0.396929 0.628442
0.404744 0.634889
0.412519 0.641337
0.420208 0.647715
0.428061 0.654418
0.201601 0.481054
0.206478 0.483939
0.211326 0.486762
0.216203 0.489664
0.221113 0.492644
0.530210 0.722698
0.537529 0.729405
0.545035 0.736431
0.552313 0.743209
0.559674 0.750163
0.194536 0.399321
0.198296 0.401107
0.202067 0.402937
0.205837 0.404774
0.209605 0.406619
0.414349 0.650209
0.421664 0.656389
0.429060 0.662759
0.436539 0.669320
0.443925 0.675795
0.181230 0.369194
0.184461 0.370635
0.187688 0.372079
0.190922 0.373560
0.194139 0.375012
0.620349 0.755720
0.628074 0.763432
0.635907 0.771365
0.643597 0.779218
0.651266 0.787136
0.491532 0.685218
0.499774 0.692463
0.507905 0.699633
0.516214 0.707129
0.524409 0.714546
0.552349 0.728539
0.559528 0.735220
0.566584 0.741803
0.573837 0.748707
0.580855 0.755367
0.678891 0.836915
0.685762 0.844278
0.692729 0.851825
0.699387 0.859047
0.706275 0.866621
0.175329 0.490121
0.182460 0.494295
0.189620 0.498545
0.196809 0.502872
0.204025 0.507276
0.661961 0.801155
0.669321 0.808965
0.676519 0.816659
0.683684 0.824393
0.690813 0.832163
0.655139 0.822503
0.660279 0.827871
0.665278 0.833089
0.670258 0.838315
0.675089 0.843383
0.592774 0.740643
0.601130 0.748662
0.609582 0.756898
0.618013 0.765210
0.626542 0.773743
0.325727 0.614206
0.333899 0.620879
0.342087 0.627661
0.350290 0.634549
0.358507 0.641543
0.789472 0.983683
0.792638 0.987327
0.795782 0.990959
0.798905 0.994579
0.801858 0.997995
0.191863 0.375188
0.195602 0.376883
0.199335 0.378583
0.203061 0.380285
0.206781 0.381991
0.244173 0.533084
0.250705 0.537453
0.257254 0.541887
0.263817 0.546386
0.270423 0.551008
0.239972 0.583153
0.247649 0.588827
0.255353 0.594618
0.263083 0.600529
0.270840 0.606560
0.345318 0.583256
0.352162 0.588450
0.358941 0.593582
0.365759 0.598826
0.372580 0.604125
0.347284 0.608164
0.356082 0.615225
0.364891 0.622390
0.373707 0.629656
0.382531 0.637022
0.782081 0.997811
0.786399 1.002475
0.790682 1.007113
0.794929 1.011724
0.799288 1.016485
0.486612 0.707215
0.494138 0.714038
0.501842 0.721188
0.509429 0.728228
0.516893 0.735150
0.484169 0.668429
0.492650 0.675730
0.501030 0.682975
0.509301 0.690159
0.517753 0.697671
0.519925 0.701447
0.526305 0.707169
0.532777 0.713063
0.539139 0.718858
0.545387 0.724552
0.791790 0.994631
0.794498 0.997672
0.797338 1.000885
0.800313 1.004272
0.802969 1.007278
0.301886 0.611343
0.311060 0.618778
0.320262 0.626367
0.329491 0.634111
0.338746 0.642008
0.527020 0.717248
0.534281 0.723856
0.541729 0.730782
0.548953 0.737466
0.556367 0.744470
0.285794 0.603462
0.294802 0.610604
0.303839 0.617901
0.312941 0.625423
0.322002 0.632962
0.592633 0.738186
0.599764 0.745068
0.606654 0.751728
0.613765 0.758726
0.620745 0.765637
0.395577 0.634456
0.403598 0.641109
0.411743 0.648033
0.419803 0.654893
0.427860 0.661819
0.333746 0.627268
0.343166 0.635189
0.352608 0.643256
0.362069 0.651465
0.371548 0.659812
0.275691 0.515718
0.279693 0.518302
0.283700 0.520903
0.287709 0.523521
0.291721 0.526159
0.689789 0.890748
0.696278 0.897552
0.702720 0.904330
0.709248 0.911249
0.715462 0.917801
0.519893 0.698936
0.527384 0.705634
0.534761 0.712250
0.542225 0.719050
0.549779 0.726036
0.698372 0.854810
0.704602 0.861629
0.710930 0.868626
0.717218 0.875630
0.723606 0.882815
