0.158940 0.537405
0.161334 0.538611
0.163751 0.539855
0.166165 0.541083
0.168659 0.542399
0.171404 0.543945
0.174116 0.545457
0.176805 0.546977
0.179381 0.548415
0.181804 0.549739
0.184247 0.551092
0.186717 0.552496
0.189245 0.553956
0.191929 0.555561
0.194607 0.557194
0.197220 0.558803
0.199736 0.560318
0.202101 0.561726
0.204473 0.563172
0.206834 0.564600
0.209452 0.566310
0.212113 0.568090
0.214764 0.569889
0.217352 0.571654
0.219758 0.573262
0.222142 0.574887
0.224504 0.576486
0.226874 0.578132
0.229446 0.580039
0.232016 0.581948
0.234625 0.583950
0.237103 0.585841
0.239444 0.587625
0.241744 0.589360
0.244060 0.591176
0.246545 0.593211
0.249174 0.595440
0.251663 0.597556
0.254200 0.599790
0.256647 0.601918
0.259008 0.603993
0.261352 0.606100
0.263742 0.608288
0.266302 0.610725
0.268814 0.613159
0.271336 0.615670
0.273843 0.618169
0.276187 0.620505
0.278600 0.622995
0.280989 0.625456
0.283423 0.628041
0.286010 0.630889
0.288484 0.633617
0.290974 0.636411
0.293431 0.639196
0.295870 0.642012
0.298256 0.644750
0.300709 0.647640
0.303156 0.650575
0.305679 0.653624
0.308152 0.656644
0.310688 0.659807
0.313137 0.662849
0.315629 0.665962
0.318100 0.669100
0.320559 0.672217
0.323032 0.675361
0.325556 0.678611
0.328023 0.681801
0.330545 0.685064
0.333060 0.688309
0.335587 0.691604
0.338194 0.694981
0.340722 0.698256
0.343320 0.701625
0.345947 0.705038
0.348565 0.708392
0.351178 0.711753
0.353849 0.715161
0.356566 0.718607
0.359316 0.722046
0.362016 0.725415
0.364631 0.728662
0.367320 0.731953
0.370021 0.735225
0.372900 0.738672
0.375791 0.742124
0.378667 0.745495
0.381594 0.748882
0.384415 0.752086
0.387333 0.755386
0.390225 0.758596
0.393185 0.761834
0.396193 0.765076
0.399181 0.768236
0.402232 0.771424
0.405274 0.774559
0.408190 0.777504
0.411389 0.780691
0.414499 0.783724
0.417601 0.786714
0.420494 0.789454
0.423500 0.792261
0.426541 0.795046
0.429648 0.797850
0.432926 0.800752
0.436084 0.803502
0.439379 0.806319
0.442429 0.808892
0.445412 0.811371
0.448280 0.813723
0.451489 0.816301
0.454877 0.818977
0.458470 0.821755
0.461922 0.824384
0.465149 0.826804
0.467962 0.828908
0.470912 0.831067
0.473710 0.833103
0.477041 0.835472
0.480570 0.837937
0.484107 0.840364
0.487408 0.842619
0.490349 0.844605
0.493140 0.846471
0.495920 0.848309
0.498689 0.850121
0.502038 0.852277
0.505541 0.854504
0.508997 0.856679
0.512247 0.858700
0.515042 0.860439
0.517808 0.862128
0.520367 0.863699
0.523129 0.865371
0.526577 0.867443
0.530031 0.869496
0.533398 0.871502
0.536582 0.873378
0.538986 0.874782
0.541281 0.876111
0.543643 0.877475
0.546780 0.879299
0.550283 0.881334
0.553941 0.883456
0.557406 0.885461
0.559972 0.886927
0.562294 0.888235
0.564388 0.889423
0.566508 0.890615
0.569794 0.892508
0.573252 0.894502
0.576744 0.896533
0.580107 0.898486
0.582277 0.899708
0.584441 0.900929
0.586417 0.902035
0.588851 0.903428
0.592210 0.905396
0.595650 0.907421
0.599013 0.909411
0.601816 0.911055
0.603776 0.912164
0.605625 0.913212
0.607526 0.914287
0.610170 0.915845
0.613713 0.917993
0.616992 0.919987
0.620506 0.922138
0.622868 0.923547
0.624716 0.924623
0.626644 0.925755
0.628697 0.926972
0.631727 0.928849
0.634782 0.930749
0.637827 0.932654
0.640829 0.934542
0.642755 0.935701
0.644597 0.936806
0.646469 0.937933
0.648550 0.939208
0.651847 0.941345
0.654806 0.943253
0.657880 0.945250
0.660357 0.946837
0.662261 0.948022
0.664145 0.949194
0.666135 0.950451
0.668472 0.951959
0.671427 0.953925
0.674286 0.955830
0.677184 0.957772
0.679178 0.959063
0.681116 0.960312
0.683074 0.961584
0.684879 0.962746
0.687579 0.964579
0.690440 0.966543
0.693403 0.968592
0.696276 0.970579
