0.271614 0.404186
0.274977 0.405289
0.278326 0.406368
0.281662 0.407412
0.284908 0.408393
0.287841 0.409200
0.290793 0.409994
0.293785 0.410795
0.296930 0.411652
0.300283 0.412591
0.303618 0.413500
0.306932 0.414381
0.310159 0.415199
0.313161 0.415894
0.316184 0.416585
0.319313 0.417308
0.322564 0.418063
0.326055 0.418905
0.329560 0.419734
0.333071 0.420542
0.336216 0.421182
0.339300 0.421782
0.342404 0.422376
0.345611 0.422997
0.349117 0.423722
0.352685 0.424454
0.356279 0.425180
0.359890 0.425898
0.363196 0.426488
0.366489 0.427062
0.369739 0.427612
0.373225 0.428238
0.376980 0.428952
0.380801 0.429681
0.384643 0.430408
0.388188 0.431025
0.391475 0.431549
0.395045 0.432169
0.398556 0.432765
0.402222 0.433420
0.406084 0.434143
0.410015 0.434891
0.413864 0.435618
0.417387 0.436242
0.421036 0.436916
0.424694 0.437601
0.428368 0.438311
0.432395 0.439157
0.436323 0.439982
0.440281 0.440845
0.444181 0.441707
0.447787 0.442486
0.451636 0.443378
0.455465 0.444291
0.459376 0.445266
0.463355 0.446296
0.467415 0.447404
0.471371 0.448507
0.475371 0.449664
0.479183 0.450796
0.483129 0.452025
0.486979 0.453257
0.490990 0.454613
0.494900 0.455984
0.498903 0.457444
0.502916 0.458974
0.506877 0.460546
0.510770 0.462144
0.514797 0.463873
0.518701 0.465612
0.522591 0.467421
0.526509 0.469310
0.530236 0.471175
0.534124 0.473207
0.537888 0.475244
0.541628 0.477342
0.545328 0.479508
0.549081 0.481786
0.552707 0.484070
0.556257 0.486388
0.559694 0.488722
0.563252 0.491225
0.566979 0.493944
0.570523 0.496633
0.574031 0.499395
0.577222 0.501995
0.580500 0.504746
0.583727 0.507558
0.586873 0.510394
0.590071 0.513385
0.593242 0.516440
0.596362 0.519557
0.599379 0.522672
0.602316 0.525805
0.605194 0.528981
0.608059 0.532238
0.610934 0.535610
0.613791 0.539076
0.616448 0.542399
0.619053 0.545763
0.621737 0.549325
0.624463 0.553055
0.627148 0.556845
0.629663 0.560505
0.632132 0.564201
0.634428 0.567739
0.636784 0.571463
0.638999 0.575063
0.641357 0.578985
0.643721 0.583019
0.646120 0.587219
0.648285 0.591119
0.650209 0.594657
0.652014 0.598056
0.653884 0.601635
0.655905 0.605581
0.658064 0.609841
0.660179 0.614126
0.662268 0.618404
0.664051 0.622138
0.665695 0.625635
0.667350 0.629208
0.669041 0.632854
0.670939 0.637000
0.672891 0.641304
0.674822 0.645596
0.676733 0.649875
0.678318 0.653446
0.679808 0.656811
0.681307 0.660199
0.682931 0.663892
0.684705 0.667878
0.686545 0.672056
0.688413 0.676228
0.690199 0.680223
0.691628 0.683389
0.693077 0.686607
0.694498 0.689681
0.696034 0.693020
0.697963 0.697193
0.699945 0.701438
0.701892 0.705553
0.703439 0.708745
0.704790 0.711484
0.706052 0.714006
0.707411 0.716698
0.709243 0.720338
0.711242 0.724294
0.713304 0.728247
0.715395 0.732215
0.716846 0.734866
0.718232 0.737380
0.719522 0.739623
0.720917 0.742056
0.722992 0.745740
0.725083 0.749378
0.727296 0.753168
0.729249 0.756418
0.730646 0.758649
0.731987 0.760756
0.733371 0.762904
0.735098 0.765608
0.737400 0.769259
0.739702 0.772800
0.742025 0.776340
0.743877 0.779062
0.745183 0.780900
0.746566 0.782799
0.747873 0.784604
0.749862 0.787403
0.752258 0.790791
0.754610 0.794062
0.756933 0.797262
0.758474 0.799243
0.760039 0.801263
0.761605 0.803266
0.763197 0.805283
0.765625 0.808485
0.768021 0.811569
0.770453 0.814688
0.772733 0.817566
0.774148 0.819243
0.775704 0.821072
0.777267 0.822939
0.779179 0.825225
0.781647 0.828270
0.784024 0.831139
0.786430 0.834053
0.788447 0.836410
0.790017 0.838186
0.791654 0.840042
0.793247 0.841838
0.795575 0.844570
0.797945 0.847353
0.800296 0.850095
0.802772 0.852989
0.804551 0.855003
0.806062 0.856639
0.807592 0.858332
0.809060 0.859920
