0.399798
1.181329
1.161569
0.935888
1.410114
0.923136
0.842262
1.219537
0.834816
0.384689
1.311366
0.570868
0.867126
1.334256
0.863200
0.648437
0.760804
0.695089
0.777092
1.286648
0.402689
0.710969
0.620318
1.577685
0.460333
1.270433
0.653718
0.653418
0.886825
1.249523
1.126412
0.756091
1.089296
0.438526
1.314364
1.440653
0.917642
0.536769
1.102006
0.422004
1.108405
0.831735
1.600471
0.935323
0.865194
0.581738
1.072836
0.940457
1.365078
1.086224
1.224576
0.913908
1.079233
1.077380
1.369682
1.210798
0.608449
0.691008
0.680907
1.310047
1.653929
1.429846
1.582099
0.412686
1.040622
1.170243
0.860992
1.229367
0.647883
0.895880
1.537758
1.157145
0.344426
1.127063
1.281241
0.604465
0.646924
1.132858
0.966162
1.068921
0.704199
1.001957
0.424095
1.072914
1.490687
1.210133
1.150145
1.178986
1.160098
1.778509
1.068021
1.632240
0.589922
1.608298
1.110982
0.492120
0.355087
1.887325
0.481609
1.301140
0.453093
0.671491
0.808365
1.337009
1.309190
1.775667
0.889912
1.235332
0.351848
0.580179
0.498509
1.568832
1.257208
1.066807
0.669181
1.733083
0.940858
0.863438
0.913000
1.393623
1.299698
0.963140
0.840568
0.474441
0.863747
0.452335
1.429187
1.250247
1.310703
1.684486
1.999015
1.567246
1.611438
1.205348
0.787570
1.232791
1.272281
1.183296
1.252833
0.071021
1.117463
1.416852
1.582916
1.045903
0.994959
0.428769
1.207328
0.935000
1.384383
1.464497
1.220423
1.316518
0.527665
1.048860
1.026779
0.926648
0.445709
1.317493
1.528788
0.546683
1.120375
1.191722
1.247801
1.068341
0.827374
0.945933
1.949014
0.455062
1.974898
0.519302
1.250665
1.284153
1.119899
1.171109
1.202934
0.713628
0.805731
0.933076
0.712100
1.478062
0.765006
1.218035
1.051028
1.005394
1.798402
1.044575
1.285900
0.359574
0.794221
1.133318
1.328672
1.093491
1.363606
0.423253
0.651325
0.391671
1.517327
1.042842
1.460052
0.877873
