0.126915 0.330645
0.130095 0.331855
0.133271 0.333075
0.136443 0.334305
0.139610 0.335543
0.142773 0.336791
0.145930 0.338046
0.149082 0.339309
0.152228 0.340579
0.155369 0.341856
0.158504 0.343139
0.161633 0.344427
0.164755 0.345721
0.167871 0.347019
0.170981 0.348322
0.174084 0.349628
0.177180 0.350937
0.180268 0.352250
0.183350 0.353564
0.186425 0.354880
0.189493 0.356198
0.192553 0.357516
0.195606 0.358835
0.198652 0.360154
0.201690 0.361472
0.204721 0.362790
0.207744 0.364106
0.210760 0.365421
0.213769 0.366733
0.216771 0.368043
0.219765 0.369351
0.222753 0.370655
0.225733 0.371956
0.228706 0.373253
0.231673 0.374546
0.234633 0.375835
0.237586 0.377120
0.240532 0.378400
0.243473 0.379674
0.246407 0.380944
0.249336 0.382209
0.252258 0.383468
0.255175 0.384722
0.258087 0.385970
0.260994 0.387213
0.263896 0.388450
0.266793 0.389681
0.269685 0.390907
0.272574 0.392127
0.275458 0.393341
0.278339 0.394550
0.281217 0.395754
0.284091 0.396952
0.286963 0.398145
0.289832 0.399333
0.292699 0.400516
0.295564 0.401695
0.298427 0.402869
0.301306 0.404062
0.304151 0.405206
0.307029 0.406391
0.309872 0.407529
0.312751 0.408708
0.315594 0.409841
0.318474 0.411016
0.321337 0.412167
0.324202 0.413317
0.327069 0.414466
0.329937 0.415616
0.332809 0.416766
0.335683 0.417916
0.338561 0.419068
0.341442 0.420223
0.344327 0.421379
0.347217 0.422540
0.350091 0.423684
0.353011 0.424872
0.355895 0.426026
0.358826 0.427224
0.361722 0.428391
0.364623 0.429565
0.367597 0.430803
0.370534 0.432012
0.373434 0.433194
0.376386 0.434423
0.379393 0.435699
0.382315 0.436913
0.385293 0.438176
0.388329 0.439489
0.391326 0.440779
0.394283 0.442048
0.397299 0.443368
0.400378 0.444741
0.403417 0.446095
0.406413 0.447430
0.409473 0.448821
0.412601 0.450268
0.415685 0.451699
0.418725 0.453113
0.421833 0.454587
0.425014 0.456122
0.428149 0.457643
0.431236 0.459150
0.434397 0.460721
0.437635 0.462358
0.440824 0.463983
0.443963 0.465595
0.447180 0.467276
0.450479 0.469029
0.453657 0.470728
0.456989 0.472544
0.460195 0.474306
0.463487 0.476144
0.466868 0.478062
0.470192 0.479970
0.473457 0.481864
0.476811 0.483843
0.480261 0.485908
0.483650 0.487963
0.486973 0.490004
0.490476 0.492189
0.493914 0.494362
0.497284 0.496519
0.500841 0.498831
0.504330 0.501129
0.507746 0.503410
0.511268 0.505793
0.514899 0.508285
0.518456 0.510760
0.521935 0.513214
0.525525 0.515780
0.529231 0.518463
0.532857 0.521127
0.536501 0.523837
0.540058 0.526522
0.543735 0.529329
0.547535 0.532267
0.551247 0.535178
0.554867 0.538055
0.558612 0.541067
0.562486 0.544219
0.566266 0.547337
0.569946 0.550415
0.573876 0.553733
0.577585 0.556913
0.581429 0.560243
0.585412 0.563731
0.589289 0.567173
0.593054 0.570559
0.596959 0.574108
0.601010 0.577827
0.604947 0.581489
0.608762 0.585086
0.612861 0.588980
0.616838 0.592808
0.620827 0.596692
0.624829 0.600631
0.628698 0.604490
0.632720 0.608536
0.636901 0.612780
0.640944 0.616939
0.644846 0.621003
0.648905 0.625267
0.653126 0.629740
0.657201 0.634114
0.661281 0.638540
0.665366 0.643018
0.669292 0.647376
0.673382 0.651952
0.677638 0.656755
0.681732 0.661433
0.685656 0.665974
0.689745 0.670743
0.694003 0.675750
0.698088 0.680613
0.701991 0.685321
0.706239 0.690470
0.710302 0.695461
0.714357 0.700492
0.718401 0.705562
0.722252 0.710451
0.726270 0.715589
0.730458 0.720988
0.734446 0.726197
0.738232 0.731205
0.742183 0.736472
0.746304 0.742006
0.750216 0.747329
0.754106 0.752678
0.757972 0.758048
0.761622 0.763187
0.765437 0.768594
0.769417 0.774277
0.773178 0.779720
0.776714 0.784910
0.780415 0.790375
0.784279 0.796121
0.787917 0.801607
0.791327 0.806820
0.795093 0.812594
