0.095230 0.514803
0.098984 0.517035
0.102751 0.519285
0.106530 0.521552
0.110322 0.523837
0.114127 0.526140
0.117943 0.528462
0.121770 0.530804
0.125610 0.533165
0.129460 0.535546
0.133321 0.537947
0.137193 0.540369
0.141075 0.542812
0.144967 0.545277
0.148869 0.547765
0.152781 0.550275
0.156703 0.552809
0.160633 0.555367
0.164573 0.557949
0.168522 0.560556
0.172480 0.563189
0.176446 0.565848
0.180420 0.568534
0.184404 0.571247
0.188395 0.573988
0.192395 0.576758
0.196402 0.579557
0.200418 0.582385
0.204442 0.585244
0.208473 0.588134
0.212513 0.591056
0.216560 0.594010
0.220616 0.596997
0.224679 0.600017
0.228750 0.603072
0.232829 0.606161
0.236916 0.609285
0.241011 0.612446
0.245114 0.615643
0.249225 0.618877
0.253345 0.622148
0.257472 0.625457
0.261608 0.628805
0.265753 0.632192
0.269906 0.635619
0.274067 0.639085
0.278237 0.642592
0.282416 0.646139
0.286604 0.649728
0.290801 0.653358
0.295006 0.657028
0.299221 0.660742
0.303445 0.664497
0.307679 0.668294
0.311921 0.672133
0.316173 0.676014
0.320434 0.679938
0.324705 0.683903
0.329024 0.687994
0.333274 0.691961
0.337613 0.696137
0.341881 0.700185
0.346239 0.704445
0.350525 0.708573
0.354903 0.712915
0.359247 0.717209
0.363601 0.721542
0.367963 0.725914
0.372333 0.730322
0.376712 0.734767
0.381098 0.739248
0.385492 0.743763
0.389892 0.748312
0.394300 0.752893
0.398715 0.757504
0.403086 0.762049
0.407561 0.766817
0.411942 0.771415
0.416427 0.776237
0.420816 0.780884
0.425208 0.785551
0.429756 0.790543
0.434204 0.795352
0.438549 0.799973
0.442999 0.804813
0.447556 0.809875
0.451898 0.814533
0.456347 0.819408
0.460903 0.824502
0.465348 0.829392
0.469677 0.834072
0.474113 0.838966
0.478657 0.844074
0.483083 0.848966
0.487387 0.853637
0.491797 0.858517
0.496315 0.863606
0.500708 0.868467
0.504974 0.873098
0.509345 0.877932
0.513823 0.882967
0.518170 0.887766
0.522384 0.892327
0.526703 0.897084
0.531127 0.902033
0.535415 0.906739
0.539564 0.911201
0.543817 0.915851
0.548175 0.920687
0.552268 0.925058
0.556589 0.929827
0.560642 0.934132
0.564798 0.938614
0.569057 0.943273
0.573170 0.947680
0.577135 0.951835
0.581202 0.956162
0.585371 0.960657
0.589391 0.964898
0.593262 0.968889
0.597359 0.973251
0.601305 0.977360
0.605100 0.981220
0.609121 0.985442
0.612990 0.989414
0.616708 0.993138
0.620525 0.997017
0.624442 1.001046
0.628207 1.004828
0.631819 1.008367
0.635530 1.012054
0.639340 1.015884
0.642998 1.019473
0.646629 1.023014
0.650107 1.026319
0.653685 1.029764
0.657361 1.033346
0.660885 1.036694
0.664258 1.039812
0.667729 1.043066
0.671300 1.046452
0.674719 1.049610
0.677987 1.052546
0.681479 1.055787
0.684696 1.058635
0.688013 1.061610
0.691429 1.064709
0.694696 1.067593
0.697813 1.070267
0.701030 1.073065
0.704348 1.075982
0.707517 1.078693
0.710538 1.081201
0.713784 1.083988
0.716883 1.086574
0.719959 1.089119
0.723012 1.091625
0.725919 1.093938
0.728928 1.096367
0.732038 1.098908
0.735003 1.101260
0.737823 1.103428
0.740746 1.105709
0.743771 1.108098
0.746652 1.110307
0.749513 1.112482
0.752354 1.114623
0.755051 1.116592
0.757853 1.118670
0.760759 1.120852
0.763522 1.122866
0.766142 1.124715
0.768868 1.126670
0.771699 1.128729
0.774388 1.130625
0.776935 1.132365
0.779713 1.134336
0.782348 1.136153
0.784966 1.137943
0.787567 1.139709
0.790026 1.141326
0.792593 1.143045
0.795269 1.144863
0.797803 1.146536
0.800195 1.148067
0.802696 1.149697
0.805308 1.151427
0.807777 1.153017
0.810231 1.154587
0.812669 1.156140
0.814964 1.157559
0.817371 1.159078
0.819891 1.160693
0.822268 1.162178
0.824501 1.163534
0.826847 1.164989
0.829308 1.166542
0.831625 1.167968
0.833798 1.169272
0.836216 1.170783
