-0.368431
-1.211652
0.605702
1.020873
-0.280867
-0.291707
-0.456043
0.147642
-1.319940
-0.177303
-1.259887
-0.468149
1.159791
0.198590
0.667150
-1.415739
1.209201
0.704179
0.661781
1.117891
-2.506716
1.663861
-1.786438
-0.559690
0.673078
-1.141676
1.487071
-0.496334
-1.214630
-0.222861
0.099706
1.051493
-0.103998
-2.489150
-0.501247
0.368618
-0.295316
0.222336
0.069907
-0.483419
-0.870469
-0.069225
-0.789582
0.963757
-0.515150
2.226760
0.519608
-0.474453
0.382515
-2.040789
-0.775059
-1.355611
0.820650
-0.554696
0.136593
-0.137399
0.642438
-2.086141
-0.920890
-0.860206
0.993311
0.012619
0.272994
-2.360653
-0.518913
-0.276879
1.035801
0.377989
1.734302
-0.366223
1.065186
0.192455
0.653057
0.774089
0.295310
0.180935
1.370854
-0.152893
0.463617
-0.052007
-0.644605
-0.259986
1.551172
-2.238122
0.197901
-0.711155
0.473728
-0.423062
-0.722606
-0.233199
0.030100
0.134674
-1.330983
0.143076
0.699973
-1.214265
-1.801155
0.036925
2.041211
0.274580
-0.072644
0.994891
0.379542
0.451546
1.736036
0.582759
0.024597
0.009641
-0.977444
0.898049
1.266589
-2.008267
-0.877063
-2.012956
0.664904
-0.089089
-0.048085
0.497724
0.429476
0.718415
0.964454
-0.350801
-1.062979
1.754935
0.801737
-1.534916
1.824881
0.143811
0.037291
-0.812958
-0.708490
-0.346106
0.198350
-0.483651
-0.118924
-1.010569
-0.158086
-0.759869
1.419614
1.332335
-1.271509
-0.361523
-0.964212
0.016947
0.811416
0.847015
0.204136
-0.335539
1.287924
0.274237
0.561322
0.401453
-1.029053
0.075750
3.130141
-0.068951
-2.295734
0.297598
-0.677326
-0.412311
1.784275
0.350082
0.812849
0.753519
0.560909
0.747588
0.411552
0.100814
-1.253405
-0.680605
0.305307
0.060850
1.167220
-1.091478
0.128673
-0.978500
-0.439566
-0.189519
0.034163
0.493659
-1.072724
0.545222
1.052011
0.345968
1.140046
2.125772
0.108434
-1.225564
-0.701486
-1.063005
-0.548867
-0.200763
2.292105
0.060969
-1.931494
2.023297
0.845117
-1.239964
0.272542
-0.094512
