-0.916796
0.166640
0.149771
-0.066259
0.343670
-0.079979
-0.171664
0.198472
-0.180544
-0.955321
0.271070
-0.560597
-0.142571
0.288374
-0.147109
-0.433191
-0.273379
-0.363716
-0.252196
0.252040
-0.909591
-0.341126
-0.477523
0.455959
-0.775804
0.239358
-0.425079
-0.425538
-0.120108
0.222762
0.119037
-0.279594
0.085532
-0.824337
0.273353
0.365096
-0.085948
-0.622187
0.097132
-0.862741
0.102922
-0.184241
0.470298
-0.066863
-0.144802
-0.541734
0.070305
-0.061389
0.311212
0.082708
0.202595
-0.090026
0.076250
0.074532
0.314579
0.191280
-0.496842
-0.369604
-0.384329
0.270063
0.503153
0.357567
0.458753
-0.885069
0.039819
0.157212
-0.149670
0.206499
-0.434045
-0.109949
0.430326
0.145956
-1.065877
0.119616
0.247829
-0.503411
-0.435526
0.124743
-0.034424
0.066649
-0.350694
0.001955
-0.857797
0.070378
0.399237
0.190730
0.139888
0.164655
0.148505
0.575776
0.065808
0.489953
-0.527766
0.475176
0.105244
-0.709033
-1.035393
0.635161
-0.730624
0.263241
-0.791658
-0.398255
-0.212742
0.290435
0.269408
0.574176
-0.116633
0.211339
-1.044557
-0.544418
-0.696133
0.450331
0.228893
0.064670
-0.401700
0.549902
-0.060963
-0.146834
-0.091020
0.331907
0.262132
-0.037557
-0.173678
-0.745619
-0.146475
-0.793332
0.357106
0.223341
0.270564
0.521461
0.692655
0.449320
0.477127
0.186769
-0.238803
0.209281
0.240812
0.168304
0.225407
-2.644786
0.111061
0.348438
0.459269
0.044881
-0.005054
-0.846838
0.188409
-0.067209
0.325254
0.381512
0.199197
0.274991
-0.639294
0.047704
0.026427
-0.076182
-0.808089
0.275731
0.424475
-0.603886
0.113663
0.175400
0.221382
0.066107
-0.189498
-0.055583
0.667323
-0.787322
0.680517
-0.655271
0.223676
0.250099
0.113239
0.157952
0.184764
-0.337393
-0.216006
-0.069268
-0.339537
0.390732
-0.267871
0.197239
0.049769
0.005379
0.586899
0.043610
0.251459
-1.022835
-0.230394
0.125150
0.284180
0.089375
0.310133
-0.859784
-0.428746
-0.937334
0.416951
0.041950
0.378472
-0.130254
