0.159755 0.000134 0.160109
0.157966 0.002669 0.156546
0.149789 0.014442 0.135144
0.139100 0.028670 0.104692
0.159648 0.000792 0.159086
0.156824 0.007320 0.150779
0.147592 0.019133 0.132940
0.142321 0.021516 0.126069
0.133767 0.023751 0.133980
0.158310 0.003510 0.153694
0.166063 0.008242 0.142963
0.169268 0.022541 0.140467
0.152938 0.023247 0.145733
0.143649 0.013899 0.153075
0.122069 0.026295 0.145920
0.150716 0.009961 0.145409
0.158476 0.004394 0.131583
0.210098 -0.018360 0.156735
0.222403 -0.030410 0.214053
0.145240 0.002020 0.174575
0.095787 0.031392 0.144596
0.135568 0.023682 0.138540
0.132120 0.012046 0.137759
0.178147 -0.064793 0.175376
0.339461 -0.246298 0.327672
0.162493 -0.052510 0.207826
0.107076 0.014865 0.152723
0.092063 0.021455 0.157425
0.101768 0.054263 0.111349
0.100710 0.043328 0.120599
0.128315 0.011233 0.142588
0.187056 -0.037387 0.205462
0.178739 -0.015059 0.176363
0.149700 0.001572 0.149425
0.145498 0.004276 0.157742
0.134542 0.032869 0.114885
0.144007 0.028659 0.142296
0.148236 0.030199 0.140388
0.154358 0.010243 0.136396
0.156637 0.001212 0.154713
