1.068218
-4.747185
0.948867
0.764152
-3.361042
-3.036088
-0.774374
-3.832843
-3.591062
-3.820470
0.954217
-2.893209
-3.087353
0.437583
-6.491558
-1.427321
-2.796456
1.106705
-3.418093
-6.605889
-0.242309
-3.065756
-0.590721
-1.170539
-1.419038
-0.973313
1.333729
-5.745914
-4.006871
-0.474150
-1.058395
-1.238458
-3.049385
-6.211911
0.884849
-4.201329
-1.289462
2.950259
-1.163819
0.803649
-2.115632
-7.219319
-3.203179
-5.577242
-2.379908
-3.049709
-0.441113
-13.990524
-2.469083
0.327972
-0.257302
0.247925
-0.072579
-2.762708
-5.386209
-7.093017
-0.513513
-1.560054
-6.063519
2.527357
-3.428811
-1.503487
1.307359
0.864415
-3.743228
-2.989956
10.862771
-8.352358
-1.582778
-0.706185
-4.569438
3.435046
-2.964615
-5.405898
0.312041
2.206562
-3.325421
-2.559103
-0.257569
-3.541187
-4.950851
-2.073089
-1.296258
-5.855311
1.799491
-2.391712
1.931163
-1.680704
-1.470758
-2.540872
-1.316083
1.786979
-2.816743
-0.375949
-2.590623
-5.789383
0.033925
-3.639326
-0.308994
-3.228460
-1.427674
-1.270674
0.376521
-5.935539
-5.096641
4.208800
-2.328060
1.407561
-0.922054
-3.197585
-0.413040
-2.618459
-0.779126
-2.981262
-6.081650
-3.791929
-4.972804
1.689556
0.146258
-0.445454
-1.737078
-8.353587
0.382209
-0.766420
0.597889
-1.517429
-0.619529
0.732198
-3.410095
-2.452523
-0.754133
-1.482800
0.676407
-1.680841
-1.632935
-0.976152
0.450220
2.749166
-0.899957
4.429200
-2.587741
-5.325583
-4.219340
-1.361571
3.120388
-1.264245
-1.496368
-5.603850
0.535421
2.521422
-0.348968
-0.626346
-2.288479
-7.298481
4.193947
-1.840193
-1.901864
-1.238324
-1.734982
-1.152425
-2.115953
-5.205579
-2.129651
1.323629
-2.153939
-3.516346
0.527838
0.391794
-11.535040
-4.817019
-3.285906
-2.038132
-0.293124
1.004843
-2.918426
3.405793
-3.810267
-0.431490
2.955230
-1.035997
-3.211197
-1.419456
-3.402041
-2.247121
0.233071
2.070762
-0.923769
3.258096
-0.533491
-0.496432
3.452113
-2.691839
-2.118888
-1.900933
-6.192526
-2.986198
-7.516189
-2.210614
1.619064
0.633084
0.777775
-3.098078
-4.243549
3.589497
1.026162
1.206415
-5.175264
-1.369450
3.316021
-3.662479
-0.654736
-2.123822
4.839267
-5.032377
-0.518284
-0.875653
-5.888616
-0.329557
-0.834223
-1.337347
-1.898487
-6.079285
-3.792394
1.653922
-1.530559
3.962899
-3.302304
-2.645676
-5.173033
-1.088654
-0.189635
2.031574
-2.444604
-2.434295
-6.968147
-5.672711
-4.596973
-5.367503
0.220909
-2.393415
0.244407
-3.139790
-2.310102
-0.311640
-2.110835
3.716176
-1.387766
-0.161298
-0.769136
-1.680010
-0.847324
-8.433472
-3.716493
0.072732
-1.846688
-0.777305
0.005070
-0.744900
3.521181
1.227095
0.850752
-3.241744
-2.980179
-2.824430
-5.871575
2.749596
1.048214
2.049406
-3.078202
-2.587489
-4.539077
0.506037
1.923366
-0.121534
-0.269239
13.067667
1.228295
1.955650
-3.062588
-4.709005
-3.496182
-3.223127
-3.225288
2.346171
-6.185437
0.999935
-5.992183
1.235939
-0.636343
1.502843
-3.807622
-1.635093
0.362891
-2.142075
-1.027158
-1.141697
0.416593
-4.400960
-0.008432
-4.394128
-2.402044
-1.893285
-2.007922
3.021811
1.706078
-0.418516
0.649827
-2.575810
-3.701812
-3.322175
1.014866
-0.439802
1.430728
-2.411903
-3.032199
-2.283180
0.502431
-0.266905
-1.673886
2.908382
0.762859
-3.698605
-1.195857
0.509232
-8.224379
-3.040409
-3.328906
14.194344
-4.008573
-2.305034
1.764522
-1.218128
-5.970403
-6.199643
-5.313977
1.644585
-1.804076
-0.620305
-1.782388
2.552840
-1.552502
-2.614453
-0.350942
1.290254
1.349320
-1.978676
2.224540
2.555379
2.920005
0.176738
-5.067836
0.071528
-3.502112
-2.453925
-2.167206
-1.403674
0.654862
-2.607179
-0.866082
-0.433765
0.211620
-2.326722
-0.388339
0.823901
-0.580013
-4.013015
-0.977140
-1.505922
-2.351345
-3.929827
3.090418
-1.648938
-1.890309
0.075301
-5.026859
2.144578
-3.122177
-4.595032
-3.116544
-2.301694
-3.059434
-0.918908
2.150867
2.178939
-3.579130
-1.473585
0.973367
-7.629059
0.234741
-0.862382
-1.794109
-5.044807
-3.430075
-1.864667
0.749307
-0.072605
-4.440346
-1.473494
-0.836262
1.227524
-2.522865
-0.935520
0.525064
-1.635732
-3.183971
2.410072
-2.579098
-2.903591
-0.073042
-7.371501
-2.464494
-1.356478
-0.230571
-0.677044
-0.997390
-3.992697
-0.626653
-4.937970
-1.387607
-0.673290
-4.036311
2.055908
-3.416107
-3.810899
0.285492
-4.001276
-2.371461
-2.038591
-1.350193
-1.726240
1.049436
-1.410381
-2.348776
1.393295
-4.030203
-1.855511
-6.720435
0.941198
0.021069
-0.979283
-1.759320
1.273381
-1.468118
-7.357986
-1.647537
-1.383076
-2.015115
-1.424752
-7.107314
-6.358887
-2.166941
1.717063
-8.490788
-7.295327
1.448519
0.455848
1.589946
-5.067261
-0.791266
-3.358377
-2.742164
0.146578
-1.633486
2.176655
-5.586329
0.675047
-8.414203
0.172129
-2.703099
-0.956883
-0.599557
3.091114
-3.963338
-0.911246
1.511807
-6.371448
-2.108787
0.095536
-0.085673
1.485276
-7.513746
-1.622554
-0.634801
-5.057024
-1.997522
-5.779343
-1.157496
3.112655
-0.266312
-3.175832
-6.503584
1.857757
-1.119309
-0.482727
-0.379068
1.814695
1.597096
6.664197
-0.152419
0.322811
1.272852
-4.754954
2.024925
-2.152554
-3.357800
1.840358
0.076481
0.222338
-5.063878
-0.851645
-1.539868
2.004254
-4.046839
0.883315
-0.126039
1.920890
-0.938496
1.699218
-3.927320
2.912757
-6.817640
15.666590
-3.386569
0.111894
1.002062
-2.553626
-1.509308
-1.339234
1.300951
-2.761689
-2.801846
-1.892490
-6.358439
1.182126
0.728577
-1.712845
-1.279564
-0.883436
-2.315865
-3.265100
-0.599184
1.582674
-3.073587
-4.206990
1.606432
-3.382442
-0.569221
-5.510978
1.014321
-6.695225
-2.087306
-4.698198
-0.267626
6.204999
0.782253
-5.579631
-3.439577
-3.256082
-4.237643
-3.214674
-1.628588
0.399358
3.200719
-2.065311
-1.447488
0.019069
-1.444347
8.015539
-2.034342
-3.335945
-2.757857
-0.568170
-16.371731
0.717526
0.932798
-1.540110
-0.949886
-4.488203
-0.269641
-4.285954
-4.741867
-4.893455
0.049043
-2.680363
-1.700283
-1.491938
1.822309
-1.401115
-1.959810
2.070785
-3.482781
0.890635
0.253513
-2.539607
-2.387923
0.430931
-1.276751
-1.060390
-3.876935
-7.572084
-3.073063
1.312985
0.617132
0.223322
1.762869
-0.135300
1.656386
-1.752826
-2.188288
0.644256
0.545845
0.772641
-0.430683
-3.032563
-7.830252
1.447884
-5.108045
-3.010490
0.037861
0.005642
-1.001858
-0.608457
-0.113685
-0.923912
-2.105572
-5.497110
-4.786293
-2.966654
-1.018387
-0.704132
-9.309230
0.055510
-4.621106
1.832961
-5.646704
2.344059
1.077493
-5.848703
1.532603
0.908808
-0.313061
-6.961753
-1.473601
-1.113375
-4.668333
-1.882981
-4.004582
-4.414196
1.211954
-1.536195
-1.925039
-3.591263
-6.129839
2.065781
-3.966145
-4.812784
-0.321407
-0.927150
-2.259581
1.246052
-3.644771
-1.212786
-6.423670
-2.084382
-1.364771
-6.875753
0.535673
-3.622114
-1.754910
-1.830661
-4.363634
-2.546578
-0.551678
-1.106339
-2.997786
2.222640
0.524331
4.617685
-0.335887
-1.338690
-3.303082
-3.238902
1.007444
-6.324937
-2.203092
-2.243872
-4.802227
-2.447466
-0.232190
-2.852674
-2.553381
-1.184883
-9.015457
-6.173852
-7.107031
0.227675
-4.923581
-7.040574
1.379438
-4.698039
-1.611991
-0.006829
-1.938489
1.288045
-0.946986
-7.504342
0.823021
-0.555028
-2.321471
-8.812763
-2.613717
-2.370837
-0.722977
0.876611
2.105561
-0.412421
0.926360
1.532378
-2.205990
-0.740212
0.313446
-0.615455
-7.662501
-0.293327
2.765715
-8.759057
0.722477
-3.418781
-1.829422
-1.265687
-0.533813
-4.204762
-4.830515
2.694091
-3.705379
-2.590257
-2.027585
-6.280868
-3.081864
-4.531870
-2.527338
-0.816700
-1.878879
-2.846061
2.600081
0.793231
-1.822209
-1.143246
0.540628
0.949214
-1.258227
-4.921770
4.022797
3.207028
-2.128971
-2.752834
-2.781177
0.925443
11.391101
0.530710
-2.300621
-0.287828
-1.542812
-4.132922
-1.945779
-4.517781
-0.952331
-1.477674
-0.287060
0.435055
-5.373507
-2.464361
-0.899226
1.533697
-3.957526
-0.204495
-5.508251
1.212523
-2.975062
-1.104255
-1.263560
-1.728104
-0.012563
0.545610
3.345284
0.799571
-3.332313
-7.410157
0.052768
-2.131669
2.463831
-0.071633
-1.301535
-3.282088
-4.161523
-1.661085
0.356493
1.192292
1.880134
-1.745694
1.350767
0.227575
-3.638793
-3.461787
0.632989
0.802868
-0.788454
-1.578240
0.496380
-0.515648
-1.753195
-2.597368
0.225124
-2.909909
1.314244
-0.456884
-3.634841
-1.567374
-3.580824
-5.125526
-9.590884
0.959806
-1.479695
-3.972779
-2.731178
-4.285179
-4.244060
1.627134
1.234898
-0.590988
-1.353395
-3.960735
-4.646790
-0.045072
-8.201241
-3.662915
-2.665732
-0.075493
-6.704429
-0.420043
-1.914306
-2.268559
-1.830880
-1.554143
-3.149642
-0.628320
-2.514701
1.449526
1.241351
-1.306743
-0.343943
-4.251292
1.939493
-5.220761
-2.178309
-1.546467
-0.206009
0.656235
-3.149773
-1.564684
1.145443
2.595671
-4.112441
0.936906
-2.675703
-1.706545
0.720648
-1.006524
-0.290627
-1.683314
-1.483455
-2.595722
1.273550
-0.037968
0.158961
-1.242203
-1.630298
2.982550
-4.532564
-8.680267
-2.374170
2.295511
-0.401917
1.195722
-6.063135
-0.688981
-6.660680
-0.722678
-0.575781
-2.203684
-3.824832
-8.456674
-5.879296
-7.212953
2.484600
-1.186843
-2.190331
-3.340489
-5.504318
-1.451432
-0.807504
-1.274603
1.192880
-1.862407
0.174056
-2.812171
-2.727541
-3.022722
1.431618
-2.258131
0.326573
5.898909
-4.314522
7.350015
-2.720608
0.485451
12.908916
0.782219
2.552351
1.846649
-4.037127
-8.668620
1.270178
1.184872
-0.910946
-3.146806
-0.581225
-1.793325
-1.040347
-6.902059
-3.845341
-2.959877
0.484765
-9.363463
-4.967337
-1.614467
-7.092251
-0.778166
-3.218289
1.573746
1.240949
0.200957
-1.366517
-3.588469
-0.313699
0.772610
-1.686499
-1.093723
-0.540635
-3.485301
-0.106763
-5.307488
8.423954
1.164473
-1.493758
-3.575370
-1.245853
-2.531485
-0.297186
-0.455132
3.926635
-1.596303
-3.092068
-4.488548
0.801980
-0.534618
2.008333
-1.729703
-4.293564
1.476165
-2.375616
-0.946761
1.031395
4.490568
1.697772
4.141572
-11.685026
3.539789
-2.900965
-0.067348
-2.085000
-4.968601
2.100207
-8.132806
-5.233006
-1.894477
-0.894759
2.944754
-4.234442
1.351831
-0.553349
1.080306
-6.446011
0.542292
-2.890369
-1.010657
0.626150
-2.396707
-0.702792
-4.052480
