0.575533 -0.328438 -0.445951
-0.962181 1.274496 -0.066229
-1.767116 0.894753 1.264138
0.856295 0.392516 0.518665
-0.358041 1.549899 0.941129
-0.014757 0.345677 0.357436
-0.138458 -1.149064 1.229662
-1.202904 0.128663 -1.902390
-0.399602 0.848346 -1.741691
-0.058481 -0.697537 1.676968
-0.306841 0.840513 1.260687
0.343831 0.063889 0.456341
-0.206912 1.528336 -0.436037
-0.737396 -1.344705 1.540760
-0.433696 -0.448520 -1.950541
-0.324704 -1.461820 0.645557
0.953174 -0.810052 -1.781444
-1.134559 -0.435045 0.220793
0.567343 0.450822 -1.027251
-0.339463 1.561345 -0.640199
3.298781 0.013866 5.055857
-1.616280 0.661617 -0.127022
-0.828666 0.318971 1.046755
-0.915080 0.530096 0.423670
1.841262 0.725204 -0.119789
1.151883 -1.001765 0.228310
0.935011 0.413270 1.824624
0.827329 0.085351 -0.078892
-0.294885 0.626390 -1.537959
0.727511 -0.197359 0.528205
0.086328 1.126984 -0.145414
0.219572 -0.714241 -1.488826
-0.337895 -0.338304 1.542551
-0.614442 -1.572908 -1.345972
-0.840623 -2.001063 -0.469032
0.325597 -1.623556 -0.208699
0.702322 0.443634 -0.959893
0.382877 0.228372 1.253902
-0.762545 -0.156041 1.192486
0.252402 0.927319 0.287892
-0.448506 1.253938 1.192013
0.743707 0.442852 -1.106414
-0.661333 -1.580743 -0.619036
1.054127 -1.980763 -0.374463
0.953533 -1.806192 0.146186
-1.102219 1.372395 -0.931593
-0.218581 0.113972 0.617561
-1.719564 -1.497767 -1.660232
-0.857221 -0.372892 -0.215860
0.137072 -0.539272 0.642499
-0.043539 1.127950 1.420005
0.720758 -0.013458 1.354827
-0.685709 0.717985 0.081601
0.885148 -0.572427 -1.442032
-0.000260 -1.270143 -1.351315
0.812992 -0.916046 -1.891385
0.347173 -0.523962 -0.838650
-1.106314 0.383965 1.499841
-0.437443 0.406991 -1.982610
1.167699 1.312132 1.285033
-1.398796 -0.557448 1.848454
0.167444 -1.138376 0.227325
-0.609839 -0.396919 0.943295
-0.874800 0.019671 1.733150
-0.781079 -1.793600 1.272509
-1.051445 0.633605 -1.572408
1.652509 0.109013 1.754456
-1.010117 1.232762 -1.845874
-0.827414 0.280471 -1.330595
-0.166407 1.056916 -1.129630
-0.597048 -0.274007 -1.201167
1.901357 0.176141 -1.355945
-0.722319 -1.412947 -0.218271
1.845564 0.320270 1.128341
-0.762606 1.247332 -0.485093
-0.818717 -0.158587 -0.262877
-0.578862 0.907382 -1.555420
-0.660634 -0.588203 -0.658958
-0.248838 -0.665569 0.777459
0.329349 -0.322462 -0.678323
-0.098299 -0.845334 -1.845976
0.603620 -0.149340 -1.252138
-0.252457 0.195232 -1.428453
0.877548 -2.008949 -1.010391
-0.184924 0.598111 0.039823
0.447245 -1.019540 1.497734
-0.114732 -1.079221 1.747765
0.048474 -1.573098 0.452631
-0.280806 0.119350 0.199528
-0.786264 0.680541 -0.492380
-0.756937 0.436322 -1.216791
-0.390860 -1.979690 1.572472
1.471186 -0.062560 -1.630609
-0.122280 -0.455721 1.313724
-0.397463 0.960375 -0.023451
1.000943 -0.276222 0.235663
-1.215507 0.577032 0.144116
0.839614 -0.627918 1.857102
-1.051381 1.676838 -1.090014
-0.376232 -0.474478 0.096307
1.077930 0.968860 0.596441
0.733745 -1.332032 0.608806
0.097017 -0.153140 -1.111316
1.710239 -0.912154 1.340601
0.054445 0.635923 -1.787562
-0.515338 1.096093 1.889829
-1.073207 0.421569 1.217665
0.677051 -0.015944 0.773065
0.536764 -1.552265 0.060184
-1.455981 0.474012 -0.052249
1.224933 -0.651340 1.128055
-1.218211 1.641920 0.315547
0.372334 -0.894761 -0.438236
-0.448564 -1.949911 -1.862350
-0.502600 0.580426 -1.957472
-0.335126 -1.047350 -0.208205
-0.023337 -0.878974 0.522265
-0.064154 0.765164 0.824702
-0.791787 -1.282033 1.680730
-0.287900 1.415973 1.191871
-0.211082 1.846208 -0.006275
-0.523712 -0.820309 -1.012774
-0.903353 0.797367 0.391351
-0.453540 -1.624609 -0.201454
-1.288563 0.665314 1.131310
-0.113600 0.839250 1.228426
-0.028767 0.146596 0.101343
-0.543777 -1.209692 0.382193
-0.433593 0.880488 -1.200750
0.744346 -0.891071 -0.518623
-0.155478 0.828526 -0.304364
0.073257 -0.404981 0.412973
1.182969 -1.271587 -2.192609
0.969372 -0.147775 0.579988
-0.492216 0.157918 0.083889
-0.629506 -1.983089 1.238775
-0.400152 1.510633 0.225575
-0.303017 -1.141926 -0.526145
0.322730 -0.041590 0.809364
1.284814 -1.084031 0.639708
-0.583553 -0.682558 -1.808473
1.301599 -0.759640 -1.089409
-0.258882 0.448448 -1.810617
-1.528866 1.430893 0.676905
-0.766379 -1.491084 1.662021
0.143920 -0.500019 -0.289093
-0.981225 0.183583 0.927084
-1.210730 -1.509272 -1.579480
-0.903111 -0.861879 1.633927
-1.602222 -1.377649 1.650437
-1.088548 -1.983004 0.260641
0.442929 -1.718412 -0.673281
-0.836802 0.303171 0.302306
0.816956 -0.312356 -0.434319
1.844359 0.238661 1.470880
0.707616 0.328545 1.759322
-0.426142 -0.034876 -1.852171
0.973909 -1.298764 0.399558
0.702670 -0.004267 1.841405
0.609968 -0.035558 1.254133
-0.922861 -0.479788 0.977541
0.640310 1.107241 1.396764
-0.428506 -0.697825 -0.880097
-0.619150 0.944798 1.966005
-0.718501 -1.064973 -0.571105
0.474978 -0.440490 0.295515
0.084138 1.892051 0.672369
-0.064412 -1.003896 0.706570
-0.120083 0.606909 -1.805555
-0.242457 0.988824 0.432095
0.183329 -1.121000 -0.101976
1.222222 -1.670099 1.371148
-1.431159 1.588024 1.131295
-0.327708 0.080452 0.555041
1.726120 -1.245005 1.696461
-1.837307 -0.596555 -0.889824
0.533261 0.892955 -0.123211
0.387581 0.956392 0.153188
-0.830526 0.364697 1.812980
1.139037 -1.258669 -1.230188
0.103527 0.168281 0.151716
-0.486277 1.327769 -0.413687
0.453571 -0.065304 1.084577
0.073858 1.066429 0.191916
-0.785069 0.054361 -1.747232
0.885560 -0.611774 -1.062535
0.234887 -0.686928 1.080687
0.279590 1.109733 0.377790
-1.606152 -1.019656 0.583612
-1.204751 -1.225577 1.636250
-0.334343 1.587495 1.203364
0.357582 -0.031962 0.278522
-0.857768 -0.329639 -0.630601
0.668129 -1.405939 1.678613
1.092597 -0.142133 -0.648764
0.827500 -0.407039 -1.865115
0.096683 1.031647 -1.085318
0.781499 0.305571 0.582516
-0.166057 -1.595844 -0.810720
-0.226775 0.538366 1.216912
-0.241813 -0.304846 -0.321830
-0.547858 0.977975 1.831520
-0.399053 0.698152 1.489632
-1.033533 -1.168783 1.564125
0.002620 -0.256310 -0.204778
1.031039 -0.898782 -0.482115
-0.571635 1.198336 -0.234379
0.826143 0.538488 0.080760
-0.200596 -0.620583 1.225085
-0.265192 0.428603 0.251612
-0.757518 -0.093042 1.929249
0.612311 0.226727 -1.650547
1.089612 -1.224201 1.118116
0.046545 0.070043 -0.505295
0.676531 -1.222521 0.506017
0.057262 1.138126 -1.041320
-0.870543 -0.328565 -0.987186
0.566404 0.484365 0.895003
-0.082484 -0.967420 1.928082
-0.867587 -0.227640 -0.228187
0.214656 0.497753 0.197595
-0.452637 -0.104412 -1.946429
1.835312 -1.546207 1.794520
0.813666 0.264177 -0.646089
0.949109 -1.887891 1.431331
0.411414 0.695382 1.930363
0.338084 -0.502796 1.037493
0.401151 0.295384 -0.705766
-0.124290 -0.706616 1.539147
0.943380 -1.859104 -1.077418
-0.396468 1.106354 -0.400554
-1.776261 -0.320127 -0.154378
-0.281276 0.052707 1.265124
0.589127 0.051797 0.580859
0.461784 0.284113 -1.920258
-0.830515 1.520359 -1.471475
0.845048 -1.358494 -0.986358
0.103717 0.745273 -1.012420
0.036918 -0.504465 0.968141
-1.581174 -0.274768 1.951581
0.787963 0.302257 -0.614127
-0.137964 -0.670103 -1.880386
0.222072 -0.914049 1.858175
-1.393377 1.102354 -0.383885
-0.381170 0.994047 1.571390
-1.285031 -0.914537 1.347068
-0.570274 -0.220739 1.262487
-1.301097 -0.323083 -1.062127
0.738512 -0.934517 0.815027
-1.340219 1.063321 0.003741
0.566858 -1.585681 0.540527
0.470049 -0.201083 -1.951706
0.543370 -0.437620 -0.045040
-1.587125 -0.973669 0.666614
-1.567635 0.968064 -0.756950
-0.672698 0.803149 0.849718
0.448538 -0.964519 0.697897
-1.044509 1.144071 -0.154711
-0.168909 -0.497891 0.165576
0.077514 -1.084011 -0.123023
-0.378206 1.817694 -0.271507
0.453530 -1.095562 0.989133
0.111987 -0.494744 -0.548307
0.206235 -1.330380 -1.575176
-0.639491 -0.990407 -1.911792
-1.505577 -1.240178 0.914913
-1.779862 0.065918 1.558772
-0.818908 1.130671 -0.101650
-0.389524 -0.345187 1.894523
-1.107904 -0.069378 -1.212535
0.592576 0.773760 -1.244698
-1.864744 -0.646293 0.647560
-0.848401 -0.264470 -1.419087
1.029908 -0.845090 0.218706
0.694070 0.437962 -0.321321
1.582424 -0.864579 1.924980
-0.049914 0.552592 1.002159
-1.299624 0.532521 0.508171
0.411069 0.811651 1.019784
1.180443 0.215902 1.993883
0.840147 -1.183252 0.985271
0.568765 0.484533 -1.362784
0.441637 -1.475046 1.167950
0.442176 -1.783387 0.676997
-0.101709 -1.657928 -0.505862
0.247128 -1.544831 1.056327
-0.349947 0.459611 -0.687038
-1.287191 -1.373283 1.696650
0.934048 0.194807 0.243360
-0.464997 0.104306 -0.376452
0.246176 1.971016 -0.390310
0.181721 0.650585 -1.249968
0.428884 0.276351 -0.100922
0.390273 -1.914274 1.576758
0.914742 1.034729 1.988188
0.184781 -0.035407 0.603840
0.658012 0.599153 0.806598
-0.028994 1.120080 -0.031507
-0.392414 1.291084 0.226592
-0.610599 1.664653 -1.006296
-0.468645 -0.947174 0.768995
0.413961 0.853634 -0.391049
-1.723897 0.274380 1.741370
0.060495 -1.705687 0.944802
-0.174616 1.158062 1.457234
-0.993797 0.072843 -0.976296
-0.235549 0.665404 1.534633
-0.836146 0.125738 0.823636
-0.347893 -0.170518 -1.803853
0.501650 0.859626 1.727408
-1.040365 -0.312288 1.408930
-0.451600 -0.137761 1.861083
-0.434827 1.338018 1.206970
1.078472 -1.913914 0.397873
-0.941318 1.785103 0.318748
0.750319 -1.020896 -0.941748
0.367212 -0.254751 0.220803
-0.218578 0.646158 0.630359
0.864534 0.925045 -0.125307
0.167056 -0.787972 0.536004
-0.139205 -0.205915 -1.949579
0.120478 -0.530887 -0.867850
-1.241264 1.222703 0.558409
-0.900898 -1.538949 0.279165
0.083088 -0.800753 -1.777573
0.464246 0.618199 -0.062531
-0.127274 -0.493802 -0.967204
1.752736 -1.027172 1.914949
-1.928565 -0.398673 -2.004762
-0.025123 0.579084 1.650706
-0.891455 -0.244020 0.123525
0.084792 0.326151 -0.003819
1.039983 -1.137303 -1.656452
0.890346 0.075091 -1.289544
0.505563 -1.074319 -1.170302
0.979556 -0.295110 -0.394450
-0.275119 1.251661 1.256615
-0.990080 0.087270 0.226357
0.431740 1.378583 1.800658
-1.747413 1.818859 -0.243254
-0.812305 -0.236066 1.422354
0.143284 1.044985 -0.345578
-0.169241 -0.309999 -1.855563
-0.170696 1.294969 -0.452467
0.619328 -0.411781 1.215932
0.724817 0.348261 1.093781
0.173726 -0.893802 0.992891
-1.714691 -0.249937 0.086312
0.993652 -0.579150 -0.329512
-1.457359 -0.080926 -0.480698
-0.381166 -1.979079 -1.017045
-0.372185 -0.994315 1.617216
0.310543 0.337321 -1.888832
-0.506023 1.062575 0.980156
-1.118290 1.020621 -1.943018
-0.328293 0.758788 -2.002231
0.120041 -0.089175 0.283927
-0.292543 -0.340605 -1.414872
-0.793657 -0.208270 1.563700
0.174684 -1.181063 1.303858
-0.245492 -0.621297 0.628317
-1.049252 0.736529 0.983310
0.564191 -0.492480 -1.254000
0.471911 0.259071 1.196249
-1.160098 0.248186 0.338605
0.042706 0.627863 -1.348628
0.434899 -0.170442 -0.554398
-1.426116 -0.554736 1.125633
0.330162 0.796827 -0.341122
0.711240 -0.034570 -0.480884
-0.287968 0.542046 1.225770
0.610334 0.059793 1.530021
-1.727007 1.536095 1.856256
0.136945 -0.446637 1.304634
-0.517609 0.197400 -1.394390
-1.012320 -1.825753 1.985955
0.093252 -0.608904 0.628119
-0.371129 0.889401 -1.503895
-0.628758 -0.080486 0.801726
1.192380 -1.419520 0.125665
0.738715 -0.530911 -1.267660
0.898035 -1.522123 -0.018955
-0.069180 1.054996 1.825064
-0.314891 1.247429 0.631188
0.440254 0.793841 -0.064345
-0.170155 0.463991 -0.445840
-1.674061 1.904567 0.891636
-0.893804 -0.262181 -1.886001
-0.579263 0.589390 -0.042200
-0.429098 -1.981665 1.409749
-0.051186 -1.512369 -0.385989
0.521259 -1.330439 -1.656183
-1.754643 1.905836 0.178445
-0.767750 -1.352071 -0.039024
-0.596044 0.806922 0.708778
0.890614 -1.259716 0.689965
-0.271288 1.197155 0.708082
0.928177 -0.780940 0.127712
-1.837935 0.284309 1.147214
-0.149519 0.555166 1.557037
-0.451191 0.997801 -0.017809
-0.538825 -0.504990 -1.855519
-0.161159 -0.324492 1.723654
0.459856 -1.540948 -0.793876
0.496720 0.167285 -0.829972
0.165257 -1.638598 1.500680
-0.366222 -1.750697 0.305366
-0.138194 -0.021287 0.164142
-1.518127 -1.387676 0.444665
-1.952513 1.956898 -1.312930
-0.527392 0.094940 1.966621
0.717514 -0.327068 1.570252
-0.427832 1.656253 2.008275
0.914225 -1.145447 0.857997
-1.498006 -0.240758 -0.980315
-0.230318 0.988305 1.324637
-0.654018 1.150510 -1.736188
-0.445651 -1.146436 -1.787538
-0.418171 -1.538353 1.250548
-0.853211 -0.288655 -0.762633
0.396423 -0.577739 -0.064410
-1.803534 0.393826 0.785765
0.329130 0.976261 -1.102197
-0.395657 -0.339186 1.790941
-0.599978 1.193359 -1.563819
-0.065776 -0.141668 -1.905407
-1.010849 -1.246448 1.740738
-1.010960 -0.234057 -1.231043
0.070122 -0.036108 -1.057028
0.702788 1.219963 1.738696
-0.276966 1.043723 1.673962
-0.251573 0.788975 1.274501
-1.177606 0.424514 1.518145
0.432533 -0.656967 0.975307
-1.088555 1.532543 1.752618
0.912745 -1.874972 0.589281
0.051997 -0.874341 1.858045
-0.360407 -0.173875 -0.102944
-1.417514 -0.487114 0.529449
0.288942 -1.701636 1.129091
1.094441 -1.258639 -0.536784
-0.016127 0.686297 0.946665
-0.746696 1.420244 0.158489
-1.340034 0.689307 -0.617578
-1.005459 -0.301699 -1.262549
0.291781 -0.145960 -0.968320
-0.351714 1.494235 -0.125183
-0.564846 0.177143 -1.515800
-0.157602 -0.633107 -1.913978
-0.555949 0.257030 -0.148872
1.108895 -1.944780 0.104964
-0.365803 -0.668828 -0.194306
0.303314 0.211930 -1.532599
1.505135 -0.487717 1.836462
0.185620 -0.321107 1.947366
-1.134564 -1.478243 -0.953204
-0.896356 1.125025 1.550583
0.851346 -0.572888 0.575915
-1.165993 1.051931 -1.419137
0.308478 0.802118 1.651820
0.631325 -0.728213 -0.682399
0.074592 -0.715158 -1.303693
-0.094283 1.537975 -0.144376
-0.237863 0.062409 -1.892612
-1.353030 0.095399 -0.069096
-0.337498 -1.062946 0.994863
0.939895 0.254110 -1.699616
-1.129232 -0.472021 1.594221
-1.146968 1.764283 1.692352
-1.313864 -1.354547 1.592617
-1.104816 -0.426857 -0.932114
-1.722702 -1.197660 1.951553
-0.582187 -1.574027 -1.246894
-1.751422 1.775368 0.678228
0.192698 1.170792 0.795154
1.449603 -1.696419 -1.939390
-0.694351 0.722281 -0.966415
-0.767804 0.285352 1.494340
-1.148608 0.903853 -0.714862
-0.683391 1.054635 1.198874
-1.872937 -0.631250 -1.010927
1.250899 -0.032743 0.715706
0.071920 1.081857 0.197407
0.428211 -1.057168 1.642624
-0.418137 -0.609466 -0.626964
0.936953 -0.229058 0.613165
-1.151910 -1.262239 -1.949676
-0.879678 -0.157049 0.220615
0.169821 0.670094 1.297844
-0.142327 -0.282679 -1.188223
-0.461350 1.228490 -0.673971
-1.004843 0.481967 0.898176
1.858603 0.681345 0.641357
-0.915910 -0.819260 1.881393
-1.262543 -1.161965 1.055523
-0.400877 -0.828490 0.218331
-1.653489 1.896580 1.808734
1.865322 0.355335 1.773208
-0.242331 0.293256 -0.103173
-1.340011 -0.410270 0.328908
1.729630 0.438152 0.716159
0.124215 -1.918696 -1.218984
-0.869746 0.716254 -1.254616
-0.729975 -0.617588 -0.288252
1.072659 0.552116 1.315449
-1.071126 -0.083643 1.215826
-1.205468 -0.868528 1.668334
-1.341483 0.132152 1.115027
0.301933 -0.636007 -1.782521
0.057693 -0.029211 1.462108
0.078979 -1.571869 0.015787
-0.685687 0.687148 0.499021
-0.150944 -0.166241 -1.347631
-0.232830 -1.459365 -1.102267
-1.379162 0.575660 -1.537320
-0.915911 -1.300730 -0.753964
0.127873 0.645039 0.408092
-1.039043 0.571741 0.272148
-1.807105 1.402620 -1.851545
-0.205720 -0.126039 0.812547
-0.198751 -0.156533 -0.348971
1.448038 -0.352475 1.926460
-1.355836 0.324341 -0.951999
-1.122982 0.650801 0.082443
0.755984 -1.304384 0.497893
-0.791624 0.498043 -1.160112
-0.503590 0.256363 0.605004
0.628763 -1.144359 -1.931047
-1.092970 0.808079 0.851640
0.471609 -0.950759 -0.083678
-0.431257 1.272491 1.803994
0.468741 -0.233905 -0.128943
-0.196800 -0.856161 -1.916942
0.058509 0.430146 1.472660
-0.913458 0.531278 1.373093
-0.741955 -0.199136 0.419912
-0.047207 1.289290 1.085616
-1.185062 -0.282750 1.019106
0.494456 -0.922232 -0.023857
-0.562570 0.057933 -1.200635
-0.538673 0.963672 1.595247
-0.332211 0.796736 1.056613
-0.322400 -1.219599 0.553817
0.575249 -0.337918 0.288601
-1.187749 0.461816 0.292849
-0.243264 -0.320652 1.852339
-0.502328 0.138567 -1.716951
-0.407605 0.825139 -1.782807
0.927524 0.454780 0.616949
0.151060 -0.721161 -1.285726
0.642628 -0.258148 -0.014874
-0.603244 0.853060 0.898964
-0.548997 -1.312895 -0.699176
-1.848771 1.097816 1.905237
0.198614 1.216186 -0.296071
1.763408 -0.051820 1.664458
0.752762 0.520090 1.349137
-0.781676 -0.444488 1.444352
0.646642 -1.077131 1.113770
-0.248356 -0.297720 -1.053008
0.903671 -1.262729 0.844029
0.518408 1.101460 0.749408
-0.048321 1.790789 0.619889
-0.543027 -0.500641 0.191930
0.721300 -0.227814 0.490911
-1.673372 1.896710 -0.749333
-0.991148 0.462802 -1.850317
-1.854556 -0.219437 -0.010681
-0.262430 0.836215 -0.807759
0.418454 0.589523 1.002330
-1.247915 1.851620 -0.122541
-1.341688 0.124785 0.967890
1.361816 -0.645844 1.247593
-0.169775 0.152621 0.002428
-0.466944 0.212350 0.338277
1.016801 -0.832876 -0.066494
0.611300 -0.261271 0.462181
-0.840389 0.983266 -1.859034
0.861937 0.334692 -0.363879
-1.346047 0.058495 -1.329340
0.033428 1.534355 0.964029
0.280292 0.898442 0.323522
-1.035265 0.634664 0.314115
-0.346991 0.312089 0.657201
0.593587 0.703785 -1.261265
-0.424334 -1.574755 -0.508667
-0.190416 -0.461678 0.506410
-0.288566 -0.907301 1.106371
0.706615 -1.280838 -1.542731
-0.574493 0.283261 -0.458571
-0.268419 -0.389448 -0.620511
0.588892 -0.429846 1.550933
-0.850248 -1.792117 0.657016
-1.242830 1.090713 1.931897
0.542035 1.180318 0.672012
-0.367924 -0.049724 1.215869
-0.678095 -1.107794 0.760174
-1.881096 -0.445831 0.388107
0.697993 -1.648028 1.522531
-0.277057 -1.611085 -0.429700
-1.074776 1.834312 0.771291
-1.772033 -0.150639 0.864071
0.934510 -1.108128 -0.281211
0.659152 -1.101886 -1.997686
-0.951012 -1.228269 -0.547122
-0.948318 -0.067099 1.172248
-1.454469 -0.746647 0.861997
-0.137980 1.145691 1.508470
-1.078212 -0.404240 1.532975
0.147250 -0.905215 1.550310
-0.718528 -0.293714 -1.016360
-0.926885 -1.233884 0.115437
-0.113081 0.519424 -0.796085
0.018974 0.928957 1.478636
0.262519 -1.641392 -0.863928
-1.092300 1.151567 -1.271948
-0.011436 1.437835 -0.083339
0.923069 -0.685845 0.831863
0.266612 0.930380 1.980975
-0.165791 -0.193440 0.196359
-0.553189 -0.396186 -1.333887
0.289783 1.238480 1.610203
0.860439 -1.732487 0.941570
0.287211 -1.388629 -1.832736
-0.267100 -0.543403 -1.027871
-0.332584 -0.155977 -1.535983
0.444714 -0.359599 -1.031964
-1.005232 0.486997 -2.032238
0.540895 0.607841 0.827137
-1.198858 -0.246135 0.368684
0.288981 0.565992 -1.551429
-1.432554 1.404766 1.574935
0.723048 -1.669326 -0.183451
-0.099923 -0.558097 0.544482
0.079410 -1.128538 -1.245066
-0.112499 -0.765586 1.045870
-1.079627 1.156403 1.950856
-0.647790 0.765560 -1.199347
-0.200017 -0.781360 -1.096889
-0.108384 -0.182674 1.202868
0.189853 -1.198871 -1.543947
-1.101398 0.822057 -1.924694
-1.108509 0.048070 -1.956599
-0.551663 1.677724 0.037845
1.791551 -0.077641 1.845216
0.539016 0.995038 1.415932
0.095928 -0.963742 -1.304045
-0.553064 -0.764281 -0.871428
0.258899 -1.529803 1.668317
-0.957614 1.666168 0.502296
-0.151709 -0.731899 0.734995
-1.589816 -0.001262 -1.155425
-1.366482 0.546373 -1.539348
-1.585634 0.054837 -0.192882
1.804192 0.183495 0.657374
0.248012 0.210767 0.048622
-0.362240 -0.733262 -0.105602
0.510020 -1.604035 1.956427
0.161867 0.124735 -2.017739
-0.746001 -0.844721 -0.469536
0.734069 -1.364689 -0.852353
0.276150 0.228403 -0.304604
1.365835 -0.615275 1.925054
0.341962 1.533995 0.842153
0.787394 -0.515102 -1.372042
-1.076810 0.771799 -1.666863
-1.715421 -0.501712 0.152882
0.082739 -0.011946 -0.609318
0.349233 0.590100 -0.093312
-1.339997 -1.510836 -0.848730
1.322402 0.394324 -1.885555
-0.502429 -0.382481 1.760535
-0.272779 1.175268 1.529998
-1.369284 -0.350770 0.994354
0.243997 0.535143 1.967698
0.435201 -0.095715 -1.080983
-0.146791 -1.124392 -1.828620
-0.556280 -0.166346 -1.255313
-1.118341 -0.929004 1.129244
-2.015336 0.329144 -1.654807
1.098306 -1.675936 0.765821
-0.073449 -1.534649 0.698805
-0.435050 0.889824 -0.304288
-1.611014 1.820176 -1.941161
0.390985 -0.065750 -1.086203
-0.400610 -1.543314 1.901279
-0.451510 0.648791 1.252491
-1.010099 0.586690 0.540231
-1.413174 0.443886 -0.000045
0.348076 0.396889 -0.961633
0.046463 0.158664 -0.099374
1.017164 -1.228387 0.819489
0.772975 -1.921414 -0.560886
0.791384 -0.598066 1.785406
0.078589 0.324660 -1.742437
-0.896163 0.046053 0.887593
-0.912877 1.977034 1.597877
-1.836322 1.641080 -1.969508
-0.989533 -0.401995 0.733375
0.738266 -0.167327 -0.801619
0.602937 -0.312729 0.485792
-0.496526 -1.929035 0.703517
-0.682071 -0.467457 0.017092
1.079385 -0.465395 0.780434
-1.125611 -1.554856 1.377337
-0.147122 0.240633 -1.763880
0.075350 0.100758 0.443979
-0.536658 0.315710 -0.905098
-0.247586 -0.812738 -1.809460
-0.382808 -0.036156 -0.643360
-0.789634 1.418293 -1.380585
0.222907 -0.228850 -0.660911
-0.848283 1.439906 -1.333667
-1.107017 1.133617 -0.600729
-0.322570 1.392710 1.217285
0.187878 0.883411 0.351479
0.978245 0.813262 1.451763
0.644630 -0.410031 1.328532
0.142708 -0.462390 0.609760
-0.147705 0.015149 0.645462
0.619839 -0.492118 -1.911433
1.119017 -1.098509 0.026396
1.104519 -1.547297 -1.214472
0.477142 -1.927875 1.646080
-1.490698 0.598785 1.163881
-1.920252 -0.717854 1.766800
-1.374825 0.123786 -1.313873
-1.338070 -0.402359 -0.912758
-1.014122 0.532096 0.202198
-0.522278 1.290232 0.510898
-0.093187 0.658225 -0.980816
0.317821 0.085279 -0.222053
-1.045707 -0.385934 0.578885
0.075466 -1.971008 1.939127
0.225782 -0.568266 -0.754761
-1.061289 0.704650 -1.864896
-0.740000 0.840712 1.622414
0.919495 -0.422274 -0.159028
-0.268551 1.274450 -0.704621
-0.668009 1.483386 -0.961061
-1.516270 1.503136 -0.042941
-0.296690 0.374941 1.984256
-0.781614 -0.628822 -0.957013
-0.333539 -1.621223 -1.283673
0.533052 0.314788 -0.411278
-1.789108 -1.277102 -1.777332
0.303727 -0.265290 1.953267
-0.930583 1.209169 1.054480
-0.866461 0.767723 -0.512791
-0.196146 0.078484 -0.096021
0.534741 0.991096 -1.089900
1.062554 0.322426 -1.766059
0.133844 0.043429 -1.173486
-1.795443 -0.114168 0.146673
0.939332 -0.442072 -0.711005
0.770175 -1.362065 0.343805
0.736054 -1.005449 1.143683
-0.259205 0.223919 -0.694523
1.460937 0.597183 -1.632848
-0.514676 -1.974133 1.643884
-1.954176 0.627248 -1.925798
0.828862 0.721810 -0.823767
0.126919 -0.823521 -0.507836
0.855979 0.333720 1.151834
-0.739260 -0.594554 -1.930899
0.770788 0.050653 -1.961546
-0.038155 -0.669359 1.559750
0.532714 -1.256473 -0.797854
-1.713653 -0.978896 0.877397
-0.927012 -0.246895 1.531172
-0.406532 -0.321079 0.983823
0.968350 0.058722 0.305276
0.154159 -0.407719 1.171647
-0.470533 -0.098516 -1.154480
-0.982752 -0.310390 1.274253
0.226042 1.199048 1.309722
0.809467 -0.513586 -1.826917
-1.084087 -1.143292 -0.682261
-1.079467 -0.892508 1.499071
0.236979 -1.024132 0.196573
1.201391 -1.119984 1.233408
-0.980231 0.503034 -0.585582
-1.260043 1.410641 -0.385076
-0.006587 0.698704 0.646542
-1.303213 -1.419521 1.483772
0.658129 -0.705192 -0.849628
0.401674 -0.956523 -1.254770
-1.010982 0.842093 -1.539877
-0.088174 -1.251375 -1.913342
-0.660204 0.415682 0.799564
-0.465964 -1.730507 1.042703
-0.800270 1.501522 -0.447392
-0.112247 0.908216 -0.638065
1.703631 -1.607979 1.642848
-0.159821 -0.125218 1.092253
0.037990 0.076940 -1.308734
0.010218 -1.437905 1.409879
-1.275279 -0.980820 0.588689
-0.451717 -0.398523 -0.716906
0.422914 -0.231834 -1.561636
0.514710 0.214694 1.016090
-1.779601 -0.966105 0.197687
-0.457087 1.121790 1.175796
0.652723 -1.980143 -0.342751
-1.453031 -1.467651 0.825501
-0.160601 -1.839102 -0.159833
-0.305072 1.326827 -0.255966
0.781009 -1.632686 1.045421
-1.307179 -0.603741 1.878447
-0.638945 0.684854 0.750329
-1.588078 -0.724849 0.673985
0.533275 -1.770620 -0.763591
-1.028939 1.639576 -0.173988
-0.339105 -0.238935 0.891654
0.781294 0.337275 -0.461819
-0.013301 0.462166 1.165990
-0.652507 0.851406 -1.233127
-0.119291 0.127969 -1.683435
-0.578377 0.881149 0.662990
-1.194572 1.378897 -0.226764
0.285397 -0.025989 -0.940657
0.265705 0.145538 0.093723
-0.654808 0.692108 -1.131124
-0.585225 -0.339461 -0.781398
-0.653857 0.465881 -0.065558
-1.676620 -1.908411 1.412264
-0.490838 -1.572648 -1.388404
-0.354379 -0.291380 1.339593
1.818422 0.481968 -0.381511
-0.551208 0.467640 1.210932
0.623716 -1.100820 -0.078536
-0.345356 0.737368 1.882872
-0.430189 -0.049743 -1.973159
-1.297589 -0.081970 -0.165897
-0.437443 0.088907 -1.942219
-0.663114 1.047433 -1.247049
1.004077 -0.490695 0.715995
-0.591350 -0.507214 0.323141
0.449624 -0.637237 1.727589
-0.716544 -0.172828 0.999796
-0.299639 -0.365956 1.100075
0.082837 0.008846 -0.881263
-1.935102 1.993662 0.587607
0.443744 -0.524865 0.797868
-0.327975 -1.043826 -1.150543
0.881422 -0.321072 0.256176
0.649282 -0.499156 -0.854787
-0.824272 1.065045 1.882843
0.175608 -0.722471 -0.706003
0.381237 -0.273125 -1.177055
0.435717 -1.303759 0.833285
-0.985487 0.367780 -0.759155
0.823047 -1.577003 0.114999
-0.512286 0.195205 -1.254677
0.518317 -0.131273 1.012526
0.401936 -1.046156 -0.033427
0.974825 -0.382646 -1.170319
0.815801 -0.533558 0.399378
0.220274 1.573133 1.453266
0.547589 -0.469069 -0.655848
-1.572106 1.419878 -0.169943
-0.689158 0.907004 -0.826946
0.311083 -0.712165 0.389367
0.103347 0.153743 0.969366
-0.184429 0.357742 -1.302260
0.826028 -1.164273 0.244208
1.062037 -0.506739 1.302622
0.453018 -1.431307 -0.018267
0.142216 -0.024751 0.482269
0.507946 0.861316 -0.281760
-0.719972 -0.681689 -1.918993
0.169001 -0.249357 -1.961607
-0.995611 -0.216878 1.046682
0.343575 -1.232860 1.837898
0.310409 -1.215735 -1.792751
-1.327333 1.306849 0.817689
-0.018455 0.968805 0.454248
1.048524 -0.537957 1.068093
0.040172 -1.450187 -0.838848
0.603780 0.368060 -1.692966
-0.914010 0.448566 0.575409
-0.836385 -1.405565 0.885068
-1.470524 -1.118939 -0.052932
0.065734 -1.565967 1.086709
-0.945237 -0.531501 -1.316313
-0.037922 -0.650083 -0.083403
0.315047 -1.917100 -0.777595
-0.895379 -1.192562 -0.661762
-0.418360 0.652895 1.219310
-0.612920 0.587383 0.346309
-0.834006 1.273142 -0.214158
1.312012 -0.442114 1.356102
0.834694 0.130641 1.473353
0.183191 0.476346 1.290164
0.291188 -0.186732 1.663278
-0.326414 1.028065 0.343423
0.449560 0.213101 1.249609
0.655937 -0.529343 -1.944649
0.337432 -2.065044 -1.300410
-0.277849 -0.542640 0.817922
-0.279681 -0.442567 -0.906304
0.235357 0.275604 0.265004
-1.618040 -1.157217 -0.150855
-0.208440 -1.063048 0.004951
-0.019066 -1.352716 1.750529
0.424796 0.015663 -1.966401
0.886334 -0.630708 -0.964812
-1.473722 1.682370 -0.477083
-0.036748 -0.573599 1.021693
-0.281661 -1.695859 0.965367
-0.022849 -1.893533 -0.679616
-0.052602 -0.764393 0.420680
-1.242111 -1.605487 -1.469271
1.830570 0.195397 -0.040481
-0.353971 -0.310980 -1.412828
0.366967 -0.717458 0.344206
1.824219 -1.811843 1.938642
-1.005372 1.620452 -1.285788
0.413684 0.621440 0.437673
0.542586 -0.066531 1.369958
0.123387 0.797589 0.781557
0.291699 0.879714 -0.622009
0.273365 -0.587062 0.959075
-0.711335 -1.003812 0.285345
0.073700 -1.028229 1.512672
-1.356614 0.296576 1.942023
0.051719 -1.241900 -0.644029
-0.332354 -1.493674 -0.358901
0.755126 0.961406 -1.176210
0.445848 -1.347696 0.611328
0.074346 -0.394238 1.502518
1.161918 0.061974 0.503166
-0.243277 0.711837 1.570206
0.513690 0.700564 -1.417527
0.425444 -1.344165 -0.865876
0.748522 0.821897 1.328703
-1.633193 1.921571 -1.938378
-1.713003 -0.885003 1.075562
-0.313551 -0.163638 1.621594
0.996115 -1.302129 0.622658
-0.438329 -1.010838 -1.796391
-1.392940 0.643635 1.173829
-0.716664 -0.660378 1.607142
1.163323 -1.154401 -0.022869
-1.695994 1.937858 -0.862371
0.356432 1.014236 0.164846
0.254403 0.243411 0.523147
-0.210412 1.120771 1.186080
0.332186 -0.696002 0.031377
-1.098680 -0.431107 -0.048735
0.460533 0.295321 1.324973
-0.065646 -0.276479 -1.129186
-1.816597 0.772721 1.685691
-1.241612 0.246318 0.309294
0.290985 0.758477 1.701898
-0.561330 0.824356 1.297926
0.028893 -1.236970 -1.660120
-0.191828 -1.552158 -1.894748
0.698341 -0.372968 0.377418
0.420220 0.158184 -1.912716
0.943567 -1.167801 0.616435
-1.672396 -0.903816 1.904809
0.002309 0.684339 1.034720
-0.232186 -0.120377 -1.170920
0.013967 1.201860 1.493128
-0.192793 -0.879558 0.734495
-1.390074 1.244039 1.819705
-0.971163 -0.939427 0.947965
-0.534048 -0.546433 -0.465546
0.416683 0.920537 1.864654
-1.053084 0.254641 -0.784464
0.024267 1.256687 -0.237766
-0.939204 0.970483 -0.438821
-0.185062 1.125409 1.001622
-0.702163 1.173256 0.227067
-0.506974 -0.154431 1.758313
1.395269 -1.419022 1.854865
-0.826294 -0.326653 -1.307532
0.910681 -0.414819 -0.263022
1.157836 -0.518033 -0.705851
1.082792 -1.035535 -1.180921
-1.291352 0.829886 -1.729195
0.740824 1.057329 0.380115
-1.026720 1.396230 -1.505251
-1.130017 1.839026 2.009262
-0.512529 1.272309 1.389445
1.102658 -1.830878 -0.225641
-1.154698 0.408311 1.864457
-1.112309 1.534368 -1.678257
-1.226860 -1.056055 0.477045
0.190200 -0.033969 1.409759
-0.378519 -0.496460 1.046574
0.914796 -1.624958 0.903820
0.547247 0.027369 0.630671
-0.419545 -0.848073 -0.710350
1.138807 -0.484245 -0.738797
0.841355 0.539984 -1.081737
0.079512 -0.113261 -0.523356
-1.513853 -1.364816 0.031394
-1.347771 0.872450 -0.394522
