-2.50024 -2.5002
-2.49845 9.50086
-2.49741 21.502
-2.49832 33.5023
-2.49462 45.5017
-2.488 57.5004
-2.48789 69.4996
-2.49288 81.4993
-2.49724 93.4991
-2.49947 105.499
-2.50023 117.5
-2.50025 129.5
9.51181 -2.49067
9.52527 9.51966
9.51092 21.5223
9.47599 33.5254
9.49206 45.5292
9.54546 57.5234
9.57409 69.5123
9.56429 81.4988
9.54034 93.4899
9.51897 105.491
9.50551 117.497
9.50045 129.5
21.5505 -2.44687
21.5266 9.55163
21.2185 21.4605
20.9919 33.6347
21.1672 45.6635
21.3777 57.7021
21.7033 69.6424
21.7967 81.5202
21.7504 93.4388
21.6506 105.442
21.5579 117.481
21.5137 129.501
33.53 -2.41185
33.0538 9.26333
31.9916 21.1165
32.0491 34.2943
32.5165 45.1611
33.5108 58.6525
33.8557 69.9743
33.7645 81.3909
34.0498 93.5197
34.0321 105.31
33.6752 117.493
33.5596 129.545
45.2877 -2.75101
44.5044 8.50135
44.6556 21.5814
43.3221 34.7669
45.3732 47.6022
46.5859 59.9165
46.74 69.1596
45.9391 74.0957
43.8222 93.2069
45.6331 103.216
45.1139 117.737
45.5535 129.853
57.4963 -3.19918
56.6568 8.76658
57.0607 21.4475
56.4363 34.2824
55.5518 47.0477
57.1957 59.5939
58.611 69.1845
57.6146 73.5071
59.2663 92.875
57.3546 103.707
58.339 118.934
57.9051 130.345
69.4663 -3.17902
70.0273 8.87862
70.0861 22.1071
70.0084 33.9711
70.9033 46.767
70.2972 60.1163
69.9394 70.3273
69.1837 79.8824
68.2986 92.9547
68.9065 107.49
68.1547 119.428
69.104 130.166
81.6989 -2.98311
82.2834 8.4675
81.842 21.5269
83.3902 34.6861
81.8892 48.0538
81.181 59.7428
79.2951 69.8488
79.075 71.3821
80.822 92.8453
81.3234 100.651
81.3523 117.9
81.3538 130.185
93.5542 -2.48828
94.3309 8.85428
95.1389 21.3042
95.3095 34.8636
94.1329 44.7423
92.3698 59.8801
92.1117 70.3484
92.2385 79.3758
92.4181 93.7083
91.9516 104.446
93.3047 117.431
93.4158 129.642
105.438 -2.42302
105.603 9.49701
106.258 21.3775
106.394 33.8846
106.242 45.3809
105.796 57.9863
105.145 69.8277
104.922 81.5714
104.986 93.4055
105.175 105.387
105.372 117.473
105.463 129.511
117.474 -2.47744
117.462 9.53818
117.532 21.5358
117.63 33.5536
117.585 45.5672
117.438 57.5687
117.346 69.5519
117.344 81.5086
117.389 93.4736
117.439 105.474
117.477 117.49
117.495 129.499
129.497 -2.49845
129.492 9.5055
129.494 21.5086
129.503 33.5083
129.492 45.5053
129.468 57.5029
129.464 69.5022
129.476 81.4993
129.487 93.4966
129.495 105.497
129.499 117.499
129.5 129.5
