-2.50099 -2.50075
-2.49382 9.50385
-2.49091 21.5088
-2.49806 33.5102
-2.48396 45.5082
-2.45531 57.502
-2.45453 69.4983
-2.47465 81.4974
-2.4911 93.497
-2.49884 105.498
-2.50119 117.499
-2.50103 129.5
9.54656 -2.46213
9.59831 9.58164
9.52424 21.5944
9.3449 33.6059
9.38702 45.631
9.62775 57.6082
9.75655 69.5529
9.71913 81.4973
9.63086 93.4669
9.55927 105.471
9.51676 117.489
9.5009 129.499
21.7032 -2.28008
21.6537 9.77103
20.8343 21.6174
19.9066 33.8982
20.1142 46.2264
21.1048 58.4018
22.2081 70.1559
22.5935 81.6273
22.3952 93.2959
22.0161 105.31
21.6982 117.44
21.5479 129.506
33.7467 -2.02422
32.8473 9.45668
30.534 21.0347
28.9695 34.7442
29.3942 46.7159
32.2631 61.3076
35.092 72.1931
36.2248 82.0294
36.318 93.0548
35.4897 104.917
34.2561 117.508
33.7279 129.686
45.3602 -2.25564
43.8053 8.29699
41.9653 20.6159
38.6731 35.29
40.734 51.2821
45.4688 65.7188
49.3485 74.0853
49.6642 77.6954
47.3213 92.6009
48.3 102.732
46.1048 118.456
45.8592 130.726
57.4564 -2.66022
55.9698 8.02169
55.2286 19.6486
53.4205 34.3578
52.0048 51.0332
56.8493 66.3784
60.617 75.0527
60.3429 78.1429
61.3505 92.3042
59.2116 103.708
58.8896 121.511
58.0919 132.605
69.4924 -2.63047
70.3613 8.01186
71.0212 20.1501
71.3404 33.8039
72.6801 50.3876
70.2912 66.939
68.8845 76.03
68.2381 82.5346
67.884 92.328
68.5742 108.404
68.0055 122.49
69.0113 132.828
81.6995 -2.47579
83.0951 7.99088
84.4667 20.0808
88.0008 35.1208
86.2792 52.3439
81.9803 66.3184
76.4446 75.4071
75.9478 76.5477
77.3883 92.1274
78.4685 99.9034
80.3663 119.393
81.0255 131.695
93.3838 -2.04411
94.766 8.90396
97.2725 20.938
99.5414 35.4949
98.4871 46.9362
93.7551 64.2553
90.1239 74.0088
88.7179 81.0596
89.1119 93.0446
89.6032 103.896
92.393 117.671
93.1291 130.047
105.235 -2.16351
105.587 9.73667
107.138 21.4883
108.474 34.2771
108.227 46.316
106.422 59.3501
104.392 71.0489
103.438 81.9339
103.687 93.1459
104.381 105.13
105.036 117.42
105.364 129.548
117.396 -2.40818
117.35 9.65948
117.649 21.6599
118.126 33.7139
117.997 45.8016
117.365 57.815
116.979 69.7299
116.964 81.5444
117.127 93.4141
117.299 105.415
117.424 117.467
117.484 129.498
129.49 -2.4936
129.467 9.52317
129.483 21.5363
129.538 33.5367
129.495 45.5265
129.385 57.5129
129.366 69.5073
129.414 81.4974
129.459 93.4883
129.485 105.49
129.498 117.496
129.501 129.5
