0.000417772 0.000221229
-0.000360738 -0.00130595
-0.00347366 -0.00161545
0.00135437 -0.00399056
-0.00919873 0.0168044
-0.00839973 0.00993978
0.0106288 0.00321424
-0.0133886 -0.000946273
0.0182365 -0.00206459
-0.00777388 -0.000928294
0.00624623 0.000878374
-0.00164998 0.000258066
-0.00125655 -0.000672776
0.000543687 0.00332421
0.0104002 0.00496853
-0.000595404 0.011274
0.0291832 -0.0453257
0.0239403 -0.0274326
-0.0279355 -0.00949474
0.0339509 0.00214687
-0.0503583 0.00565089
0.0186501 0.00288198
-0.0170658 -0.00208038
0.0041593 -0.000593466
0.00171995 0.000599523
0.000666229 -0.00485354
0.00212206 -0.00171412
0.0856345 -0.0176783
0.0259874 0.0758635
-0.00550212 0.0322863
0.0776912 0.0065085
-0.0560182 -0.0092873
0.113316 -0.0138895
-0.0347938 -0.00743956
0.0345482 0.00496572
-0.00918726 0.00176526
0.00973955 -0.00129898
0.0319205 0.0689244
0.394021 0.129294
0.63676 0.063844
0.842153 -0.540351
0.420518 -0.485794
-0.00255334 -0.134411
0.331038 -0.0246737
-0.0658444 0.00347111
0.232407 -0.039452
-0.00658196 -0.0340144
0.0240751 -0.00467104
0.0145528 0.0405676
0.265814 0.340958
1.01637 0.571501
2.02953 -0.40107
1.58273 -1.36317
0.12024 -1.67756
-0.21071 0.0489992
0.484949 -0.596077
0.658221 -0.148013
0.377966 -0.180271
0.441435 -0.0729486
0.00339449 0.0205844
0.0451662 0.177169
0.208596 1.00207
0.545872 1.00171
1.10601 -0.36155
0.754361 -1.95043
-0.474345 -2.58653
-0.714545 -0.743655
0.289261 -0.943012
0.282224 -0.282416
0.596957 0.0638548
0.370572 0.13702
0.0496677 0.136518
-0.0294402 0.215201
-0.168515 1.27414
-0.408885 1.01617
-0.826123 -0.383968
-0.348841 -2.06867
0.358212 -2.93444
0.344455 -1.27512
-0.0779226 -0.487896
-0.0673205 0.0226145
-0.25209 0.114624
-0.0581651 0.382049
-0.0753084 0.189769
-0.032411 0.0996094
-0.391149 0.697133
-1.40532 1.00732
-2.59597 -0.678404
-1.7898 -2.14857
0.729314 -2.4914
0.709849 1.47359
-0.812595 -2.40616
-0.428941 -0.238111
-0.466005 -0.0598528
-0.581704 0.00269192
-0.0105405 0.0749398
-0.0306531 0.00392156
-0.125378 0.22481
-0.993354 0.364107
-1.55792 0.11367
-1.39116 -1.27648
-0.668603 -1.11065
0.120343 -0.267538
-0.694785 -0.2284
-0.283784 0.00465748
-0.438597 -0.174403
-0.147165 -0.068823
-0.0407341 -0.0179197
-0.00702312 0.00388595
-0.00861724 0.00523892
-0.068001 0.0216454
-0.22525 -0.01538
-0.321153 -0.00538705
-0.130347 -0.138544
-0.146254 -0.028272
-0.0497696 0.0214086
-0.14532 -0.0511185
-0.025178 -4.39766e-05
-0.049198 -0.00983479
0.0113641 0.00721098
0.00211445 -0.00101945
-0.00717269 0.00755385
-0.0361117 0.0158558
-0.0510411 0.0180197
-0.00318888 -0.0439297
-0.0130875 0.00950933
0.0215888 -0.0141509
-0.0299511 -0.0181951
0.03631 0.0186744
-0.0136029 -0.00838889
0.0180796 0.00279483
-0.00561569 -0.00319554
-0.00079977 0.000397681
0.0022879 -0.00242155
0.00968081 -0.00434247
0.010265 -0.00555672
-0.00749488 0.0155093
0.00105961 -0.00519394
-0.00993763 0.00354664
0.0112629 0.00617037
-0.0121741 -0.00712227
0.0069595 0.00368485
-0.00612673 -0.000775194
0.0023735 0.00135464
