0.0038925 0.000303461
-0.00988673 -0.0019284
0.0200051 -0.00309532
-0.0356996 -0.00940466
0.0376062 0.0295693
-0.0352852 -0.016826
-0.0384071 -0.0124421
0.0290286 0.0015147
-0.0135851 0.00122027
0.0132073 -0.00197031
-0.00857816 0.00277978
0.00388147 -0.000518771
-0.0102952 -0.000830693
0.0259621 0.00503985
-0.0549746 0.0092188
0.101008 0.0281491
-0.102236 -0.0807977
0.0990869 0.0473223
0.0985021 0.0308087
-0.0743839 -0.00389347
0.031206 -0.00317068
-0.0347397 0.00562043
0.0210051 -0.00707494
-0.0100527 0.0014541
0.0204827 0.000254158
-0.0633073 -0.0134073
0.120077 -0.024212
-0.103587 -0.0662486
0.291564 0.129652
-0.219011 -0.136321
-0.188759 -0.0674798
0.169399 0.00253105
-0.0593135 0.00693073
0.0707325 -0.0131645
-0.0397348 0.0155627
0.0181813 -0.00252171
-0.0498804 -0.00862755
0.132524 0.0394634
0.239074 0.19349
1.04979 0.216555
0.742979 -0.565678
1.07767 -0.175743
0.381147 -0.227256
-0.195437 -0.0188632
0.245374 -0.0638258
0.0179183 0.00031429
0.118977 -0.0604563
-0.0199133 0.00589467
0.0536466 0.011136
0.219861 0.361756
1.05472 0.731018
1.92438 -0.255554
1.79964 -1.31863
-1.15165 -2.56144
3.83743 1.77816
-1.7267 -2.32357
0.439687 0.130516
0.49908 -0.261139
0.351584 -0.00456228
0.0191063 -0.00525553
0.0834885 0.146378
0.0893898 1.07015
0.538387 0.960147
0.535115 -0.467825
0.722374 -1.65659
0.179624 -3.25818
-7.94813 -0.260055
5.75745 -0.211948
-0.75544 -0.497638
0.961543 0.141435
0.377655 0.206834
0.0495182 0.148888
-0.0500709 0.202892
-0.0727198 1.27881
-0.453083 0.893661
-0.538357 -0.507888
-0.350326 -2.0424
0.20057 -1.99811
4.05201 -3.71344
-1.17018 -0.482265
0.439002 0.300783
-0.206475 0.126265
-0.173615 0.271827
-0.021523 0.255103
-0.116768 0.0388732
-0.215995 0.836407
-1.46036 1.11171
-2.08455 -0.617983
-1.87581 -1.89791
0.993321 -3.94637
9.43207 0.973734
-11.7986 -0.323444
1.18855 -0.536149
-1.61183 0.0691091
-0.417183 0.12822
-0.0796557 0.0656421
0.0281657 -0.00287388
-0.274865 0.15339
-0.79387 0.628445
-2.24471 0.324503
-1.3602 -1.36016
-0.702127 -1.21888
-2.15862 0.559568
1.25998 -1.33975
-1.12088 0.482728
0.259394 -0.343843
-0.437591 -0.0306268
0.0880404 -0.0491007
0.00530926 -0.00498137
0.0364549 0.00697821
-0.186848 -0.0599224
-0.0599212 0.034136
-0.538658 0.0308223
-0.510727 0.0561546
0.366628 -0.411167
-0.388182 0.200689
0.193359 -0.17262
-0.278103 0.0743402
0.133202 -0.0360788
-0.0676759 0.0268582
-0.00557802 0.00229264
-0.00495002 -0.00482715
0.017723 0.0532202
-0.14655 -0.0382711
0.00549419 -0.0419195
0.234457 -0.131603
-0.194393 0.139568
0.11597 -0.0788482
-0.102078 0.0650863
0.111071 -0.0399951
-0.0741418 0.0158763
0.0349625 -0.0129187
0.00247522 -0.000938753
0.000678426 0.00230193
-0.00366783 -0.0193865
0.036166 0.0176912
0.00166005 0.00813224
-0.089438 0.0510242
0.0751175 -0.0539285
-0.0452547 0.0291561
0.0419605 -0.0250794
-0.0425099 0.0161894
0.0301039 -0.00598969
-0.0135072 0.00514811
