-2.50128 -2.50092
-2.49192 9.50531
-2.48932 21.512
-2.50168 33.5141
-2.48387 45.512
-2.44408 57.5034
-2.44182 69.4978
-2.46805 81.4966
-2.48919 93.4962
-2.49883 105.497
-2.50164 117.499
-2.50135 129.5
9.5604 -2.45021
9.6252 9.60769
9.50926 21.623
9.24107 33.6388
9.28665 45.6819
9.62406 57.6547
9.81269 69.5753
9.76969 81.4988
9.65829 93.4598
9.57057 105.465
9.51972 117.487
9.50081 129.499
21.7626 -2.2117
21.68 9.85046
20.5966 21.6547
19.3261 33.979
19.5208 46.4603
20.826 58.7276
22.2694 70.4191
22.8291 81.7044
22.5997 93.2583
22.128 105.271
21.7422 117.429
21.5592 129.508
33.822 -1.87419
32.7136 9.48884
29.8879 20.9379
27.6669 34.8413
28.0569 47.262
31.5286 62.3713
35.2321 73.2472
37.0518 82.4683
37.1985 92.9476
36.0155 104.8
34.4547 117.528
33.7863 129.747
45.3721 -2.07932
43.5091 8.16306
40.9754 20.1736
36.9203 35.3505
38.9861 52.5607
45.0431 68.0083
50.3893 76.1908
51.1252 79.3724
48.8918 92.5132
49.4084 102.581
46.4497 118.767
45.957 131.102
57.4308 -2.4724
55.7067 7.70953
54.579 18.9212
52.4087 34.2297
50.7394 52.3748
57.0025 69.1189
61.4408 77.4897
61.3491 80.161
62.2133 92.297
59.9543 103.679
59.052 122.562
58.1379 133.55
69.5066 -2.43811
70.4876 7.66784
71.3481 19.3784
71.7572 33.6073
73.264 51.4811
70.1291 69.716
68.4915 78.3965
67.9079 83.8854
67.687 92.3087
68.4512 108.715
67.9539 123.732
68.9846 133.927
81.715 -2.29929
83.418 7.75918
85.3962 19.4598
89.6712 35.1263
87.8794 53.8531
82.0984 68.9392
75.2377 77.7071
74.6796 78.7163
75.8868 92.0748
77.2751 99.6526
80.0349 120.02
80.9245 132.339
93.3321 -1.88003
94.9809 8.86735
98.1215 20.7203
101.231 35.6356
100.196 47.6638
94.4771 65.9932
89.5594 75.668
87.367 82.0206
87.6879 92.9198
88.6787 103.732
92.075 117.788
93.0306 130.221
105.159 -2.05915
105.621 9.80865
107.583 21.4864
109.461 34.3886
109.205 46.6745
106.881 59.9354
104.349 71.6555
103.006 82.1795
103.246 93.0894
104.122 105.055
104.926 117.409
105.331 129.565
117.365 -2.37947
117.315 9.70755
117.747 21.702
118.439 33.7738
118.295 45.9133
117.424 57.9389
116.881 69.8209
116.845 81.5685
117.045 93.397
117.257 105.397
117.408 117.46
117.48 129.498
129.487 -2.4915
129.458 9.53089
129.484 21.5483
129.57 33.5495
129.516 45.5387
129.36 57.5193
129.329 69.5097
129.392 81.4968
129.45 93.4855
129.483 105.488
129.498 117.495
129.502 129.5
