-2.50049 -2.5004
-2.49692 9.50178
-2.495 21.5041
-2.49726 33.5047
-2.48995 45.5035
-2.47654 57.5008
-2.47639 69.4992
-2.48639 81.4987
-2.49491 93.4984
-2.49913 105.499
-2.50052 117.5
-2.50051 129.5
9.52346 -2.48129
9.55032 9.53985
9.5215 21.5461
9.44825 33.5514
9.47514 45.5597
9.58429 57.5483
9.64157 69.5247
9.62152 81.4978
9.57493 93.4812
9.53481 105.484
9.51002 117.494
9.50073 129.499
21.602 -2.39188
21.5772 9.62702
21.1213 21.5211
20.6868 33.7301
20.8839 45.8465
21.3517 57.9189
21.9251 69.7963
22.0942 81.5465
21.9883 93.3832
21.788 105.391
21.6103 117.465
21.5261 129.502
33.6062 -2.28124
33.0052 9.34411
31.535 21.1153
31.0571 34.4788
31.5219 45.7099
33.2096 59.5252
34.4076 70.6454
34.6265 81.5485
34.814 93.3399
34.5409 105.163
33.883 117.492
33.6194 129.589
45.3182 -2.57829
44.279 8.4545
43.722 21.2868
41.7244 35.011
43.7817 48.906
46.1961 61.8458
47.6273 70.73
47.2063 75.1931
44.9329 92.9614
46.5133 103.04
45.4648 117.965
45.6649 130.132
57.4866 -3.00922
56.4226 8.52461
56.4122 20.8571
55.3562 34.3929
54.3141 48.4763
56.9544 61.842
59.2552 71.0891
58.5458 74.9716
59.9355 92.6292
57.9753 103.722
58.5464 119.782
57.9788 131.081
69.4736 -2.98603
70.1421 8.58903
70.4198 21.4583
70.4976 33.997
71.5381 48.1189
70.3652 62.3786
69.5824 72.1769
68.8568 80.6426
68.1773 92.6899
68.7927 107.818
68.1015 120.441
69.069 131.039
81.6933 -2.80448
82.5546 8.32603
82.7707 21.068
85.0019 34.9126
83.4167 49.5631
81.5343 61.9278
78.3738 71.6589
78.0442 73.0518
79.7354 92.5423
80.3868 100.391
80.9978 118.382
81.2325 130.671
93.4916 -2.33584
94.459 8.89256
95.848 21.2136
96.72 35.125
95.5925 45.5391
92.7532 61.3269
91.3527 71.4797
91.0503 79.8364
91.3486 93.4457
91.1598 104.241
92.9815 117.5
93.3137 129.772
105.369 -2.33687
105.583 9.58466
106.513 21.4313
107.021 34.032
106.823 45.6972
105.913 58.4218
104.796 70.1928
104.375 81.6629
104.523 93.3022
104.885 105.289
105.249 117.451
105.428 129.522
117.448 -2.45467
117.422 9.57852
117.554 21.579
117.756 33.6073
117.677 45.6389
117.384 57.6434
117.205 69.6066
117.203 81.5182
117.291 93.4508
117.386 105.452
117.457 117.481
117.491 129.499
129.495 -2.49688
129.483 9.51117
129.488 21.5175
129.51 33.5172
129.487 45.5113
129.437 57.5058
129.43 69.504
129.453 81.4986
129.477 93.4936
129.491 105.494
129.499 117.498
129.501 129.5
