0.00356797 0.000166736
-0.00960995 -0.00159922
0.0212896 -0.00570133
-0.0374495 -0.00552173
0.0323677 0.0272092
-0.00331815 -0.0164072
-0.0907523 -0.0235882
0.0547049 -0.00178481
-0.0356891 0.00352294
0.0318457 -0.00128697
-0.0226031 0.00233964
0.00965779 -0.000395526
-0.00968706 -0.000469743
0.0260582 0.00424786
-0.0614379 0.0164352
0.111286 0.0186797
-0.0969764 -0.0742305
0.0162616 0.0485303
0.234963 0.060366
-0.139188 0.00400494
0.0867247 -0.00868875
-0.0816794 0.00368558
0.0568123 -0.00585625
-0.0248954 0.00110878
0.021042 -0.000579743
-0.0728663 -0.0142681
0.139006 -0.0436522
-0.143183 -0.0582531
0.32257 0.107745
-0.104945 -0.148821
-0.490867 -0.128777
0.324846 -0.00736989
-0.184125 0.0152161
0.166142 -0.00732134
-0.110353 0.0124123
0.0472359 -0.00161848
-0.0664648 -0.00938115
0.160879 0.0229767
0.200005 0.227466
1.16822 0.245431
0.728741 -0.519463
1.07921 -0.12815
1.06656 -0.210049
-0.848584 0.0125598
0.676538 -0.0868433
-0.22335 -0.0100741
0.253333 -0.0549394
-0.0718185 0.00478879
0.0693875 -0.00184584
0.198653 0.373687
1.06585 0.771352
1.87936 -0.229873
1.89421 -1.37782
-1.54845 -2.71163
4.03141 2.83694
-1.09363 -3.86715
-0.108346 0.326617
0.817331 -0.265123
0.239762 0.000911821
0.0622667 -0.0092853
0.0833726 0.135172
0.0789593 1.09596
0.507459 0.938718
0.473395 -0.505163
0.549024 -1.53479
1.22086 -3.60074
-15.5712 -0.919016
11.1991 2.6369
-1.41417 -1.09647
0.961315 0.176315
0.425675 0.240907
0.0244332 0.145993
-0.0467918 0.197736
-0.0639119 1.28579
-0.438167 0.862514
-0.521299 -0.535839
-0.245536 -2.06237
-0.536685 -1.22282
9.76035 -6.02281
-3.36149 -2.44796
0.889769 1.47973
-0.0508023 0.0470582
-0.287392 0.259498
0.0371082 0.265619
-0.141316 0.0153121
-0.164671 0.88941
-1.471 1.1122
-1.97215 -0.614134
-1.87644 -1.83615
1.0521 -4.12195
18.6938 -8.49003
-23.6416 11.3186
2.85548 -1.33257
-2.53474 0.275819
-0.333179 0.166423
-0.117066 0.064782
0.034244 -0.00793729
-0.299492 0.130975
-0.751729 0.729306
-2.41465 0.351523
-1.356 -1.37264
-0.51903 -1.51978
-3.18803 1.48521
2.08506 -2.42498
-1.49093 0.953686
0.575424 -0.493021
-0.552969 0.00315554
0.138221 -0.0698698
0.0201152 -0.00719684
0.0272314 0.00580479
-0.204387 -0.110287
-0.00700055 0.119332
-0.598777 -0.0211038
-0.697652 0.252011
0.372341 -0.554644
-0.254558 0.198965
0.183239 -0.194948
-0.330181 0.0876991
0.186777 -0.0433429
-0.09235 0.0341429
-0.0135237 0.00361434
0.00942375 -0.0104201
0.0189748 0.0822871
-0.171308 -0.112119
-0.0156831 0.017399
0.343526 -0.252938
-0.170627 0.178319
0.0517122 -0.0557126
-0.0888561 0.0635855
0.133753 -0.0405807
-0.100143 0.0168932
0.0472873 -0.0155111
0.00574389 -0.00157831
-0.00516903 0.00466621
-0.000502141 -0.030891
0.0384227 0.0469031
0.0170968 -0.0188431
-0.125737 0.0966334
0.0667112 -0.0671978
-0.0200497 0.0196933
0.0366594 -0.024171
-0.0515694 0.0162167
0.0403447 -0.00623025
-0.0183206 0.00607759
