0.00315291 0.000445005
-0.00757887 -0.00222956
0.0135766 -0.00111721
-0.0247961 -0.0114589
0.0259534 0.0304193
-0.0402488 -0.0161365
-0.00314817 0.000126887
0.00380161 -0.00157603
0.00467426 0.00177799
0.000273325 -0.002934
0.000429368 0.00307479
0.000272878 -0.000616442
-0.00832938 -0.0012039
0.019585 0.00576675
-0.036135 0.00384259
0.0691253 0.0326721
-0.0660668 -0.0827136
0.109624 0.0437059
0.00718755 -0.00190574
-0.0102373 0.00412239
-0.0150489 -0.00462639
-0.0020177 0.00812513
-0.00202635 -0.0078404
-0.000788532 0.00170426
0.0159782 0.00112169
-0.0448022 -0.012813
0.0838155 -0.00918355
-0.0393671 -0.0676218
0.207503 0.139678
-0.205126 -0.120565
0.00422162 -0.00225536
0.0294373 -0.0170206
0.0396479 0.0107401
0.0057461 -0.0187978
0.00509323 0.0171877
0.000298968 -0.00303335
-0.0309165 -0.00770066
0.0983898 0.0534102
0.289032 0.164614
0.919133 0.187695
0.783419 -0.597118
0.919453 -0.220094
0.0419545 -0.268033
0.180447 0.0149119
0.0117454 -0.0651313
0.156872 0.00489661
0.040687 -0.0615738
0.0098163 0.00593181
0.0379732 0.0221609
0.241543 0.352054
1.04029 0.688974
1.96295 -0.295416
1.72032 -1.27506
-0.700518 -2.40108
2.67207 1.23601
-1.2151 -1.6021
0.617261 0.0192607
0.387822 -0.241455
0.407039 -0.0187535
0.00100325 0.000904039
0.0806762 0.155994
0.105624 1.0484
0.564616 0.974851
0.626555 -0.426415
0.837967 -1.77718
-0.354084 -2.98953
-3.9439 -0.393732
2.79801 -0.916196
-0.260245 -0.315748
0.859536 0.102067
0.36045 0.185505
0.0580456 0.145365
-0.0510851 0.207374
-0.0855652 1.2741
-0.46421 0.924972
-0.569389 -0.475706
-0.429374 -2.03771
0.525847 -2.44039
1.65782 -2.51545
-0.400779 -0.138039
0.171133 -0.0120764
-0.263523 0.158746
-0.106875 0.29091
-0.0552922 0.241625
-0.0914802 0.0599699
-0.268375 0.788577
-1.44809 1.09926
-2.20594 -0.62895
-1.87822 -1.9537
0.993718 -3.66197
3.87604 3.74666
-5.08217 -3.9191
0.298513 -0.255834
-1.04066 -0.0404241
-0.489258 0.0946797
-0.0474324 0.0652178
0.0175347 -0.000104593
-0.242818 0.176952
-0.839126 0.536571
-2.07624 0.28185
-1.33922 -1.3463
-0.866865 -1.05356
-1.14699 0.00140596
0.437902 -0.681759
-0.756286 0.193642
-0.03196 -0.232246
-0.321264 -0.0610518
0.0370386 -0.0308043
-0.00566316 -0.00210192
0.038602 0.00576926
-0.168912 -0.0205849
-0.0890567 -0.0148036
-0.513381 0.0526229
-0.297418 -0.0813686
0.211722 -0.238925
-0.356731 0.125812
0.119763 -0.116805
-0.198922 0.0418875
0.0687031 -0.0201211
-0.0389161 0.0168952
0.000773907 0.000908364
-0.0155762 0.000570517
0.0157542 0.0321102
-0.136048 0.00480263
0.0423622 -0.0709808
0.102141 -0.0417862
-0.140236 0.0746728
0.113012 -0.0610705
-0.0790293 0.0477096
0.0742391 -0.0275938
-0.0420727 0.00880399
0.0203352 -0.00825501
-0.000166207 -0.000328151
0.00516481 0.000123137
-0.00602024 -0.0109643
0.0375066 0.000303393
-0.0183549 0.0224368
-0.0416739 0.0162528
0.0539108 -0.0301106
-0.0442692 0.0227015
0.0329108 -0.0184898
-0.0277964 0.0113466
0.0174531 -0.00323989
-0.00777421 0.00334823
