0.00291819 0.000452455
-0.00691393 -0.0022307
0.0119209 -0.000914304
-0.022006 -0.0114049
0.0223875 0.0299761
-0.0386497 -0.0152772
0.00128662 0.00219158
1.34722e-05 -0.00243788
0.00731039 0.00197649
-0.00145115 -0.00307567
0.00160447 0.00307361
-0.000180962 -0.000612303
-0.00772258 -0.00122684
0.0178143 0.00576392
-0.0315094 0.00328391
0.0614028 0.0323488
-0.0559586 -0.0814176
0.104973 0.0411245
-0.00424307 -0.00724839
-0.000566014 0.00632908
-0.0217732 -0.00512161
0.00236379 0.00848725
-0.00503856 -0.00783331
0.000376893 0.00169124
0.0147351 0.00120919
-0.040411 -0.0124791
0.0753695 -0.00717612
-0.0250093 -0.0659849
0.187088 0.138323
-0.190857 -0.113994
0.0277215 0.00805333
0.00930166 -0.0216845
0.0536899 0.0116498
-0.00284797 -0.0195185
0.0109268 0.0171378
-0.0019348 -0.00299278
-0.026961 -0.00738963
0.0912217 0.0556583
0.299832 0.159851
0.891767 0.180613
0.793978 -0.599477
0.874783 -0.233155
0.00953669 -0.271519
0.223477 0.0214523
-0.0136027 -0.0647346
0.173533 0.00441416
0.0310151 -0.06095
0.0133593 0.00564438
0.034981 0.0241317
0.245652 0.350402
1.03713 0.680322
1.97028 -0.304669
1.70484 -1.26986
-0.607471 -2.36117
2.38887 1.14195
-1.05397 -1.49608
0.629668 0.0014219
0.380013 -0.236333
0.413353 -0.022521
-0.000442188 0.00241919
0.0795315 0.157767
0.110075 1.04446
0.56864 0.977054
0.64988 -0.417939
0.852998 -1.80017
-0.419033 -2.94331
-3.40436 -0.43769
2.39279 -0.962095
-0.183317 -0.300548
0.834681 0.0954374
0.359711 0.181859
0.0582917 0.144343
-0.0507919 0.208219
-0.0890999 1.27339
-0.465226 0.931502
-0.578677 -0.468911
-0.439662 -2.03798
0.553206 -2.5042
1.38944 -2.35034
-0.325789 -0.140493
0.134068 -0.0316298
-0.267615 0.16044
-0.0981908 0.296137
-0.0595309 0.238294
-0.0864111 0.0638596
-0.278846 0.779697
-1.4455 1.09516
-2.23141 -0.632022
-1.87973 -1.96531
0.99714 -3.59235
3.12042 3.87455
-4.18598 -4.14181
0.180079 -0.232746
-0.957945 -0.0522766
-0.501312 0.0878311
-0.0421654 0.0653507
0.0148065 0.00030857
-0.235398 0.181511
-0.84885 0.519601
-2.04176 0.271127
-1.3339 -1.34247
-0.889637 -1.03508
-0.967486 -0.0721173
0.290189 -0.591992
-0.69172 0.154597
-0.0832013 -0.216447
-0.300064 -0.0654626
0.0277154 -0.0279663
-0.00722729 -0.00152784
0.0377607 0.00551992
-0.164345 -0.014404
-0.0946519 -0.0202388
-0.507849 0.0528019
-0.259086 -0.100557
0.171398 -0.207457
-0.33509 0.108827
0.0976552 -0.105501
-0.181473 0.0353462
0.0557818 -0.0172051
-0.0332695 0.015119
0.00170319 0.00067012
-0.0168765 0.00148121
0.0143976 0.0290637
-0.133354 0.00991612
0.0477127 -0.0729812
0.0779559 -0.0287911
-0.123581 0.0618079
0.104898 -0.0553221
-0.0705481 0.0434675
0.0657906 -0.0247892
-0.0355354 0.00738291
0.0174261 -0.00737801
-0.000552731 -0.000228825
0.00573121 -0.000231967
-0.00602347 -0.00974311
0.0372969 -0.00179791
-0.0213659 0.0236985
-0.032734 0.0111256
0.0474079 -0.025307
-0.0411229 0.0205331
0.0295705 -0.0168569
-0.0244237 0.0102409
0.0148732 -0.00267946
-0.00663216 0.00300638
