-2.50104 -2.50078
-2.49351 9.50408
-2.49058 21.5093
-2.49845 33.5109
-2.48371 45.5088
-2.45334 57.5022
-2.4524 69.4982
-2.47354 81.4972
-2.49077 93.4968
-2.49883 105.498
-2.50126 117.499
-2.50109 129.5
9.54887 -2.46017
9.60291 9.58593
9.52276 21.5992
9.3301 33.6114
9.37315 45.639
9.62896 57.6153
9.76662 69.5563
9.72791 81.4975
9.63569 93.4656
9.5613 105.47
9.5173 117.489
9.50089 129.499
21.7132 -2.26876
21.6592 9.78472
20.7982 21.6248
19.8157 33.9129
20.0221 46.2652
21.0653 58.4542
22.2241 70.197
22.6362 81.6383
22.4312 93.2889
22.0359 105.303
21.7059 117.438
21.5498 129.506
33.7598 -1.99896
32.8271 9.46398
30.4284 21.021
28.7547 34.7635
29.1738 46.8098
32.1479 61.4859
35.1291 72.3627
36.371 82.0936
36.4661 93.033
35.5796 104.896
34.2905 117.511
33.738 129.696
45.3629 -2.22528
43.7565 8.27667
41.7971 20.544
38.3773 35.305
40.4386 51.5026
45.3979 66.1032
49.5204 74.4326
49.9073 77.9666
47.5752 92.5781
48.4822 102.705
46.1643 118.507
45.8765 130.787
57.4525 -2.62775
55.9255 7.97015
55.1174 19.5273
53.2443 34.3407
51.7875 51.2668
56.8644 66.8345
60.7551 75.457
60.5153 78.4744
61.495 92.291
59.3352 103.704
58.9189 121.685
58.1007 132.761
69.4947 -2.59729
70.3826 7.95437
71.0773 20.0205
71.4143 33.7737
72.783 50.5834
70.2698 67.3994
68.8173 76.4229
68.1805 82.7494
67.8518 92.312
68.5532 108.458
67.9966 122.696
69.0065 133.01
81.7014 -2.44524
83.1491 7.95377
84.6258 19.9784
88.2855 35.127
86.5518 52.6039
82.0073 66.7565
76.2455 75.7885
75.7363 76.9061
77.1416 92.1061
78.2722 99.8586
80.3086 119.496
81.0074 131.801
93.3744 -2.01612
94.8003 8.90015
97.4146 20.9043
99.8232 35.5221
98.7735 47.0627
93.8698 64.547
90.0214 74.279
88.49 81.2074
88.8794 93.0165
89.449 103.867
92.3382 117.689
93.112 130.076
105.222 -2.14612
105.591 9.74979
107.208 21.49
108.633 34.2976
108.383 46.3765
106.492 59.4465
104.375 71.145
103.359 81.9697
103.61 93.1343
104.336 105.116
105.017 117.418
105.359 129.551
117.391 -2.40344
117.344 9.66754
117.663 21.6674
118.173 33.7242
118.041 45.8195
117.371 57.8344
116.961 69.744
116.943 81.5479
117.113 93.411
117.292 105.412
117.421 117.466
117.483 129.498
129.489 -2.49326
129.465 9.52442
129.483 21.5383
129.542 33.5388
129.497 45.5283
129.38 57.5138
129.36 69.5077
129.41 81.4972
129.457 93.4878
129.485 105.49
129.498 117.496
129.501 129.5
