-2.50141 -2.50099
-2.49095 9.50612
-2.48892 21.5137
-2.50487 33.5162
-2.48536 45.5142
-2.4391 57.5043
-2.43554 69.4976
-2.46481 81.4962
-2.48829 93.4958
-2.49886 105.497
-2.50187 117.499
-2.50152 129.5
9.56732 -2.44409
9.63792 9.62099
9.49558 21.6369
9.1742 33.6548
9.21947 45.7099
9.61109 57.682
9.83656 69.589
9.7932 81.5003
9.67078 93.4566
9.57552 105.462
9.52096 117.486
9.50073 129.499
21.7919 -2.17713
21.6866 9.88742
20.4583 21.6665
19.0045 34.0124
19.1883 46.5781
20.6493 58.9008
22.2683 70.5667
22.9278 81.7544
22.692 93.2437
22.1782 105.253
21.7622 117.424
21.5645 129.51
33.8567 -1.80079
32.6359 9.49418
29.5548 20.8767
27.0048 34.8738
27.3768 47.5204
31.1279 62.8957
35.2312 73.8045
37.4145 82.74
37.6292 92.9182
36.2667 104.749
34.5474 117.54
33.8137 129.778
45.3741 -1.99668
43.3583 8.08555
40.4974 19.9437
36.0626 35.3565
38.1338 53.1616
44.8271 69.1354
50.9216 77.2597
51.8611 80.2526
49.7216 92.5205
49.9799 102.516
46.6115 118.925
46.0004 131.295
57.416 -2.38493
55.5775 7.55101
54.2686 18.5586
51.9424 34.1466
50.1411 52.9917
57.1319 70.4916
61.8435 78.7135
61.8228 81.1911
62.634 92.3665
60.3273 103.662
59.1216 123.091
58.1548 134.031
69.5145 -2.34809
70.5494 7.49674
71.5037 18.9982
71.943 33.4995
73.526 51.9573
70.0199 71.1184
68.3055 79.5834
67.7574 84.6124
67.5874 92.3757
68.3926 108.86
67.9296 124.356
68.9734 134.484
81.7262 -2.21741
83.5789 7.63551
85.8393 19.1438
90.474 35.1033
88.6483 54.562
82.1196 70.2408
74.6275 78.8658
74.0512 79.8148
75.1255 92.1246
76.6639 99.548
79.8818 120.337
80.8807 132.668
93.3103 -1.80176
95.0962 8.83668
98.5421 20.5987
102.074 35.6869
101.04 48.002
94.8658 66.8477
89.3203 76.5282
86.7059 82.5688
86.9484 92.9028
88.2155 103.662
91.9251 117.85
92.9847 130.31
105.122 -2.00702
105.648 9.83814
107.824 21.4748
109.983 34.4337
109.727 46.85
107.146 60.2331
104.383 71.9849
102.833 82.333
103.044 93.074
104.003 105.023
104.875 117.405
105.315 129.574
117.35 -2.36484
117.3 9.7312
117.81 21.7202
118.625 33.8013
118.478 45.9733
117.477 58.0083
116.843 69.8731
116.792 81.5842
117.008 93.3897
117.238 105.388
117.401 117.457
117.479 129.498
129.485 -2.4904
129.453 9.53492
129.488 21.5543
129.592 33.5561
129.533 45.546
129.351 57.5235
129.312 69.5112
129.382 81.4966
129.445 93.4842
129.481 105.487
129.498 117.495
129.502 129.5
