-2.50039 -2.50032
-2.49754 9.50141
-2.49594 21.5032
-2.4976 33.5037
-2.49172 45.5028
-2.48106 57.5006
-2.48093 69.4994
-2.48892 81.4989
-2.4958 93.4987
-2.49925 105.499
-2.5004 117.5
-2.5004 129.5
9.51881 -2.48505
9.54037 9.53172
9.51786 21.5365
9.46091 33.5409
9.48368 45.5472
9.56993 57.5381
9.61543 69.5197
9.59942 81.4982
9.56172 93.4846
9.52882 105.486
9.50832 117.495
9.50063 129.5
21.5814 -2.41394
21.5579 9.59705
21.1636 21.4977
20.8154 33.6926
21.0051 45.7727
21.3696 57.8305
21.8426 69.7332
21.979 81.5351
21.8961 93.4044
21.7351 105.411
21.5901 117.471
21.5213 129.501
33.5761 -2.33336
33.027 9.31359
31.7215 21.1189
31.4587 34.4093
31.9265 45.4939
33.3456 59.1735
34.2029 70.369
34.2851 81.4804
34.5092 93.4093
34.3401 105.22
33.8016 117.491
33.596 129.571
45.3067 -2.64657
44.3701 8.47582
44.0907 21.4084
42.3572 34.9228
44.4127 48.3936
46.3492 61.0717
47.2761 70.0916
46.7035 74.7415
44.483 93.0556
46.1606 103.109
45.3269 117.872
45.6214 130.019
57.4909 -3.08404
56.5156 8.62221
56.6666 21.0952
55.7801 34.3614
54.8035 47.917
57.0353 60.941
58.9933 70.3198
58.175 74.3749
59.6641 92.7234
57.7274 103.718
58.4664 119.442
57.9507 130.784
69.4705 -3.06207
70.0967 8.70481
70.2893 21.7194
70.3068 33.9998
71.2881 47.5958
70.3469 61.473
69.7251 71.4294
68.987 80.3233
68.228 92.7922
68.8379 107.69
68.1223 120.035
69.0825 130.688
81.6949 -2.87488
82.4462 8.3848
82.4063 21.2551
84.3666 34.8333
82.8135 48.9686
81.4039 61.0519
78.7455 70.9284
78.4577 72.3765
80.1767 92.6581
80.7628 100.494
81.1364 118.187
81.2796 130.475
93.516 -2.39637
94.4057 8.87976
95.5638 21.2539
96.1556 35.0272
95.009 45.2286
92.5893 60.7452
91.6446 71.0159
91.5249 79.6416
91.7796 93.5467
91.4753 104.321
93.1084 117.471
93.3538 129.719
105.396 -2.37138
105.589 9.55038
106.406 21.4116
106.762 33.9748
106.58 45.571
105.855 58.2451
104.924 70.0424
104.588 81.6236
104.705 93.3416
104.998 105.326
105.297 117.459
105.441 129.518
117.458 -2.46381
117.437 9.56235
117.544 21.5619
117.702 33.5857
117.636 45.6095
117.403 57.6128
117.259 69.5844
117.257 81.5142
117.328 93.4595
117.406 105.46
117.465 117.485
117.493 129.499
129.496 -2.49751
129.487 9.50888
129.49 21.5139
129.507 33.5136
129.489 45.5088
129.449 57.5046
129.443 69.5033
129.462 81.4989
129.481 93.4947
129.493 105.495
129.499 117.498
129.5 129.5
