0.00360944 0.00100528
-0.0109679 -0.00393696
0.0242782 -0.00316575
-0.027232 -0.00629213
0.0212387 0.0330037
0.0408445 -0.0267439
-0.124033 -0.0379169
0.0596053 -0.00211055
-0.0468615 0.00510511
0.0459711 -0.000444149
-0.034445 0.00139036
0.0146234 0.000105496
-0.0100964 -0.00260506
0.03075 0.0105103
-0.0728545 0.00979176
0.0841541 0.0201954
-0.0801626 -0.0885469
-0.104781 0.0814198
0.322578 0.0984975
-0.151137 0.00413805
0.114627 -0.0122847
-0.117248 0.00133097
0.0871114 -0.00333288
-0.0377083 -0.000212804
0.0242748 0.0035849
-0.0947458 -0.0305685
0.166803 -0.039251
-0.0906926 -0.0583642
0.371273 0.108258
0.101274 -0.235749
-0.710092 -0.201852
0.369683 0.00107257
-0.252707 0.0185315
0.240357 -0.000342201
-0.171207 0.00666829
0.0728291 0.00119443
-0.092518 -0.02437
0.215398 0.0377522
0.173557 0.24596
1.19204 0.268824
0.683453 -0.480496
0.956106 0.0264236
1.75208 -0.289247
-1.37916 0.0551625
1.04124 -0.114513
-0.449231 -0.0179628
0.379331 -0.046802
-0.121369 0.00124389
0.0897635 -0.00191028
0.18225 0.385196
1.03914 0.794215
1.88295 -0.191695
1.98717 -1.4469
-1.68014 -2.96676
2.69544 5.30083
1.13325 -7.11585
-0.945048 0.717452
1.27943 -0.331237
0.10905 0.0082343
0.116543 -0.0124324
0.0883647 0.137063
0.0549134 1.10439
0.503777 0.929186
0.386824 -0.538762
0.363609 -1.36336
2.38417 -3.90543
-24.441 -3.86182
16.9892 9.22666
-1.93151 -2.5967
0.804061 0.37721
0.473195 0.260298
-0.00482215 0.149041
-0.0445928 0.206555
-0.0518652 1.2759
-0.434442 0.851471
-0.482777 -0.582665
-0.121035 -1.96837
-1.50607 -0.534885
17.7353 -8.3533
-6.24275 -6.93967
1.20548 3.89317
0.185635 -0.153807
-0.401964 0.280904
0.0972075 0.261631
-0.174337 0.0132309
-0.106887 0.919727
-1.47141 1.11757
-1.87446 -0.594601
-1.87538 -1.79425
1.03984 -4.12472
30.9252 -22.7406
-39.398 29.0143
4.97025 -2.80622
-3.4959 0.690272
-0.278012 0.21027
-0.138929 0.0637246
0.050485 -0.0196734
-0.365352 0.144305
-0.656147 0.788646
-2.58477 0.362211
-1.2705 -1.34373
-0.381725 -1.77711
-3.83686 2.40304
2.45177 -3.65951
-1.6616 1.49894
0.763994 -0.666926
-0.608781 0.0337581
0.162178 -0.0910713
0.0370654 -0.0152864
0.0266458 0.00418043
-0.29592 -0.128511
0.10583 0.218029
-0.752161 -0.108351
-0.823587 0.409113
0.221926 -0.659969
-0.0490419 0.102313
0.137126 -0.17019
-0.341925 0.0870995
0.207848 -0.0421873
-0.10194 0.0389664
-0.0227651 0.00778097
0.0219909 -0.0175975
0.0568386 0.0976409
-0.273283 -0.187841
-0.000103622 0.0843916
0.384751 -0.359468
-0.0782494 0.19204
-0.0259524 0.00609675
-0.0684544 0.0439213
0.140111 -0.0341824
-0.110637 0.0131478
0.0521671 -0.0165448
0.00951981 -0.00331983
-0.0103695 0.00767429
-0.00924948 -0.0381575
0.06854 0.0760522
0.0181056 -0.0477102
-0.13279 0.13704
0.0336155 -0.0703911
0.00993107 -0.004789
0.0288514 -0.0160182
-0.054291 0.0133294
0.044557 -0.00449288
-0.0202489 0.00634845
