-2.50074 -2.50058
-2.49538 9.50277
-2.49279 21.5064
-2.49704 33.5073
-2.48626 45.5057
-2.46561 57.5013
-2.46532 69.4987
-2.48036 81.498
-2.49289 93.4976
-2.49893 105.498
-2.50084 117.5
-2.50077 129.5
9.53503 -2.4718
9.57472 9.56049
9.52648 21.5702
9.40585 33.5784
9.4416 45.5935
9.61253 57.5761
9.70228 69.5378
9.67274 81.4973
9.60479 93.4736
9.54807 105.477
9.51372 117.491
9.50087 129.499
21.6529 -2.33631
21.62 9.70045
20.9941 21.574
20.3258 33.8186
20.5335 46.0344
21.2616 58.1513
22.0941 69.9655
22.3601 81.581
22.2027 93.3357
21.9092 105.348
21.6567 117.452
21.5375 129.504
33.6786 -2.15186
32.9365 9.4091
31.0478 21.0879
30.0284 34.6284
30.4773 46.2284
32.7873 60.4141
34.8214 71.3847
35.4526 81.7559
35.5705 93.1833
35.0268 105.032
34.0764 117.497
33.6755 129.636
45.3425 -2.41284
44.0457 8.38625
42.8261 20.9632
40.1766 35.1818
42.2361 50.1331
45.8264 63.7859
48.4914 72.3777
48.444 76.3949
46.0953 92.7547
47.4003 102.878
45.7951 118.205
45.7669 130.423
57.4734 -2.82932
56.1938 8.27611
55.803 20.255
54.349 34.4103
53.1291 49.8047
56.8414 64.1041
59.9286 73.05
59.4585 76.5214
60.6332 92.4293
58.5939 103.722
58.7297 120.642
58.0411 131.835
69.4823 -2.80297
70.2532 8.3
70.7304 20.8026
70.9428 33.9304
72.1338 49.3248
70.3614 64.6503
69.2287 74.083
68.539 81.5285
68.0382 92.47
68.6816 108.122
68.0518 121.462
69.0381 131.926
81.6934 -2.63506
82.8252 8.16683
83.6435 20.5836
86.5371 35.0526
84.8795 50.9941
81.7986 64.1233
77.4241 73.516
77.0016 74.7776
78.5907 92.2946
79.4369 100.14
80.6693 118.881
81.123 131.175
93.4346 -2.18748
94.6042 8.90941
96.5605 21.0905
98.1312 35.3333
97.0458 46.2689
93.2189 62.7907
90.6909 72.7027
89.8734 80.3925
90.249 93.2207
90.3777 104.058
92.6778 117.581
93.2182 129.907
105.301 -2.25034
105.577 9.66508
106.806 21.4688
107.716 34.1634
107.486 46.0096
106.124 58.8772
104.543 70.5977
103.877 81.7806
104.09 93.2152
104.621 105.203
105.137 117.433
105.395 129.535
117.422 -2.43161
117.384 9.61902
117.592 21.6207
117.919 33.6611
117.812 45.7168
117.358 57.7246
117.083 69.665
117.077 81.5297
117.204 93.4311
117.34 105.432
117.439 117.474
117.487 129.498
129.492 -2.49527
129.475 9.51705
129.484 21.5267
129.521 33.5266
129.488 45.5182
129.409 57.509
129.397 69.5056
129.433 81.498
129.467 93.4908
129.488 105.492
129.498 117.497
129.501 129.5
