-2.50069 -2.50055
-2.49569 9.50257
-2.49321 21.5059
-2.497 33.5068
-2.4869 45.5052
-2.46775 57.5012
-2.4675 69.4988
-2.48154 81.4981
-2.49327 93.4978
-2.49896 105.498
-2.50077 117.5
-2.50071 129.5
9.53272 -2.47371
9.5699 9.55632
9.52601 21.5654
9.41568 33.5729
9.44984 45.5864
9.60783 57.5703
9.69065 69.5351
9.66291 81.4973
9.59915 93.475
9.5456 105.478
9.51303 117.492
9.50085 129.499
21.6428 -2.34747
21.6122 9.68596
21.0221 21.5641
20.4026 33.8016
20.609 45.9965
21.2849 58.1035
22.0646 69.9301
22.3095 81.5733
22.1617 93.3446
21.8861 105.356
21.6479 117.454
21.5353 129.503
33.6644 -2.17762
32.9518 9.39745
31.1475 21.0955
30.2367 34.6012
30.6896 46.1272
32.8805 60.2356
34.7501 71.2313
35.291 81.7097
35.4198 93.2125
34.9314 105.057
34.0389 117.495
33.6646 129.627
45.3382 -2.4453
44.0929 8.40159
43.0024 21.03
40.4824 35.153
42.5417 49.8939
45.8991 63.3979
48.3197 72.0428
48.1983 76.1464
45.8581 92.7923
47.2221 102.909
45.7307 118.156
45.7472 130.364
57.4763 -2.86446
56.2392 8.3263
55.9219 20.3759
54.5442 34.4131
53.3614 49.547
56.854 63.6506
59.7922 72.654
59.2779 76.2053
60.4917 92.4643
58.4703 103.723
58.6949 120.469
58.0295 131.683
69.4804 -2.83875
70.2313 8.35774
70.67 20.9337
70.8576 33.9495
72.0183 49.0951
70.3677 64.1948
69.2989 73.698
68.6014 81.3415
68.0673 92.5088
68.7036 108.063
68.0615 121.257
69.044 131.748
81.6929 -2.66816
82.7711 8.20005
83.4731 20.6821
86.236 35.0308
84.5921 50.7143
81.7526 63.6839
77.6165 73.1415
77.2111 74.4285
78.8244 92.3386
79.6282 100.189
80.7329 118.78
81.144 131.073
93.4455 -2.21678
94.5738 8.9078
96.4179 21.1176
97.849 35.2956
96.756 46.1282
93.1198 62.4974
90.8156 72.4511
90.1074 80.2729
90.4717 93.2622
90.5334 104.093
92.737 117.564
93.2368 129.88
105.315 -2.26767
105.577 9.64965
106.744 21.4627
107.572 34.1385
107.347 45.9475
106.075 58.7846
104.585 70.5131
103.972 81.7546
104.174 93.2312
104.672 105.219
105.159 117.437
105.401 129.532
117.427 -2.43625
117.392 9.61092
117.583 21.6126
117.883 33.6504
117.782 45.7007
117.361 57.7077
117.106 69.6529
117.101 81.5272
117.22 93.4348
117.348 105.436
117.443 117.475
117.488 129.498
129.493 -2.49559
129.477 9.51585
129.485 21.5249
129.518 33.5247
129.487 45.5168
129.415 57.5083
129.404 69.5053
129.437 81.4981
129.469 93.4913
129.489 105.493
129.498 117.497
129.501 129.5
