-2.50114 -2.50084
-2.49287 9.50456
-2.49 21.5104
-2.49948 33.5121
-2.48347 45.51
-2.44951 57.5026
-2.44815 69.498
-2.47133 81.497
-2.49012 93.4966
-2.49882 105.498
-2.50141 117.499
-2.50119 129.5
9.55348 -2.45621
9.61197 9.59457
9.51864 21.6088
9.29762 33.6224
9.34211 45.6556
9.62929 57.6302
9.78592 69.5634
9.74503 81.4978
9.64503 93.4632
9.56518 105.468
9.51832 117.488
9.50087 129.499
21.7331 -2.24602
21.6689 9.81158
20.7219 21.6383
19.6269 33.9408
19.8297 46.343
20.9779 58.5612
22.2492 70.2824
22.7176 81.6624
22.5009 93.2757
22.0741 105.289
21.7209 117.435
21.5537 129.507
33.7853 -1.94872
32.7841 9.47628
30.2146 20.9907
28.3221 34.7983
28.7299 46.994
31.9083 61.8414
35.1865 72.7094
36.6538 82.2323
36.7609 92.9939
35.7566 104.856
34.3576 117.517
33.7577 129.716
45.3674 -2.16571
43.6582 8.23361
41.4646 20.3979
37.7902 35.3289
39.8528 51.9347
45.2563 66.8688
49.8658 75.1318
50.3938 78.5191
48.0922 92.5417
48.8493 102.653
46.2808 118.61
45.9099 130.912
57.4443 -2.5642
55.8375 7.86648
54.8987 19.2846
52.901 34.3011
51.3606 51.722
56.9074 67.7475
61.0308 76.2682
60.8548 79.1437
61.7837 92.2782
59.5826 103.695
58.9748 122.035
58.117 133.075
69.4993 -2.53226
70.4249 7.83957
71.1874 19.7624
71.5567 33.7098
72.9821 50.9586
70.2201 68.3229
68.6848 77.2108
68.0683 83.1917
67.7864 92.2947
68.5118 108.563
67.9791 123.11
68.9972 133.375
81.7061 -2.38547
83.2568 7.87772
84.9389 19.7723
88.8472 35.1328
87.0899 53.1137
82.0523 67.6313
75.8445 76.5537
75.313 77.6267
76.6434 92.0779
77.8765 99.7722
80.1963 119.705
80.9728 132.014
93.3566 -1.96089
94.8707 8.88977
97.6981 20.8336
100.387 35.5719
99.3444 47.3092
94.1062 65.1282
89.8266 74.8272
88.0374 81.5177
88.4087 92.9686
89.1408 103.81
92.2308 117.728
93.0787 130.134
105.197 -2.11133
105.601 9.77471
107.354 21.4909
108.958 34.3363
108.704 46.4965
106.639 59.6407
104.352 71.3433
103.208 82.0472
103.461 93.1137
104.248 105.091
104.979 117.414
105.347 129.557
117.381 -2.39391
117.332 9.68362
117.693 21.6817
118.273 33.7445
118.135 45.8561
117.387 57.8746
116.926 69.7733
116.903 81.5554
117.085 93.4051
117.278 105.406
117.416 117.464
117.482 129.498
129.488 -2.49257
129.462 9.52697
129.483 21.5423
129.552 33.543
129.503 45.5322
129.372 57.5158
129.347 69.5084
129.403 81.497
129.454 93.4868
129.484 105.489
129.498 117.496
129.502 129.5
