-2.50084 -2.50065
-2.49476 9.50319
-2.49199 21.5073
-2.49727 33.5085
-2.48514 45.5066
-2.46141 57.5016
-2.46097 69.4985
-2.47805 81.4977
-2.49215 93.4974
-2.49888 105.498
-2.50097 117.499
-2.50087 129.5
9.53965 -2.46795
9.58426 9.56889
9.52655 21.5799
9.38393 33.5893
9.42256 45.608
9.62035 57.5884
9.72476 69.5435
9.69181 81.4972
9.61562 93.4708
9.55278 105.475
9.515 117.49
9.50089 129.499
21.6731 -2.3139
21.6347 9.72908
20.9342 21.5926
20.1652 33.8517
20.3741 46.1108
21.2071 58.2493
22.1464 70.0388
22.4574 81.5979
22.2823 93.3189
21.9535 105.332
21.6739 117.447
21.5418 129.504
33.7064 -2.10057
32.9033 9.43031
30.8453 21.0697
29.6081 34.6786
30.0481 46.4271
32.5887 60.7716
34.9469 71.7
35.769 81.8564
35.8707 93.1282
35.2147 104.984
34.1499 117.501
33.6969 129.656
45.3504 -2.34891
43.9503 8.35303
42.4777 20.8269
39.5702 35.232
41.6302 50.602
45.6824 64.5609
48.8342 73.0545
48.9334 76.9037
46.5774 92.6859
47.7582 102.818
45.9215 118.304
45.805 130.543
57.467 -2.76035
56.1037 8.17501
55.5693 20.0127
53.9681 34.3965
52.6718 50.3081
56.8307 65.0125
60.203 73.8469
59.8163 77.1623
60.9185 92.3686
58.841 103.718
58.7964 120.988
58.0628 132.141
69.4862 -2.73267
70.2968 8.18461
70.8489 20.5409
71.1076 33.8854
72.3586 49.7669
70.341 65.5634
69.0896 74.8578
68.4162 81.917
67.9781 92.4019
68.6382 108.237
68.0329 121.872
69.0269 132.285
81.6951 -2.57009
82.9332 8.0984
83.9785 20.3844
87.1308 35.0877
85.4468 51.5439
81.8808 65.0019
77.0358 74.269
76.5811 75.4809
78.1163 92.2165
79.052 100.043
80.5451 119.084
81.0826 131.381
93.4135 -2.12948
94.667 8.90994
96.8456 21.0329
98.6955 35.4032
97.624 46.543
93.4256 63.3774
90.4531 73.2158
89.4082 80.6454
89.7991 93.1436
90.0671 103.991
92.5616 117.616
93.1818 129.963
105.275 -2.21563
105.579 9.69487
106.934 21.4788
108.012 34.2111
107.774 46.133
106.234 59.0644
104.47 70.7723
103.694 81.8371
103.925 93.1852
104.522 105.172
105.096 117.428
105.382 129.54
117.411 -2.42228
117.37 9.63523
117.612 21.6368
117.996 33.6825
117.88 45.7499
117.357 57.7595
117.039 69.69
117.03 81.5352
117.172 93.424
117.323 105.425
117.433 117.471
117.486 129.498
129.491 -2.49461
129.472 9.51946
129.483 21.5305
129.527 33.5306
129.489 45.5214
129.399 57.5104
129.384 69.5063
129.425 81.4977
129.464 93.4898
129.487 105.491
129.498 117.497
129.501 129.5
