0.00266637 0.000451306
-0.00621196 -0.0022076
0.0102089 -0.000783781
-0.0191425 -0.0111806
0.0186268 0.0293004
-0.0364255 -0.0141116
0.00486487 0.0039878
-0.00323319 -0.00324697
0.00956974 0.00213362
-0.00289804 -0.0031738
0.00259222 0.00304078
-0.000555242 -0.00059559
-0.00707306 -0.00122817
0.0159543 0.00569972
-0.0267676 0.00291767
0.0535617 0.0315787
-0.0454557 -0.0794969
0.0987254 0.0377524
-0.0134476 -0.0118877
0.00773356 0.00839767
-0.0275527 -0.00550793
0.00604628 0.00873675
-0.00757356 -0.00774379
0.00133822 0.00164545
0.0134215 0.00125874
-0.0359105 -0.0120473
0.0667857 -0.00554308
-0.0106007 -0.0636058
0.166311 0.13571
-0.174013 -0.105945
0.0464908 0.016858
-0.00769673 -0.0259131
0.0656796 0.0122617
-0.010045 -0.0199851
0.015833 0.0169126
-0.00377377 -0.00288406
-0.0229975 -0.00702262
0.0840619 0.0576924
0.310719 0.155494
0.864216 0.172835
0.804911 -0.600183
0.827516 -0.248247
-0.0134067 -0.272378
0.25733 0.0266304
-0.0330462 -0.0635064
0.187087 0.00331365
0.0230112 -0.0599851
0.0162281 0.00523263
0.0320744 0.026022
0.249607 0.348862
1.03392 0.671545
1.9776 -0.314149
1.68919 -1.26638
-0.514636 -2.31739
2.10029 1.04735
-0.885128 -1.3962
0.637631 -0.0155785
0.3752 -0.230947
0.418518 -0.0265457
-0.00135455 0.00401169
0.078145 0.159505
0.115041 1.04061
0.572094 0.979067
0.675241 -0.409546
0.865166 -1.82243
-0.47316 -2.89968
-2.92915 -0.480261
2.03449 -0.992387
-0.113261 -0.289364
0.809504 0.0893674
0.359602 0.178273
0.0581915 0.143295
-0.0502859 0.209047
-0.0930716 1.27276
-0.465627 0.938177
-0.589397 -0.462022
-0.447528 -2.03855
0.570298 -2.56197
1.16698 -2.20242
-0.266059 -0.154549
0.101223 -0.0432496
-0.270036 0.160793
-0.0907697 0.301865
-0.0630806 0.23474
-0.081351 0.0676338
-0.289294 0.77106
-1.44286 1.09047
-2.25742 -0.635344
-1.88129 -1.97741
0.999542 -3.51802
2.47205 3.90687
-3.41565 -4.25644
0.0766365 -0.216729
-0.883762 -0.0613762
-0.512512 0.0808476
-0.0373337 0.0656016
0.0118566 0.00070014
-0.22759 0.185965
-0.858937 0.503156
-2.00653 0.259595
-1.32903 -1.33808
-0.907056 -1.02134
-0.799201 -0.134269
0.15066 -0.514236
-0.631113 0.121
-0.131534 -0.202909
-0.279879 -0.0691813
0.0188286 -0.025456
-0.00854312 -0.000968404
0.0363975 0.00531271
-0.159215 -0.00882031
-0.100843 -0.0242865
-0.50106 0.0515853
-0.223863 -0.116838
0.130186 -0.177886
-0.310011 0.0923416
0.0740459 -0.0947717
-0.163938 0.0291227
0.0431241 -0.0145618
-0.027774 0.0134856
0.00249078 0.000450474
-0.0178301 0.002318
0.012547 0.0264161
-0.130013 0.0139709
0.0516498 -0.0737957
0.0555978 -0.0175551
-0.106014 0.0494857
0.0948383 -0.0493773
-0.0611317 0.0392607
0.0571977 -0.0220565
-0.0291004 0.00606406
0.0145853 -0.0065615
-0.000880325 -0.00013908
0.00615694 -0.000553992
-0.00580191 -0.00867915
0.0367583 -0.0034799
-0.0237594 0.0244621
-0.0244244 0.00665875
0.0405415 -0.0206854
-0.0372123 0.0182781
0.0258628 -0.015233
-0.0209962 0.00916194
0.0123345 -0.00215765
-0.0055168 0.00268749
