0.000716112 0.000252513
-0.00106094 -0.00145704
-0.00178611 -0.00147025
-0.000639277 -0.00538872
-0.00666442 0.0189223
-0.011949 0.00446176
0.0112246 0.00585844
-0.0128005 -0.00314101
0.0173177 -0.000347588
-0.00742106 -0.00176883
0.00594074 0.00150294
-0.00161798 2.19374e-05
-0.0020338 -0.000749463
0.00239211 0.00372892
0.0058492 0.0046007
0.00443727 0.0151437
0.0226406 -0.0510854
0.0331574 -0.0128153
-0.0294895 -0.0164532
0.0323453 0.00791922
-0.0477949 0.00111495
0.0176884 0.00507612
-0.0162455 -0.00371666
0.00407316 2.46613e-05
0.00330748 0.000695391
-0.0039755 -0.0061422
0.00944204 -0.00224249
0.0773174 -0.0265108
0.037457 0.0865208
-0.0254019 0.00209947
0.0796555 0.0211089
-0.0535699 -0.0218103
0.107526 -0.00399982
-0.0327235 -0.0119925
0.0327983 0.00836904
-0.00899465 0.000498425
0.00504197 -0.00245604
0.0373637 0.0672426
0.384377 0.133538
0.668753 0.0865564
0.85479 -0.555135
0.471536 -0.434223
-0.00928787 -0.177138
0.327069 -0.00232138
-0.0648958 -0.0156006
0.227553 -0.0278444
-0.00352796 -0.0407123
0.0237799 -0.00220521
0.0154328 0.0381948
0.268089 0.341501
1.01464 0.593518
2.02719 -0.385775
1.58329 -1.32467
0.0723012 -1.82166
0.0955236 0.237329
0.311902 -0.724798
0.6496 -0.127843
0.378408 -0.187822
0.438155 -0.0637253
0.00173497 0.0176154
0.0553022 0.173364
0.181312 1.01041
0.564963 0.99498
0.982613 -0.361455
0.826689 -1.94444
-0.561344 -2.63906
-0.861013 -0.704773
0.431051 -0.979675
0.238962 -0.275628
0.630577 0.063526
0.36846 0.146759
0.0515265 0.136918
-0.0363458 0.214512
-0.146836 1.27214
-0.432886 0.999041
-0.75289 -0.402561
-0.399956 -2.05575
0.443488 -2.87999
0.380036 -1.40818
-0.080576 -0.420894
-0.0516945 -0.000565561
-0.257627 0.128703
-0.0613517 0.363431
-0.0748104 0.1997
-0.0417175 0.0937932
-0.371503 0.710627
-1.41533 1.02892
-2.50984 -0.667309
-1.83663 -2.10888
0.839957 -2.7324
0.544841 2.14443
-0.801018 -2.97145
-0.379326 -0.222907
-0.515965 -0.0680272
-0.573233 0.0193642
-0.0132842 0.072192
-0.0204739 0.0035814
-0.14893 0.217215
-0.961306 0.389842
-1.66454 0.142529
-1.35856 -1.2854
-0.777178 -1.06858
0.0460358 -0.29334
-0.605137 -0.23319
-0.316251 0.00495481
-0.401955 -0.167602
-0.163427 -0.0736444
-0.033113 -0.017198
-0.00924702 0.00285082
0.0043535 0.00550126
-0.0910468 0.0173689
-0.192766 -0.0194062
-0.370714 0.00612617
-0.110377 -0.149238
-0.124732 -0.0361144
-0.0866263 0.0182304
-0.112792 -0.0490933
-0.0441482 0.000304845
-0.0371092 -0.00748363
0.00630211 0.00700702
0.00323125 -0.000716104
-0.0118022 0.00660761
-0.0230113 0.0168764
-0.0715237 0.0192406
0.0184601 -0.0509802
-0.0226921 0.0132372
0.011476 -0.0115809
-0.0102418 -0.0173934
0.0212214 0.0183461
-0.00372815 -0.00859161
0.0120081 0.00186607
-0.00306508 -0.00315047
-0.00122977 0.000292452
0.00405546 -0.00209659
0.00508911 -0.00476621
0.017785 -0.0060208
-0.0153972 0.0179508
0.0048807 -0.0064201
-0.00580639 0.0025413
0.00366803 0.00592581
-0.00636611 -0.00704796
0.0031226 0.00379663
-0.003788 -0.000440134
0.00138908 0.00134313
