0.00213435 0.000424623
-0.00475692 -0.00209182
0.00674435 -0.000728144
-0.0134433 -0.0102531
0.0109346 0.0273019
-0.0306074 -0.0108474
0.00963816 0.00662283
-0.00808264 -0.00450227
0.0130022 0.0022193
-0.00503112 -0.00320328
0.00406901 0.0028672
-0.00109263 -0.000519876
-0.00570215 -0.001169
0.012116 0.0053939
-0.0172618 0.00273085
0.0381549 0.0287884
-0.0243307 -0.0739316
0.0827921 0.0286058
-0.0256753 -0.0186677
0.0201544 0.0115971
-0.0363792 -0.00568731
0.0114915 0.00880604
-0.0113725 -0.00728478
0.00271906 0.00144413
0.0106756 0.00124507
-0.0268361 -0.0108909
0.0497428 -0.00336289
0.0173886 -0.0567059
0.1254 0.126948
-0.135167 -0.0853505
0.0711526 0.0292415
-0.0324124 -0.0320519
0.083837 0.0120892
-0.0206339 -0.0199963
0.0231872 0.0158824
-0.00640795 -0.00244359
-0.01516 -0.00611501
0.0700642 0.0611033
0.332282 0.148038
0.809392 0.154936
0.826469 -0.596463
0.728866 -0.284894
-0.0357046 -0.26528
0.30134 0.0315454
-0.0569707 -0.0579338
0.206228 -0.000878455
0.0112982 -0.0569941
0.0202217 0.00402146
0.02661 0.0295541
0.256863 0.346158
1.02749 0.653496
1.99219 -0.333328
1.65743 -1.26564
-0.333321 -2.21687
1.52494 0.852583
-0.540981 -1.20926
0.644559 -0.0475444
0.371973 -0.219655
0.426121 -0.0352413
-0.00190068 0.00737475
0.074558 0.162916
0.126741 1.03313
0.576949 0.982695
0.732818 -0.393428
0.880417 -1.86381
-0.55218 -2.82048
-2.14664 -0.556198
1.4411 -1.02083
0.00746829 -0.275982
0.75964 0.0790159
0.360799 0.171086
0.0571944 0.141234
-0.0485585 0.21064
-0.102531 1.27179
-0.464169 0.952054
-0.615939 -0.447982
-0.455104 -2.04056
0.57758 -2.66222
0.831828 -1.94883
-0.180805 -0.205731
0.0464537 -0.0492239
-0.270947 0.157936
-0.0791832 0.314786
-0.068391 0.226991
-0.0712731 0.074829
-0.310099 0.754531
-1.43729 1.0792
-2.31164 -0.642586
-1.88307 -2.00382
0.996242 -3.35406
1.48001 3.74006
-2.21982 -4.22859
-0.0916929 -0.201064
-0.758029 -0.07245
-0.532356 0.0664091
-0.0289747 0.066491
0.005251 0.00145312
-0.210703 0.194498
-0.880524 0.471904
-1.93266 0.234037
-1.32258 -1.32742
-0.922522 -1.00794
-0.501016 -0.226635
-0.100618 -0.391705
-0.523177 0.0687232
-0.218844 -0.182474
-0.242954 -0.0744535
0.00253258 -0.0214522
-0.0103761 9.00976e-05
0.0319625 0.00507403
-0.146892 0.000567478
-0.116067 -0.0284636
-0.482092 0.0451823
-0.165275 -0.140632
0.0489984 -0.125598
-0.252949 0.0624883
0.0242393 -0.0758578
-0.12944 0.0180456
0.0190362 -0.0102968
-0.0174121 0.0107216
0.00360756 7.10698e-05
-0.0186112 0.00375775
0.00715042 0.022278
-0.120835 0.0191787
0.0543843 -0.0721652
0.0179289 -0.00038341
-0.0700876 0.0271881
0.0702791 -0.0377412
-0.0403379 0.0313952
0.0400193 -0.0170476
-0.0167835 0.0038557
0.00920942 -0.00515622
-0.00134591 1.08834e-05
0.00655156 -0.0010959
-0.0046036 -0.00700734
0.034493 -0.00568981
-0.0263476 0.0246151
-0.0103315 -0.000267452
0.0264653 -0.0122714
-0.0276489 0.0138349
0.0176844 -0.012185
-0.014156 0.00718008
0.00748081 -0.00127907
-0.00340681 0.00213725
