-2.50079 -2.50062
-2.49507 9.50298
-2.49238 21.5068
-2.49713 33.5079
-2.48567 45.5062
-2.4635 57.5014
-2.46314 69.4986
-2.4792 81.4979
-2.49251 93.4975
-2.4989 105.498
-2.50091 117.499
-2.50082 129.5
9.53734 -2.46988
9.57951 9.56468
9.52667 21.5751
9.39527 33.5838
9.43252 45.6006
9.61671 57.5821
9.71365 69.5406
9.68237 81.4972
9.61028 93.4722
9.55046 105.476
9.51437 117.491
9.50088 129.499
21.663 -2.32512
21.6276 9.71483
20.9648 21.5835
20.2467 33.8353
20.4551 46.0725
21.2357 58.1999
22.1214 70.0017
22.4094 81.5892
22.2429 93.3271
21.9316 105.34
21.6654 117.449
21.5396 129.504
33.6926 -2.12618
32.9203 9.42006
30.9471 21.0793
29.8189 34.6542
30.2634 46.3284
32.6899 60.5928
34.887 71.541
35.6119 81.8048
35.7208 93.1551
35.1212 105.008
34.1134 117.499
33.6862 129.646
45.3466 -2.3807
43.9981 8.37006
42.6512 20.8955
39.8725 35.2081
41.9323 50.3691
45.7542 64.1736
48.6629 72.715
48.689 76.6474
46.335 92.7192
47.579 102.848
45.8587 118.254
45.7861 130.483
57.4703 -2.79461
56.1487 8.22568
55.6855 20.1339
54.157 34.4047
52.8992 50.0584
56.8337 64.5581
60.0655 73.4476
59.638 76.8405
60.7755 92.3973
58.7175 103.721
58.7635 120.815
58.0522 131.988
69.4842 -2.76761
70.2751 8.24229
70.79 20.6716
71.0262 33.909
72.2472 49.5487
70.3525 65.1065
69.1589 74.4697
68.4772 81.7204
68.0084 92.4342
68.6598 108.18
68.0423 121.667
69.0324 132.106
81.6941 -2.60237
82.8792 8.13295
83.812 20.4843
86.8354 35.0715
85.1644 51.2707
81.8413 64.5626
77.2306 73.8919
76.7916 75.1284
78.3546 92.2538
79.2448 100.091
80.6067 118.982
81.1026 131.278
93.4239 -2.15838
94.6353 8.91012
96.7031 21.0623
98.4134 35.3692
97.3352 46.4072
93.3209 63.0841
90.5701 72.9576
89.6404 80.5167
90.0248 93.1811
90.2222 104.024
92.6193 117.598
93.1999 129.935
105.288 -2.23299
105.578 9.68016
106.869 21.4742
107.863 34.1876
107.628 46.0714
106.177 58.9705
104.504 70.684
103.784 81.8081
104.007 93.1998
104.571 105.188
105.116 117.43
105.389 129.538
117.416 -2.42695
117.377 9.62713
117.601 21.6288
117.957 33.6718
117.845 45.7332
117.357 57.7419
117.061 69.6774
117.053 81.5324
117.188 93.4275
117.331 105.429
117.436 117.472
117.487 129.498
129.492 -2.49494
129.473 9.51825
129.484 21.5286
129.523 33.5286
129.488 45.5198
129.404 57.5097
129.391 69.5059
129.429 81.4978
129.465 93.4903
129.487 105.492
129.498 117.497
129.501 129.5
