0.00135282 0.000341017
-0.00267857 -0.00178848
0.00192801 -0.00103391
-0.00588028 -0.00796699
0.000500845 0.0231687
-0.0205098 -0.00388996
0.0119967 0.00784232
-0.0117343 -0.00489961
0.0159004 0.00150152
-0.00672759 -0.00275752
0.00532672 0.00232398
-0.0014936 -0.000298622
-0.00368494 -0.000967564
0.00664962 0.00460071
-0.00417874 0.00348677
0.0180632 0.0223014
0.00374518 -0.0626123
0.0557281 0.00962244
-0.0316004 -0.0217253
0.0295459 0.0125578
-0.0439429 -0.00376268
0.015857 0.00764637
-0.0146285 -0.00586285
0.00375067 0.000863274
0.00664178 0.00100281
-0.0140847 -0.00858263
0.026626 -0.002279
0.0534272 -0.0422521
0.0722716 0.107391
-0.0742216 -0.044678
0.0830551 0.0333481
-0.0496839 -0.0327366
0.0993119 0.00707369
-0.0290792 -0.0174078
0.0295328 0.0128511
-0.00836923 -0.0012267
-0.00415181 -0.00437717
0.0512334 0.0647203
0.361869 0.139754
0.732203 0.122476
0.851037 -0.579403
0.585687 -0.354669
-0.0299339 -0.232079
0.325018 0.0230612
-0.0669831 -0.0409829
0.220722 -0.0120936
0.00155197 -0.0499771
0.0229998 0.00129202
0.0197453 0.0342197
0.265118 0.343175
1.01892 0.624729
2.01281 -0.360976
1.61229 -1.28328
-0.0922779 -2.03327
0.729063 0.544939
-0.0615683 -0.951933
0.645516 -0.0909122
0.37506 -0.202659
0.433177 -0.0493438
-0.00062606 0.0126106
0.0667585 0.168025
0.149717 1.02201
0.577323 0.988022
0.84017 -0.373032
0.876548 -1.91419
-0.601955 -2.72131
-1.32678 -0.642087
0.810074 -1.01618
0.145072 -0.270639
0.690111 0.0682414
0.364503 0.159676
0.0545385 0.138586
-0.0439048 0.212807
-0.121284 1.27119
-0.454621 0.974485
-0.671744 -0.426185
-0.443413 -2.04581
0.534819 -2.78323
0.526819 -1.64671
-0.10956 -0.310734
-0.0133544 -0.0320152
-0.265922 0.146427
-0.0679855 0.33749
-0.0729129 0.213968
-0.0563161 0.0847484
-0.341046 0.731613
-1.42767 1.05719
-2.40178 -0.65437
-1.8743 -2.05132
0.951937 -3.06688
0.679544 3.07881
-1.16803 -3.74271
-0.268034 -0.20422
-0.616025 -0.0754307
-0.556028 0.0435267
-0.0195283 0.0688101
-0.00653039 0.00257631
-0.181875 0.206264
-0.917623 0.429051
-1.8088 0.189932
-1.32807 -1.30691
-0.887398 -1.02154
-0.161406 -0.294054
-0.40028 -0.279103
-0.397658 0.0221865
-0.325092 -0.167252
-0.197176 -0.0769667
-0.017817 -0.0179633
-0.0110179 0.00151051
0.0207396 0.0051948
-0.122381 0.0105946
-0.148657 -0.0265641
-0.436353 0.0275463
-0.114065 -0.155284
-0.0561292 -0.0675835
-0.16311 0.030387
-0.0497197 -0.0562223
-0.0821451 0.00598901
-0.0125773 -0.00694115
-0.00399393 0.00799438
0.00408421 -0.000359284
-0.0168297 0.00536837
-0.00552965 0.0186077
-0.0998502 0.0211418
0.0440573 -0.0633033
-0.0166534 0.0126785
-0.0213775 0.00186006
0.0283145 -0.0237629
-0.00772953 0.0223957
0.0159509 -0.0113778
-0.000539197 0.00192818
0.00223766 -0.0037249
-0.00155428 0.000169982
0.00595168 -0.00167484
-0.000802512 -0.00550051
0.0278066 -0.00665674
-0.0241288 0.0220958
0.00269409 -0.00578604
0.00727697 -0.00262838
-0.0113034 0.00844338
0.00490185 -0.00867143
-0.00461388 0.00492617
0.00110143 -0.000497974
-0.000676111 0.00157394
