-2.50014 -2.50012
-2.49907 9.50051
-2.49842 21.5012
-2.49892 33.5013
-2.49669 45.501
-2.49273 57.5002
-2.49265 69.4998
-2.49564 81.4996
-2.49829 93.4995
-2.49966 105.5
-2.50013 117.5
-2.50015 129.5
9.50712 -2.49439
9.5151 9.5117
9.50542 21.5129
9.48374 33.5152
9.49502 45.5177
9.52732 57.5139
9.545 69.5074
9.53941 81.4992
9.52493 93.4938
9.51178 105.495
9.50343 117.498
9.50029 129.5
21.5297 -2.46872
21.5045 9.5211
21.2497 21.4345
21.0989 33.5951
21.2626 45.5918
21.3708 57.619
21.6002 69.5837
21.669 81.5114
21.6484 93.4634
21.5908 105.465
21.5352 117.488
21.5083 129.5
33.4986 -2.46435
33.0678 9.22701
32.165 21.1096
32.434 34.2106
32.8974 44.9337
33.5937 58.3104
33.5988 69.7236
33.4128 81.3386
33.742 93.5973
33.8224 105.374
33.5879 117.496
33.5346 129.528
45.2738 -2.82191
44.5922 8.51407
45.0405 21.6896
43.9765 34.6462
46.0232 47.0597
46.7487 59.1522
46.375 68.5568
45.4223 73.6862
43.3899 93.3135
45.282 103.29
44.9679 117.65
45.5064 129.744
57.4992 -3.27779
56.7522 8.86144
57.3322 21.6778
56.8854 34.2061
56.0582 46.4475
57.3286 58.6986
58.364 68.4415
57.2387 72.9479
59.0075 92.9809
57.1056 103.696
58.2492 118.598
57.8724 130.055
69.4637 -3.25883
69.9802 8.99457
69.9454 22.3609
69.8025 33.9262
70.6419 46.185
70.2493 59.212
70.0818 69.6066
69.315 79.6137
68.3421 93.0668
68.9525 107.353
68.177 119.026
69.1192 129.821
81.7027 -3.05692
82.1748 8.51894
81.4534 21.7013
82.7235 34.5676
81.2602 47.4287
81.0137 58.8742
79.6571 69.1411
79.4849 70.7328
81.2416 92.9774
81.6953 100.756
81.5013 117.712
81.4055 129.995
93.5807 -2.55022
94.2846 8.83323
94.8571 21.3307
94.746 34.7428
93.5491 44.4045
92.2424 59.3099
92.4421 69.9222
92.7144 79.2144
92.8391 93.8219
92.2714 104.533
93.4395 117.407
93.4585 129.592
105.466 -2.45736
105.615 9.46026
106.166 21.3518
106.163 33.8216
106.035 45.2539
105.776 57.8178
105.31 69.6908
105.153 81.5405
105.179 93.4512
105.299 105.431
105.425 117.484
105.478 129.507
117.484 -2.48649
117.478 9.52212
117.528 21.5183
117.589 33.5323
117.558 45.5399
117.467 57.54
117.408 69.5305
117.405 81.5052
117.432 93.4837
117.463 105.484
117.486 117.494
117.497 129.499
129.498 -2.49907
129.495 9.50328
129.496 21.5051
129.502 33.5049
129.495 45.5031
129.48 57.5018
129.478 69.5014
129.485 81.4996
129.492 93.4979
129.497 105.498
129.499 117.499
129.5 129.5
