0.00392371 0.000265454
-0.0100673 -0.0018383
0.0207462 -0.00362333
-0.0369309 -0.00865431
0.0381402 0.0290068
-0.0311677 -0.0165726
-0.0478642 -0.015002
0.0346853 0.00150539
-0.0179721 0.00139353
0.0165918 -0.00179981
-0.0110199 0.00269618
0.00487895 -0.000491318
-0.0104044 -0.000732413
0.0265535 0.00482059
-0.0574434 0.0106586
0.105176 0.026339
-0.105124 -0.0792994
0.0887022 0.0470614
0.123084 0.0375238
-0.0887116 -0.00393002
0.042261 -0.00357553
-0.0432766 0.00516176
0.0272404 -0.00685012
-0.012614 0.00138049
0.0209416 4.44661e-05
-0.0660337 -0.0134479
0.125502 -0.0279608
-0.113876 -0.0646817
0.302772 0.125306
-0.207327 -0.137753
-0.242001 -0.0811922
0.202146 0.00367039
-0.0835718 0.00731189
0.0878921 -0.0119617
-0.0519475 0.01502
0.02316 -0.00234782
-0.0534168 -0.00874853
0.138751 0.0362728
0.230253 0.200025
1.07447 0.221885
0.737951 -0.556802
1.0921 -0.168367
0.489667 -0.218871
-0.30505 -0.0208892
0.315835 -0.0651983
-0.0221621 -0.00147651
0.141299 -0.0596102
-0.0285138 0.00570078
0.0568333 0.00869774
0.215486 0.363963
1.05726 0.739235
1.91595 -0.249227
1.81703 -1.32962
-1.23697 -2.58987
3.98218 1.92608
-1.72652 -2.53727
0.368969 0.160214
0.542018 -0.263515
0.334403 -0.00275355
0.0254601 -0.00619858
0.0836138 0.144273
0.08702 1.07497
0.532356 0.956397
0.520891 -0.475669
0.69178 -1.63208
0.339713 -3.31986
-9.10479 -0.287683
6.59807 0.102281
-0.876701 -0.569398
0.973064 0.149742
0.384519 0.212258
0.0459759 0.148998
-0.0495167 0.201932
-0.0707928 1.28
-0.450183 0.887503
-0.534227 -0.51387
-0.330672 -2.04491
0.0907478 -1.87654
4.84141 -4.05875
-1.45121 -0.681462
0.513176 0.436263
-0.185043 0.114314
-0.192376 0.269144
-0.0118837 0.257288
-0.121766 0.0343437
-0.205597 0.84662
-1.46264 1.11271
-2.06134 -0.616691
-1.8762 -1.88638
1.00022 -3.99098
10.9446 -0.204337
-13.679 1.13608
1.44477 -0.640886
-1.76417 0.102487
-0.400851 0.135182
-0.087008 0.0657379
0.0297347 -0.00365111
-0.280364 0.1487
-0.785235 0.648026
-2.27848 0.331065
-1.36167 -1.36246
-0.664391 -1.26734
-2.37119 0.713431
1.43149 -1.51933
-1.19771 0.561567
0.322438 -0.371828
-0.461677 -0.0235236
0.098561 -0.0533121
0.00801925 -0.00551026
0.0350433 0.0070498
-0.190114 -0.0692883
-0.0520113 0.0483357
-0.546434 0.0225197
-0.552718 0.0913198
0.382204 -0.445092
-0.375383 0.209467
0.198511 -0.181385
-0.291157 0.0795017
0.145256 -0.0388128
-0.073161 0.0287723
-0.00709404 0.00258343
-0.00224064 -0.00599829
0.0177232 0.0585239
-0.149542 -0.0505913
-0.00140841 -0.0322596
0.259874 -0.153972
-0.19679 0.150825
0.10821 -0.0785051
-0.102231 0.0668526
0.116867 -0.0415023
-0.0800272 0.0168748
0.0377148 -0.013737
0.00310366 -0.00107391
-0.000443926 0.0027886
-0.00296584 -0.0214952
0.0359981 0.0226104
0.00567729 0.00365692
-0.098293 0.0595494
0.0761275 -0.057954
-0.0421866 0.0289174
0.0420049 -0.0257136
-0.0448238 0.0167593
0.0324225 -0.00636385
-0.0145833 0.00545756
