0.000553229 0.000232754
-0.000670244 -0.00137059
-0.00270873 -0.00156715
0.000498986 -0.00463706
-0.00814759 0.0177587
-0.00992086 0.00725529
0.0108571 0.00463312
-0.0130404 -0.0021252
0.0177421 -0.00117084
-0.00758904 -0.00135831
0.00609365 0.00119364
-0.00163501 0.000139692
-0.00160977 -0.000700737
0.0013615 0.00349873
0.00833689 0.00484765
0.00154299 0.0130652
0.0264878 -0.047927
0.0278724 -0.0202761
-0.0285247 -0.013227
0.0330005 0.00524863
-0.0489786 0.00328781
0.018145 0.00400574
-0.016655 -0.00290693
0.00411859 -0.000283472
0.00244296 0.000629562
-0.0014291 -0.00544405
0.00536929 -0.00207914
0.0821882 -0.0218243
0.0306132 0.0806956
-0.0140367 0.0175187
0.0782445 0.0142623
-0.0544492 -0.0159534
0.110187 -0.00876586
-0.0336941 -0.00976747
0.0336637 0.00668515
-0.00909275 0.00112986
0.00754775 -0.00185331
0.034231 0.0680511
0.389759 0.131493
0.651707 0.0749055
0.849986 -0.547329
0.443306 -0.460523
-0.00463892 -0.156028
0.328208 -0.0132069
-0.0647853 -0.0061268
0.22977 -0.0336196
-0.00499933 -0.0373744
0.0239153 -0.00344097
0.0147671 0.0394019
0.267437 0.341184
1.01493 0.582611
2.02927 -0.393489
1.58065 -1.34302
0.103092 -1.74919
-0.069641 0.140667
0.406227 -0.657883
0.653237 -0.138408
0.378519 -0.183769
0.439766 -0.0683948
0.00257186 0.0191464
0.0505064 0.175236
0.194256 1.00631
0.556741 0.998065
1.04087 -0.360545
0.795324 -1.94901
-0.524351 -2.61297
-0.773099 -0.724057
0.350547 -0.962412
0.262275 -0.278755
0.613178 0.0633446
0.369585 0.142011
0.0505728 0.136641
-0.033093 0.214915
-0.15716 1.27297
-0.422025 1.00759
-0.787231 -0.393728
-0.377018 -2.06123
0.403429 -2.90818
0.356881 -1.33928
-0.0777835 -0.455349
-0.0604171 0.0109972
-0.25479 0.121836
-0.0596872 0.372632
-0.075108 0.194763
-0.0370033 0.0967007
-0.381428 0.703878
-1.41048 1.01831
-2.55133 -0.67241
-1.81544 -2.12905
0.787581 -2.613
0.608237 1.80922
-0.787493 -2.68949
-0.406113 -0.23043
-0.489594 -0.0641713
-0.577738 0.0110786
-0.0117891 0.073521
-0.0255025 0.00380619
-0.13725 0.220924
-0.97713 0.377053
-1.61207 0.127495
-1.37395 -1.27996
-0.725712 -1.08908
0.0887399 -0.282244
-0.654139 -0.228796
-0.298065 0.00393929
-0.421598 -0.170459
-0.154719 -0.0714561
-0.0371597 -0.0174524
-0.00821624 0.00334045
-0.00199144 0.00545811
-0.0796103 0.0194323
-0.208966 -0.017109
-0.346109 -0.000185593
-0.118525 -0.144241
-0.13788 -0.0310713
-0.0666227 0.018776
-0.130083 -0.049485
-0.034013 -0.000187298
-0.0435723 -0.00847935
0.00900694 0.00703193
0.00271401 -0.000854066
-0.0095773 0.00704678
-0.0295026 0.0164087
-0.061273 0.0185102
0.00782604 -0.047173
-0.0190206 0.0115978
0.017745 -0.0134327
-0.0208247 -0.0172971
0.0292505 0.018219
-0.0090057 -0.00833419
0.0152712 0.00224278
-0.00443605 -0.00313494
-0.00103046 0.000339859
0.00320673 -0.00224609
0.00735283 -0.00456921
0.0140407 -0.00574785
-0.0115479 0.0166318
0.00341278 -0.00590096
-0.00834625 0.00326169
0.00775518 0.00585847
-0.00946547 -0.00697413
0.00517899 0.00368061
-0.00504846 -0.000574127
0.00191937 0.00133425
