0.00354969 0.000405751
-0.00874206 -0.0021589
0.0165989 -0.00173427
-0.0299237 -0.0110642
0.0321109 0.0306258
-0.0411262 -0.0170187
-0.0146681 -0.00461748
0.012854 7.76599e-05
-0.00169919 0.00137676
0.00459155 -0.00256482
-0.00252976 0.00300087
0.00144012 -0.000594276
-0.00936298 -0.00109736
0.0227207 0.00560021
-0.0447331 0.00552314
0.0836217 0.0319946
-0.0840895 -0.0834602
0.112923 0.0467083
0.036953 0.0104032
-0.0333036 -0.000125368
0.00114939 -0.0036119
-0.0129647 0.0071756
0.00554806 -0.00765424
-0.00378526 0.00165028
0.0181715 0.000843644
-0.053033 -0.0132186
0.099816 -0.0142812
-0.0670793 -0.0687747
0.245698 0.138708
-0.223628 -0.129694
-0.0577622 -0.0264497
0.0785677 -0.00754475
0.00544909 0.00861431
0.0273407 -0.0167943
-0.00960276 0.0168422
0.00606078 -0.00294148
-0.0387133 -0.00817419
0.112516 0.0483194
0.268053 0.175255
0.9728 0.200179
0.764388 -0.587938
0.997782 -0.199173
0.139536 -0.25473
0.0637633 -0.000303157
0.0825023 -0.0643595
0.113069 0.00424056
0.0656546 -0.0618836
0.000465704 0.00617017
0.0441425 0.0179834
0.23301 0.35566
1.04637 0.705998
1.94806 -0.277983
1.75115 -1.2896
-0.884843 -2.4713
3.2036 1.42977
-1.49532 -1.84172
0.573987 0.0583102
0.415375 -0.250672
0.390204 -0.0120922
0.00582364 -0.00185571
0.0823221 0.152315
0.0980675 1.05666
0.555152 0.969755
0.585374 -0.443313
0.799603 -1.72968
-0.186955 -3.08949
-5.24978 -0.310976
3.77218 -0.7555
-0.435775 -0.362506
0.906479 0.11682
0.364294 0.193207
0.056268 0.147203
-0.0511134 0.205635
-0.0796061 1.27575
-0.460716 0.91225
-0.554374 -0.488976
-0.402523 -2.03825
0.436397 -2.29129
2.36865 -2.90881
-0.612558 -0.184828
0.260008 0.0599134
-0.249095 0.150869
-0.128551 0.281943
-0.0444793 0.247619
-0.101626 0.051853
-0.247395 0.807039
-1.45314 1.1058
-2.15629 -0.623654
-1.87611 -1.93134
0.98805 -3.78801
5.72652 3.13457
-7.28834 -3.06416
0.587932 -0.329199
-1.23492 -0.00737481
-0.462655 0.108094
-0.0592273 0.0652436
0.0223655 -0.00103733
-0.256593 0.167609
-0.820495 0.571997
-2.14392 0.300999
-1.34963 -1.35264
-0.808703 -1.10487
-1.53388 0.184801
0.753783 -0.900548
-0.895482 0.289484
0.0783937 -0.27059
-0.366204 -0.0503325
0.0567737 -0.0373927
-0.00185415 -0.0032716
0.0388855 0.0063245
-0.176763 -0.0346974
-0.0784848 0.000370075
-0.522542 0.0480269
-0.380593 -0.0344485
0.285798 -0.306147
-0.386581 0.159412
0.157696 -0.14015
-0.232753 0.0554059
0.0948772 -0.0265
-0.0504699 0.0207716
-0.00146514 0.00143243
-0.0120507 -0.00144754
0.0172654 0.0394028
-0.14022 -0.00881167
0.0286054 -0.063232
0.154213 -0.072926
-0.168962 0.101224
0.122267 -0.0710848
-0.0924824 0.0558177
0.0903016 -0.0331334
-0.0552045 0.0117938
0.0262515 -0.0101278
0.000765405 -0.000552931
0.00365796 0.000924268
-0.00544931 -0.0138799
0.0372099 0.00584232
-0.0109384 0.0183411
-0.0607303 0.0284197
0.0651205 -0.039949
-0.0478256 0.0264335
0.0382068 -0.0215937
-0.0342128 0.0135234
0.0226358 -0.00441252
-0.0100955 0.00407551
