0.000309692 0.000219288
-0.000131626 -0.00126721
-0.00409305 -0.00160525
0.00196373 -0.00346854
-0.00986748 0.0160914
-0.00739816 0.0124557
0.0106324 0.00166306
-0.0139306 0.000355719
0.0188471 -0.00300538
-0.00799744 -0.00049219
0.00640923 0.000564148
-0.0016671 0.00037427
-0.000974378 -0.0006692
-6.30148e-05 0.00321623
0.0120726 0.0049373
-0.00208059 0.00981952
0.0308669 -0.0433623
0.0213862 -0.034132
-0.0279647 -0.00541444
0.0354222 -0.00128364
-0.0520559 0.00814431
0.0192612 0.00173921
-0.0175062 -0.00125506
0.00420624 -0.000898128
0.00114106 0.000613127
0.00231206 -0.0043932
-0.000362289 -0.00109323
0.0878475 -0.0141746
0.0233024 0.0721897
0.000197602 0.0461152
0.0784572 -0.00183464
-0.0587293 -0.00203045
0.117161 -0.0192472
-0.0361374 -0.00507649
0.0355076 0.00324582
-0.00929984 0.00239068
0.0116105 -0.000807609
0.030438 0.0699031
0.397212 0.126858
0.623749 0.0535866
0.831569 -0.534527
0.403124 -0.50956
-0.00356531 -0.112805
0.336167 -0.0363485
-0.0684243 0.0129749
0.235651 -0.0452249
-0.00836859 -0.0306899
0.0242956 -0.00587281
0.0148194 0.0417016
0.26315 0.340805
1.01909 0.560223
2.02776 -0.408619
1.59007 -1.38485
0.123417 -1.6078
-0.328157 -0.0367484
0.548506 -0.539617
0.66455 -0.156638
0.37673 -0.177367
0.443183 -0.0773646
0.00419089 0.0219196
0.0392539 0.179174
0.224442 0.997636
0.531939 1.00607
1.17912 -0.364823
0.702207 -1.94834
-0.410718 -2.55918
-0.682489 -0.763979
0.244914 -0.921737
0.299169 -0.286515
0.581853 0.0650402
0.371412 0.131781
0.0488176 0.136549
-0.0253669 0.215342
-0.180985 1.27574
-0.393083 1.02462
-0.870342 -0.372804
-0.314417 -2.07896
0.307281 -2.95862
0.341761 -1.21556
-0.0807542 -0.518228
-0.0725293 0.0340796
-0.249601 0.107138
-0.056724 0.391646
-0.0754449 0.184739
-0.0279783 0.102565
-0.400586 0.690288
-1.39996 0.99614
-2.64386 -0.685796
-1.76008 -2.16631
0.666831 -2.369
0.840172 1.14342
-0.867387 -2.12683
-0.448406 -0.245761
-0.444832 -0.0551665
-0.585174 -0.00579082
-0.00951171 0.076443
-0.0358705 0.00388365
-0.113445 0.228986
-1.00977 0.350775
-1.50259 0.101666
-1.40944 -1.27574
-0.607255 -1.13235
0.142481 -0.25039
-0.728065 -0.231135
-0.272979 0.00674877
-0.453211 -0.179266
-0.140672 -0.0658065
-0.0438778 -0.0185736
-0.00571075 0.00451303
-0.0154047 0.00476788
-0.0564523 0.0241709
-0.241155 -0.0145309
-0.296539 -0.00906736
-0.145035 -0.132684
-0.150209 -0.0272911
-0.0360587 0.0258837
-0.158528 -0.0538506
-0.0176009 0.000670053
-0.0540295 -0.0115099
0.0133952 0.00752633
0.00145648 -0.00122479
-0.00465516 0.00816705
-0.0426942 0.0151305
-0.0410987 0.0179286
-0.0141509 -0.041482
-0.00535943 0.0072853
0.023124 -0.013927
-0.0375555 -0.0200072
0.0423765 0.0196606
-0.0175321 -0.00872637
0.0204545 0.00350132
-0.00661522 -0.00332264
-0.000547383 0.000470751
0.00132543 -0.00263767
0.0120159 -0.00405263
0.00656688 -0.00550995
-0.00341159 0.0146771
-0.0020023 -0.00442072
-0.0106236 0.00346881
0.0141649 0.0068305
-0.0144832 -0.00747188
0.00846979 0.00379736
-0.00703167 -0.00103487
0.00275602 0.00140044
