-2.50064 -2.50051
-2.496 9.50236
-2.49364 21.5054
-2.49701 33.5062
-2.4876 45.5048
-2.46992 57.5011
-2.4697 69.4989
-2.48273 81.4983
-2.49366 93.4979
-2.49899 105.499
-2.50071 117.5
-2.50066 129.5
9.53041 -2.47561
9.56505 9.55218
9.52526 21.5606
9.4248 33.5675
9.45728 45.5796
9.60264 57.5646
9.67877 69.5324
9.65289 81.4974
9.59335 93.4765
9.54304 105.48
9.51232 117.492
9.50083 129.499
21.6326 -2.35861
21.6039 9.67137
21.0488 21.5538
20.4771 33.7842
20.6818 45.9587
21.3055 58.0563
22.033 69.8956
22.2576 81.566
22.1197 93.3538
21.8625 105.364
21.6388 117.457
21.5331 129.503
33.6501 -2.20344
32.9664 9.38511
31.2461 21.102
30.4438 34.5727
30.9003 46.0247
32.9696 60.0574
34.673 71.0806
35.1275 81.666
35.2689 93.2429
34.8352 105.083
34.0008 117.494
33.6535 129.617
45.3336 -2.47808
44.1399 8.4161
43.1801 21.0957
40.7901 35.1215
42.849 49.6516
45.9724 63.0098
48.1475 71.7105
47.9517 75.9019
45.6233 92.8319
47.0443 102.941
45.6655 118.108
45.7272 130.305
57.4791 -2.90002
56.2848 8.37626
56.0423 20.4967
54.7426 34.4129
53.5961 49.2853
56.8716 63.1976
59.6566 72.2598
59.0962 75.8921
60.3511 92.502
58.3467 103.724
58.6592 120.297
58.0175 131.531
69.4786 -2.87496
70.2092 8.41552
70.6087 21.0649
70.7704 33.9659
71.901 48.8597
70.3713 63.74
69.3694 73.3147
68.6645 81.1593
68.0959 92.5505
68.7257 108.003
68.0713 121.053
69.05 131.57
81.6926 -2.70166
82.717 8.23258
83.3007 20.7799
85.9319 35.006
84.3021 50.4312
81.7032 63.2445
77.8076 72.7684
77.4201 74.0813
79.0557 92.3856
79.8188 100.239
80.7976 118.679
81.1654 130.972
93.4567 -2.24627
94.5441 8.90531
96.2754 21.1434
97.5668 35.256
96.4657 45.9848
93.0236 62.2042
90.944 72.2029
90.3421 80.1575
90.6929 93.3055
90.6894 104.129
92.7969 117.547
93.2556 129.852
105.328 -2.28499
105.578 9.63388
106.684 21.4559
107.43 34.1129
107.211 45.8853
106.029 58.6927
104.632 70.4304
104.069 81.7298
104.259 93.2479
104.724 105.236
105.181 117.44
105.408 129.53
117.432 -2.44087
117.399 9.60281
117.574 21.6043
117.849 33.6397
117.753 45.6849
117.365 57.6911
117.129 69.641
117.126 81.5248
117.237 93.4386
117.357 105.44
117.446 117.477
117.489 129.498
129.493 -2.49592
129.478 9.51467
129.486 21.523
129.516 33.5228
129.487 45.5153
129.42 57.5076
129.41 69.505
129.441 81.4982
129.471 93.4919
129.489 105.493
129.498 117.497
129.501 129.5
