-2.50009 -2.50008
-2.49937 9.50034
-2.49893 21.5008
-2.49925 33.5009
-2.49777 45.5007
-2.49513 57.5002
-2.49507 69.4999
-2.49706 81.4997
-2.49884 93.4996
-2.49976 105.5
-2.50009 117.5
-2.5001 129.5
9.50476 -2.49625
9.50998 9.50775
9.50244 21.5082
9.48699 33.5102
9.49578 45.5121
9.51772 57.5093
9.52997 69.505
9.52649 81.4995
9.51686 93.4958
9.50799 105.496
9.50233 117.499
9.5002 129.5
21.5194 -2.47962
21.4931 9.50578
21.2637 21.4212
21.1494 33.5751
21.3066 45.5563
21.3639 57.578
21.5456 69.5548
21.6032 81.5074
21.5958 93.4762
21.5598 105.477
21.5234 117.492
21.5056 129.5
33.4827 -2.49064
33.0736 9.20805
32.2496 21.1046
32.6237 34.1666
33.0837 44.8185
33.6267 58.1412
33.4631 69.6018
33.2358 81.3144
33.5876 93.6372
33.7161 105.407
33.5433 117.498
33.5219 129.519
45.2666 -2.85771
44.6356 8.51914
45.2355 21.7414
44.3072 34.5805
46.3511 46.7841
46.8318 58.7722
46.19 68.2613
45.1616 73.4877
43.1759 93.3684
45.1066 103.328
44.8936 117.607
45.4824 129.691
57.5004 -3.31763
56.8003 8.90845
57.4706 21.7911
57.113 34.16
56.3131 46.1411
57.4027 58.2517
58.2431 68.0745
57.0502 72.6742
58.88 93.0347
56.9809 103.69
58.2028 118.431
57.8554 129.912
69.4625 -3.29927
69.9564 9.05257
69.8734 22.4858
69.6978 33.8951
70.5101 45.885
70.2208 58.7598
70.1526 69.2508
69.3804 79.4869
68.3627 93.1233
68.9756 107.283
68.1883 118.825
69.1271 129.649
81.7049 -3.0943
82.1204 8.54354
81.2551 21.7861
82.3855 34.5018
80.942 47.1115
80.9243 58.4414
79.837 68.7913
79.6897 70.4125
81.4485 93.0453
81.8808 100.808
81.5774 117.62
81.4321 129.901
93.5942 -2.58137
94.2625 8.82152
94.7167 21.3418
94.4645 34.6787
93.2575 44.2315
92.1847 59.0271
92.6128 69.7147
92.9521 79.138
93.0484 93.8804
92.4319 104.578
93.5082 117.396
93.4803 129.568
105.48 -2.4745
105.621 9.44158
106.123 21.3382
106.052 33.7894
105.937 45.1903
105.772 57.7347
105.398 69.6241
105.271 81.5261
105.277 93.475
105.362 105.453
105.452 117.49
105.485 129.505
117.489 -2.491
117.487 9.51411
117.526 21.5095
117.57 33.5217
117.546 45.5266
117.482 57.5259
117.44 69.5198
117.436 81.5036
117.454 93.489
117.475 105.489
117.49 117.496
117.498 129.5
129.499 -2.49938
129.497 9.50218
129.497 21.5034
129.501 33.5033
129.496 45.5021
129.487 57.5012
129.485 69.5009
129.49 81.4997
129.495 93.4986
129.498 105.499
129.5 117.5
129.5 129.5
