-2.50054 -2.50044
-2.49661 9.50197
-2.49453 21.5045
-2.49714 33.5052
-2.48912 45.5039
-2.47431 57.5009
-2.47415 69.4991
-2.48515 81.4985
-2.49448 93.4982
-2.49908 105.499
-2.50058 117.5
-2.50056 129.5
9.52578 -2.4794
9.55525 9.54394
9.52299 21.5509
9.44106 33.5568
9.46989 45.5662
9.59085 57.5536
9.65423 69.5272
9.6322 81.4977
9.58125 93.4796
9.53765 105.482
9.51082 117.493
9.50076 129.499
21.6122 -2.38081
21.5865 9.64189
21.0983 21.5323
20.6192 33.7484
20.8192 45.8837
21.3389 57.964
21.9632 69.8287
22.1499 81.5526
22.0331 93.3731
21.8135 105.382
21.62 117.462
21.5285 129.502
33.621 -2.25525
32.9931 9.35843
31.4398 21.112
30.8541 34.5115
31.3166 45.8161
33.1342 59.7021
34.5017 70.7877
34.7951 81.5855
34.9659 93.3066
34.6399 105.136
33.9228 117.492
33.6309 129.599
45.3236 -2.54459
44.2329 8.44255
43.5399 21.2242
41.411 35.0506
43.469 49.1576
46.1208 62.2335
47.8015 71.0539
47.4558 75.4252
45.1608 92.9166
46.69 103.006
45.5326 118.012
45.686 130.189
57.4843 -2.97241
56.3765 8.47541
56.2873 20.7373
55.1486 34.403
54.0725 48.75
56.9217 62.2933
59.388 71.4773
58.7301 75.2752
60.0729 92.5847
58.0992 103.724
58.585 119.953
57.9922 131.23
69.4752 -2.9486
70.1646 8.53117
70.4836 21.3273
70.5904 33.99
71.6608 48.3716
70.3701 62.8319
69.5112 72.5541
68.7922 80.8098
68.1508 92.6413
68.7702 107.881
68.0913 120.644
69.0625 131.215
81.6928 -2.76983
82.6087 8.29558
82.9495 20.9729
85.315 34.947
83.7144 49.8556
81.5941 62.3664
78.1863 72.0271
77.8366 73.3929
79.5112 92.4876
80.198 100.34
80.93 118.481
81.2097 130.771
93.4797 -2.30581
94.4866 8.89768
95.9904 21.1915
97.0022 35.1708
95.8839 45.6903
92.8402 61.6189
91.2126 71.7172
90.8137 79.9394
91.1313 93.3974
91.0026 104.203
92.9192 117.515
93.2941 129.799
105.355 -2.3196
105.581 9.60137
106.568 21.4402
107.155 34.0596
106.949 45.7601
105.948 58.5113
104.737 70.2703
104.271 81.6841
104.434 93.2834
104.83 105.271
105.226 117.447
105.421 129.525
117.442 -2.45008
117.414 9.58661
117.56 21.5875
117.786 33.6181
117.701 45.654
117.377 57.659
117.179 69.6179
117.176 81.5203
117.272 93.4466
117.376 105.448
117.453 117.48
117.49 129.499
129.494 -2.49656
129.482 9.51233
129.487 21.5193
129.511 33.519
129.487 45.5126
129.432 57.5064
129.423 69.5043
129.449 81.4985
129.475 93.493
129.49 105.494
129.498 117.498
129.501 129.5
