0.00335568 0.000170326
-0.00919075 -0.00160833
0.0207773 -0.00612668
-0.0363679 -0.00488806
0.0288164 0.0271915
0.00632128 -0.0169034
-0.101959 -0.0251669
0.0582007 -0.00340799
-0.0397243 0.00436109
0.0358627 -0.0011418
-0.0258462 0.00221643
0.0110032 -0.000366954
-0.00921328 -0.000472567
0.0251953 0.00427596
-0.0608473 0.0176679
0.109866 0.0171371
-0.0896014 -0.0740522
-0.0092755 0.0504205
0.264309 0.0646876
-0.147926 0.00796287
0.0968084 -0.0106994
-0.0917782 0.00325559
0.0650944 -0.00551204
-0.0283574 0.00102619
0.0206295 -0.000627823
-0.0735234 -0.0147895
0.140163 -0.0474517
-0.147237 -0.0572852
0.320782 0.104639
-0.0656374 -0.154628
-0.558155 -0.138051
0.348705 -0.0139926
-0.207841 0.0185398
0.187029 -0.00593107
-0.12686 0.0115308
0.054085 -0.00139759
-0.0694373 -0.00963482
0.165647 0.0196464
0.193836 0.234485
1.19032 0.252318
0.729296 -0.51062
1.05746 -0.113075
1.24348 -0.217326
-1.00512 0.0341723
0.784138 -0.0970587
-0.282777 -0.012835
0.286591 -0.0533896
-0.0846583 0.00453844
0.0724267 -0.00467858
0.194728 0.376342
1.0675 0.779157
1.86962 -0.226486
1.9151 -1.3906
-1.61454 -2.74735
3.86248 3.18383
-0.714711 -4.37212
-0.291635 0.384635
0.917886 -0.262732
0.208965 0.000938765
0.0745599 -0.00995815
0.0832317 0.13272
0.0770934 1.10165
0.501265 0.933655
0.46336 -0.512055
0.509053 -1.51091
1.5114 -3.68101
-17.7802 -1.2962
12.7349 3.77182
-1.55163 -1.31916
0.938449 0.179087
0.439492 0.250307
0.0171313 0.144162
-0.0460741 0.196571
-0.0622407 1.28753
-0.435235 0.856095
-0.51865 -0.5408
-0.223278 -2.0689
-0.748071 -1.00612
11.5904 -6.71086
-4.11461 -3.27433
1.00145 1.93211
-0.00267556 0.0256879
-0.316047 0.256745
0.0518727 0.267902
-0.146057 0.0103512
-0.154656 0.900551
-1.47288 1.111
-1.95078 -0.614039
-1.8754 -1.82226
1.06971 -4.14022
21.1416 -11.7962
-26.8884 15.3845
3.33038 -1.5971
-2.77265 0.32792
-0.316608 0.175512
-0.124212 0.0639629
0.0349292 -0.00937658
-0.303548 0.126971
-0.743638 0.750177
-2.44882 0.355262
-1.35185 -1.37578
-0.486882 -1.59886
-3.37325 1.71744
2.23065 -2.70057
-1.55571 1.07049
0.635806 -0.523016
-0.573068 0.00826593
0.146887 -0.0734654
0.0234042 -0.00746239
0.0248451 0.00492921
-0.208441 -0.121094
0.00813786 0.140403
-0.618352 -0.0338726
-0.725819 0.295774
0.350575 -0.57038
-0.208222 0.180535
0.170987 -0.190591
-0.336324 0.0851727
0.19492 -0.0419349
-0.0961741 0.0345145
-0.015165 0.00379925
0.0124086 -0.0113327
0.019903 0.0885773
-0.180045 -0.130301
-0.0144223 0.031846
0.358256 -0.278697
-0.154977 0.178503
0.0325522 -0.0435098
-0.0826965 0.0595676
0.136426 -0.0380121
-0.104105 0.0154366
0.0492013 -0.0153706
0.00640799 -0.00167621
-0.00634273 0.00506177
-0.000112047 -0.0333543
0.0401612 0.0539842
0.0181797 -0.0253005
-0.129965 0.10608
0.0609722 -0.0669509
-0.0125848 0.0148989
0.0342199 -0.0225301
-0.0526446 0.0151351
0.0419087 -0.00560188
-0.0190684 0.00599463
