-2.50034 -2.50028
-2.49784 9.50122
-2.49643 21.5028
-2.49782 33.5032
-2.49265 45.5024
-2.48335 57.5005
-2.48323 69.4995
-2.49022 81.4991
-2.49626 93.4988
-2.49932 105.499
-2.50034 117.5
-2.50035 129.5
9.51648 -2.48693
9.53536 9.52768
9.51573 21.5318
9.46643 33.5357
9.48703 45.5411
9.56215 57.5331
9.60194 69.5172
9.58799 81.4984
9.55481 93.4863
9.52566 105.488
9.50742 117.495
9.50058 129.5
21.5711 -2.42494
21.5477 9.58197
21.183 21.4855
20.8764 33.6735
21.0617 45.7361
21.3747 57.7871
21.7983 69.7025
21.9195 81.5299
21.8485 93.4155
21.7076 105.421
21.5796 117.474
21.5188 129.501
33.5609 -2.35949
33.0367 9.29742
31.8128 21.1192
31.6572 34.3724
32.1255 45.3841
33.4059 58.9989
34.0924 70.2348
34.1126 81.4489
34.3564 93.4453
34.2383 105.249
33.7601 117.492
33.584 129.562
45.3006 -2.68112
44.4152 8.48519
44.2774 21.4674
42.6767 34.874
44.7309 48.1328
46.4271 60.6857
47.0987 69.7774
46.4501 74.522
44.261 93.1048
45.9846 103.144
45.2568 117.827
45.5992 129.963
57.4928 -3.12204
56.5624 8.67061
56.7963 21.2134
55.9963 34.3395
55.0512 47.6313
57.0835 60.4914
58.8644 69.9387
57.9887 74.0819
59.5303 92.7728
57.6032 103.715
58.4249 119.272
57.9359 130.637
69.469 -3.10068
70.0737 8.76273
70.2225 21.8493
70.2089 33.995
71.161 47.3254
70.3333 61.0206
69.7966 71.0594
69.0525 80.1713
68.2523 92.8453
68.8607 107.624
68.133 119.832
69.0895 130.513
81.696 -2.91062
82.392 8.4131
82.2206 21.3469
84.0443 34.7881
82.508 48.6667
81.3333 60.6148
78.9297 70.5663
78.6638 72.0425
80.394 92.7188
80.9501 100.546
81.2073 118.09
81.3039 130.377
93.5286 -2.42687
94.38 8.87209
95.4219 21.2721
95.8735 34.975
94.717 45.0692
92.5125 60.4558
91.7965 70.7897
91.7626 79.5496
91.9934 93.5993
91.6336 104.361
93.173 117.457
93.3742 129.693
105.41 -2.38861
105.593 9.53284
106.355 21.4009
106.636 33.9453
106.464 45.5078
105.831 58.1581
104.994 69.9695
104.698 81.6053
104.797 93.3623
105.056 105.346
105.322 117.464
105.448 129.515
117.463 -2.46836
117.445 9.55428
117.539 21.5532
117.677 33.575
117.617 45.5952
117.414 57.5979
117.288 69.5735
117.285 81.5123
117.348 93.4641
117.417 105.465
117.469 117.486
117.493 129.499
129.496 -2.49782
129.488 9.50775
129.491 21.5121
129.505 33.5118
129.49 45.5076
129.455 57.504
129.45 69.5029
129.466 81.4991
129.483 93.4953
129.493 105.496
129.499 117.499
129.5 129.5
