0.226883 0.072297 0.072230
0.227636 0.072929 0.077620
0.228466 0.073513 0.082942
0.229282 0.074147 0.088412
0.230127 0.074765 0.093875
0.231162 0.075294 0.099292
0.232072 0.075835 0.104613
0.233003 0.076395 0.110038
0.233919 0.076976 0.115538
0.234904 0.077496 0.120946
0.236104 0.077898 0.126282
0.237180 0.078362 0.131684
0.238097 0.078832 0.136918
0.239359 0.079206 0.142336
0.240448 0.079640 0.147759
0.241406 0.080097 0.153102
0.242424 0.080533 0.158495
0.243522 0.080916 0.163852
0.244638 0.081268 0.169150
0.245881 0.081636 0.174767
0.247197 0.081950 0.180343
0.248478 0.082287 0.186003
0.249603 0.082634 0.191457
0.250878 0.082954 0.197122
0.252024 0.083311 0.202736
0.253246 0.083634 0.208391
0.254534 0.083924 0.214061
0.255839 0.084194 0.219714
0.256897 0.084543 0.225235
0.257984 0.084899 0.230876
0.259191 0.085175 0.236401
0.260435 0.085447 0.242009
0.261730 0.085710 0.247702
0.263092 0.085947 0.253434
0.264507 0.086168 0.259219
0.265657 0.086505 0.264965
0.266926 0.086770 0.270608
0.268141 0.087133 0.276683
0.269380 0.087495 0.282756
0.270649 0.087823 0.288806
0.272072 0.088084 0.294807
0.273202 0.088500 0.300893
0.274510 0.088827 0.306901
0.275793 0.089153 0.312769
0.276865 0.089591 0.318752
0.278234 0.089925 0.324833
0.279747 0.090224 0.330932
0.281316 0.090449 0.336926
0.282743 0.090791 0.343035
0.284168 0.091160 0.349237
0.285666 0.091508 0.355431
0.287165 0.091871 0.361623
0.288527 0.092319 0.367856
0.290149 0.092721 0.374340
0.291532 0.093218 0.380738
0.292921 0.093701 0.387094
0.294315 0.094230 0.393479
0.295660 0.094802 0.399849
0.297157 0.095351 0.406385
0.298724 0.095910 0.412856
0.300318 0.096476 0.419434
0.301846 0.097093 0.425943
0.303553 0.097680 0.432586
0.305208 0.098364 0.439505
0.307051 0.098976 0.446411
0.308918 0.099677 0.453413
0.310856 0.100371 0.460419
0.312956 0.101077 0.467632
0.314915 0.101891 0.474817
0.317001 0.102703 0.481971
0.319218 0.103540 0.489243
0.321501 0.104446 0.496788
0.323790 0.105430 0.504263
0.326336 0.106377 0.511611
0.328855 0.107403 0.518998
0.331472 0.108500 0.526488
0.334159 0.109697 0.534134
0.337063 0.110948 0.541995
0.340047 0.112285 0.549794
0.343071 0.113680 0.557413
0.346342 0.115241 0.565518
0.349864 0.116732 0.573192
0.353554 0.118393 0.581110
0.357415 0.120163 0.589141
0.361509 0.122026 0.597117
0.365729 0.124015 0.605044
0.370932 0.125998 0.613212
0.375623 0.128151 0.620871
0.380433 0.130520 0.628632
0.385405 0.133038 0.636315
0.390465 0.135875 0.644236
0.396360 0.138932 0.652509
0.401760 0.142290 0.660534
0.407951 0.145601 0.668213
0.414215 0.149300 0.676041
0.420897 0.153005 0.683400
0.427957 0.157009 0.690762
0.434772 0.161389 0.698062
0.442086 0.165904 0.705047
0.449654 0.171382 0.712859
0.457935 0.176885 0.720069
0.466184 0.182183 0.726309
0.473804 0.187966 0.732521
0.482092 0.194330 0.738843
0.490393 0.201177 0.745050
0.498844 0.208090 0.750680
0.508160 0.215668 0.756248
0.517684 0.223206 0.761068
0.527568 0.231708 0.766048
0.537046 0.240828 0.770921
0.545601 0.249858 0.775270
0.555292 0.259792 0.779376
0.564708 0.269799 0.782951
0.574284 0.280032 0.785960
0.583826 0.290438 0.788455
0.593099 0.301665 0.790958
0.602352 0.313324 0.793104
0.611836 0.324973 0.794532
0.621058 0.337097 0.795718
0.629792 0.349291 0.796675
0.638905 0.361603 0.796954
0.646769 0.374102 0.797470
0.654278 0.386544 0.797728
0.661712 0.399488 0.797844
0.667962 0.412356 0.798239
0.675529 0.425029 0.797478
0.681480 0.438059 0.797576
0.687729 0.450257 0.796980
0.693897 0.462633 0.796308
0.698468 0.474525 0.796319
0.703513 0.487377 0.796156
0.707642 0.499891 0.796485
0.712424 0.512531 0.796309
0.716598 0.524035 0.796315
0.721890 0.536284 0.795736
0.727140 0.548227 0.795262
0.731628 0.558309 0.794832
0.733946 0.568246 0.795740
0.736569 0.577215 0.796428
0.739024 0.586468 0.797286
0.741490 0.596149 0.798497
0.743989 0.605149 0.799591
0.745239 0.614074 0.801518
0.747417 0.622124 0.802826
0.750220 0.630240 0.803965
0.751893 0.638041 0.805775
0.754295 0.647127 0.807810
0.757971 0.655327 0.809133
0.760274 0.662962 0.811167
0.762704 0.670339 0.813258
0.766076 0.677297 0.814938
0.768701 0.685036 0.817509
0.771250 0.691797 0.820068
0.773978 0.697644 0.822244
0.776071 0.703269 0.824889
0.777324 0.708123 0.827582
0.778660 0.712929 0.830313
0.779020 0.717384 0.833493
0.780546 0.721988 0.836338
0.782023 0.725285 0.838648
0.782579 0.729443 0.841809
0.783920 0.732695 0.844349
0.783903 0.735748 0.847184
0.785836 0.739161 0.849752
0.787454 0.742565 0.852569
0.790614 0.746975 0.855852
0.792803 0.751424 0.859720
0.796171 0.755426 0.863100
0.798140 0.759957 0.867461
0.801638 0.763884 0.871135
0.804018 0.768246 0.875629
0.807329 0.772837 0.880282
0.810530 0.777140 0.884803
0.811691 0.779281 0.887728
0.812090 0.781529 0.890914
0.812826 0.783870 0.894156
0.814571 0.786510 0.897537
0.815607 0.789194 0.901122
0.815980 0.791634 0.904553
0.816676 0.793972 0.907802
0.816887 0.795892 0.910675
0.819009 0.798719 0.914302
0.822059 0.803228 0.919574
0.824936 0.807059 0.924088
0.828013 0.811290 0.929012
0.831027 0.815669 0.934153
0.834196 0.820504 0.939705
0.837737 0.824827 0.944644
0.840706 0.829785 0.950218
0.843697 0.833968 0.954906
0.846497 0.838636 0.960019
0.847525 0.842220 0.964121
0.848205 0.845472 0.967892
0.848957 0.848366 0.971242
0.849689 0.851408 0.974661
0.850623 0.855528 0.979041
0.851371 0.859550 0.983286
0.852237 0.863919 0.987770
0.853042 0.867765 0.991648
0.853852 0.871652 0.995479
