1.146737
0.770816
0.609761
1.087966
1.058687
1.401955
1.001772
1.607025
0.756222
1.541801
0.999371
1.512355
1.159436
0.871780
0.956431
1.182773
0.987177
0.819210
1.050404
0.465466
1.242373
1.727847
1.435095
1.805390
0.909645
0.309208
0.308091
0.974515
1.031816
0.308639
1.048062
0.874944
1.075068
1.213505
1.503914
1.076603
0.307853
1.652499
0.308846
1.214198
1.112888
1.037266
0.878529
1.308062
1.659783
0.308662
0.308849
1.480995
1.545385
0.759030
1.331546
1.390939
1.196690
0.808953
1.202951
1.177824
0.312749
0.308499
1.695559
0.873029
0.693266
1.158728
1.486888
1.869801
1.187140
1.288919
1.391421
0.311779
1.069956
1.184414
0.311393
1.147315
0.911215
1.079730
1.141812
1.612380
1.800007
1.011594
0.890516
0.305920
0.313060
1.176101
1.620303
0.308454
1.351546
0.309769
1.490461
1.363834
1.514794
1.253763
1.152415
1.209551
1.592239
1.703954
1.138466
0.988800
0.905708
0.309291
1.770565
1.483440
1.110166
1.001884
1.122474
1.484520
1.569283
1.135152
1.406106
1.971813
1.007773
1.291055
1.057446
1.185908
1.269312
0.312070
1.779030
0.805603
1.354877
1.937581
1.013381
1.309147
1.469440
1.048993
0.313216
1.310325
0.849735
1.140654
0.307741
1.164265
1.047291
0.935252
0.789308
1.268192
1.532092
1.076238
1.502289
1.323372
1.153268
1.119640
0.909287
1.364531
1.165859
1.212376
0.967768
1.571067
1.397751
1.107828
1.506875
1.279290
1.047469
1.252704
0.762316
1.142598
1.467613
0.877703
0.307970
1.389202
1.762354
1.075268
1.527471
0.778573
1.050769
0.934647
0.971228
1.091045
1.171099
1.130023
1.221441
0.863138
1.129489
0.841600
1.361870
1.534479
1.505557
0.309200
1.116155
1.240559
0.310788
0.843482
0.805717
0.614863
1.233661
1.249236
1.163647
1.223334
1.761997
0.312728
0.980202
1.135017
1.384207
2.091259
1.041733
1.204480
1.161043
1.652077
1.152406
1.640674
1.594141
1.056772
0.902552
1.067560
1.074656
1.449180
1.469472
1.212248
1.495318
1.259793
1.285246
0.994480
1.067805
1.187381
1.473555
1.212372
1.291734
1.580361
1.318589
0.307811
0.974321
1.041947
1.021126
1.077682
0.534037
1.540281
1.296848
1.067641
0.788865
1.256322
1.322220
0.804200
1.462866
1.317168
0.731683
1.158937
0.314656
0.311656
1.096941
0.310606
1.580553
1.020080
0.307044
0.666803
0.974045
1.280232
1.148995
0.648410
1.187497
1.522624
0.911565
1.118930
0.744946
0.477965
0.306115
1.134485
0.307464
1.260516
1.458415
1.023244
1.181063
0.631012
1.719243
1.306953
1.158726
1.754805
1.489553
1.146286
1.401173
1.743605
1.265236
0.874235
1.048528
0.898386
1.321415
1.323222
1.317766
1.039520
0.307645
0.971267
1.459520
0.827478
0.910725
1.259232
1.285520
1.494415
0.900269
0.996435
1.064592
0.462143
1.427584
1.230882
1.037533
1.196710
1.096956
0.305812
1.265534
0.307125
1.864270
0.962225
1.066213
0.308203
1.311261
1.595138
0.308002
1.169284
1.026288
0.607832
1.344572
1.896063
0.983511
1.389971
1.393854
1.488473
0.308392
1.301889
0.307471
0.596009
1.546833
0.308809
1.071405
1.078561
0.890589
0.839165
1.382155
1.631999
1.277414
1.382236
1.212018
0.601979
0.732054
0.987790
0.948111
1.553657
1.098529
1.266922
0.987486
0.308934
1.551532
1.290083
1.332158
1.182993
1.213656
1.546912
1.407040
0.976269
1.165286
1.242023
1.456361
1.216938
1.061124
1.370731
0.870770
1.438858
1.127212
0.310528
1.481554
1.793392
0.588895
0.657528
1.420883
0.956608
1.397707
1.527903
1.458143
1.011881
1.648702
1.453260
1.814744
0.978505
1.629668
1.798388
1.460654
1.112652
1.854937
1.131124
1.020933
0.303647
0.306241
1.003828
0.308371
1.471850
1.600433
1.420373
0.892631
1.153132
1.557815
1.375934
1.691788
1.481777
1.540273
1.461205
1.805568
0.309324
1.395674
1.132352
1.450337
1.571377
1.333884
1.058034
1.045583
0.309849
1.846725
0.308117
1.632062
1.207650
0.308832
0.841425
0.877814
0.912321
1.253899
1.069351
0.307583
1.012866
1.186008
1.693922
1.278241
1.220523
1.096807
1.049809
1.003619
0.306216
0.307696
1.017107
1.126033
1.145452
0.305429
1.081912
1.156792
0.799666
1.500522
1.049891
0.613803
0.312557
