0.291795 0.199895 -0.037511
0.293782 0.203112 -0.034068
0.295740 0.206359 -0.030645
0.297773 0.209625 -0.027215
0.299843 0.212918 -0.023785
0.301938 0.216236 -0.020360
0.304013 0.219600 -0.016936
0.306144 0.222976 -0.013519
0.308282 0.226378 -0.010114
0.310463 0.229823 -0.006693
0.312665 0.233291 -0.003284
0.314886 0.236776 0.000109
0.317195 0.240226 0.003462
0.319554 0.243678 0.006793
0.322002 0.247143 0.010122
0.324416 0.250641 0.013426
0.326821 0.254173 0.016713
0.329254 0.257715 0.019971
0.331769 0.261294 0.023235
0.334303 0.264888 0.026468
0.336846 0.268529 0.029690
0.339400 0.272191 0.032879
0.341975 0.275883 0.036043
0.344584 0.279660 0.039222
0.347123 0.283525 0.042392
0.349687 0.287413 0.045524
0.352257 0.291359 0.048639
0.354840 0.295348 0.051726
0.357423 0.299409 0.054800
0.360104 0.303486 0.057844
0.362796 0.307609 0.060859
0.365475 0.311807 0.063858
0.368184 0.316062 0.066840
0.370979 0.320319 0.069780
0.373723 0.324640 0.072694
0.376682 0.328908 0.075561
0.379648 0.333257 0.078427
0.382672 0.337645 0.081275
0.385730 0.342081 0.084112
0.388712 0.346598 0.086943
0.391781 0.351143 0.089766
0.394849 0.355759 0.092595
0.397962 0.360390 0.095413
0.401115 0.365109 0.098262
0.404273 0.369820 0.101091
0.407377 0.374581 0.103930
0.410487 0.379461 0.106827
0.413589 0.384375 0.109743
0.416724 0.389245 0.112648
0.419916 0.394204 0.115618
0.423110 0.399163 0.118608
0.426308 0.404113 0.121618
0.429542 0.409076 0.124668
0.432743 0.414060 0.127763
0.436003 0.419033 0.130897
0.439181 0.424024 0.134080
0.442459 0.428989 0.137306
0.445727 0.433961 0.140589
0.449018 0.438910 0.143916
0.452307 0.443808 0.147273
0.455549 0.448697 0.150682
0.458854 0.453610 0.154173
0.462166 0.458488 0.157709
0.465495 0.463364 0.161310
0.468833 0.468207 0.164958
0.472188 0.473043 0.168667
0.475540 0.477857 0.172427
0.478884 0.482721 0.176282
0.482229 0.487552 0.180178
0.485574 0.492377 0.184130
0.488897 0.497205 0.188141
0.492251 0.502032 0.192212
0.495628 0.506873 0.196349
0.499003 0.511676 0.200513
0.502380 0.516478 0.204729
0.505768 0.521254 0.209000
0.509258 0.526099 0.213324
0.512702 0.530889 0.217675
0.516130 0.535664 0.222057
0.519548 0.540406 0.226453
0.523061 0.545123 0.230867
0.526517 0.549801 0.235283
0.529992 0.554512 0.239767
0.533423 0.559200 0.244258
0.536921 0.563954 0.248873
0.540309 0.568629 0.253468
0.543755 0.573327 0.258120
0.547168 0.577950 0.262745
0.550528 0.582531 0.267382
0.553854 0.587147 0.272105
0.557236 0.591702 0.276842
0.560540 0.596193 0.281585
0.563982 0.600692 0.286401
0.567168 0.605119 0.291222
0.570559 0.609479 0.296061
0.573731 0.613669 0.300777
0.576901 0.617840 0.305574
0.580142 0.622041 0.310539
0.583323 0.626084 0.315417
0.586412 0.630074 0.320360
0.589286 0.633967 0.325311
0.592214 0.637911 0.330490
0.595201 0.641762 0.335713
0.598170 0.645573 0.341080
0.600827 0.649272 0.346444
0.603779 0.652794 0.351723
0.606437 0.656334 0.357262
0.609292 0.659738 0.362781
0.612169 0.662952 0.368196
0.614789 0.666192 0.373887
0.617443 0.669266 0.379501
0.620105 0.672371 0.385395
0.622793 0.675353 0.391311
0.625440 0.678211 0.397217
0.628339 0.680948 0.403131
0.630852 0.683726 0.409336
0.633132 0.686460 0.415732
0.635453 0.688979 0.421888
0.637776 0.691455 0.428136
0.640040 0.693929 0.434595
0.642343 0.696280 0.440926
0.644804 0.698669 0.447558
0.647088 0.700902 0.453968
0.649454 0.703105 0.460436
0.651612 0.705348 0.467184
0.653853 0.707535 0.473853
0.655863 0.709702 0.480576
0.658082 0.711864 0.487323
0.660508 0.713858 0.493618
0.662849 0.715919 0.500106
0.665198 0.717968 0.506563
0.667623 0.719986 0.512889
0.669954 0.721967 0.519075
0.672268 0.724097 0.525570
0.674529 0.726179 0.531849
0.676758 0.728287 0.538090
0.679224 0.730521 0.544481
0.681646 0.732778 0.550796
0.683813 0.735052 0.557014
0.685926 0.737359 0.563153
0.688080 0.739744 0.569308
0.690186 0.742152 0.575346
0.692193 0.744612 0.581335
0.694269 0.747170 0.587330
0.696288 0.749688 0.593089
0.698252 0.752305 0.598907
0.700544 0.754993 0.604626
0.702689 0.757744 0.610317
0.704926 0.760636 0.616093
0.707252 0.763507 0.621640
0.709205 0.766398 0.627159
0.711100 0.769264 0.632538
0.713717 0.772353 0.637992
0.716234 0.775543 0.643519
0.718764 0.778694 0.648856
0.721209 0.781928 0.654247
0.723690 0.785226 0.659599
0.726145 0.788597 0.664960
0.728463 0.792140 0.670505
0.730972 0.795736 0.675969
0.733406 0.799234 0.681231
0.735790 0.802689 0.686378
0.738231 0.806366 0.691734
0.740665 0.810022 0.696956
0.742634 0.813601 0.702121
0.744671 0.817400 0.707491
0.746715 0.821154 0.712732
0.748718 0.824955 0.717982
0.750919 0.828817 0.723206
0.752900 0.832726 0.728490
0.754841 0.836678 0.733784
0.756801 0.840539 0.738924
0.758669 0.844444 0.744063
0.760574 0.848427 0.749250
0.762387 0.852542 0.754588
0.764207 0.856568 0.759760
0.766481 0.860373 0.764520
0.768760 0.864381 0.769492
0.771038 0.868327 0.774364
0.773458 0.872322 0.779235
0.775594 0.876387 0.784234
0.777743 0.880523 0.789273
0.779903 0.884590 0.794191
0.782124 0.888649 0.799056
0.784282 0.892709 0.803893
0.786376 0.896839 0.808816
0.788771 0.901014 0.813734
0.790784 0.905039 0.818495
0.792508 0.909361 0.823657
0.794248 0.913541 0.828618
0.795977 0.917664 0.833507
0.797690 0.921837 0.838433
0.799381 0.926061 0.843416
0.801140 0.930432 0.848550
0.802784 0.934455 0.853258
0.804467 0.938746 0.858298
0.806011 0.942824 0.863090
0.807656 0.946838 0.867761
0.809270 0.950937 0.872547
0.811127 0.955040 0.877292
