0.367824 0.301389 0.042146
0.382455 0.322754 0.054414
0.397348 0.346060 0.065303
0.413726 0.372722 0.075619
0.448959 0.432742 0.094606
0.486419 0.498585 0.115965
0.390779 0.299485 0.193657
0.399213 0.311786 0.205587
0.425015 0.350544 0.241522
0.435094 0.365812 0.255777
0.443330 0.378165 0.267615
0.591089 0.555376 0.473852
0.614532 0.588265 0.487619
0.637636 0.622480 0.499920
0.648523 0.639325 0.505860
0.659034 0.655841 0.511875
0.619561 0.426559 0.701784
0.676100 0.537812 0.700027
0.690716 0.573427 0.700616
0.705987 0.612410 0.702920
0.726156 0.659663 0.708907
0.472794 0.537958 -0.113723
0.492732 0.569986 -0.108688
0.513921 0.604114 -0.101283
0.533764 0.636802 -0.091613
0.555077 0.671785 -0.077607
0.589924 0.731101 -0.042993
0.622891 0.785152 0.005798
0.400507 0.305663 0.239719
0.431152 0.349274 0.290359
0.461305 0.389867 0.341660
0.480543 0.413604 0.373018
0.500608 0.436932 0.402313
0.744250 0.963043 0.309300
0.745272 0.971626 0.331023
0.747103 0.980450 0.356125
0.755776 0.999774 0.418259
0.758316 1.005854 0.437697
0.758263 1.010763 0.452331
0.626075 0.266767 0.881692
0.691517 0.349814 0.893732
0.739719 0.435164 0.897120
0.767719 0.511996 0.901459
0.785923 0.574042 0.907758
0.539625 0.641719 -0.065803
0.552860 0.664040 -0.056442
0.566232 0.686829 -0.044997
0.578241 0.707175 -0.032747
0.603451 0.750044 0.000307
0.614475 0.767573 0.017504
0.624848 0.783118 0.035007
0.707429 0.384371 0.886262
0.747405 0.466846 0.888385
0.771693 0.534665 0.891177
0.783293 0.589473 0.899795
0.792608 0.637344 0.912342
0.555749 0.686184 -0.150016
0.575600 0.718660 -0.134118
0.591442 0.745112 -0.118283
0.607917 0.773849 -0.097759
0.635354 0.820059 -0.055145
0.660925 0.864032 -0.001805
0.649302 0.788456 0.176707
0.667869 0.808500 0.213534
0.686215 0.827345 0.250772
0.702168 0.843997 0.284735
0.718264 0.863356 0.324658
0.735273 0.888670 0.380991
0.742448 0.901635 0.413435
0.749190 0.914015 0.447335
0.418235 0.389842 0.043528
0.432849 0.415081 0.049936
0.451139 0.446726 0.057274
0.471146 0.481752 0.065638
0.492468 0.519813 0.076130
0.526628 0.580224 0.099622
0.298199 0.168425 0.117893
0.300969 0.170386 0.125611
0.302925 0.171791 0.131070
0.310670 0.177476 0.152411
0.317104 0.182564 0.170187
0.323200 0.187470 0.186585
0.336096 0.198864 0.221299
0.349830 0.212062 0.257783
0.356165 0.218632 0.274895
0.283958 0.139358 0.150540
0.286768 0.140820 0.160183
0.289999 0.142431 0.171019
0.295719 0.145667 0.191286
0.301722 0.148963 0.211763
0.313647 0.156037 0.252628
0.527977 0.621552 -0.071152
0.539308 0.640838 -0.064495
0.547868 0.655088 -0.058752
0.567109 0.687919 -0.042634
0.586704 0.720617 -0.021598
0.671667 0.843241 0.129586
0.334187 0.216125 0.144129
0.338568 0.220691 0.153395
0.342047 0.224363 0.160579
0.350809 0.234079 0.178425
0.359773 0.244529 0.196149
0.669050 0.854620 0.078899
0.671814 0.860810 0.088548
0.677910 0.865218 0.097975
0.687003 0.877456 0.120671
0.696446 0.887902 0.141944
0.339535 0.261231 0.016988
0.344511 0.267578 0.023061
0.352858 0.278684 0.032690
0.363821 0.293844 0.044097
0.377166 0.312999 0.056237
0.391415 0.334923 0.067676
0.469589 0.466637 0.114374
0.637998 0.695524 0.359715
0.641019 0.699180 0.363622
0.644517 0.703212 0.367995
0.651097 0.711039 0.376277
0.657479 0.718997 0.384580
0.664187 0.727375 0.393327
0.696681 0.926120 0.038702
0.703179 0.934897 0.054095
0.712506 0.947329 0.077110
0.724098 0.964370 0.109450
0.731870 0.982048 0.143446
0.735170 0.997377 0.173806
0.404554 0.088987 0.749791
0.432386 0.104141 0.777295
0.470886 0.126414 0.808100
0.547232 0.182483 0.856747
0.628433 0.260262 0.889792
0.486152 0.491379 0.143726
0.495988 0.508541 0.151602
0.505764 0.525222 0.160071
0.548455 0.594303 0.207461
0.567897 0.622655 0.234398
0.515347 0.422104 0.483179
0.531880 0.441092 0.498103
0.550659 0.463817 0.511616
0.589069 0.515883 0.531278
0.627698 0.574711 0.544278
0.665024 0.638546 0.557492
0.450124 0.427086 0.124589
0.463928 0.451103 0.133589
0.479079 0.477567 0.144249
0.490948 0.498492 0.153599
0.518578 0.544890 0.179115
0.322557 0.126570 0.426056
0.323815 0.127052 0.430561
0.324968 0.127686 0.435181
0.327312 0.128656 0.443372
0.329411 0.129571 0.450805
0.331657 0.130754 0.459244
0.335198 0.132461 0.471461
0.336500 0.133064 0.475856
0.589428 0.685234 0.157596
0.591020 0.688047 0.160549
0.593133 0.691197 0.164017
0.597084 0.696838 0.170495
0.601565 0.702715 0.177607
0.605652 0.708271 0.184584
0.667768 0.547290 0.672840
0.675768 0.568101 0.673907
0.684450 0.587043 0.674444
0.700748 0.623939 0.677021
0.715200 0.657040 0.681858
0.759937 0.756636 0.722178
0.524187 0.395503 0.550590
0.535264 0.408600 0.557837
0.546850 0.422822 0.564172
0.571024 0.454849 0.574315
0.595585 0.490354 0.581023
0.619129 0.528199 0.585655
0.418098 0.335741 0.249139
0.419724 0.338123 0.251590
0.421597 0.340882 0.254426
0.424987 0.345875 0.259588
0.428607 0.351210 0.265144
0.432189 0.356467 0.270671
0.439200 0.366683 0.281604
0.329153 0.123746 0.470178
0.333058 0.125512 0.483185
0.337881 0.127944 0.499291
0.348742 0.132814 0.529677
0.361941 0.138638 0.560317
0.376826 0.146275 0.591255
0.526307 0.342488 0.630026
0.536114 0.353330 0.634528
0.549629 0.369645 0.640043
0.573875 0.401814 0.647179
0.618954 0.472114 0.652660
0.574555 0.298035 0.766235
0.589736 0.316383 0.770021
0.612851 0.343843 0.772566
0.643345 0.391991 0.775303
0.672396 0.443700 0.774089
0.693141 0.493357 0.773588
0.730064 0.591798 0.774048
0.720995 0.834600 0.416289
0.725649 0.840787 0.427725
0.730374 0.847247 0.440270
0.737769 0.859218 0.464430
0.745192 0.870868 0.490015
0.754385 0.883068 0.518886
0.251902 0.044429 0.388097
0.254565 0.044849 0.399553
0.257399 0.045223 0.411221
0.261329 0.046086 0.428347
0.270896 0.048215 0.465555
0.297539 0.055922 0.550013
0.327971 0.213508 0.117642
0.332290 0.217882 0.126535
0.337135 0.222943 0.136324
0.346379 0.233113 0.154545
0.356518 0.244839 0.173635
0.367246 0.258135 0.193262
0.555057 0.296051 0.738232
0.560443 0.301179 0.739460
0.566100 0.307977 0.741315
0.576796 0.319410 0.743341
0.586244 0.332254 0.745972
0.595915 0.345828 0.748088
0.593687 0.536322 0.512460
0.604808 0.552551 0.517381
0.614647 0.567272 0.521358
0.629336 0.589966 0.527032
0.660842 0.641687 0.540138
0.686496 0.685839 0.554572
0.728087 0.759143 0.595325
0.628315 0.781509 0.074761
0.630088 0.784304 0.078464
0.632363 0.787286 0.082593
0.636510 0.793045 0.090766
0.640369 0.797905 0.098037
0.643929 0.802740 0.105375
0.568095 0.661613 0.095747
0.577055 0.675228 0.106963
0.584808 0.688266 0.118643
0.601051 0.711840 0.143723
0.616921 0.733401 0.171162
0.648968 0.769561 0.228114
0.674060 0.795245 0.274229
0.442272 0.391335 0.208442
0.449974 0.403852 0.216914
0.456898 0.415119 0.224739
0.471539 0.438489 0.241900
0.486591 0.461870 0.260656
0.502711 0.485722 0.281809
0.553478 0.553213 0.349100
0.575673 0.580254 0.375114
0.384011 0.368539 -0.071448
0.392214 0.382143 -0.068657
0.399963 0.394908 -0.066419
0.416994 0.423442 -0.062341
0.435349 0.454701 -0.058700
0.452795 0.484588 -0.055353
0.525906 0.608336 -0.031212
0.545765 0.642716 -0.018133
0.696346 0.852112 0.235146
0.700854 0.855906 0.243786
0.705887 0.861334 0.255351
0.713553 0.870697 0.275276
0.720745 0.879409 0.294478
0.718242 0.889599 0.250585
0.727895 0.904465 0.283350
0.735426 0.916659 0.312490
0.743001 0.927411 0.340768
0.745698 0.939190 0.370587
0.763751 0.972076 0.474102
0.568369 0.392438 0.647451
0.591201 0.425912 0.652135
0.619895 0.472343 0.654376
0.653415 0.535235 0.654885
0.683787 0.599406 0.656963
0.708673 0.656146 0.664381
0.766672 0.779993 0.723023
0.780552 0.807631 0.750808
0.540685 0.599731 0.130281
0.542503 0.603356 0.132570
0.544864 0.607013 0.134988
0.548980 0.614150 0.139912
0.553501 0.621239 0.145104
0.557608 0.627591 0.150058
0.565802 0.640446 0.160850
0.570304 0.647616 0.167293
0.655458 0.844938 0.028697
0.656559 0.847513 0.032092
0.659109 0.850548 0.036894
0.664336 0.856460 0.046571
0.668176 0.860717 0.053773
0.428534 0.363984 0.214220
0.432370 0.370048 0.218810
0.440146 0.382350 0.228192
0.449701 0.397487 0.240037
0.470618 0.429780 0.267072
0.488394 0.456084 0.291444
0.260595 0.018996 0.535430
0.268386 0.021119 0.557343
0.281809 0.024231 0.587694
0.308794 0.032653 0.642202
0.344969 0.045343 0.698036
0.394317 0.067354 0.759026
0.590209 0.204603 0.902667
0.654150 0.269585 0.925510
0.722619 0.358838 0.939601
0.283114 0.093678 0.332140
0.284552 0.094263 0.339542
0.287136 0.094850 0.350013
0.291190 0.096185 0.368235
0.295347 0.097529 0.386319
0.300553 0.099427 0.408586
0.653486 0.859131 -0.052869
0.657936 0.866973 -0.043464
0.664186 0.876110 -0.031596
0.675560 0.894315 -0.006589
0.694077 0.918850 0.032086
0.705513 0.936592 0.062196
0.728680 0.975811 0.136434
0.464469 0.439659 0.184213
0.469844 0.448877 0.189207
0.476889 0.460712 0.195934
0.486014 0.475825 0.205058
0.520851 0.531059 0.245239
0.273074 0.058033 0.435360
0.276390 0.058904 0.448696
0.282181 0.060449 0.470690
0.291570 0.063066 0.502509
0.303108 0.066702 0.537070
0.316939 0.071717 0.573183
0.334115 0.078523 0.610882
0.377642 0.096749 0.679979
0.407328 0.111633 0.716369
0.444080 0.134026 0.754844
0.349375 0.256766 0.086853
0.354022 0.262671 0.093468
0.358759 0.268751 0.099908
0.363094 0.274405 0.105588
0.374921 0.290700 0.120406
0.396920 0.323113 0.145057
0.588410 0.680883 0.169218
0.597139 0.693025 0.183098
0.604075 0.701862 0.194153
0.621448 0.722734 0.222941
0.637655 0.740423 0.250018
0.653126 0.757328 0.276938
0.668323 0.773261 0.302898
0.382279 0.339957 0.000869
0.392573 0.356114 0.006430
0.399336 0.366736 0.009647
0.467240 0.482783 0.034333
0.511950 0.562220 0.055028
0.550123 0.629018 0.085896
0.306664 0.127673 0.327461
0.307932 0.127950 0.331265
0.308743 0.128398 0.334955
0.310653 0.129224 0.342252
0.314214 0.131191 0.357716
0.318802 0.133583 0.376622
0.320848 0.134605 0.384723
0.323003 0.135707 0.393322
0.389293 0.222831 0.459327
0.391312 0.224143 0.464302
0.392534 0.225324 0.468246
0.396155 0.227573 0.476666
0.399942 0.230134 0.485659
0.403207 0.232541 0.493519
0.614173 0.373031 0.746724
0.637557 0.410800 0.747673
0.659860 0.450254 0.746414
0.692229 0.526651 0.745363
0.716899 0.593490 0.746732
0.738811 0.654549 0.754276
0.250791 0.035178 0.425348
0.255941 0.036326 0.446916
0.263368 0.037989 0.475012
0.269931 0.039442 0.496922
0.276737 0.041187 0.518430
0.393996 0.415126 -0.141297
0.398827 0.423967 -0.140374
0.405676 0.433736 -0.139505
0.417423 0.453501 -0.137817
0.430738 0.475249 -0.136111
0.443873 0.497302 -0.134235
0.482097 0.557646 -0.127196
0.299995 0.112889 0.346799
0.303261 0.114215 0.360773
0.306633 0.115801 0.375796
0.313556 0.118852 0.404620
0.320634 0.121962 0.432457
0.328694 0.125536 0.461735
0.529601 0.552524 0.229718
0.539341 0.566637 0.241957
0.550781 0.583215 0.257511
0.572272 0.611418 0.286900
0.594535 0.638341 0.316989
0.616884 0.665090 0.346483
0.660622 0.717603 0.399746
0.670315 0.634371 0.579144
0.685720 0.663897 0.586201
0.700136 0.690387 0.594356
0.723909 0.735329 0.615122
0.744829 0.774315 0.642696
0.761738 0.804951 0.672401
0.536901 0.277154 0.728805
0.551126 0.292441 0.734565
0.573041 0.317892 0.741358
0.611302 0.368385 0.747693
0.645557 0.422671 0.748244
0.675988 0.482572 0.746311
0.714554 0.584491 0.746940
0.730172 0.629426 0.751135
0.744045 0.668456 0.758475
0.758099 0.701015 0.767865
0.639262 0.773948 0.170126
0.656439 0.791873 0.201652
0.673095 0.809381 0.234619
0.687699 0.824062 0.263587
0.701141 0.838127 0.291651
0.735327 0.882126 0.385156
0.741132 0.893715 0.412678
0.341583 0.200957 0.248366
0.343938 0.203172 0.254892
0.348089 0.207034 0.266149
0.352772 0.211757 0.279371
0.364764 0.223858 0.312994
0.375293 0.234358 0.342459
0.386705 0.245612 0.374554
0.370868 0.258900 0.214525
0.372093 0.260476 0.216856
0.373838 0.262612 0.220038
0.376763 0.266471 0.225618
0.380168 0.270891 0.231962
0.394975 0.290658 0.259526
0.372951 0.326708 -0.009082
0.379513 0.336873 -0.004987
0.387936 0.350215 -0.000244
0.402699 0.373806 0.006763
0.419962 0.402705 0.013570
0.436453 0.431090 0.019204
0.458638 0.469558 0.026283
0.473210 0.494951 0.031255
0.493853 0.531310 0.039672
0.511618 0.562724 0.048935
0.528671 0.593382 0.060629
0.422646 0.302138 0.395868
0.429173 0.308698 0.410264
0.436230 0.315534 0.424937
0.451811 0.330038 0.454034
0.469643 0.346463 0.481995
0.488218 0.364963 0.506546
0.563457 0.451362 0.561344
0.338089 0.152079 0.419074
0.338853 0.152594 0.422222
0.340220 0.153195 0.426606
0.342328 0.154399 0.434200
0.344651 0.155771 0.442480
0.347107 0.157082 0.450723
0.356024 0.161836 0.478940
0.359115 0.163820 0.489054
0.284953 0.159952 0.078833
0.288067 0.162062 0.087749
0.292948 0.165293 0.101279
0.301204 0.171084 0.124336
0.309209 0.176906 0.146261
0.317448 0.183444 0.168952
0.325669 0.190181 0.190908
0.334068 0.197823 0.213682
0.342810 0.205832 0.236401
0.351669 0.214618 0.259748
0.360526 0.223886 0.283355
0.418817 0.214264 0.579678
0.427793 0.220507 0.593475
0.440581 0.228949 0.609563
0.470722 0.252737 0.642144
0.528098 0.305970 0.679868
0.303224 0.124634 0.318439
0.306467 0.125940 0.331045
0.309651 0.127418 0.343970
0.315759 0.130705 0.370338
0.329630 0.137607 0.424517
0.467895 0.451932 0.161611
0.472296 0.459425 0.165144
0.477647 0.468693 0.169643
0.486017 0.483047 0.176975
0.502703 0.511070 0.193067
0.517859 0.535922 0.209741
0.533672 0.560093 0.228758
0.568475 0.609386 0.276216
0.602972 0.650895 0.322967
0.516377 0.511254 0.282220
0.521624 0.518382 0.289020
0.531075 0.531536 0.301861
0.540452 0.543973 0.314430
0.567792 0.578034 0.349165
0.590944 0.606526 0.376201
0.616969 0.638570 0.403081
0.664984 0.645877 0.546132
0.672762 0.659350 0.550071
0.681032 0.673722 0.554709
0.693822 0.697027 0.563744
0.716731 0.737655 0.584710
0.737894 0.774479 0.612035
0.754033 0.803164 0.640636
0.237909 0.058340 0.234248
0.239717 0.058824 0.244142
0.241556 0.059401 0.254865
0.246182 0.060126 0.276680
0.250118 0.061081 0.298066
0.254867 0.061888 0.321161
0.267293 0.063957 0.377736
0.278584 0.066621 0.426906
0.408487 0.347667 0.131143
0.414207 0.357055 0.136127
0.419653 0.365995 0.140685
0.432001 0.386290 0.150734
0.444737 0.407747 0.161068
0.456615 0.427908 0.170891
0.487547 0.480239 0.199348
0.500288 0.501366 0.212900
0.512339 0.520309 0.226553
0.654283 0.841042 0.038342
0.656312 0.843591 0.042298
0.658024 0.846193 0.046191
0.662841 0.851460 0.054969
0.666955 0.855772 0.062435
0.673476 0.866844 0.080402
0.680262 0.871712 0.090843
0.684087 0.877629 0.101274
0.287728 0.076485 0.433264
0.288750 0.076723 0.436958
0.289447 0.077035 0.440340
0.291969 0.077641 0.449498
0.293908 0.078318 0.457148
0.296111 0.079168 0.465990
0.301479 0.080710 0.484224
0.303677 0.081545 0.492048
0.306388 0.082506 0.500975
0.453642 0.313469 0.495798
0.461750 0.320601 0.507973
0.474845 0.332661 0.525515
0.522276 0.380493 0.568460
0.625172 0.527129 0.602000
0.650220 0.571873 0.604925
0.672865 0.615622 0.609291
0.452143 0.423132 0.155767
0.458311 0.433829 0.160651
0.465213 0.445656 0.166182
0.475180 0.462701 0.174604
0.499956 0.504423 0.198124
0.523108 0.541581 0.224348
0.545232 0.574063 0.252589
0.569839 0.607608 0.286718
0.637054 0.780095 0.135958
0.638515 0.782279 0.139230
0.640784 0.784282 0.142746
0.644696 0.788874 0.150272
0.648124 0.793954 0.158391
0.539933 0.646768 -0.087202
0.551543 0.665955 -0.079461
0.563990 0.687230 -0.069284
0.586704 0.725131 -0.046301
0.623612 0.787478 0.009159
0.271294 0.021629 0.563200
0.272717 0.022282 0.567796
0.274918 0.022746 0.572631
0.279115 0.024162 0.583609
0.289897 0.026593 0.604937
0.180780 -0.030774 0.251403
0.180605 -0.029444 0.257402
0.180037 -0.028148 0.262791
0.180583 -0.025981 0.273636
0.181096 -0.021760 0.294612
0.182527 -0.017986 0.315883
0.735935 1.033909 0.235367
0.736227 1.039565 0.249178
0.730041 1.048425 0.266937
0.732013 1.060159 0.300021
0.728157 1.077124 0.344637
0.599795 0.229625 0.887241
0.634597 0.264519 0.897657
0.668034 0.302462 0.904912
0.724615 0.386107 0.913050
0.764576 0.466184 0.916324
0.786653 0.536274 0.922853
0.806695 0.633279 0.945779
0.806254 0.657052 0.959203
0.806946 0.674071 0.972010
0.386809 0.262320 0.313061
0.389473 0.265462 0.319557
0.394196 0.270900 0.331010
0.398581 0.275784 0.341475
0.411071 0.289616 0.371582
0.437916 0.316482 0.430646
0.454786 0.331904 0.461098
0.300023 0.151939 0.190553
0.301901 0.153052 0.196778
0.304126 0.154205 0.203609
0.307626 0.156487 0.215649
0.314890 0.161209 0.239930
0.331232 0.172640 0.294332
0.344393 0.182989 0.339604
0.360891 0.195589 0.394941
0.385276 0.122775 0.653527
0.390852 0.125387 0.660985
0.402185 0.132106 0.677096
0.415194 0.140052 0.693565
0.451084 0.162307 0.729542
0.536425 0.228178 0.785544
0.614474 0.312068 0.811068
0.659818 0.375794 0.815286
0.691518 0.433935 0.815186
0.644060 0.453038 0.718286
0.660956 0.486723 0.717369
0.680880 0.528784 0.715797
0.704171 0.592384 0.717930
0.745878 0.697399 0.736004
0.358124 0.186511 0.411414
0.361596 0.188858 0.422791
0.365508 0.191506 0.435310
0.373099 0.196625 0.458825
0.390478 0.207486 0.504260
0.444007 0.243154 0.596414
0.434464 0.322889 0.396080
0.441509 0.330233 0.410469
0.449102 0.337870 0.425002
0.465233 0.353528 0.452441
0.500517 0.389054 0.498888
0.548435 0.443915 0.536876
0.578301 0.483879 0.550813
0.601246 0.517453 0.558045
0.588234 0.734557 -0.085355
0.596881 0.748565 -0.075475
0.602596 0.759583 -0.067172
0.616850 0.783980 -0.046043
0.642786 0.826484 0.000733
0.669028 0.864193 0.056112
0.681807 0.879029 0.082710
0.665587 0.845453 0.097672
0.672130 0.851278 0.109149
0.678441 0.857882 0.121863
0.687958 0.870536 0.146066
0.713901 0.897765 0.205255
0.733251 0.924899 0.266508
0.496178 0.394928 0.475114
0.498969 0.397457 0.477944
0.501590 0.400546 0.481227
0.507417 0.406435 0.487166
0.513036 0.412865 0.493100
0.525338 0.426744 0.504257
0.540682 0.444734 0.515801
0.651639 0.575489 0.606201
0.668074 0.605889 0.608717
0.682933 0.637695 0.613725
0.709882 0.690615 0.626422
0.749664 0.769830 0.669273
0.751699 0.448481 0.906973
0.760043 0.482782 0.911489
0.778120 0.523919 0.912074
0.793620 0.576344 0.918257
0.804493 0.681161 0.965025
0.808920 0.701999 0.989345
0.416755 0.301197 0.366078
0.419615 0.304369 0.372575
0.423047 0.308253 0.380494
0.428529 0.314004 0.392370
0.441686 0.327035 0.418985
0.472336 0.356752 0.471121
0.672010 0.395869 0.818226
0.684390 0.418615 0.818069
0.698229 0.445193 0.817123
0.713142 0.489441 0.818568
0.743629 0.573254 0.819129
0.441973 0.409736 0.132808
0.450310 0.423878 0.138523
0.459556 0.439945 0.145099
0.476951 0.470038 0.158245
0.492263 0.496513 0.171248
0.524623 0.550170 0.204702
0.550179 0.588593 0.236904
0.580990 0.629771 0.279898
0.419050 0.383502 0.070787
0.425119 0.393900 0.074037
0.431541 0.405219 0.077418
0.442110 0.423000 0.082529
0.466676 0.465934 0.094864
0.488890 0.505182 0.107562
0.511883 0.545880 0.124225
0.584251 0.648773 0.245720
0.594082 0.661181 0.260468
0.606178 0.674892 0.277826
0.628540 0.700628 0.311056
0.651319 0.726126 0.343733
0.264187 0.092922 0.230538
0.265702 0.093228 0.236792
0.267361 0.093702 0.244380
0.270344 0.094487 0.257797
0.275729 0.095904 0.281747
0.287636 0.099266 0.334144
0.639381 0.812126 0.037049
0.643953 0.818764 0.046217
0.650178 0.827018 0.058488
0.658867 0.838069 0.076018
0.676306 0.860125 0.114948
0.707769 0.893524 0.184620
0.668687 0.670409 0.519682
0.676841 0.683752 0.525191
0.687066 0.700582 0.532866
0.697820 0.718849 0.542458
0.722131 0.759985 0.570271
0.759133 0.822533 0.636344
0.484938 0.466499 0.233131
0.492811 0.478827 0.242407
0.499420 0.489085 0.250512
0.512662 0.509025 0.267476
0.542243 0.550045 0.306876
0.275652 0.064512 0.420656
0.281148 0.065820 0.442548
0.284734 0.066842 0.456549
0.293989 0.069483 0.489317
0.320785 0.079089 0.567588
0.555694 0.688153 -0.162674
0.563822 0.701402 -0.156695
0.573751 0.717825 -0.148522
0.592510 0.748522 -0.130505
0.616951 0.792120 -0.098373
0.670409 0.881497 0.002743
0.684510 0.900749 0.033148
0.252252 0.092567 0.164429
0.255281 0.093410 0.177024
0.257932 0.094217 0.188663
0.263608 0.095848 0.213711
0.275874 0.099226 0.267480
0.290715 0.103849 0.333185
0.304056 0.108666 0.390325
0.627150 0.509323 0.626516
0.641268 0.535024 0.627319
0.653357 0.558428 0.628175
0.676541 0.606348 0.631586
0.715002 0.688446 0.647369
0.749647 0.758300 0.681192
0.761433 0.781860 0.699892
0.463754 0.442996 0.164773
0.464846 0.445009 0.165712
0.466180 0.447306 0.166834
0.468243 0.450804 0.168502
0.472508 0.458205 0.172162
0.663656 0.705608 0.436962
0.678285 0.725946 0.452883
0.690862 0.744074 0.467920
0.709530 0.771506 0.493606
0.744590 0.825889 0.561981
0.226839 0.037088 0.278837
0.227882 0.037374 0.284591
0.228945 0.037532 0.289635
0.230726 0.037891 0.298769
0.233731 0.038745 0.316320
0.240201 0.039899 0.349157
0.250611 0.041120 0.393845
0.254721 0.041977 0.412893
0.260498 0.043261 0.437767
0.453094 0.317048 0.486703
0.458868 0.322103 0.495628
0.466645 0.329122 0.506904
0.475837 0.337813 0.519156
0.501676 0.363214 0.546354
0.563424 0.435612 0.582821
0.630571 0.540140 0.597347
0.212597 0.001902 0.408567
0.215552 0.002450 0.420566
0.219521 0.002903 0.435324
0.224869 0.003971 0.456380
0.236962 0.005939 0.496944
0.448882 0.448936 0.034464
0.456963 0.462720 0.037212
0.464752 0.476725 0.040058
0.483182 0.509213 0.047364
0.515851 0.567218 0.064902
0.558316 0.640645 0.103024
0.586699 0.685409 0.141140
0.548638 0.593339 0.213244
0.553643 0.600345 0.219634
0.559149 0.608260 0.227103
0.568155 0.621112 0.240025
0.586245 0.644625 0.266152
0.624330 0.689233 0.320721
0.659932 0.729826 0.369213
0.690867 0.768676 0.414108
0.570811 0.683661 0.014958
0.580716 0.700716 0.026798
0.593035 0.720750 0.043186
0.613192 0.751993 0.074946
0.649581 0.800652 0.143922
0.429137 0.382797 0.143671
0.435825 0.393982 0.148917
0.443964 0.407687 0.155321
0.459324 0.433952 0.167702
0.509428 0.517940 0.216366
0.522417 0.538206 0.231812
0.554419 0.584290 0.273979
0.316600 0.115780 0.433850
0.317704 0.116143 0.437774
0.318843 0.116732 0.442380
0.321357 0.117664 0.451106
0.323670 0.118694 0.459682
0.401289 0.327135 0.160036
0.405394 0.333558 0.164527
0.424274 0.363409 0.184270
0.454090 0.411962 0.215702
0.505904 0.492793 0.278931
0.744855 1.007268 0.263706
0.742266 1.011754 0.272072
0.741415 1.015524 0.280803
0.741789 1.024128 0.303718
0.740185 1.039005 0.343196
0.740670 1.046118 0.364060
0.326458 0.206616 0.134379
0.329074 0.209093 0.140115
0.332189 0.212157 0.146957
0.336199 0.216226 0.155710
0.345822 0.226382 0.176145
0.366307 0.250102 0.217914
0.388299 0.278135 0.261502
0.531721 0.500554 0.382008
0.533943 0.503247 0.384709
0.536545 0.506379 0.387798
0.541263 0.512095 0.393313
0.551894 0.524990 0.405038
0.455048 0.462464 0.026657
0.465008 0.480520 0.030084
0.473864 0.495982 0.033219
0.495687 0.534171 0.042253
0.533150 0.600572 0.065933
0.572058 0.666038 0.106939
0.604728 0.715042 0.156511
0.696188 0.605506 0.683052
0.704671 0.627242 0.685448
0.712809 0.641891 0.686361
0.724829 0.675552 0.694327
0.749171 0.729923 0.714320
0.619937 0.796621 -0.085443
0.625867 0.805656 -0.076926
0.633387 0.820047 -0.062886
0.644255 0.837920 -0.043235
0.669880 0.876871 0.008631
0.256251 0.092555 0.186013
0.257734 0.093081 0.193244
0.259860 0.093700 0.202697
0.263854 0.094638 0.219309
0.271603 0.096978 0.255033
0.279816 0.099124 0.290532
0.288065 0.101561 0.326515
0.726644 0.942172 0.181320
0.730911 0.949429 0.196664
0.734184 0.955777 0.210796
0.739445 0.970096 0.242724
0.744703 0.992293 0.296422
0.745799 1.016296 0.362355
0.577665 0.509935 0.510393
0.594462 0.533614 0.518383
0.610518 0.557190 0.524807
0.640981 0.605653 0.536268
0.690690 0.691613 0.561622
0.246437 0.011034 0.513067
0.251768 0.012087 0.528326
0.257721 0.013535 0.545637
0.272009 0.016766 0.580068
0.314415 0.029396 0.662177
0.376414 0.053680 0.746689
0.422711 0.078483 0.797618
0.474932 0.106581 0.838717
0.684052 0.839170 0.209076
0.697991 0.852626 0.237977
0.700799 0.855686 0.244315
0.714773 0.872426 0.279767
0.735136 0.901107 0.345289
0.750464 0.927775 0.416977
0.753819 0.939016 0.449432
0.639769 0.813852 0.032415
0.647505 0.825211 0.048307
0.657567 0.837249 0.067238
0.673673 0.856136 0.100245
0.704190 0.892231 0.172207
0.729272 0.923061 0.240739
0.412036 0.078188 0.777536
0.433065 0.090470 0.798926
0.463010 0.106578 0.822399
0.510573 0.138779 0.856869
0.568818 0.184670 0.890207
0.633783 0.245542 0.916071
0.684224 0.304161 0.930061
0.736327 0.376980 0.937910
0.766614 0.439729 0.944010
0.284044 0.076691 0.412503
0.285588 0.077145 0.419122
0.287856 0.077775 0.428375
0.291599 0.078864 0.442967
0.299279 0.081439 0.472450
0.323947 0.090486 0.548699
0.353747 0.102752 0.613687
0.375489 0.112339 0.648956
0.400334 0.125494 0.683931
0.564144 0.639489 0.151508
0.571111 0.650264 0.161033
0.577707 0.659684 0.170125
0.588682 0.676088 0.187368
0.664720 0.763325 0.311503
0.594025 0.385443 0.702211
0.612746 0.412802 0.703272
0.630052 0.441889 0.703613
0.661497 0.503227 0.702471
0.707479 0.613535 0.704726
0.608247 0.726912 0.138388
0.615356 0.736464 0.150703
0.623593 0.747108 0.165495
0.639480 0.764530 0.193100
0.670340 0.797447 0.251373
0.457856 0.408943 0.255211
0.461809 0.415010 0.260426
0.467123 0.423086 0.267520
0.473147 0.432111 0.275706
0.524295 0.502249 0.346734
0.354460 0.317161 -0.075231
0.360058 0.325796 -0.071668
0.366440 0.336066 -0.067909
0.381142 0.359643 -0.060989
0.462000 0.495279 -0.040459
0.481073 0.527939 -0.035642
0.640785 0.682243 0.399012
0.653782 0.698629 0.412953
0.664612 0.712951 0.424990
0.684035 0.739897 0.448218
0.720614 0.793413 0.503448
0.601387 0.732965 0.062763
0.606618 0.740655 0.070888
0.612055 0.748517 0.079709
0.620294 0.761172 0.094849
0.637701 0.784737 0.127973
0.808906 0.667714 0.975430
0.807274 0.671433 0.980042
0.808567 0.677712 0.985242
0.811825 0.684237 0.992258
0.805772 0.691564 1.005985
0.673298 0.549680 0.683955
0.684790 0.578606 0.685135
0.700975 0.613116 0.686297
0.723724 0.664753 0.693222
0.753167 0.737649 0.721474
0.780183 0.792719 0.763839
0.791571 0.814265 0.787831
0.288873 0.099546 0.338439
0.291893 0.100753 0.352801
0.295803 0.101782 0.368236
0.302444 0.104554 0.398406
0.319355 0.111090 0.463633
0.269823 0.108635 0.195125
0.272445 0.109483 0.205795
0.275300 0.110442 0.217660
0.280612 0.112135 0.239053
0.291591 0.116318 0.285871
0.302737 0.120775 0.332135
0.314690 0.126211 0.381737
0.533577 0.298054 0.699178
0.551140 0.317494 0.705958
0.572411 0.343544 0.712133
0.608820 0.393742 0.717191
0.732563 0.660524 0.724191
0.746637 0.697742 0.734880
0.327062 0.052185 0.646704
0.334829 0.055444 0.660439
0.345400 0.058900 0.675412
0.364486 0.066490 0.701412
0.412097 0.090977 0.758986
0.296244 0.100692 0.377664
0.299374 0.101964 0.391761
0.302206 0.102992 0.403562
0.309760 0.105965 0.434538
0.327242 0.113048 0.496375
0.674174 0.802359 0.256858
0.678978 0.807576 0.266593
0.684207 0.812252 0.275880
0.692156 0.820410 0.291347
0.706897 0.837597 0.324131
0.590971 0.734133 -0.049026
0.596856 0.744030 -0.041548
0.603755 0.755444 -0.032124
0.616065 0.776464 -0.012779
0.639012 0.812925 0.029132
0.578193 0.638242 0.244316
0.580505 0.641158 0.247596
0.582505 0.643774 0.250588
0.587360 0.649459 0.257319
0.595729 0.660253 0.270169
0.717710 0.908194 0.201440
0.720924 0.911354 0.208868
0.724411 0.916719 0.220563
0.728758 0.924470 0.237382
0.737309 0.938717 0.270809
0.750516 0.980864 0.382989
0.754955 0.990530 0.414371
0.663960 0.517209 0.693620
0.673269 0.537569 0.693326
0.680678 0.560431 0.694812
0.694213 0.589786 0.694997
0.724240 0.658711 0.701862
0.761501 0.747688 0.736843
0.576723 0.671281 0.119868
0.580659 0.677852 0.125788
0.587614 0.688039 0.135752
0.594102 0.697236 0.145551
0.608210 0.717561 0.169596
0.638883 0.752676 0.221618
0.664585 0.780453 0.268689
0.689241 0.806279 0.314249
0.768039 0.469966 0.921461
0.778503 0.504187 0.924921
0.790837 0.537458 0.927221
0.802893 0.588082 0.936410
0.806743 0.655201 0.964923
0.504260 0.542597 0.075701
0.507562 0.548489 0.077784
0.511734 0.555871 0.080500
0.517259 0.565540 0.084356
0.529491 0.587080 0.094121
0.552783 0.626741 0.117291
0.354575 0.224478 0.239874
0.358579 0.228787 0.249430
0.363304 0.234233 0.261103
0.372422 0.244587 0.283113
0.389963 0.264658 0.325765
0.409353 0.286104 0.373158
0.233692 0.087315 0.058563
0.235136 0.088469 0.067530
0.237428 0.089647 0.078496
0.241603 0.091774 0.098346
0.249790 0.095553 0.136712
0.258916 0.098719 0.176280
0.265593 0.100717 0.204407
0.268367 0.101699 0.217090
0.362244 0.245473 0.208831
0.366616 0.250749 0.217520
0.371488 0.256811 0.227205
0.380552 0.268287 0.244996
0.402497 0.297117 0.288293
0.334516 0.171998 0.319405
0.338009 0.174549 0.331509
0.341027 0.176876 0.342248
0.353232 0.185947 0.384625
0.365646 0.194752 0.425556
0.472562 0.472933 0.111832
0.481045 0.487976 0.117085
0.490445 0.504533 0.123379
0.508086 0.535523 0.136919
0.547809 0.601792 0.178271
0.580745 0.649659 0.223707
0.597445 0.670687 0.248706
0.614991 0.690755 0.274915
0.537094 0.594540 0.123625
0.544858 0.607418 0.131749
0.553043 0.621317 0.141442
0.569064 0.646166 0.161931
0.601091 0.691208 0.210778
0.636145 0.731524 0.267837
0.667344 0.764597 0.318735
0.698069 0.870425 0.195757
0.703573 0.876765 0.209113
0.710600 0.882954 0.223602
0.721218 0.895992 0.252439
0.737660 0.923079 0.315221
0.748190 0.944337 0.372256
0.377499 0.341166 -0.027713
0.382994 0.349733 -0.024895
0.389763 0.360803 -0.021638
0.402407 0.381523 -0.016472
0.430899 0.429255 -0.007543
0.461607 0.482325 0.000775
0.708343 0.938049 0.075612
0.714856 0.946297 0.091643
0.719158 0.955300 0.107467
0.729413 0.969284 0.135997
0.736720 0.998294 0.194474
0.736431 1.022102 0.245627
0.738536 1.032363 0.272598
0.215805 0.005824 0.402481
0.218657 0.005981 0.412123
0.221527 0.006423 0.424007
0.226126 0.007602 0.444210
0.239025 0.009661 0.488943
0.253883 0.012615 0.533984
0.276991 0.017895 0.589926
0.783340 0.503410 0.937030
0.798175 0.539129 0.939252
0.803375 0.556808 0.941747
0.805272 0.597522 0.954580
0.812207 0.654100 0.979019
0.809604 0.674666 0.999271
0.822856 0.693992 1.021273
0.687194 0.727494 0.485328
0.695511 0.740314 0.494938
0.705642 0.755737 0.507580
0.722681 0.782684 0.533511
0.750121 0.826640 0.589065
0.762772 0.846846 0.620170
0.774248 0.865515 0.650903
0.786729 0.886476 0.686134
0.534660 0.592273 0.114112
0.545963 0.611489 0.125804
0.555473 0.627297 0.136907
0.577645 0.661108 0.166266
0.618031 0.713866 0.230150
0.659120 0.758625 0.298626
0.679378 0.780802 0.333138
0.331338 0.112066 0.515728
0.332737 0.112780 0.520276
0.334201 0.113546 0.524874
0.337684 0.114962 0.534139
0.344968 0.117784 0.551659
0.354942 0.122365 0.574825
0.358639 0.299671 -0.002296
0.365829 0.310013 0.003554
0.372921 0.320755 0.008937
0.387608 0.343261 0.018467
0.420223 0.396495 0.034516
0.456714 0.459593 0.048539
0.496677 0.530390 0.066228
0.688399 0.888365 0.096258
0.692908 0.893791 0.107014
0.697015 0.898882 0.116903
0.704019 0.906157 0.132307
0.718141 0.922631 0.167308
0.677538 0.869646 0.089930
0.679889 0.871652 0.094024
0.682473 0.873335 0.097748
0.685557 0.877864 0.105962
0.688358 0.882823 0.114739
0.189181 -0.012607 0.370444
0.192287 -0.012644 0.378078
0.194080 -0.011961 0.386838
0.198105 -0.010884 0.403895
0.207602 -0.008755 0.442827
0.213903 -0.007659 0.465254
0.220837 -0.006631 0.488112
0.231834 -0.005126 0.519831
0.239864 -0.003571 0.542420
0.634261 0.815440 -0.038516
0.638797 0.823674 -0.029365
0.644236 0.833276 -0.018087
0.654423 0.849672 0.003349
0.674814 0.878601 0.047449
0.695802 0.904904 0.095137
0.499431 0.577545 -0.093761
0.505236 0.586644 -0.091813
0.512368 0.598310 -0.089024
0.524114 0.617634 -0.083733
0.547214 0.656239 -0.069994
0.566816 0.689586 -0.053973
0.587349 0.724477 -0.031926
0.727213 0.923681 0.224389
0.731012 0.930258 0.239124
0.734215 0.936357 0.252834
0.740239 0.948536 0.281984
0.746689 0.969756 0.336382
0.749167 0.982911 0.373807
0.754710 0.995823 0.415596
0.600538 0.395757 0.700936
0.615747 0.419652 0.701924
0.632472 0.448556 0.702038
0.664205 0.508914 0.700180
0.707814 0.611275 0.701908
0.737280 0.892463 0.380251
0.740197 0.897770 0.393372
0.742407 0.903395 0.407273
0.747785 0.911665 0.430176
0.757495 0.929102 0.481159
0.514478 0.596835 -0.068847
0.526119 0.616385 -0.063248
0.536952 0.634652 -0.057069
0.635313 0.796701 0.067793
0.654086 0.821738 0.105986
0.537751 0.592431 0.137077
0.550167 0.613391 0.151393
0.562668 0.632659 0.167041
0.586625 0.667626 0.201862
0.700784 0.800261 0.388827
0.259177 0.029280 0.492537
0.260771 0.029489 0.497299
0.262251 0.029803 0.501868
0.265397 0.030357 0.511055
0.268113 0.031189 0.520070
0.705136 0.889542 0.185051
0.710566 0.894730 0.196884
0.714886 0.898912 0.206495
0.723121 0.909659 0.230190
0.734279 0.930008 0.275842
0.743265 0.946662 0.317924
0.746419 0.954755 0.339458
0.748473 0.964404 0.365857
0.552674 0.615930 0.159558
0.560277 0.627598 0.169155
0.568008 0.638894 0.179365
0.583497 0.661726 0.202530
0.623126 0.710088 0.264616
0.594816 0.390855 0.697587
0.614541 0.420460 0.698756
0.630520 0.448743 0.699203
0.663844 0.511159 0.697142
0.710782 0.622240 0.700210
0.739402 0.750916 0.650406
0.747129 0.767234 0.662441
0.756387 0.785187 0.677660
0.765584 0.801639 0.693687
0.784364 0.833823 0.731276
0.683798 0.752668 0.418778
0.689863 0.760717 0.427418
0.695798 0.768689 0.436230
0.706525 0.784370 0.454463
0.727301 0.814266 0.494486
0.517504 0.575302 0.043432
0.526654 0.591562 0.049579
0.536230 0.608536 0.056941
0.554782 0.640737 0.074397
0.588918 0.695206 0.117700
0.612524 0.729373 0.156771
0.644061 0.766934 0.213616
0.398077 0.351046 0.052980
0.402772 0.358434 0.055777
0.407944 0.367071 0.058832
0.416628 0.380978 0.063421
0.433090 0.409560 0.071828
0.688406 0.897377 0.065562
0.697723 0.910312 0.089158
0.707835 0.921403 0.111557
0.723627 0.942642 0.154727
0.739669 0.979227 0.233127
0.740341 0.996274 0.270918
0.296390 0.124573 0.278990
0.299272 0.126145 0.292007
0.302736 0.127388 0.304659
0.309324 0.130489 0.331313
0.346079 0.149549 0.470474
0.581239 0.705285 0.005682
0.592613 0.725124 0.021115
0.605293 0.744405 0.039004
0.626218 0.777153 0.076107
0.668845 0.829392 0.160576
0.503166 0.217197 0.746471
0.529698 0.240445 0.760893
0.561643 0.272199 0.774191
0.615756 0.335132 0.786117
0.700027 0.490730 0.787579
0.744696 0.615017 0.790726
0.761060 0.670947 0.802954
0.767952 0.700121 0.815329
0.491069 0.292444 0.626016
0.503537 0.304471 0.635091
0.516313 0.317757 0.643229
0.546044 0.350568 0.656769
0.603187 0.429794 0.669189
0.658361 0.531262 0.670007
0.677597 0.573365 0.670556
0.696427 0.615564 0.672947
0.578557 0.698554 0.011909
0.584855 0.709799 0.020128
0.600160 0.734180 0.041173
0.606692 0.744693 0.051520
0.629360 0.779030 0.092375
0.662120 0.818080 0.155924
0.413576 0.388345 0.022895
0.422706 0.403406 0.026435
0.430188 0.416486 0.029286
0.447824 0.446547 0.035450
0.483319 0.509102 0.048889
0.509714 0.556078 0.062582
0.543599 0.615397 0.089069
0.380060 0.320691 0.047480
0.383913 0.326566 0.050442
0.389542 0.335275 0.054571
0.394726 0.343687 0.058232
0.409887 0.367830 0.067576
0.471052 0.473091 0.099540
0.488255 0.503500 0.109656
0.504699 0.532923 0.121299
0.693611 0.772659 0.418789
0.701267 0.782765 0.431163
0.708591 0.793039 0.444329
0.721834 0.811857 0.470520
0.743950 0.845922 0.527312
0.764680 0.877732 0.590257
0.776404 0.896096 0.627238
0.782802 0.908477 0.651294
0.597633 0.714928 0.105722
0.602016 0.721085 0.112440
0.609418 0.732509 0.125578
0.619122 0.745845 0.142802
0.641744 0.772533 0.183611
0.358732 0.141586 0.542694
0.365210 0.144870 0.557998
0.375039 0.149900 0.578716
0.395911 0.160603 0.614376
0.448864 0.193237 0.679430
0.482507 0.218774 0.708446
0.256089 0.027673 0.485910
0.261468 0.028673 0.502814
0.270774 0.030940 0.531074
0.287985 0.036018 0.577294
0.350115 0.057278 0.688340
0.399235 0.284247 0.314956
0.405368 0.291532 0.328488
0.411627 0.299003 0.342498
0.425642 0.314990 0.373367
0.490149 0.379938 0.483046
0.537634 0.432524 0.527034
0.616785 0.620889 0.436582
0.630285 0.639050 0.447232
0.639873 0.652416 0.454760
0.659038 0.679766 0.469899
0.740701 0.807396 0.574641
0.658070 0.867298 -0.043154
0.661242 0.872264 -0.036862
0.668205 0.880614 -0.025210
0.674292 0.889819 -0.012547
0.688643 0.908709 0.016503
0.711259 0.943496 0.075276
0.403300 0.301453 0.276882
0.408814 0.308867 0.287303
0.414675 0.316666 0.298400
0.423321 0.328061 0.314947
0.457433 0.369894 0.379079
0.472089 0.386422 0.404120
0.503416 0.420457 0.448406
0.324385 0.046037 0.654619
0.339212 0.050851 0.676542
0.353381 0.056243 0.696191
0.387803 0.072713 0.741411
0.476099 0.121652 0.821897
0.566645 0.190299 0.877737
0.622459 0.245013 0.901421
0.754644 0.585269 0.840500
0.765000 0.609738 0.841566
0.766171 0.633624 0.849065
0.779511 0.672765 0.859431
0.790463 0.719201 0.888007
0.807684 0.752409 0.919909
0.828298 0.780318 0.952007
0.833269 0.791351 0.965832
0.684000 0.874593 0.107815
0.690232 0.882825 0.123568
0.698066 0.891125 0.140764
0.710925 0.905447 0.171324
0.741366 0.955235 0.284060
0.728809 0.932115 0.214004
0.732335 0.939136 0.229430
0.735761 0.945543 0.244000
0.741337 0.957889 0.273166
0.745948 0.980964 0.331345
0.746645 0.991567 0.360583
0.749672 0.999198 0.384988
0.682618 0.705637 0.508137
0.693966 0.723796 0.518885
0.702861 0.738166 0.528456
0.722448 0.770296 0.554317
0.751740 0.818626 0.608451
0.766448 0.842937 0.643033
0.661255 0.818123 0.147830
0.664518 0.822964 0.156227
0.676316 0.836118 0.181619
0.694362 0.853879 0.219218
0.717914 0.879946 0.275706
0.731413 0.898296 0.317469
0.362299 0.154119 0.526116
0.363993 0.155034 0.530461
0.365558 0.156087 0.535085
0.369367 0.157922 0.543653
0.377662 0.162086 0.561355
0.381930 0.164682 0.570736
0.424822 0.461789 -0.125679
0.429478 0.469216 -0.125082
0.434568 0.477694 -0.124380
0.443953 0.493449 -0.123009
0.463227 0.523967 -0.120012
0.503782 0.589323 -0.109488
0.561531 0.651855 0.084151
0.565700 0.658469 0.088922
0.570901 0.666313 0.094954
0.575361 0.674312 0.101310
0.592154 0.699508 0.124987
0.620522 0.739009 0.173311
0.335452 0.153439 0.398950
0.337289 0.154532 0.405846
0.339671 0.155920 0.414615
0.342199 0.157223 0.423272
0.351105 0.162423 0.454328
0.371278 0.173598 0.513021
0.428639 0.374642 0.172123
0.434475 0.384233 0.177602
0.438267 0.390498 0.181155
0.443557 0.399256 0.186189
0.458580 0.424322 0.200879
0.486953 0.470718 0.231369
0.515207 0.513972 0.266209
0.544860 0.555208 0.305849
0.482872 0.551263 -0.098159
0.490348 0.562313 -0.096324
0.496676 0.572663 -0.094413
0.504907 0.586135 -0.091652
0.525950 0.620570 -0.082591
0.777630 0.728454 0.823099
0.782054 0.740095 0.831359
0.787798 0.751589 0.840479
0.799040 0.774249 0.862913
0.825554 0.816681 0.914294
0.851266 0.872207 0.977598
0.853425 0.879496 0.984871
0.730531 1.006415 0.107269
0.730609 1.011807 0.116933
0.731658 1.017512 0.128176
0.731852 1.026013 0.145031
0.731251 1.042008 0.178024
0.721222 1.069516 0.236014
0.624205 0.811286 -0.133255
0.629764 0.819388 -0.126364
0.677324 0.903942 -0.037503
0.703736 0.945814 0.023256
0.716038 0.966939 0.058901
0.726506 0.984616 0.091015
0.352249 0.240728 0.162198
0.355491 0.244573 0.168197
0.359676 0.249614 0.175802
0.367018 0.258726 0.188870
0.382357 0.278957 0.215504
0.394763 0.295989 0.236438
0.304281 0.160970 0.179241
0.306751 0.162626 0.187040
0.313041 0.166866 0.206603
0.336741 0.184946 0.280451
0.352516 0.198602 0.330847
0.373691 0.216578 0.397515
0.273914 0.070126 0.384270
0.277864 0.070982 0.401191
0.281771 0.072263 0.419450
0.289712 0.074429 0.450975
0.333659 0.090111 0.581079
0.368663 0.249205 0.237455
0.372784 0.254296 0.246215
0.376709 0.259190 0.254543
0.383809 0.268105 0.269526
0.398974 0.287187 0.301609
0.241681 0.062559 0.236260
0.244321 0.063375 0.251414
0.247719 0.064029 0.268097
0.254329 0.065310 0.300990
0.268918 0.067684 0.367212
0.306746 0.078780 0.514681
0.453108 0.414084 0.199736
0.457947 0.422143 0.204667
0.462981 0.430474 0.209908
0.471445 0.444361 0.218926
0.489214 0.472836 0.239181
0.525528 0.526905 0.285626
0.562120 0.574653 0.333846
0.715222 0.869804 0.286021
0.717570 0.873046 0.292994
0.720501 0.876797 0.301198
0.725448 0.884572 0.318041
0.744742 0.919779 0.404824
0.424828 0.190771 0.632445
0.436486 0.199564 0.648037
0.453213 0.210243 0.664237
0.483659 0.234353 0.690783
0.556571 0.305752 0.728922
0.607567 0.369126 0.738399
0.653152 0.449413 0.740321
0.358227 0.215140 0.302480
0.359289 0.216310 0.305722
0.360474 0.217467 0.309116
0.362943 0.219930 0.316200
0.367788 0.224716 0.330106
0.370225 0.227169 0.337208
0.372131 0.229065 0.342753
0.374560 0.231367 0.349651
0.377350 0.233996 0.357475
0.310310 0.099947 0.459662
0.311720 0.100294 0.464175
0.312799 0.100726 0.468017
0.315447 0.101748 0.477447
0.320102 0.103790 0.493899
0.326261 0.106156 0.512601
0.369453 0.182649 0.480660
0.375537 0.186424 0.497818
0.382529 0.190098 0.514187
0.395354 0.197937 0.543085
0.433793 0.222100 0.604787
0.416151 0.309660 0.333859
0.417694 0.311595 0.337203
0.419992 0.314337 0.342025
0.422787 0.317733 0.347994
0.429215 0.325166 0.361318
0.661979 0.795370 0.221382
0.667091 0.800415 0.230977
0.672899 0.806069 0.241923
0.681641 0.815190 0.259468
0.702939 0.837928 0.304010
0.748773 0.903502 0.451989
0.277656 0.124549 0.174171
0.280088 0.125543 0.183274
0.283181 0.126968 0.195385
0.289391 0.129539 0.218433
0.300903 0.134928 0.262505
0.309337 0.139300 0.295214
0.321684 0.145940 0.342187
0.304506 0.037563 0.622361
0.308486 0.038591 0.629071
0.310936 0.039039 0.632509
0.316923 0.040879 0.642738
0.341697 0.050166 0.683149
0.357249 0.056295 0.704316
0.341145 0.193777 0.274551
0.343586 0.195801 0.281568
0.346176 0.198147 0.289330
0.350995 0.202549 0.303859
0.360643 0.211635 0.333456
0.431301 0.453818 -0.077186
0.436127 0.462204 -0.076346
0.441140 0.471336 -0.075404
0.450172 0.486615 -0.073840
0.473224 0.524772 -0.069340
0.512083 0.589548 -0.057012
0.551433 0.656468 -0.033530
0.567284 0.683880 -0.019261
0.411397 0.358601 0.110670
0.421226 0.374927 0.117880
0.432143 0.393148 0.125460
0.449880 0.423298 0.137611
0.467728 0.454330 0.150487
0.486281 0.486533 0.165287
0.524443 0.549989 0.203578
0.343957 0.216012 0.204643
0.348494 0.220662 0.215135
0.352849 0.225308 0.225239
0.363150 0.236690 0.248956
0.382225 0.259244 0.293451
0.477226 0.501067 0.037099
0.482606 0.510338 0.039172
0.488357 0.520399 0.041599
0.499348 0.540126 0.046896
0.511712 0.562164 0.053801
0.375128 0.392553 -0.166723
0.378989 0.398911 -0.165885
0.385720 0.410683 -0.164489
0.395307 0.426393 -0.162897
0.415708 0.459709 -0.160148
0.466940 0.540438 -0.152760
0.519184 0.621762 -0.137070
0.542093 0.658331 -0.125185
0.477036 0.332959 0.531323
0.490981 0.346194 0.546218
0.507441 0.362756 0.560659
0.542327 0.402404 0.582675
0.611490 0.501889 0.602401
0.471811 0.494505 0.025219
0.479466 0.507512 0.027898
0.489840 0.525671 0.031987
0.505201 0.552826 0.039272
0.535164 0.605993 0.059192
0.550016 0.621871 0.115556
0.557564 0.634155 0.124150
0.567004 0.649833 0.136427
0.580564 0.669957 0.154957
0.611062 0.710988 0.203118
0.638950 0.743121 0.250684
0.653822 0.758831 0.276120
0.667155 0.773225 0.299546
0.449245 0.486730 -0.083409
0.455831 0.498702 -0.082114
0.464648 0.513224 -0.080509
0.478685 0.536232 -0.077456
0.508587 0.586120 -0.068004
0.528143 0.619258 -0.058782
0.398361 0.226575 0.487744
0.401196 0.228427 0.494134
0.404446 0.230837 0.501810
0.410606 0.235107 0.514917
0.438807 0.254500 0.562183
0.394816 0.126051 0.669162
0.397114 0.127955 0.673326
0.401498 0.130069 0.678539
0.408749 0.134771 0.688515
0.416817 0.138727 0.696737
0.457155 0.401564 0.277236
0.460827 0.406996 0.282561
0.464827 0.412825 0.288374
0.471979 0.423088 0.298865
0.486715 0.443466 0.320594
0.603186 0.694673 0.211593
0.605150 0.696788 0.214421
0.606994 0.699431 0.217809
0.611477 0.704700 0.224960
0.620324 0.715053 0.239559
0.475216 0.549817 -0.135837
0.487193 0.567950 -0.133029
0.503580 0.593625 -0.128087
0.529772 0.635075 -0.116989
0.555121 0.676719 -0.101097
0.329625 0.164848 0.315371
0.332148 0.166740 0.324764
0.335225 0.168974 0.335947
0.339204 0.171849 0.350360
0.348975 0.178736 0.384783
0.372394 0.194521 0.461071
0.394086 0.324092 0.121862
0.400452 0.334030 0.127918
0.407995 0.345988 0.134743
0.420631 0.366396 0.145688
0.449283 0.414315 0.169707
0.471004 0.451118 0.188966
0.500603 0.500017 0.219375
0.362946 0.265986 0.135290
0.369009 0.273995 0.144109
0.375989 0.283490 0.153895
0.389754 0.303103 0.172331
0.415308 0.341692 0.204367
0.439419 0.379465 0.234246
0.454495 0.402964 0.253635
0.469912 0.426449 0.274427
0.385854 0.329590 0.051984
0.389892 0.335745 0.054874
0.394187 0.342699 0.057901
0.404317 0.358735 0.064349
0.426169 0.395167 0.076661
0.437625 0.414837 0.082537
0.457244 0.448895 0.092387
0.360751 0.106719 0.623679
0.369340 0.110358 0.637233
0.379906 0.115366 0.653298
0.398578 0.125083 0.679180
0.444267 0.153157 0.730280
0.569898 0.256375 0.807368
0.663882 0.374690 0.824064
0.723156 0.502880 0.824218
0.738126 0.539326 0.823276
0.310293 0.158948 0.222479
0.312716 0.160398 0.230120
0.315322 0.162158 0.238841
0.319593 0.165155 0.253244
0.327700 0.170909 0.280061
0.345242 0.184452 0.339276
0.358589 0.194954 0.384361
0.369683 0.203195 0.420073
0.376070 0.301928 0.087707
0.382308 0.311180 0.093914
0.389527 0.321865 0.100562
0.405305 0.346616 0.114134
0.437319 0.399405 0.138328
0.455777 0.431013 0.151911
0.554185 0.155407 0.903519
0.602839 0.196745 0.928122
0.646769 0.242079 0.947313
0.733810 0.345521 0.969682
0.791954 0.448420 0.982506
0.823884 0.542681 0.999306
0.840996 0.611541 1.020687
0.350230 0.016903 0.750720
0.379710 0.030171 0.785575
0.418659 0.049232 0.823652
0.494865 0.092118 0.883736
0.661170 0.236068 0.976916
0.780216 0.384389 1.012773
0.615173 0.776401 -0.016481
0.619392 0.782931 -0.009814
0.624299 0.789601 -0.002432
0.631899 0.801847 0.011560
0.646407 0.824471 0.040955
0.695463 0.884168 0.146802
0.707654 0.898197 0.176600
0.719214 0.910833 0.204854
0.409367 0.387121 0.002999
0.415112 0.396578 0.005099
0.421793 0.408091 0.007468
0.432945 0.426516 0.010976
0.456075 0.467349 0.018145
0.486210 0.527817 -0.001098
0.503520 0.557976 0.005807
0.517928 0.583121 0.013076
0.546645 0.633600 0.033494
0.597543 0.717157 0.095015
0.624388 0.755699 0.141741
0.646470 0.781714 0.182792
0.223535 0.046304 0.198402
0.225249 0.046798 0.206856
0.227919 0.047650 0.221270
0.239881 0.050752 0.286298
0.252067 0.053126 0.348850
0.587328 0.694483 0.113454
0.593077 0.701965 0.121235
0.599421 0.711134 0.131216
0.610440 0.727518 0.150626
0.634572 0.757255 0.193548
0.652909 0.776676 0.226607
0.674113 0.798762 0.266688
0.474320 0.506827 -0.001411
0.482946 0.521441 0.001304
0.494306 0.540895 0.005382
0.577426 0.685279 0.070936
0.600789 0.721412 0.104794
0.512624 0.597446 -0.083501
0.521710 0.612375 -0.079434
0.531169 0.628349 -0.074507
0.547005 0.654567 -0.064610
0.579007 0.709157 -0.035800
0.601929 0.747459 -0.006628
0.793846 0.667644 0.916882
0.801103 0.681923 0.922870
0.799949 0.689110 0.929353
0.805773 0.704891 0.941937
0.809299 0.722874 0.964824
0.834389 0.753764 0.998473
0.274230 0.071817 0.379784
0.277887 0.072488 0.394790
0.282041 0.073800 0.414019
0.290799 0.076280 0.449328
0.310328 0.082936 0.517203
0.293260 0.166112 0.099820
0.300493 0.171217 0.119929
0.304998 0.174507 0.132330
0.312534 0.180288 0.152985
0.364423 0.228950 0.289547
0.408659 0.353601 0.110586
0.415254 0.364266 0.115529
0.427298 0.384500 0.124335
0.439271 0.404515 0.132606
0.470921 0.459208 0.155545
0.609233 0.675567 0.289808
0.611478 0.677863 0.292786
0.613728 0.680899 0.296517
0.618495 0.686300 0.303407
0.626960 0.695984 0.315696
0.286529 0.111116 0.278114
0.289110 0.112135 0.289626
0.291684 0.112834 0.299407
0.297037 0.114858 0.321998
0.308222 0.119407 0.368730
0.315644 0.122965 0.400281
0.329397 0.129270 0.452616
0.414344 0.403292 -0.018125
0.420525 0.413184 -0.016384
0.427847 0.426009 -0.014289
0.439946 0.447205 -0.011080
0.465779 0.492204 -0.004241
0.491285 0.535586 0.003855
0.261150 0.084356 0.249511
0.263126 0.084859 0.258929
0.265019 0.085416 0.268530
0.268828 0.086325 0.286282
0.278749 0.088266 0.328698
0.285312 0.090183 0.358880
0.294210 0.093135 0.398901
0.446504 0.474218 -0.060816
0.454080 0.487961 -0.059239
0.462110 0.501802 -0.057629
0.479999 0.531013 -0.053580
0.517106 0.594430 -0.040086
0.546127 0.644404 -0.022344
0.576240 0.695796 0.006083
0.335912 0.160311 0.375233
0.338338 0.161734 0.383830
0.341361 0.163737 0.395246
0.346832 0.167129 0.414692
0.353913 0.171485 0.439058
0.366284 0.179052 0.478338
0.796004 0.476811 0.966773
0.800742 0.503467 0.972647
0.813463 0.535117 0.976388
0.825741 0.576288 0.984954
0.824019 0.634952 1.013449
0.474472 0.485951 0.074166
0.480963 0.497449 0.077314
0.489105 0.511753 0.081564
0.499300 0.530270 0.087647
0.522943 0.571924 0.104670
0.378581 0.331987 0.004904
0.383880 0.340354 0.008193
0.391710 0.352753 0.012603
0.403109 0.370904 0.018212
0.437051 0.428230 0.031664
0.460734 0.469221 0.039948
0.611344 0.779715 -0.083301
0.614932 0.785943 -0.077999
0.619638 0.793288 -0.071329
0.626639 0.805274 -0.059887
0.639594 0.826604 -0.037018
0.665517 0.867550 0.016674
0.688410 0.896347 0.064907
0.371783 0.269516 0.179214
0.377609 0.277366 0.188574
0.382675 0.284298 0.196527
0.393947 0.300145 0.213879
0.435400 0.360753 0.277234
0.460621 0.396292 0.317445
0.697704 0.914596 0.079578
0.700562 0.917441 0.085150
0.703425 0.920889 0.091792
0.709358 0.927721 0.105647
0.713292 0.934341 0.118198
0.717588 0.940426 0.130084
0.722419 0.945900 0.141784
0.358160 0.260677 0.125087
0.362280 0.265971 0.131197
0.366588 0.271632 0.137436
0.373992 0.281649 0.147810
0.389548 0.303779 0.168391
0.423387 0.355415 0.209722
0.451318 0.399479 0.244033
0.488684 0.455711 0.294170
0.400551 0.401189 -0.079991
0.410734 0.418753 -0.077634
0.423458 0.440163 -0.075189
0.441762 0.470701 -0.072083
0.490329 0.552213 -0.061431
0.536155 0.629655 -0.040782
0.475967 0.463195 0.178757
0.480013 0.470048 0.182401
0.484241 0.477248 0.186372
0.491518 0.489408 0.193356
0.506817 0.514883 0.209630
0.535400 0.558879 0.244227
0.589674 0.629856 0.317409
0.321402 0.167995 0.252619
0.325543 0.170772 0.265610
0.329128 0.173684 0.277987
0.353754 0.193150 0.359724
0.367659 0.204089 0.405287
0.377685 0.211511 0.436023
0.433950 0.378230 0.197747
0.440207 0.388404 0.204437
0.447805 0.400787 0.212650
0.461794 0.423487 0.228343
0.491658 0.470236 0.264934
0.510834 0.498167 0.290394
0.526073 0.519090 0.310974
0.541856 0.539785 0.332061
0.667572 0.799729 0.234696
0.669482 0.801439 0.238086
0.671253 0.803508 0.241925
0.675154 0.807207 0.249154
0.682097 0.814617 0.263227
0.689472 0.821527 0.277007
0.656660 0.468256 0.725460
0.671333 0.498261 0.724318
0.678611 0.517143 0.724399
0.701910 0.577392 0.725102
0.736670 0.667354 0.735282
0.500802 0.198025 0.767055
0.507549 0.203044 0.770776
0.512598 0.207552 0.773977
0.523875 0.216944 0.780026
0.547036 0.237950 0.791174
0.525594 0.129023 0.891261
0.554094 0.150528 0.908280
0.587813 0.179381 0.926847
0.629865 0.219444 0.946370
0.727666 0.331702 0.976440
0.825083 0.529467 1.007754
0.467079 0.539954 -0.150655
0.478520 0.557586 -0.148269
0.486514 0.571223 -0.146041
0.509797 0.606453 -0.138829
0.546755 0.665467 -0.120154
0.561541 0.692555 -0.127637
0.569990 0.706794 -0.120568
0.579442 0.722588 -0.111812
0.596838 0.751992 -0.092700
0.627295 0.804566 -0.047377
0.655867 0.836516 0.064170
0.657906 0.838874 0.068075
0.661117 0.844003 0.076167
0.664287 0.846472 0.080936
0.681842 0.866912 0.118559
0.755875 0.555010 0.850576
0.758717 0.574816 0.853944
0.769556 0.605923 0.856526
0.777302 0.638802 0.863931
0.806518 0.733232 0.918951
0.814190 0.746946 0.934295
0.388001 0.181272 0.554212
0.400861 0.188342 0.577535
0.415136 0.196545 0.599702
0.446637 0.218147 0.640474
0.535021 0.295626 0.703863
0.609688 0.390823 0.721761
0.407255 0.251027 0.465185
0.409253 0.252214 0.469154
0.411527 0.253807 0.474000
0.414716 0.256194 0.480971
0.426562 0.265076 0.504740
0.452974 0.525628 -0.171665
0.464892 0.543022 -0.169620
0.478328 0.562936 -0.166853
0.503401 0.601865 -0.159504
0.552219 0.677430 -0.135469
0.586981 0.735072 -0.105268
0.620811 0.794407 -0.058812
0.491382 0.336814 0.562415
0.502448 0.347553 0.571730
0.513739 0.359239 0.580062
0.538162 0.387201 0.594566
0.589431 0.456245 0.611113
0.643817 0.548001 0.617187
0.663607 0.586442 0.619504
0.477482 0.511766 -0.001710
0.482489 0.520698 -0.000013
0.487775 0.530104 0.001861
0.498572 0.548640 0.005981
0.519530 0.585684 0.016537
0.255515 0.104296 0.133957
0.257414 0.104991 0.141499
0.259514 0.105785 0.150200
0.262814 0.106994 0.163870
0.269761 0.109356 0.191993
0.284086 0.114355 0.251338
0.295996 0.118694 0.299918
0.311791 0.125564 0.365544
0.499696 0.134487 0.844058
0.522288 0.151646 0.859241
0.548253 0.171734 0.873907
0.596710 0.216216 0.898362
0.682308 0.309772 0.923514
0.747362 0.409727 0.932765
0.789427 0.515907 0.942103
0.671899 0.860146 0.090861
0.678238 0.867202 0.104289
0.684206 0.873500 0.116409
0.695975 0.886573 0.143075
0.706510 0.898335 0.168261
0.798924 0.555634 0.937019
0.802950 0.576251 0.941485
0.810976 0.602915 0.946830
0.806898 0.632061 0.961532
0.810418 0.656719 0.974220
0.808838 0.669531 0.985350
0.605025 0.420789 0.680846
0.622911 0.450547 0.681646
0.640805 0.481971 0.681121
0.668352 0.540740 0.681046
0.712560 0.645278 0.688000
0.742356 0.713567 0.706622
0.754903 0.744304 0.722932
0.770097 0.773721 0.743264
0.688784 0.399993 0.843905
0.713567 0.443519 0.842028
0.723623 0.482215 0.845346
0.747962 0.546117 0.845314
0.772831 0.645194 0.860908
0.788839 0.693220 0.878701
0.791829 0.714648 0.895029
0.639154 0.829730 -0.065521
0.640609 0.833068 -0.062156
0.643577 0.837065 -0.057543
0.646406 0.843778 -0.050391
0.650621 0.851277 -0.041568
0.805072 0.709517 0.953392
0.805776 0.713965 0.958811
0.812313 0.722299 0.967102
0.821663 0.735656 0.982780
0.844091 0.773517 1.024094
0.369831 0.120811 0.620125
0.372464 0.121993 0.624338
0.375802 0.123617 0.629802
0.381715 0.126555 0.639066
0.394782 0.133312 0.657985
0.386232 0.290622 0.196489
0.389169 0.294784 0.200911
0.392739 0.299879 0.206235
0.399158 0.309123 0.215696
0.412131 0.328244 0.234755
0.591448 0.640093 0.299947
0.602623 0.653074 0.314996
0.613663 0.666645 0.330493
0.635846 0.692365 0.359183
0.678757 0.744997 0.413867
0.704390 0.780505 0.452735
0.626962 0.779953 0.070725
0.628979 0.782861 0.074505
0.631308 0.786337 0.079174
0.635531 0.791930 0.087046
0.643498 0.802363 0.102695
0.452485 0.414770 0.192362
0.460318 0.427830 0.200041
0.467995 0.440570 0.207823
0.481362 0.462492 0.222147
0.521722 0.524640 0.271663
0.533313 0.540894 0.287063
0.564886 0.581645 0.328603
0.648298 0.849325 -0.060411
0.652695 0.856984 -0.051519
0.656883 0.864142 -0.042797
0.664171 0.875506 -0.028237
0.678363 0.894412 -0.000919
0.707569 0.937488 0.069815
0.298079 0.153215 0.174333
0.300746 0.154920 0.183295
0.303745 0.156733 0.192921
0.309609 0.160345 0.211636
0.329091 0.174083 0.275010
0.336294 0.179942 0.299322
0.433258 0.487751 -0.157018
0.442178 0.501176 -0.155898
0.451422 0.515320 -0.154629
0.468468 0.542996 -0.151489
0.503529 0.597468 -0.142130
0.308614 0.151060 0.242714
0.312545 0.153652 0.257223
0.317020 0.156395 0.272833
0.325871 0.161927 0.303264
0.361395 0.186880 0.428294
0.741353 0.498383 0.860520
0.754730 0.534711 0.860974
0.760235 0.562392 0.864501
0.779281 0.622603 0.871630
0.781856 0.658123 0.885354
0.791193 0.694003 0.902965
0.282703 0.116784 0.233332
0.284298 0.117363 0.239781
0.286473 0.118360 0.249481
0.290200 0.119605 0.263744
0.297262 0.122378 0.292244
0.311568 0.128845 0.350875
0.325116 0.135743 0.405646
0.343536 0.145157 0.472116
0.547844 0.671268 -0.142149
0.561664 0.693481 -0.132437
0.572763 0.712346 -0.122999
0.596502 0.752611 -0.097985
0.634997 0.818261 -0.039325
0.451255 0.448157 0.052385
0.460108 0.463647 0.055868
0.472763 0.485966 0.061120
0.493177 0.522114 0.070901
0.531254 0.589660 0.097488
0.293322 0.121194 0.274779
0.296508 0.122703 0.288641
0.300410 0.123938 0.302715
0.303313 0.125512 0.315805
0.306852 0.126976 0.329719
0.400285 0.405724 -0.091505
0.406541 0.415919 -0.090218
0.411798 0.424953 -0.089160
0.425023 0.447059 -0.086863
0.450753 0.490097 -0.082676
0.469646 0.521570 -0.079127
0.498612 0.569787 -0.071253
0.548131 0.676325 -0.170029
0.556711 0.689827 -0.164373
0.567002 0.706371 -0.156733
0.583004 0.733230 -0.142509
0.615013 0.787690 -0.104725
0.633157 0.819903 -0.075598
0.659230 0.865044 -0.023979
0.323779 0.239856 0.002159
0.328947 0.245970 0.009748
0.332803 0.250754 0.015305
0.343030 0.263425 0.028663
0.364866 0.292846 0.053304
0.389922 0.329850 0.075646
0.407015 0.356757 0.088110
0.520724 0.534659 0.231845
0.531124 0.550341 0.244988
0.541605 0.565399 0.258734
0.566512 0.599287 0.292969
0.612025 0.654190 0.352195
0.264415 0.102312 0.191731
0.267016 0.103077 0.202463
0.270532 0.104129 0.217209
0.275945 0.105792 0.240146
0.307221 0.117266 0.373812
0.304253 0.121440 0.335827
0.307080 0.122839 0.348259
0.310471 0.124466 0.362705
0.318672 0.128411 0.396442
0.340137 0.138842 0.475154
0.606317 0.768039 -0.079052
0.612841 0.778541 -0.070212
0.620284 0.791655 -0.058352
0.633960 0.814352 -0.035124
0.657604 0.853750 0.014204
0.680609 0.881439 0.059718
0.692034 0.897472 0.088203
0.703460 0.911262 0.115175
0.340236 0.115791 0.541766
0.342179 0.116565 0.546525
0.344315 0.117190 0.550752
0.348025 0.118905 0.559948
0.355750 0.122769 0.578113
0.554347 0.325331 0.702092
0.577680 0.353924 0.707889
0.607389 0.395484 0.711710
0.649936 0.471959 0.712484
0.702301 0.591211 0.711723
0.583024 0.574792 0.412931
0.594529 0.589283 0.423255
0.607497 0.606088 0.434141
0.631068 0.637765 0.452401
0.651037 0.666071 0.467570
0.436980 0.420486 0.056480
0.441540 0.428728 0.058461
0.449185 0.441698 0.061571
0.460591 0.461842 0.066409
0.481949 0.499601 0.076273
0.524603 0.575215 0.104313
0.574418 0.656691 0.160909
0.593126 0.683618 0.189366
0.447846 0.507009 -0.148202
0.453261 0.516930 -0.147213
0.462084 0.530287 -0.145785
0.474305 0.550450 -0.143251
0.500717 0.591501 -0.136078
0.548028 0.666299 -0.113432
0.285448 0.131285 0.189578
0.288466 0.132800 0.201258
0.292789 0.134707 0.216773
0.299747 0.138169 0.242786
0.314645 0.146175 0.298422
0.411170 0.268075 0.436706
0.419762 0.275141 0.456138
0.428846 0.282680 0.475267
0.452226 0.301422 0.514962
0.511582 0.356970 0.578150
0.396608 0.416089 -0.132750
0.408995 0.436360 -0.130790
0.420643 0.455655 -0.129146
0.448391 0.500641 -0.125372
0.504621 0.591727 -0.112049
0.544990 0.656856 -0.092228
0.570017 0.698852 -0.072351
0.592986 0.737083 -0.047598
0.439905 0.469495 -0.080302
0.448235 0.483749 -0.078905
0.457500 0.499664 -0.077179
0.476034 0.531091 -0.073240
0.514387 0.594628 -0.060786
0.539592 0.637134 -0.047110
0.565162 0.681197 -0.026432
0.353808 0.296508 -0.018904
0.362790 0.309854 -0.011404
0.369110 0.319314 -0.006732
0.439232 0.434029 0.026083
0.478819 0.502989 0.039843
0.523543 0.603117 -0.027446
0.533515 0.620295 -0.021602
0.543931 0.638583 -0.014292
0.563775 0.672888 0.003059
0.600424 0.734019 0.049525
0.635230 0.784791 0.110985
0.312529 0.061886 0.583792
0.318498 0.063879 0.596394
0.324624 0.066572 0.610297
0.336465 0.070938 0.632195
0.371258 0.084959 0.684829
0.349546 0.278591 0.014537
0.353330 0.283900 0.018632
0.357944 0.290376 0.023299
0.364451 0.299465 0.029354
0.380222 0.322785 0.042491
0.413808 0.376311 0.064020
0.442680 0.424917 0.078361
0.635860 0.461513 0.694674
0.647436 0.484596 0.694561
0.658612 0.506982 0.693975
0.679944 0.554176 0.693461
0.713579 0.634077 0.697951
0.725663 0.668653 0.705233
0.741682 0.702190 0.714123
0.751072 0.727064 0.725624
0.642007 0.524997 0.639235
0.654995 0.551642 0.640167
0.668813 0.579984 0.641270
0.690248 0.627379 0.645800
0.731203 0.712237 0.666450
0.747292 0.747379 0.684827
0.271733 0.061610 0.411541
0.272852 0.062006 0.417123
0.274367 0.062358 0.423368
0.276989 0.063005 0.434104
0.282983 0.064469 0.457159
0.296496 0.068611 0.504814
0.305526 0.071644 0.532414
0.315002 0.074930 0.557543
0.326376 0.079244 0.584734
0.429281 0.440677 -0.049251
0.436424 0.452395 -0.047845
0.443665 0.464705 -0.046441
0.456029 0.486295 -0.043811
0.482450 0.531679 -0.037307
0.269699 0.031234 0.526113
0.275100 0.032644 0.541452
0.281340 0.034641 0.559132
0.297795 0.039024 0.595962
0.341983 0.054694 0.675664
0.384425 0.073189 0.732061
0.475118 0.124049 0.817206
0.450473 0.403283 0.222819
0.452358 0.406383 0.225037
0.454529 0.409853 0.227539
0.458443 0.416132 0.232122
0.466622 0.429113 0.241900
0.480758 0.451078 0.259536
0.366935 -0.025202 0.811626
0.412271 -0.005500 0.852497
0.460331 0.020348 0.891720
0.571743 0.096042 0.960297
0.768656 0.298014 1.043346
0.552096 0.170871 0.881447
0.599758 0.213985 0.905053
0.647120 0.259343 0.919756
0.720697 0.357972 0.937653
0.805151 0.541156 0.953779
0.817255 0.612937 0.973637
0.416696 0.380560 0.067461
0.420945 0.387711 0.069728
0.425642 0.395435 0.072093
0.434757 0.410919 0.076595
0.452044 0.441154 0.085041
0.462549 0.459275 0.090193
0.472324 0.476578 0.095293
0.481549 0.492755 0.100407
0.246789 0.059702 0.282908
0.248352 0.059843 0.289567
0.249470 0.060344 0.297441
0.252999 0.060653 0.312398
0.258978 0.061609 0.340678
0.262556 0.062265 0.357572
0.265991 0.062948 0.373546
0.269245 0.063611 0.387939
0.736738 0.747002 0.646228
0.744438 0.761919 0.656493
0.751663 0.776823 0.668570
0.765784 0.801682 0.691768
0.791130 0.845698 0.745354
0.570425 0.704872 -0.101540
0.577830 0.716990 -0.094640
0.587361 0.733021 -0.084612
0.601182 0.757280 -0.067196
0.628534 0.802362 -0.025210
0.655008 0.844345 0.027675
0.667160 0.860533 0.052892
0.242672 0.033505 0.392804
0.246918 0.033787 0.408781
0.250362 0.034738 0.425424
0.259068 0.036734 0.461088
0.284164 0.042963 0.541669
0.303519 0.048788 0.589002
0.327372 0.057563 0.637587
0.392156 0.256857 0.368534
0.395686 0.260457 0.378038
0.400558 0.265180 0.390744
0.407607 0.271886 0.408716
0.424089 0.286383 0.446654
0.461099 0.063032 0.867654
0.499411 0.086601 0.895768
0.548961 0.122429 0.928173
0.633959 0.195696 0.972471
0.783953 0.374155 1.027988
0.831084 0.458016 1.046777
0.667166 0.875700 -0.003641
0.673810 0.883970 0.009022
0.680131 0.894272 0.024782
0.692723 0.910228 0.051711
0.715221 0.941346 0.109689
0.724565 0.953904 0.134839
0.731697 0.966701 0.160847
0.735489 0.978825 0.185358
0.695160 0.585158 0.702037
0.707250 0.611441 0.702812
0.721495 0.645868 0.706750
0.740361 0.695897 0.719786
0.777948 0.777727 0.767207
0.644978 0.780450 0.181380
0.653148 0.788241 0.195575
0.664336 0.800915 0.218511
0.681099 0.817737 0.251290
0.711203 0.850287 0.316433
0.723549 0.865673 0.348502
0.732754 0.879284 0.378555
0.740549 0.893861 0.413052
0.698194 0.409030 0.849283
0.711005 0.430172 0.848007
0.720549 0.457670 0.849495
0.738657 0.508130 0.850607
0.762232 0.582590 0.854556
0.501750 0.534899 0.086743
0.509600 0.548833 0.091922
0.516498 0.561272 0.097038
0.531740 0.587701 0.109843
0.560804 0.636023 0.141692
0.572409 0.653622 0.156972
0.585889 0.673867 0.177163
0.599252 0.692160 0.198394
0.650515 0.382265 0.795218
0.663058 0.404954 0.795705
0.680437 0.438235 0.795169
0.693926 0.464999 0.793804
0.721667 0.538428 0.793281
0.526982 0.161220 0.853954
0.547499 0.177352 0.865169
0.575840 0.202276 0.879556
0.615035 0.242266 0.896607
0.695601 0.336187 0.914426
0.752638 0.432940 0.920299
0.726959 0.547580 0.798678
0.734653 0.570788 0.799486
0.740054 0.595754 0.802744
0.757338 0.645953 0.809108
0.780094 0.716632 0.836065
0.267382 0.110913 0.172531
0.270047 0.111905 0.183445
0.273484 0.113029 0.196748
0.279252 0.115119 0.220352
0.291070 0.119553 0.268517
0.304994 0.125313 0.325143
0.311397 0.128539 0.352293
0.531236 0.217414 0.789739
0.545887 0.231743 0.797463
0.571122 0.258172 0.808658
0.606300 0.294372 0.816987
0.672059 0.387877 0.824660
0.742862 0.559147 0.825463
0.501944 0.202176 0.763407
0.521466 0.218217 0.774356
0.546082 0.240774 0.786409
0.586890 0.283830 0.801171
0.666362 0.389607 0.810118
0.686402 0.431068 0.811011
0.713127 0.488568 0.809016
0.728473 0.537394 0.810354
0.455173 0.529651 -0.178446
0.465192 0.545444 -0.176500
0.478271 0.565141 -0.173704
0.504582 0.604984 -0.166018
0.543564 0.665254 -0.147826
0.645082 0.804622 0.106231
0.647315 0.806610 0.109769
0.649102 0.809053 0.113631
0.653612 0.813478 0.121485
0.660086 0.822503 0.136730
0.664205 0.826935 0.145003
0.668479 0.830486 0.152280
0.672288 0.834718 0.160400
0.631637 0.797073 0.028511
0.633107 0.800083 0.032051
0.635132 0.803759 0.036557
0.639090 0.809946 0.044733
0.646253 0.820298 0.059343
0.653111 0.829371 0.073261
0.571146 0.663374 0.113848
0.577667 0.673459 0.122628
0.585459 0.685136 0.133741
0.599164 0.704999 0.155172
0.629883 0.743828 0.208115
0.645487 0.760455 0.235235
0.658342 0.774084 0.258532
0.671566 0.787393 0.282128
0.634848 0.830940 -0.122160
0.637812 0.834008 -0.119219
0.639909 0.838117 -0.115570
0.647713 0.854164 -0.100915
0.658326 0.874069 -0.080387
0.203545 0.015154 0.185810
0.204157 0.015958 0.192774
0.205027 0.016968 0.201240
0.206183 0.018654 0.215206
0.210199 0.021127 0.242546
0.219946 0.024996 0.300756
0.628204 0.273055 0.877949
0.658148 0.309253 0.884521
0.695912 0.360038 0.888387
0.740717 0.440169 0.890364
0.785596 0.579241 0.901121
0.790918 0.624533 0.913660
0.795056 0.656515 0.926770
0.389693 0.139499 0.635062
0.397001 0.143344 0.645613
0.408490 0.150681 0.662550
0.423632 0.158729 0.679260
0.463410 0.185323 0.718300
0.510723 0.223050 0.751708
0.574248 0.286542 0.779790
0.665389 0.416000 0.790603
0.697911 0.486214 0.789087
0.291417 0.188790 0.006960
0.294988 0.191915 0.014901
0.298187 0.194762 0.021890
0.305418 0.201351 0.037233
0.328244 0.223967 0.081901
0.337194 0.233704 0.097913
0.345135 0.242802 0.111454
0.662486 0.817074 0.162397
0.668692 0.824138 0.175531
0.675441 0.831329 0.189832
0.689471 0.844919 0.218389
0.720497 0.879661 0.293004
0.630931 0.781499 0.094976
0.636023 0.788352 0.104829
0.641588 0.795570 0.115801
0.650894 0.806357 0.133719
0.672040 0.829298 0.176382
0.360671 0.246207 0.195887
0.364674 0.250993 0.203493
0.368324 0.255512 0.210449
0.375179 0.264211 0.223407
0.387050 0.279801 0.245642
0.726528 0.397005 0.909908
0.752490 0.442670 0.910109
0.767221 0.480706 0.912394
0.791323 0.554591 0.918655
0.808423 0.649955 0.946431
0.783168 0.417008 0.999167
0.805988 0.453877 1.002701
0.818020 0.491177 1.010634
0.840188 0.553749 1.024209
0.850030 0.628104 1.057630
0.685824 0.842197 0.208043
0.690438 0.846783 0.217842
0.694791 0.851832 0.228058
0.702201 0.859219 0.244053
0.716041 0.875221 0.278555
0.364049 0.189349 0.434746
0.369515 0.193157 0.452277
0.377883 0.198117 0.475294
0.392949 0.207842 0.513747
0.438576 0.237505 0.591727
0.504757 0.292705 0.653467
0.547417 0.338616 0.674393
0.356394 0.066503 0.684827
0.368379 0.071878 0.701557
0.384037 0.079701 0.722400
0.412030 0.092996 0.752133
0.473017 0.129519 0.806735
0.640689 0.279351 0.891280
0.713441 0.381899 0.903359
0.463628 0.315198 0.523559
0.465651 0.317290 0.526640
0.468958 0.319669 0.530169
0.474272 0.325058 0.537349
0.486343 0.336091 0.550265
0.498612 0.348267 0.561906
0.505424 0.355219 0.567507
0.642434 0.232845 0.954621
0.680151 0.269835 0.965261
0.716367 0.310614 0.973964
0.771582 0.394946 0.988038
0.815118 0.488661 1.002190
0.842426 0.609129 1.038970
0.838268 0.635395 1.057745
0.456477 0.347169 0.433741
0.464312 0.354598 0.446441
0.473023 0.363120 0.459803
0.490796 0.381001 0.483682
0.514337 0.406528 0.508976
0.539297 0.434756 0.527829
0.564821 0.467524 0.542082
0.591739 0.505622 0.552540
0.618627 0.547129 0.559928
0.539719 0.545106 0.307891
0.548581 0.556735 0.319765
0.561866 0.573093 0.336608
0.585434 0.601879 0.365033
0.609020 0.630673 0.390696
0.680206 0.639788 0.601914
0.691358 0.661760 0.606689
0.709394 0.695745 0.616540
0.725356 0.727235 0.630395
0.759102 0.790899 0.676500
0.770002 0.811986 0.699015
0.238416 0.021186 0.434130
0.243205 0.022070 0.452696
0.249195 0.023191 0.474390
0.259967 0.025406 0.509745
0.275063 0.029386 0.553884
0.321580 0.043680 0.650497
0.364931 0.060400 0.713326
0.359346 0.315997 -0.048112
0.365942 0.326355 -0.043673
0.372832 0.337015 -0.039643
0.404171 0.387991 -0.025953
0.424489 0.421886 -0.019937
0.466156 0.493784 -0.009353
0.276889 0.129121 0.151906
0.280002 0.130567 0.163236
0.283041 0.131937 0.174149
0.295550 0.137817 0.219500
0.317106 0.149682 0.299290
0.335998 0.129013 0.486459
0.337232 0.129743 0.490851
0.338902 0.130246 0.495112
0.341467 0.131564 0.503329
0.344726 0.133151 0.513116
0.353265 0.136966 0.535330
0.662485 0.816041 0.159677
0.671565 0.827840 0.181180
0.683554 0.839536 0.205409
0.703693 0.859737 0.248477
0.738668 0.909756 0.361273
0.443475 0.337749 0.399623
0.445427 0.339782 0.403388
0.447308 0.341567 0.406720
0.451137 0.345664 0.414075
0.460627 0.355316 0.430855
0.464925 0.359517 0.437841
0.469546 0.364146 0.445183
0.473754 0.368365 0.451593
0.562770 0.632845 0.167533
0.567669 0.640470 0.174354
0.579154 0.657214 0.190879
0.587839 0.669241 0.204058
0.610735 0.697783 0.240012
0.336610 0.203636 0.206443
0.339203 0.206157 0.213065
0.347346 0.214185 0.233442
0.368009 0.236239 0.285226
0.389556 0.260216 0.340171
0.400884 0.144522 0.653054
0.403601 0.146510 0.657488
0.407355 0.148672 0.662444
0.414101 0.153012 0.671539
0.422312 0.157114 0.679873
0.443747 0.170405 0.701870
0.538015 0.658961 -0.165426
0.545576 0.671030 -0.160918
0.555029 0.685964 -0.154806
0.570655 0.710981 -0.142994
0.604253 0.767582 -0.107698
0.628098 0.809501 -0.071934
0.447514 0.421142 0.128508
0.454041 0.432403 0.132828
0.461055 0.444595 0.137584
0.473393 0.466153 0.146345
0.501439 0.514533 0.169517
0.387700 0.361993 -0.036007
0.391220 0.367856 -0.034536
0.395178 0.374108 -0.033048
0.401471 0.384775 -0.030733
0.415659 0.408381 -0.026339
0.446721 0.461435 -0.018494
0.474690 0.509559 -0.011286
0.494043 0.543040 -0.004867
0.638738 0.746936 0.240118
0.654482 0.763687 0.267641
0.670730 0.780379 0.295858
0.708544 0.823886 0.369480
0.721292 0.841100 0.400609
0.727794 0.850416 0.418559
0.617460 0.765230 0.055518
0.624077 0.774561 0.066883
0.631014 0.785346 0.080757
0.644111 0.802911 0.106513
0.674960 0.837958 0.169580
0.688181 0.851179 0.197190
0.699302 0.863006 0.222201
0.686428 0.888395 0.083382
0.688670 0.890163 0.087147
0.690406 0.893156 0.092420
0.694004 0.898088 0.101748
0.700921 0.905958 0.117369
0.361830 0.197439 0.394052
0.369365 0.203076 0.418222
0.378389 0.209548 0.445578
0.387944 0.215944 0.471562
0.402305 0.225600 0.506089
0.433310 0.246079 0.561036
0.371323 0.382115 -0.158682
0.388700 0.411007 -0.154832
0.410549 0.447661 -0.151441
0.460017 0.527167 -0.144573
0.505671 0.598779 -0.132896
0.658723 0.756158 0.304730
0.668333 0.766209 0.320229
0.680218 0.779769 0.340833
0.697854 0.800671 0.372730
0.736637 0.853374 0.464815
0.419778 0.402217 0.013955
0.428581 0.417490 0.017063
0.441048 0.438760 0.021135
0.490468 0.525168 0.038671
0.558867 0.645129 0.089568
0.288176 0.151247 0.128141
0.295917 0.155881 0.152274
0.303730 0.160914 0.177021
0.320399 0.172462 0.228874
0.336928 0.185336 0.280008
0.500041 0.601346 -0.181216
0.506014 0.610767 -0.179061
0.550132 0.678015 -0.157535
0.597282 0.756616 -0.115079
0.629390 0.813188 -0.067779
0.316276 0.231461 -0.010370
0.320714 0.236523 -0.003399
0.337297 0.256463 0.020345
0.359762 0.285949 0.046929
0.388376 0.327708 0.073207
0.476190 0.544404 -0.116370
0.483869 0.557884 -0.114385
0.522194 0.618284 -0.101142
0.556488 0.675123 -0.079969
0.592550 0.735923 -0.043669
0.582470 0.675202 0.146620
0.584020 0.678067 0.149401
0.590734 0.687657 0.159535
0.598920 0.699336 0.172863
0.603370 0.705320 0.180219
0.607341 0.710258 0.186594
0.429207 0.279866 0.483637
0.431654 0.281524 0.487781
0.438693 0.286913 0.500045
0.447548 0.293945 0.514371
0.460277 0.304558 0.532776
0.393603 0.406112 -0.122474
0.427216 0.461992 -0.117086
0.471233 0.533599 -0.110059
0.492332 0.568143 -0.104766
0.512745 0.601007 -0.097730
0.310886 0.198550 0.076759
0.314969 0.202283 0.085669
0.329969 0.216855 0.117097
0.351088 0.239910 0.158009
0.362019 0.253100 0.177871
0.372304 0.266169 0.195826
0.328266 0.240864 0.023514
0.333218 0.246716 0.030838
0.352041 0.270295 0.055976
0.384824 0.316415 0.090731
0.398977 0.338087 0.102931
0.414757 0.363426 0.115195
0.655065 0.844065 0.034509
0.657269 0.846302 0.038224
0.663845 0.854200 0.050924
0.674370 0.869595 0.076240
0.679503 0.873613 0.084571
0.426362 0.460503 -0.116155
0.434808 0.474411 -0.114985
0.467914 0.528920 -0.109597
0.519497 0.611864 -0.093791
0.543041 0.651056 -0.080746
0.558962 0.677512 -0.069132
0.673686 0.883203 0.010599
0.679831 0.894965 0.028011
0.705619 0.927334 0.085897
0.724945 0.954990 0.140161
0.732901 0.969054 0.169243
0.738448 0.985439 0.204276
0.318026 0.150382 0.300601
0.327973 0.156845 0.338468
0.339529 0.164325 0.381417
0.344545 0.167616 0.399831
0.350351 0.171152 0.419730
0.645530 0.823754 0.038253
0.683945 0.871879 0.119642
0.717292 0.909307 0.199064
0.728451 0.925701 0.235255
0.737715 0.939292 0.267630
0.381799 0.387737 -0.128765
0.415696 0.444273 -0.122388
0.455140 0.509319 -0.116727
0.478552 0.548125 -0.111994
0.497561 0.577319 -0.106975
0.478773 0.505181 0.032622
0.485582 0.516815 0.035231
0.501090 0.544489 0.042436
0.516348 0.571386 0.051042
0.526317 0.589181 0.057899
0.536427 0.606865 0.065883
0.352512 0.197193 0.336347
0.357013 0.201106 0.351061
0.361686 0.204876 0.365631
0.364189 0.207150 0.374004
0.366225 0.208834 0.380501
