0.262953 0.150004 -0.005674
0.264531 0.151157 -0.000827
0.266142 0.152312 0.004024
0.267764 0.153494 0.008917
0.269423 0.154695 0.013824
0.271134 0.155887 0.018737
0.272831 0.157094 0.023645
0.274550 0.158325 0.028583
0.276282 0.159579 0.033546
0.278036 0.160829 0.038502
0.279865 0.162076 0.043458
0.281672 0.163353 0.048431
0.283452 0.164641 0.053380
0.285327 0.165934 0.058371
0.287173 0.167259 0.063366
0.288997 0.168603 0.068350
0.290845 0.169965 0.073347
0.292721 0.171334 0.078340
0.294608 0.172714 0.083323
0.296541 0.174134 0.088365
0.298498 0.175563 0.093399
0.300457 0.177023 0.098446
0.302380 0.178500 0.103454
0.304352 0.180006 0.108497
0.306297 0.181543 0.113527
0.308269 0.183102 0.118561
0.310262 0.184681 0.123593
0.312266 0.186282 0.128617
0.314212 0.187924 0.133611
0.316174 0.189605 0.138621
0.318167 0.191291 0.143605
0.320178 0.193012 0.148598
0.322210 0.194768 0.153599
0.324265 0.196553 0.158602
0.326341 0.198371 0.163609
0.328355 0.200248 0.168601
0.330403 0.202137 0.173570
0.332455 0.204112 0.178611
0.334512 0.206121 0.183640
0.336597 0.208162 0.188675
0.338719 0.210217 0.193692
0.340774 0.212352 0.198721
0.342880 0.214496 0.203735
0.344981 0.216667 0.208724
0.347043 0.218911 0.213742
0.349186 0.221169 0.218773
0.351360 0.223450 0.223795
0.353581 0.225744 0.228838
0.355760 0.228106 0.233891
0.357947 0.230512 0.238969
0.360159 0.232942 0.244057
0.362377 0.235404 0.249158
0.364564 0.237918 0.254280
0.366823 0.240460 0.259445
0.369030 0.243047 0.264633
0.371255 0.245652 0.269856
0.373472 0.248287 0.275087
0.375678 0.250949 0.280341
0.377935 0.253631 0.285653
0.380201 0.256320 0.290961
0.382492 0.259029 0.296342
0.384765 0.261755 0.301743
0.387096 0.264486 0.307205
0.389421 0.267266 0.312757
0.391816 0.270025 0.318370
0.394197 0.272808 0.323995
0.396615 0.275587 0.329685
0.399089 0.278375 0.335456
0.401523 0.281187 0.341264
0.403997 0.283986 0.347106
0.406520 0.286789 0.353013
0.409086 0.289624 0.359040
0.411646 0.292463 0.365066
0.414277 0.295267 0.371081
0.416924 0.298093 0.377162
0.419614 0.300938 0.383297
0.422341 0.303817 0.389492
0.425169 0.306725 0.395782
0.428024 0.309652 0.402055
0.430909 0.312591 0.408304
0.433901 0.315612 0.414666
0.436995 0.318605 0.420940
0.440159 0.321672 0.427238
0.443440 0.324816 0.433602
0.446816 0.328011 0.439910
0.450270 0.331284 0.446180
0.454079 0.334607 0.452448
0.457771 0.338025 0.458589
0.461546 0.341576 0.464700
0.465421 0.345241 0.470733
0.469372 0.349089 0.476747
0.473650 0.353106 0.482749
0.477815 0.357300 0.488611
0.482298 0.361589 0.494289
0.486857 0.366114 0.499886
0.491613 0.370767 0.505255
0.496547 0.375651 0.510486
0.501473 0.380804 0.515592
0.506579 0.386114 0.520429
0.511846 0.391912 0.525320
0.517354 0.397844 0.529862
0.522926 0.403903 0.534053
0.528363 0.410286 0.538100
0.533997 0.416964 0.541941
0.539714 0.424001 0.545615
0.545461 0.431169 0.548958
0.551536 0.438761 0.552122
0.557640 0.446439 0.554930
0.563867 0.454557 0.557615
0.569995 0.462994 0.560153
0.575802 0.471435 0.562445
0.581969 0.480309 0.564557
0.587982 0.489199 0.566438
0.594042 0.498256 0.568119
0.600058 0.507404 0.569622
0.605963 0.516768 0.571080
0.611822 0.526237 0.572433
0.617695 0.535689 0.573620
0.623488 0.545257 0.574775
0.629044 0.554678 0.575897
0.634675 0.564102 0.576923
0.639966 0.573482 0.578054
0.645131 0.582753 0.579193
0.650241 0.592015 0.580386
0.655047 0.601152 0.581714
0.660131 0.610151 0.582908
0.664754 0.618990 0.584367
0.669420 0.627567 0.585775
0.674028 0.636028 0.587286
0.678251 0.644280 0.589010
0.682591 0.652608 0.590868
0.686612 0.660615 0.592913
0.690806 0.668589 0.595009
0.694718 0.676090 0.597192
0.698913 0.683669 0.599451
0.702963 0.690923 0.601827
0.706795 0.697767 0.604231
0.710164 0.704553 0.606984
0.713435 0.710901 0.609740
0.716708 0.717291 0.612673
0.719860 0.723512 0.615795
0.722989 0.729547 0.618971
0.725801 0.735475 0.622390
0.728736 0.741119 0.625749
0.731757 0.746663 0.629190
0.734484 0.752069 0.632818
0.737347 0.757601 0.636693
0.740423 0.762878 0.640485
0.743151 0.767993 0.644439
0.745864 0.772988 0.648476
0.748741 0.777837 0.652504
0.751474 0.782827 0.656850
0.754060 0.787476 0.661162
0.756724 0.792010 0.665445
0.759135 0.796353 0.669821
0.761364 0.800560 0.674214
0.763628 0.804766 0.678696
0.765565 0.808761 0.683234
0.767823 0.812850 0.687843
0.769956 0.816553 0.692253
0.771954 0.820488 0.696967
0.774018 0.824118 0.701505
0.775801 0.827729 0.706114
0.778041 0.831433 0.710810
0.780112 0.835013 0.715521
0.782590 0.838865 0.720511
0.784751 0.842608 0.725554
0.787192 0.846294 0.730531
0.789306 0.850066 0.735711
0.791736 0.853705 0.740741
0.793901 0.857414 0.745932
0.796252 0.861161 0.751165
0.798600 0.864882 0.756366
0.800402 0.868045 0.761037
0.802061 0.871261 0.765778
0.803781 0.874488 0.770526
0.805709 0.877772 0.775304
0.807468 0.881056 0.780099
0.809071 0.884281 0.784824
0.810773 0.887529 0.789523
0.812280 0.890595 0.794032
0.814230 0.893896 0.798744
0.816366 0.897548 0.803806
0.818456 0.901059 0.808655
0.820618 0.904699 0.813596
0.822678 0.908280 0.818473
0.824840 0.912048 0.823479
0.826999 0.915622 0.828235
0.829103 0.919420 0.833169
0.831128 0.922973 0.837792
0.833142 0.926674 0.842511
0.834805 0.930208 0.846999
0.836306 0.933590 0.851299
0.837897 0.937000 0.855543
0.839396 0.940355 0.859688
0.840969 0.943981 0.864053
0.842495 0.947595 0.868349
0.844038 0.951285 0.872663
0.845563 0.954878 0.876801
0.847082 0.958487 0.880890
