-0.386930
0.072204
0.633658
0.039666
0.012190
-0.826934
-0.163529
-0.228636
0.272621
-0.305411
0.762713
1.190687
-0.944027
0.090682
-0.648030
0.066489
-0.494624
-0.279352
0.393650
-0.044591
0.020851
0.094004
2.368039
2.665715
-1.159055
-0.050709
0.506083
1.509091
0.042917
-0.054366
-0.328219
0.043576
0.024992
0.085761
0.667084
0.381208
0.064321
0.110110
0.044913
-0.046495
-0.004376
-0.105434
0.119147
0.023857
0.284656
-0.014382
0.836500
0.054025
-0.015210
0.080215
-0.175759
0.076891
1.176127
0.032701
-0.384950
-0.150621
0.132159
0.680743
-0.526143
-0.221856
0.023341
1.324345
0.794315
-0.463763
0.733234
-1.325941
-0.424430
0.009881
0.527266
-1.893197
-0.009153
0.036065
-0.173453
-0.085901
0.604334
-0.037455
1.087399
-0.820120
0.602491
0.723710
-1.442500
0.044170
-0.811425
0.259309
0.141349
-0.231960
-0.152286
-0.598601
-0.109798
-0.028213
-0.524326
-0.054378
-0.283542
0.038808
-0.221447
-0.012161
1.687732
-0.252916
-0.350200
0.126634
