0.000000 0.001579 0.122330
0.000000 -0.000264 0.125082
0.000000 -0.001060 0.123136
0.000000 0.001634 0.118676
0.000000 0.015764 0.116994
0.000000 -0.000139 0.125242
0.000000 -0.001755 0.124806
0.000000 -0.004937 0.116792
0.000000 0.003358 0.104425
0.000000 0.022743 0.107640
0.000000 -0.000497 0.125427
0.000000 -0.003671 0.125090
0.000000 -0.002088 0.106690
0.000000 0.011184 0.082466
0.008222 0.037718 0.089274
0.000000 0.044054 0.110857
0.000000 -0.000961 0.125742
0.000000 -0.004356 0.125929
0.000000 0.008916 0.101026
0.000000 0.020270 0.074624
0.042202 0.052321 0.082250
0.040008 0.075928 0.111544
0.000000 0.029956 0.122028
0.037971 0.015683 0.104311
0.000000 0.030840 0.100352
0.000000 0.039022 0.105159
0.000000 -0.002390 0.126615
0.000000 -0.002427 0.126465
0.000000 0.015347 0.099631
0.000000 0.021074 0.074839
0.023337 0.060259 0.093172
0.080980 0.088978 0.141589
0.043264 0.053676 0.118607
0.049775 0.067889 0.092510
0.000000 0.046053 0.089226
0.000000 0.041052 0.107182
0.000000 -0.001153 0.127575
0.000000 0.020597 0.120440
0.000000 0.025811 0.088663
0.000000 0.017483 0.069844
0.000000 0.043050 0.103690
0.648993 -0.273658 0.244272
0.000000 0.028609 0.105158
0.000000 0.023875 0.066709
0.000000 0.018924 0.077093
0.000000 0.029762 0.110259
0.000000 0.014995 0.122528
0.000000 0.014412 0.125800
0.000000 0.037434 0.108413
0.000000 0.028655 0.081750
0.000000 0.026000 0.071248
0.026484 0.031017 0.096784
0.741417 -0.309952 0.221427
0.000000 0.025172 0.102596
0.000000 0.011306 0.068983
0.000000 0.026943 0.092951
0.000000 0.018377 0.119419
0.000000 0.002965 0.124503
0.000000 0.041761 0.102991
0.000000 0.033282 0.079443
0.027606 0.041116 0.057031
0.039079 0.027772 0.066225
0.088368 0.041926 0.101538
0.015337 0.041985 0.078821
0.000000 0.027782 0.084261
0.000000 0.032625 0.115159
0.000000 0.006582 0.124568
0.000000 0.000856 0.124855
0.000000 0.034197 0.082881
0.013642 0.019311 0.057415
0.039115 0.011915 0.064583
0.000000 0.022939 0.079764
0.000000 0.003182 0.058882
0.000000 0.003349 0.077525
0.000000 0.007584 0.120950
0.000000 0.001960 0.126765
0.000000 0.000671 0.125218
0.003879 -0.000766 0.085103
0.000000 0.003227 0.092088
0.000000 0.004020 0.071492
0.000000 -0.004012 0.086315
0.000000 -0.028655 0.118589
0.000000 -0.011127 0.126961
0.000000 -0.001272 0.125618
