13.084342
13.623153
14.161965
14.700776
15.239588
15.778399
16.317211
16.856022
17.394834
17.933645
18.472457
19.011268
19.550080
20.088891
20.627703
21.166514
21.705326
22.244138
22.782949
23.321761
23.860572
24.399384
24.938195
25.477007
26.015818
26.554630
27.093441
27.632253
28.171064
28.709876
29.248687
29.787499
30.326310
30.865122
31.403934
31.942745
32.481557
33.020368
33.559180
34.097991
34.636803
35.175614
35.714426
36.253237
36.792049
37.330860
37.869672
38.408483
38.947295
39.486107
40.024918
40.563730
41.102541
41.641353
42.180164
42.718976
43.257787
43.796599
44.335410
44.874222
45.413033
45.951845
46.490656
47.029468
47.568279
48.107091
48.645903
49.184714
49.723526
50.262337
50.801149
51.339960
51.878772
52.417583
52.956395
53.495206
54.034018
54.572829
55.111641
55.650452
56.189264
56.728075
57.266887
57.805699
58.344510
58.883322
59.422133
59.960945
60.499756
61.038568
61.577379
62.116191
62.655002
63.193814
63.732625
64.271437
64.810248
65.349060
65.887871
66.426683
66.965495
67.504306
68.043118
68.581929
69.120741
69.659552
70.198364
70.737175
71.275987
71.814798
72.353610
72.892421
73.431233
73.970044
74.508856
75.047668
75.586479
76.125291
76.664102
77.202914
77.741725
78.280537
78.819348
79.358160
79.896971
80.435783
80.974594
81.513406
82.052217
82.591029
83.129840
83.668652
84.207464
84.746275
85.285087
85.823898
86.362710
86.901521
87.440333
87.979144
88.517956
89.056767
89.595579
90.134390
90.673202
91.212013
91.750825
92.289636
92.828448
93.367260
93.906071
94.444883
94.983694
95.522506
96.061317
96.600129
97.138940
97.677752
98.216563
98.755375
99.294186
99.832998
100.371809
100.910621
101.449433
101.988244
102.527056
103.065867
103.604679
104.143490
104.682302
105.221113
105.759925
106.298736
106.837548
107.376359
107.915171
108.453982
108.992794
109.531605
110.070417
110.609229
111.148040
111.686852
112.225663
112.764475
113.303286
113.842098
114.380909
114.919721
115.458532
115.997344
116.536155
117.074967
117.613778
118.152590
118.691401
119.230213
119.769025
120.307836
