64.783065
63.771127
76.443662
72.659848
71.346812
72.863590
79.310080
83.348917
94.121743
76.528876
85.077083
87.999714
85.103074
75.387462
70.698431
82.909654
78.554808
68.832250
70.564464
61.456994
91.156262
85.053711
95.142102
73.096568
83.761301
85.588879
80.605561
84.832670
79.213041
81.790527
69.027623
73.868295
65.261314
71.206825
66.598685
71.239072
60.876232
86.176125
80.204870
72.592322
69.501818
72.558984
67.006071
73.542722
74.412666
78.836901
72.779231
82.883051
85.922208
76.730284
71.625393
76.268955
72.420586
65.555258
89.519303
82.802506
75.346154
70.274770
70.548512
91.299068
88.601985
66.353927
69.047446
68.400697
72.685450
88.764777
67.783815
72.162763
64.401910
73.041624
96.097763
76.201695
75.093074
84.760846
69.706494
91.062695
65.900541
77.044065
83.099857
98.067407
79.097826
62.147455
81.171379
68.391181
85.037368
67.425251
72.787368
87.153901
67.972528
65.902813
84.444749
59.665444
80.380119
92.266742
88.960164
75.525164
64.805250
76.905839
70.011874
72.798660
88.151026
84.972688
93.188494
58.907593
95.562052
83.407705
72.681947
72.055995
83.675797
80.080192
60.848726
64.805529
56.494063
77.352847
69.656281
76.368558
88.253255
74.126200
71.272768
73.072349
80.740124
70.119295
63.234068
85.072726
65.943930
85.151253
84.192824
66.194625
67.235851
71.199720
65.337527
79.806107
77.031842
69.356940
71.152401
88.846113
73.713602
75.672712
89.681903
82.989615
71.751615
79.255867
66.174699
96.787629
71.129991
81.642103
74.522883
73.922762
66.964841
86.256119
77.389145
74.929194
81.357114
81.798402
73.725834
83.919449
77.532400
79.046344
58.306015
84.255715
74.561407
76.525545
72.403717
79.144490
81.807252
48.438806
53.782777
66.314674
71.061271
96.821820
69.941763
75.064637
72.354988
66.609903
95.124349
71.804978
69.716169
62.360814
79.223315
65.850832
69.453032
83.342910
86.253253
70.247131
79.173759
70.795217
78.537116
54.982475
89.478155
84.500482
72.308147
73.197623
76.832005
76.267420
75.726190
69.450375
76.555190
76.099911
64.656527
86.711905
74.870699
83.498865
86.304914
61.648199
75.487953
68.722727
92.456584
72.298294
82.731766
63.591361
77.505715
83.847830
75.632047
68.274980
78.277577
82.127314
82.394358
71.226968
64.924486
83.452514
70.011308
63.976498
81.103606
85.669380
81.577120
82.481448
79.203385
91.538935
79.839701
76.572923
66.687221
72.331886
76.907681
71.142715
79.757699
69.365821
69.806335
62.886122
67.906239
92.058494
58.579840
68.598503
69.434836
84.376049
81.392305
71.011361
69.244973
57.447041
63.606476
86.554266
76.856389
75.985046
75.430997
74.534725
67.845288
81.398252
80.341409
89.346496
80.123460
75.354744
85.325640
87.812658
86.098852
63.702053
59.925238
71.388900
77.181036
77.881923
62.831248
71.700658
50.481973
82.524075
67.541125
64.038730
87.558511
80.302911
74.364920
73.929897
67.497820
72.560927
76.677710
68.934297
74.918207
85.582920
77.626006
67.133130
60.645221
70.347871
84.376542
49.821071
76.510489
73.071532
72.641125
76.382587
64.464389
87.863518
75.398949
70.898876
71.286742
85.396465
69.157881
80.808202
69.287897
75.940179
78.744795
74.542468
85.928153
71.823207
71.779365
72.278600
94.063663
75.549592
68.035196
75.303576
67.105850
57.607259
73.113187
70.620681
68.102690
71.881275
90.052283
75.892605
84.908862
75.167959
69.016371
63.705652
64.624877
82.022039
59.965895
71.877785
63.807817
77.145003
69.774769
81.280106
66.328071
86.047999
81.756723
73.413304
77.834312
86.826230
70.411176
80.803451
77.268152
77.448457
73.073786
76.531236
70.970702
70.402314
54.670873
94.655368
84.977367
72.310856
79.187442
67.550590
87.826004
65.593879
63.322000
60.020832
82.826593
79.747029
65.169932
62.660174
80.953670
88.001064
84.613895
73.973774
86.052825
83.796226
81.026713
67.837399
75.637604
66.941284
66.844154
57.820756
84.490134
74.295392
75.677429
84.503731
62.770509
78.917482
75.754952
88.469653
63.773124
79.699804
84.995105
76.210274
84.799048
76.281378
74.555181
86.456354
85.403656
74.778933
75.106689
74.362605
75.772466
84.275130
75.327688
78.453188
79.101718
74.264922
66.302810
75.338298
64.821762
68.029527
83.375772
68.801772
67.858751
79.077104
59.692826
67.069570
73.230052
69.180729
78.584583
68.101385
73.733342
71.793816
76.864765
80.555444
84.978218
76.983516
75.105908
66.183494
83.793378
82.054422
77.239399
87.156701
75.726482
66.860292
82.715606
69.691684
57.996784
66.357330
82.173898
76.040357
79.879921
76.000322
74.877486
75.255056
77.195395
75.287442
84.078035
68.353432
79.461919
72.394312
86.048099
72.043074
74.626087
76.233375
77.274846
72.872851
64.094624
60.984989
85.460102
82.730111
88.007790
74.593993
78.684473
89.286239
80.711194
76.734627
78.410350
85.081535
68.621084
70.556482
75.656731
78.879129
82.625231
66.927135
73.963922
81.569456
83.487333
77.665556
74.557821
75.167674
91.198936
81.938142
71.405866
69.644710
83.829270
70.268099
68.630210
58.990689
77.631432
78.095654
73.448814
82.441821
78.129157
75.511903
84.374252
71.344690
81.412579
69.545177
72.224826
94.147139
84.521805
66.170784
64.279003
75.225152
81.344939
69.524348
80.004398
73.775801
72.040938
78.581124
86.158395
70.611840
78.392537
65.808771
84.447483
77.539374
68.131335
82.608654
86.766262
76.938198
81.455803
64.371425
89.607160
68.851325
80.126067
84.463402
86.574182
80.270654
78.116017
79.697463
63.419892
73.294259
82.600084
78.757405
71.648364
74.346625
80.561600
64.734814
62.277105
76.184729
81.350368
91.250323
81.466606
77.280533
67.801592
76.098648
57.282466
72.014439
86.196946
81.987891
83.714515
73.760886
87.329175
78.698873
61.524132
65.859608
67.688089
87.621314
76.375152
80.419478
86.393259
76.710905
76.610511
69.629474
86.137061
74.201208
53.540484
74.583413
78.666018
62.630581
65.893700
52.985320
78.935871
70.905445
69.704134
75.937535
86.686839
85.418643
69.285906
65.835191
73.681722
66.242756
76.025739
76.191068
65.211357
65.689665
65.897255
72.047853
74.436760
82.791727
65.517539
75.844394
83.905649
83.549662
79.501900
76.537467
71.193238
81.620127
77.256015
78.217119
85.602178
79.241823
57.595328
82.258762
84.705617
88.070177
86.986608
75.094668
80.732636
79.601288
82.378012
88.365009
83.119036
75.294528
75.886717
79.382976
80.318247
73.890588
81.993376
67.706142
79.348782
94.971312
79.015735
73.265285
88.480698
79.995445
81.583268
80.748665
82.492998
85.376860
85.655911
86.237715
80.859846
62.489329
83.087616
72.560280
87.201495
81.475460
79.291762
80.525233
76.169133
74.229138
73.438936
66.260156
83.071377
74.839920
89.753438
89.984650
80.133342
88.171858
84.161628
68.861355
78.228206
75.781856
76.002320
58.040550
73.601619
81.368946
67.678206
63.192781
66.095251
78.215805
88.035070
70.285029
60.784363
76.231243
68.450791
81.585926
80.177152
72.633725
78.668870
90.294501
75.679256
82.977406
75.721955
59.650678
77.267890
77.752514
72.952758
68.389672
63.630611
77.832127
72.412232
78.260515
64.414334
79.217099
72.156099
82.285837
81.413105
72.891321
79.951151
90.397996
72.478188
80.366681
61.031195
87.064734
70.513822
76.875452
75.308382
74.305341
67.356100
67.646502
74.112864
78.695776
83.447717
70.297037
70.174368
86.501947
80.906072
80.307028
71.785036
75.540812
81.630114
70.842796
65.354842
75.448395
84.369319
68.819152
78.090840
74.209582
77.574198
88.611150
72.012913
72.692002
67.842556
75.873774
75.299320
81.313507
70.070552
73.162481
71.571613
80.722828
56.102842
76.406101
84.008181
77.494669
79.296706
75.064934
83.476926
78.097515
79.884061
