0.164084
0.106747
-1.247760
0.266354
-0.236618
-0.983685
0.108894
0.124995
-0.250285
0.629247
-0.251003
-0.732622
-0.385164
-0.533848
0.948495
-0.725851
-0.044845
0.185696
0.127234
0.997306
-0.151302
-0.673740
-0.385522
-0.377071
-0.462717
0.002795
0.371259
0.176881
-0.001818
0.238003
0.034161
-0.582907
0.106016
-0.145845
0.022025
-0.144479
0.569010
-0.269442
-0.301067
0.135752
-0.362180
-0.688295
1.133995
0.406095
-0.746462
1.508369
0.457913
-0.083557
0.083227
-0.002873
-0.118604
0.714918
-0.200896
1.068636
0.119955
-0.281771
-0.533541
0.359998
-0.258628
-0.090515
-0.424022
1.008764
0.082552
0.204283
0.161768
-0.275873
-0.079144
0.052295
0.048969
-0.297643
0.267432
-0.586050
-0.249015
-0.213558
0.258119
-0.393877
0.397699
1.173436
-0.398319
0.020446
-0.537396
-0.256682
0.270124
1.061738
0.039538
0.353271
0.384204
0.017191
0.126557
1.266269
0.408526
-0.456243
0.068601
0.074775
-0.404881
-0.046619
0.175582
0.321896
-0.403631
0.360383
-0.151120
-0.440575
-0.381963
0.775013
-0.375865
-0.689172
0.352430
-0.277821
0.112693
-0.174866
0.205601
0.700743
0.456356
-0.588886
-0.508996
0.193655
-0.352872
0.209453
0.958576
0.599343
-0.414765
0.829736
-0.165448
-0.323105
0.470124
-0.204839
-0.971631
1.372704
-0.354187
0.822520
-0.579591
-0.514145
-0.176627
0.754467
0.105462
-0.399155
-0.207263
0.131515
0.214513
0.136389
0.376180
0.379495
-0.669844
0.292971
0.433248
-0.445975
0.164110
-0.119417
-0.298756
-1.083168
-0.698727
-1.296076
-0.221961
0.828009
-0.927510
-0.817156
-0.614622
-0.213821
-0.057436
0.041971
-0.144659
-0.345807
-0.224820
-0.191496
-0.229702
1.500047
-0.200205
0.326888
-0.238110
-0.641618
-0.007258
-0.702919
-0.018521
-1.011037
-0.194589
-0.144073
-0.557788
-0.290125
-0.342765
0.273316
1.012292
0.034329
-0.457533
0.336864
1.298307
-0.148924
-0.194626
0.352757
-0.382250
-0.278879
0.356666
0.108744
0.845540
-0.023870
-0.223851
0.946354
0.251494
0.384483
-0.273391
-0.466159
-0.478258
-0.141366
-0.176123
0.384238
-0.681688
1.509375
-0.373338
0.100275
-0.048087
0.231326
0.113282
-0.012828
0.479974
-0.043461
-0.231800
-0.534928
-1.644288
-0.020790
1.072631
-1.276916
-0.354588
1.006789
-0.444956
-0.538980
-0.464476
-0.138390
-0.284510
-0.527643
-0.130471
0.049018
0.137067
0.250230
0.554183
-0.315453
0.130337
-0.385240
0.412846
0.967541
0.809450
-0.126009
-0.248110
-0.172792
-0.249600
-0.556471
0.069463
0.876083
0.955773
-0.010858
1.175881
-0.162712
-0.021019
-0.129060
0.258529
-0.318343
0.992734
-0.071736
-0.218418
-0.737071
-0.219319
-0.261623
-0.882781
0.033994
0.214621
-0.849004
1.223660
-0.078704
1.500047
-0.217176
0.401598
0.811526
-0.185047
-0.421126
-0.125915
-0.340034
0.120838
0.625525
-0.227329
-0.255762
1.385502
0.979394
0.521503
0.145568
-0.468763
-0.581864
-0.572647
1.258031
-0.599309
-0.467145
0.213075
1.500047
-0.889690
1.331213
-0.211969
0.009793
-0.226488
0.180330
0.343011
0.177183
-0.294027
-0.501313
0.430812
0.637828
1.390596
0.188507
0.350940
0.276691
0.560642
0.850404
0.139297
-0.190859
-0.301956
0.365046
0.225107
-0.187092
0.106545
1.140338
-0.433188
1.278993
0.589631
1.500047
0.516422
0.871269
-0.340619
1.228151
1.053375
0.311669
0.823143
0.139794
-0.165395
-0.511125
0.554044
0.402926
1.500047
-0.164906
0.210016
-0.054237
-0.496488
0.191985
-1.038040
-0.329466
-0.077945
0.259197
-0.176591
0.176082
-0.203900
0.320053
1.119603
0.232257
1.106728
-0.293537
-0.244534
0.233841
0.369317
-0.110176
-0.104279
0.617251
-0.863548
0.228280
-0.005034
0.324535
-0.423061
1.087512
-0.108996
0.163214
-0.240063
0.050277
0.647583
0.278974
-0.699771
-0.004534
0.213803
0.086744
1.500047
0.538772
0.023342
-0.232385
0.203759
0.046044
0.990700
-0.008403
-0.083304
-0.710297
0.397215
0.200071
-0.443853
0.934253
-0.141109
-0.567129
0.477784
-0.271182
0.539951
0.164446
0.128703
0.111221
0.407259
-0.226774
1.517431
-0.203120
-0.415898
0.502780
1.507513
1.110866
0.065985
-0.028087
0.591952
-0.269219
0.177840
0.276823
0.234011
0.952217
0.168257
-0.945595
0.105547
0.242554
0.082834
1.517431
-0.422586
-0.044572
-0.202318
0.054593
0.420835
-0.189393
-0.674058
-0.402106
0.001083
-0.482692
-0.276889
0.377157
0.361686
-0.176923
0.110497
-0.587833
-0.174817
1.177956
-0.936500
-0.312106
-0.673373
-1.293920
-0.542067
-0.902362
-0.025059
-1.138386
0.039696
0.159582
0.216738
0.821711
0.359884
-0.359459
-0.284892
-0.260492
0.131479
-0.169301
-1.028794
0.271225
-0.656941
-0.501742
-0.368838
-0.895228
0.027909
-0.387406
-0.410835
-0.059044
1.091456
0.389651
-0.145772
-0.833068
-0.594039
1.509375
-0.094975
-0.375647
0.345412
-0.277590
0.000734
0.143767
-0.109295
-0.209758
0.042471
0.653622
0.060060
-0.633769
0.051923
0.398542
-0.264958
-0.174941
-0.793195
-0.212755
0.229735
0.422663
-0.308086
0.029919
-0.523108
-0.811948
-0.489600
0.723804
0.282072
-0.246346
-0.100535
0.078017
-1.401084
-0.728103
-0.556957
-0.088592
0.245481
-0.157406
-0.270178
1.277592
-0.129418
-1.063897
-0.782183
-1.304255
1.507513
-0.630921
0.044854
-0.131876
-0.391661
-0.249474
-0.321935
0.067341
-0.552914
1.089297
0.215031
0.104618
-0.370087
-0.655873
-0.877664
-0.251573
0.552825
0.369499
-0.744405
0.554746
-0.051474
-0.853476
-0.064603
-0.092928
-0.548040
-1.347077
0.328173
-0.220254
0.292941
-0.960929
0.279860
-0.250668
-0.489708
-0.169902
0.114686
-0.118344
-0.584156
0.105072
0.262614
0.304419
0.769098
-0.616608
-0.707895
-0.049133
-0.672887
-0.554859
-0.573470
-0.896451
-0.505333
-0.179454
-0.062389
-0.193464
0.388783
-0.380040
-0.109057
-0.394027
0.120922
0.345637
-0.481134
-0.219960
-0.170843
-0.609806
-0.683598
-0.229013
0.912626
0.265989
-0.425278
0.118592
-0.120829
0.678716
0.599349
0.288868
-0.419544
-0.149898
0.397173
0.492594
-0.360115
-0.141833
0.086729
-0.957621
-0.283690
-0.018320
-0.202577
-0.517522
-0.505483
-0.176874
0.961367
0.314443
-0.257238
-0.249394
0.399180
0.258081
0.332602
0.460855
-0.350662
-0.389028
0.428453
0.033281
-1.084882
0.095845
0.174274
0.109173
-0.470188
-0.372632
-0.312126
-0.134459
-0.515696
-0.195724
-0.476918
0.080784
-0.408437
-0.584289
-0.118452
-0.293706
0.537714
-0.627909
0.632345
1.500047
0.600247
0.314055
-0.147545
-0.754057
0.793046
-0.408063
-0.664030
0.648552
-0.050498
0.172292
-0.451529
-0.204174
-1.153466
0.371237
0.176079
-0.342232
-0.403556
0.628657
0.292066
-1.007493
0.657084
1.509375
0.253188
0.014728
-0.628246
-0.779558
1.350016
-0.636855
0.205279
1.500047
-0.128661
0.542325
-0.752614
-0.166349
0.076532
-0.531882
-0.569740
-0.108224
-0.349686
-0.159922
-0.480486
-0.831145
-0.363395
-0.276630
1.509375
-0.156116
-0.180152
0.199765
-0.346045
-0.688063
-0.017558
-0.113458
-0.041540
0.630900
0.188392
-1.109244
-0.881835
0.595586
-0.242525
-0.312640
0.159363
0.285976
-0.707279
-0.242783
0.224613
0.164033
0.800735
1.149592
0.052631
0.434228
-0.468347
1.167913
-0.748714
-0.092024
-0.536758
-0.431583
0.039565
-0.473346
0.178196
0.007079
0.464257
-0.335910
-0.351763
0.071852
0.409549
-0.495783
0.463980
0.186416
0.147733
0.945356
0.297467
-0.145469
-0.749966
-0.705421
1.507513
0.712134
-0.744196
-0.202061
0.526077
-0.380214
-0.460754
-0.842286
-0.656312
-0.690720
-0.104291
0.227735
-0.374612
