0.174154 -0.001802 0.229488
0.176586 0.001742 0.231645
0.179040 0.005364 0.233819
0.181041 0.008490 0.235594
0.183006 0.011630 0.237257
0.185383 0.015270 0.239458
0.187848 0.019056 0.241772
0.189913 0.022415 0.243632
0.191871 0.025682 0.245383
0.194194 0.029419 0.247595
0.196679 0.033399 0.249992
0.198818 0.036983 0.252085
0.200757 0.040408 0.253733
0.203018 0.044242 0.255892
0.205508 0.048382 0.258443
0.207727 0.052241 0.260594
0.209680 0.055812 0.262348
0.211861 0.059698 0.264476
0.214366 0.064020 0.267123
0.216674 0.068128 0.269502
0.218637 0.071842 0.271343
0.220739 0.075750 0.273456
0.223279 0.080266 0.276208
0.225696 0.084666 0.278795
0.227692 0.088532 0.280740
0.229728 0.092452 0.282841
0.232307 0.097195 0.285561
0.234815 0.101900 0.288087
0.236847 0.105844 0.290343
0.238871 0.109799 0.292609
0.241464 0.114693 0.295248
0.244031 0.119561 0.297912
0.246169 0.123742 0.300263
0.248270 0.127862 0.302627
0.250796 0.132725 0.305144
0.253442 0.137817 0.307684
0.255682 0.142175 0.310157
0.257813 0.146276 0.312823
0.260357 0.151153 0.315404
0.263107 0.156395 0.318039
0.265464 0.160914 0.320608
0.267642 0.165066 0.323218
0.270161 0.169824 0.325860
0.272984 0.175061 0.328679
0.275548 0.179824 0.331377
0.277750 0.183945 0.333899
0.280263 0.188540 0.336606
0.283246 0.193892 0.339498
0.285982 0.198775 0.342299
0.288294 0.202902 0.344907
0.290803 0.207302 0.347619
0.293865 0.212549 0.350576
0.296824 0.217565 0.353475
0.299289 0.221657 0.356360
0.301807 0.225835 0.359061
0.304998 0.230995 0.362075
0.308241 0.236092 0.365296
0.310719 0.240025 0.367896
0.313256 0.243920 0.370709
0.316666 0.249021 0.373962
0.320033 0.253951 0.377225
0.322774 0.257910 0.380114
0.325470 0.261683 0.383121
0.328858 0.266333 0.386467
0.332375 0.271121 0.389683
0.335395 0.275078 0.392841
0.338372 0.278832 0.396153
0.341763 0.283141 0.399362
0.345495 0.287739 0.402868
0.348804 0.291659 0.406296
0.351881 0.295279 0.409367
0.355461 0.299359 0.412876
0.359408 0.303802 0.416508
0.363011 0.307726 0.419986
0.366360 0.311321 0.423183
0.370092 0.315204 0.426737
0.374247 0.319468 0.430507
0.378331 0.323556 0.434231
0.382070 0.327182 0.437766
0.385991 0.330947 0.441316
0.390443 0.335204 0.445074
0.394769 0.339198 0.448887
0.398879 0.342931 0.452451
0.403140 0.346718 0.456162
0.407894 0.350929 0.460091
0.412679 0.355090 0.464011
0.416935 0.358735 0.467481
0.421871 0.362957 0.471326
0.426756 0.367060 0.475139
0.431608 0.371079 0.478902
0.436712 0.375330 0.482645
0.442201 0.379951 0.486410
0.447341 0.384171 0.490041
0.452604 0.388470 0.493693
0.458204 0.393091 0.497364
0.464327 0.398100 0.501416
0.469890 0.402725 0.504774
0.475306 0.407279 0.507828
0.481303 0.412185 0.511516
0.487368 0.417229 0.515004
0.493171 0.421965 0.518473
0.499135 0.427160 0.521264
0.505113 0.432326 0.524142
0.511352 0.437558 0.527528
0.517313 0.442630 0.530562
0.523428 0.448062 0.533196
0.529443 0.453354 0.535907
0.535467 0.458502 0.538980
0.541465 0.463753 0.541810
0.547789 0.469600 0.544223
0.553544 0.474866 0.546502
0.559472 0.480392 0.548726
0.565094 0.485406 0.551340
0.570689 0.490934 0.552843
0.576238 0.496480 0.554286
0.581873 0.501808 0.556487
0.586686 0.506479 0.558018
0.592467 0.512503 0.559331
0.598511 0.518686 0.561150
0.603492 0.523690 0.562696
0.607567 0.527960 0.563416
0.612662 0.533323 0.564700
0.617836 0.539055 0.565539
0.622335 0.544019 0.566232
0.626803 0.548645 0.567615
0.631647 0.554036 0.568560
0.635977 0.559156 0.568740
0.640325 0.564101 0.569413
0.644268 0.568148 0.570865
0.648471 0.573001 0.571478
0.653108 0.578783 0.571505
0.656942 0.583288 0.571946
0.660740 0.587478 0.573000
0.664642 0.592015 0.573710
0.668524 0.596987 0.573539
0.672061 0.601494 0.573383
0.675557 0.605320 0.574568
0.679185 0.609526 0.575422
0.682361 0.613789 0.574864
0.685477 0.617920 0.574469
0.689127 0.621932 0.575950
0.692121 0.625415 0.576627
0.695564 0.629813 0.576772
0.698695 0.634106 0.576233
0.701625 0.637387 0.577326
0.705154 0.641187 0.579178
0.707800 0.644711 0.578911
0.710446 0.648367 0.578375
0.713828 0.652192 0.579881
0.717353 0.656098 0.581747
0.719914 0.659418 0.581787
0.722419 0.662871 0.581343
0.725365 0.666340 0.582454
0.728591 0.669923 0.584318
0.731175 0.673351 0.584269
0.733082 0.675884 0.584159
0.735925 0.679397 0.584940
0.738848 0.682944 0.585942
0.741514 0.686236 0.586724
0.743788 0.689216 0.586922
0.746102 0.692123 0.587529
0.749356 0.696116 0.588744
0.752425 0.699784 0.590248
0.754264 0.702315 0.590127
0.756392 0.705124 0.590424
0.759523 0.708907 0.592004
0.762293 0.712289 0.593294
0.763966 0.714652 0.593172
0.765949 0.717168 0.593920
0.768881 0.720738 0.595517
0.771665 0.724130 0.597151
0.773626 0.726836 0.597369
0.775307 0.728949 0.598348
0.778123 0.732579 0.599573
0.781127 0.736272 0.601599
0.782988 0.738754 0.602392
0.784637 0.740994 0.603021
0.787188 0.744223 0.604798
0.789749 0.747618 0.606113
0.791549 0.750165 0.606650
0.793001 0.752136 0.607663
0.795200 0.755200 0.608631
0.797905 0.758732 0.610719
0.799859 0.761570 0.611437
0.801259 0.763571 0.612464
0.803250 0.766364 0.613866
0.805774 0.769937 0.615425
0.807765 0.772794 0.616919
0.808879 0.774714 0.617078
0.810413 0.777210 0.617586
0.812996 0.780740 0.620474
0.814991 0.783784 0.621863
0.815991 0.785634 0.622201
0.817271 0.787824 0.623029
0.819696 0.791412 0.625597
0.821883 0.794793 0.627847
0.822568 0.796367 0.627850
0.823533 0.798252 0.628685
0.825682 0.801732 0.630913
0.828220 0.805928 0.633153
