0.179229
0.173241
0.138501
0.116416
0.174280
0.343291
0.133790
0.187299
0.236868
0.236027
0.207317
0.128667
0.169435
0.162805
0.740520
0.086238
0.106347
0.272705
0.177332
0.141640
0.244834
0.431566
0.252673
0.189158
0.253110
0.086728
0.193629
0.215246
0.165337
0.289089
0.150138
0.216724
0.180977
0.172796
0.202785
0.182772
0.182800
0.381098
0.192368
0.364478
0.406332
0.071797
0.199651
0.191655
0.214411
0.324187
0.257741
0.235078
0.297919
0.429152
0.354810
0.669168
0.358358
0.339382
0.442454
0.220689
0.341618
0.250265
0.194269
0.266709
0.158922
0.432772
0.109948
0.263578
0.361520
0.167560
0.171484
0.214513
0.128305
0.341682
0.081435
0.491860
0.237085
0.258313
0.251563
0.162624
0.250115
0.246900
0.166590
0.170567
0.265403
0.129533
0.239861
0.382468
0.326620
0.171669
0.217800
0.150529
0.123477
0.218158
0.239087
0.234649
0.261299
0.228578
0.317631
0.340966
0.395817
0.300663
0.303846
0.187440
0.241536
0.164419
0.388764
0.181474
0.339490
0.387031
0.302056
0.289512
0.221917
0.549056
0.243231
0.354538
0.097774
0.427796
0.255285
0.207424
0.303367
0.290304
0.235400
0.143763
0.161520
0.219784
0.257856
0.350372
0.162879
0.339148
0.528043
0.242855
0.300440
0.468415
0.121910
0.173786
0.216082
0.396992
0.249931
0.542423
0.239807
0.203500
0.801036
0.270672
0.177893
0.140797
0.161468
0.167884
0.249855
0.206659
0.259897
0.242263
0.202702
0.307552
0.094300
0.144096
0.141944
0.335976
0.082483
0.241790
0.392388
0.172800
0.287112
0.177797
0.141598
0.124068
0.192537
0.212181
0.257737
0.304919
0.159502
0.248134
0.266345
0.232632
0.287540
0.307278
0.146833
0.112608
0.158519
0.303141
0.133096
0.204621
0.154621
0.233741
0.239298
0.454939
0.240025
0.113039
0.771066
0.166203
0.436633
0.177623
0.191967
0.204720
0.161379
0.209299
0.496685
0.252971
0.191754
0.256219
0.123447
0.153145
0.244626
0.318955
0.234013
0.135744
0.117254
0.201597
0.272505
0.214822
0.189963
0.193577
0.484983
0.209606
0.176639
0.267866
0.218723
0.095772
0.067723
0.282370
0.250234
0.267058
0.389458
0.226020
0.163157
0.321608
0.168022
0.204017
0.266890
0.139311
0.093136
0.295498
0.163257
0.171277
0.189063
0.193302
0.325880
0.452399
0.216825
0.288522
0.233484
0.128593
0.244217
0.186867
0.359105
0.283811
0.191069
0.669192
0.158271
0.186856
0.265263
0.127694
0.115347
0.317723
0.125192
0.297530
0.149365
0.117839
0.192341
0.103452
0.197254
0.219567
0.176867
0.148206
0.225471
0.239377
0.497492
0.252304
0.078472
0.335956
0.306466
0.217685
0.241597
0.097696
0.123883
0.250862
0.253430
0.155759
0.122590
0.164623
0.247494
0.141537
0.424473
0.264372
0.091344
0.310204
0.181755
0.215253
0.194667
0.323922
0.218746
0.350916
0.175765
0.149124
0.116391
0.229735
0.268765
0.219681
0.155702
0.443331
0.142388
0.132976
0.160782
0.277262
0.137474
0.283749
0.168605
0.261478
0.256872
0.148209
0.252506
0.172836
0.210186
0.250836
0.217260
0.127813
0.150190
0.227992
0.354285
0.366582
0.233527
0.270567
0.499895
0.429024
0.222117
0.113528
0.196394
0.183533
0.174332
0.184516
0.162367
0.282186
0.144046
0.219443
0.228610
0.196619
0.267713
0.219433
0.165596
0.373135
0.297579
0.482127
0.144635
0.214099
0.320330
0.161704
0.150009
0.261852
0.199305
0.171225
0.251645
0.210136
0.207259
0.795155
0.297233
0.329612
0.109084
0.184898
0.228070
0.142665
0.698871
0.207225
0.166069
0.482904
0.176502
0.235155
0.167665
0.146623
0.278464
0.260037
0.151075
0.341856
0.397732
0.240702
0.182163
0.324067
0.263745
0.152890
0.127892
0.173110
0.080352
0.186077
0.233979
0.194412
0.516849
0.237868
0.316123
0.305926
0.183870
0.229525
0.281443
0.110251
0.305524
0.212928
0.245275
0.265286
0.208091
0.235345
0.468828
0.350668
0.241186
0.131497
0.184882
0.281967
0.209503
0.373037
0.230347
0.204675
0.233354
0.107162
0.326472
0.125501
0.212566
0.745733
0.349828
0.200412
0.201367
0.177548
0.333552
0.334996
0.137461
0.270193
0.294889
0.183439
0.175055
0.587993
0.192490
0.097894
0.317584
0.119256
0.122000
0.242800
0.162655
0.097379
0.211585
0.137418
0.213222
0.211867
0.242809
0.287975
0.131250
0.236934
0.154095
0.235654
0.174214
0.181891
0.153080
0.195141
0.133884
0.182224
0.218012
0.293971
0.148994
0.188657
0.226039
0.211896
0.430140
0.174095
0.144514
0.142716
0.074372
0.186397
0.293973
0.149974
0.156992
0.227104
0.406666
0.132690
0.199783
0.201934
0.311355
0.305807
0.311196
0.164519
0.076070
0.176876
0.297236
0.273677
0.099836
0.391811
0.096196
0.246278
0.173120
0.118681
0.275525
0.243073
0.198829
0.154198
0.132945
0.165407
0.356942
0.137282
0.167124
0.232492
0.371770
0.218451
0.129444
0.106248
0.171414
0.427925
0.257700
0.160727
0.299507
0.492862
0.245916
0.243577
0.159645
0.239384
0.244411
0.206683
0.099540
0.111227
0.176985
0.089186
0.246766
0.073686
0.106010
0.233779
0.134362
0.223211
0.135143
0.325834
0.171582
0.256850
0.128003
0.112541
0.152606
0.126468
0.120707
0.102720
0.129207
0.205931
0.356583
0.123916
0.117931
0.221871
0.232642
0.218074
0.231201
0.120635
0.243381
0.252011
0.204601
0.198017
0.161619
0.125022
0.070094
0.133275
0.208336
0.113864
0.163118
0.175209
0.173370
0.211532
0.218955
0.233530
0.249442
0.087916
0.228216
0.079625
0.093853
0.165462
0.141314
0.145060
0.250177
0.122376
0.186415
0.121268
0.240602
0.184605
0.211137
0.154998
0.151297
0.179488
0.263018
0.096550
0.266292
0.246061
0.113331
0.076389
0.200284
0.315161
0.125298
0.085009
0.329078
0.380474
0.179876
0.147037
0.131150
0.138356
0.183433
0.293255
0.142178
0.192820
0.170334
0.085014
0.356671
0.157929
0.143093
0.237881
0.292667
0.160823
0.178656
0.134823
0.187736
0.111305
0.151194
0.101803
0.143869
0.080519
0.172591
0.234669
0.213812
0.079123
0.142170
0.171418
0.215750
0.222175
0.201001
0.194147
0.133278
0.142384
0.143119
0.060870
0.182462
0.155723
0.125777
0.159901
0.310418
0.197990
0.231900
0.117531
0.331839
0.123782
0.069397
0.168598
0.197868
0.086083
0.134267
0.116673
0.205605
0.144012
0.127362
0.112820
0.149426
0.127112
0.181310
0.129743
0.212869
0.101218
0.155152
0.202127
0.403034
0.169369
0.093149
0.169306
0.061087
0.450163
0.284238
0.151438
0.139806
0.185913
0.191168
0.175343
0.161692
0.178363
0.103061
0.252416
0.160230
0.127249
0.124241
0.186867
0.182349
0.185136
0.157239
0.131069
0.292673
0.184827
0.258831
0.103129
0.146419
0.196741
0.066541
0.117298
0.136126
0.194022
0.095257
0.101382
0.214852
0.326918
0.194047
0.096720
0.082259
0.126621
0.136640
0.313888
0.366195
0.156979
0.238890
0.245031
0.105361
0.197304
0.126001
0.153640
0.106593
0.253773
0.109496
0.115719
0.102172
0.086505
0.140422
0.131169
0.098389
0.150373
0.224257
0.191428
0.150895
0.114499
0.088471
0.119166
0.129613
0.240248
0.116660
0.179258
0.192469
0.260944
0.344335
0.382560
0.109296
0.221169
0.205406
0.199955
0.200496
0.211971
0.116145
0.315484
0.077484
0.154169
0.190896
