-0.015231 0.173130 0.158716
-0.012883 0.174604 0.161574
-0.010541 0.176096 0.164502
-0.008207 0.177614 0.167459
-0.005937 0.179124 0.170283
-0.003686 0.180658 0.173096
-0.001435 0.182214 0.175973
0.000806 0.183772 0.179021
0.003063 0.185351 0.182187
0.005316 0.186960 0.185401
0.007544 0.188591 0.188606
0.009716 0.190219 0.191707
0.011874 0.191871 0.194854
0.014018 0.193548 0.198047
0.016198 0.195258 0.201442
0.018365 0.196995 0.204894
0.020523 0.198763 0.208380
0.022627 0.200545 0.211789
0.024694 0.202332 0.215170
0.026750 0.204155 0.218594
0.028821 0.206030 0.222130
0.030904 0.207940 0.225793
0.032960 0.209874 0.229500
0.035009 0.211860 0.233206
0.036980 0.213833 0.236791
0.038957 0.215870 0.240407
0.040927 0.217952 0.244044
0.042905 0.220081 0.247884
0.044877 0.222251 0.251750
0.046826 0.224459 0.255652
0.048762 0.226743 0.259432
0.050671 0.229050 0.263226
0.052559 0.231409 0.266975
0.054458 0.233837 0.270878
0.056367 0.236328 0.274835
0.058249 0.238865 0.278776
0.060132 0.241476 0.282751
0.061991 0.244141 0.286634
0.063839 0.246857 0.290507
0.065697 0.249661 0.294392
0.067554 0.252540 0.298344
0.069425 0.255498 0.302284
0.071288 0.258522 0.306238
0.073152 0.261634 0.310139
0.074990 0.264773 0.314020
0.076838 0.267998 0.317943
0.078710 0.271328 0.321891
0.080616 0.274772 0.325737
0.082536 0.278293 0.329583
0.084486 0.281928 0.333447
0.086409 0.285582 0.337334
0.088368 0.289332 0.341180
0.090345 0.293168 0.345023
0.092379 0.297147 0.348765
0.094427 0.301170 0.352499
0.096504 0.305286 0.356231
0.098631 0.309481 0.359924
0.100815 0.313816 0.363585
0.103041 0.318212 0.367150
0.105317 0.322670 0.370710
0.107659 0.327256 0.374299
0.110074 0.331921 0.377786
0.112572 0.336664 0.381242
0.115121 0.341492 0.384647
0.117716 0.346335 0.387990
0.120406 0.351260 0.391281
0.123226 0.356301 0.394531
0.126167 0.361432 0.397733
0.129196 0.366601 0.400875
0.132307 0.371791 0.403940
0.135542 0.377037 0.406936
0.138883 0.382307 0.409874
0.142345 0.387605 0.412745
0.145982 0.392955 0.415509
0.149754 0.398359 0.418311
0.153673 0.403761 0.421029
0.157717 0.409118 0.423591
0.161919 0.414518 0.426131
0.166276 0.419886 0.428519
0.170819 0.425230 0.430928
0.175523 0.430579 0.433312
0.180363 0.435845 0.435621
0.185384 0.441052 0.437770
0.190629 0.446286 0.439875
0.196017 0.451411 0.441893
0.201569 0.456437 0.443895
0.207300 0.461425 0.445843
0.213211 0.466314 0.447710
0.219276 0.471100 0.449526
0.225502 0.475776 0.451229
0.231888 0.480348 0.452959
0.238464 0.484834 0.454645
0.245151 0.489174 0.456234
0.251999 0.493386 0.457775
0.258991 0.497522 0.459335
0.266323 0.501632 0.460785
0.273588 0.505504 0.462296
0.281014 0.509272 0.463700
0.288572 0.512914 0.465156
0.296144 0.516405 0.466563
0.303851 0.519801 0.467962
0.311680 0.523113 0.469284
0.319510 0.526251 0.470646
0.327418 0.529316 0.472151
0.335387 0.532280 0.473577
0.343451 0.535188 0.475016
0.351567 0.537991 0.476382
0.359666 0.540697 0.477761
0.367705 0.543300 0.479164
0.375881 0.545893 0.480679
0.384048 0.548423 0.482230
0.392161 0.550884 0.483801
0.400251 0.553273 0.485260
0.408341 0.555651 0.486818
0.416351 0.557979 0.488415
0.424398 0.560321 0.490062
0.432348 0.562617 0.491756
0.440285 0.564893 0.493431
0.448251 0.567205 0.495203
0.456123 0.569505 0.496896
0.463830 0.571759 0.498625
0.471546 0.574048 0.500430
0.479171 0.576319 0.502176
0.486752 0.578637 0.504058
0.494423 0.581023 0.505862
0.502009 0.583407 0.507712
0.509345 0.585773 0.509657
0.516622 0.588169 0.511618
0.523692 0.590541 0.513592
0.531052 0.593082 0.515564
0.538328 0.595635 0.517508
0.545596 0.598244 0.519452
0.552607 0.600820 0.521428
0.559500 0.603415 0.523445
0.566267 0.606022 0.525456
0.573047 0.608693 0.527476
0.579915 0.611443 0.529409
0.586732 0.614244 0.531358
0.593546 0.617104 0.533305
0.600105 0.619939 0.535297
0.606459 0.622726 0.537261
0.612788 0.625570 0.539229
0.619160 0.628497 0.541195
0.625687 0.631534 0.543081
0.632104 0.634578 0.544949
0.638406 0.637645 0.546972
0.644535 0.640674 0.548951
0.650739 0.643794 0.550785
0.656802 0.646901 0.552720
0.662767 0.649985 0.554486
0.668924 0.653226 0.556318
0.675162 0.656539 0.557978
0.681383 0.659921 0.559822
0.687224 0.663144 0.561589
0.692906 0.666335 0.563469
0.698593 0.669560 0.565187
0.704547 0.672971 0.566924
0.710631 0.676466 0.568494
0.716817 0.680052 0.570041
0.722610 0.683456 0.571506
0.728096 0.686752 0.573055
0.733696 0.690167 0.574775
0.739274 0.693557 0.576227
0.745174 0.697153 0.577644
0.751090 0.700771 0.578862
0.757002 0.704430 0.580222
0.762663 0.708004 0.581712
0.768114 0.711469 0.583122
0.773546 0.714956 0.584601
0.779059 0.718501 0.586009
0.784970 0.722243 0.586944
0.790780 0.725962 0.588003
0.796558 0.729679 0.589043
0.801944 0.733221 0.590401
0.807264 0.736754 0.591774
0.812638 0.740329 0.593126
0.818271 0.744051 0.594244
0.823932 0.747746 0.595007
0.829686 0.751514 0.595788
0.835263 0.755203 0.596578
0.840551 0.758781 0.597825
0.845857 0.762363 0.598953
0.851169 0.765956 0.600093
0.856700 0.769619 0.600742
0.862380 0.773402 0.601504
0.867974 0.777126 0.602226
0.873339 0.780722 0.603032
0.878605 0.784289 0.604010
0.883850 0.787842 0.604964
0.889316 0.791530 0.605892
0.894822 0.795191 0.606500
0.900353 0.798858 0.607067
0.905937 0.802538 0.607602
0.911216 0.806085 0.608389
0.916465 0.809605 0.609212
0.921644 0.813072 0.610008
0.926929 0.816566 0.610643
0.932370 0.820134 0.611171
0.937902 0.823733 0.611657
0.943437 0.827328 0.612148
