1.178313
1.112653
0.287147
1.305197
0.789293
0.373931
1.115044
1.133142
0.778579
1.876196
0.778020
0.480647
0.680339
0.586345
2.581820
0.483912
0.956146
1.204056
1.135683
2.710967
0.859588
0.509798
0.680096
0.685867
0.629571
1.002798
1.449559
1.193489
0.998184
1.268714
1.034751
0.558273
1.111840
0.864292
1.022269
0.865473
1.766518
0.763806
0.740028
1.145398
0.696157
0.502432
3.108048
1.500945
0.474041
4.519351
1.580771
0.919839
1.086788
0.997131
0.888159
2.044020
0.817997
2.911406
1.127446
0.754446
0.586525
1.433327
0.772110
0.913461
0.654409
2.742210
1.086055
1.226645
1.175588
0.758910
0.923907
1.053687
1.050188
0.742566
1.306605
0.556521
0.779568
0.807705
1.294493
0.674437
1.488396
3.233083
0.671448
1.020657
0.584268
0.773614
1.310126
2.891392
1.040330
1.423716
1.468444
1.017339
1.134914
3.547593
1.504598
0.633660
1.071009
1.077641
0.667056
0.954451
1.191940
1.379742
0.667891
1.433878
0.859744
0.643666
0.682520
2.170621
0.686695
0.501992
1.422521
0.757433
1.119288
0.839569
1.228263
2.015250
1.578312
0.554945
0.601099
1.213678
0.702667
1.233004
2.607980
1.820922
0.660496
2.292714
0.847514
0.723898
1.600193
0.814779
0.378465
3.946005
0.701744
2.276229
0.560127
0.598011
0.838092
2.126478
1.111223
0.670887
0.812806
1.140554
1.239258
1.146128
1.456710
1.461547
0.511788
1.340404
1.542258
0.640200
1.178344
0.887438
0.741740
0.338521
0.497218
0.273603
0.800946
2.288758
0.395538
0.441686
0.540845
0.807493
0.944182
1.042864
0.865317
0.707649
0.798660
0.825723
0.794770
4.481899
0.818563
1.386646
0.788116
0.526440
0.992768
0.495138
0.981649
0.363841
0.823173
0.865825
0.572474
0.748170
0.709805
1.314316
2.751901
1.034925
0.632843
1.400548
3.663089
0.861635
0.823142
1.422986
0.682325
0.756631
1.428559
1.114877
2.329236
0.976413
0.799434
2.576298
1.285945
1.468854
0.760795
0.627407
0.619862
0.868172
0.838515
1.468495
0.505763
4.523902
0.688432
1.105474
0.953051
1.260270
1.119948
0.987254
1.616033
0.957470
0.793104
0.585711
0.193150
0.979424
2.923059
0.278896
0.701462
2.736799
0.640853
0.583343
0.628465
0.870759
0.752383
0.589994
0.877682
1.050239
1.146905
1.284321
1.740519
0.729458
1.139213
0.680287
1.511112
2.631467
2.246671
0.881607
0.780274
0.841313
0.779112
0.573228
1.071933
2.401475
2.600679
0.989200
3.240998
0.849836
0.979200
0.878922
1.295023
0.727353
2.698602
0.930777
0.803789
0.478513
0.803066
0.769801
0.413631
1.034579
1.239392
0.427841
3.399608
0.924313
4.481899
0.804788
1.494210
2.251342
0.831065
0.656308
0.881690
0.711746
1.128442
1.869227
0.796659
0.774326
3.996832
2.662843
1.684558
1.156696
0.625776
0.558856
0.564031
3.518485
0.549191
0.626789
1.237477
4.481899
0.410783
3.785633
0.808990
1.009841
0.797329
1.197612
1.409184
1.193849
0.745256
0.605735
1.538506
1.892366
4.017243
1.207445
1.420403
1.318759
1.751797
2.340592
1.149465
0.826249
0.739370
1.440581
1.252456
0.829368
1.112429
3.127825
0.648439
3.593018
1.803323
4.481899
1.676020
2.389941
0.711330
3.414910
2.867313
1.365702
2.277647
1.150037
0.847559
0.599820
1.740277
1.496196
4.481899
0.847973
1.233698
0.947208
0.608665
1.211652
0.354148
0.719308
0.925016
1.295888
0.838122
1.192536
0.815544
1.377201
3.063639
1.261444
3.024446
0.745622
0.783069
1.263444
1.446746
0.895677
0.900974
1.853825
0.421664
1.256437
0.994979
1.383387
0.655039
2.966884
0.896734
1.177289
0.786578
1.051562
1.910917
1.321773
0.496699
0.995476
1.238378
1.090617
4.481899
1.713901
1.023617
0.792641
1.226003
1.047120
2.693119
0.991632
0.920071
0.491498
1.487675
1.221489
0.641560
2.545312
0.868395
0.567151
1.612497
0.762477
1.715923
1.178740
1.137352
1.117641
1.502693
0.797101
4.560494
0.816180
0.659747
1.653312
4.515488
3.036987
1.068210
0.972304
1.807512
0.763976
1.194635
1.318933
1.263658
2.591448
1.183241
0.388448
1.111318
1.274500
1.086361
4.560494
0.655350
0.956406
0.816835
1.056111
1.523233
0.827461
0.509636
0.668910
1.001083
0.617120
0.758139
1.458133
1.435748
0.837844
1.116833
0.555530
0.839610
3.247730
0.391997
0.731904
0.509985
0.274194
0.581545
0.405610
0.975252
0.320336
1.040495
1.173020
1.242018
2.274389
1.433163
0.698054
0.752096
0.770672
1.140514
0.844255
0.357438
1.311570
0.518435
0.605475
0.691538
0.408514
1.028302
0.678816
0.663096
0.942666
2.978608
1.476466
0.864355
0.434713
0.552093
4.523902
0.909395
0.686845
1.412571
0.757607
1.000734
1.154615
0.896466
0.810780
1.043386
1.922491
1.061900
0.530588
1.053295
1.489651
0.767238
0.839507
0.452397
0.808354
1.258267
1.526020
0.734852
1.030371
0.592676
0.443992
0.612871
2.062263
1.325874
0.781652
0.904354
1.081141
0.246330
0.482824
0.572950
0.915218
1.278236
0.854357
0.763244
3.587988
0.878607
0.345108
0.457407
0.271375
4.515488
0.532102
1.045875
0.876450
0.675933
0.779211
0.724745
1.069660
0.575271
2.972185
1.239900
1.110286
0.690674
0.518989
0.415753
0.777577
1.738157
1.447010
0.475017
1.741499
0.949829
0.425932
0.937439
0.911259
0.578082
0.259999
1.388429
0.802315
1.340363
0.382538
1.322945
0.778281
0.612805
0.843748
1.121521
0.888390
0.557576
1.110791
1.300324
1.355837
2.157819
0.539772
0.492680
0.952055
0.510234
0.574153
0.563567
0.408015
0.603304
0.835727
0.939517
0.824100
1.475185
0.683834
0.896680
0.674336
1.128537
1.412890
0.618082
0.802551
0.842954
0.543456
0.504797
0.795318
2.490854
1.304721
0.653588
1.125911
0.886186
1.971344
1.820933
1.334916
0.657347
0.860796
1.487613
1.636556
0.697596
0.867766
1.090601
0.383805
0.753000
0.981846
0.816624
0.595996
0.603214
0.837885
2.615268
1.369497
0.773184
0.779273
1.490602
1.294443
1.394593
1.585430
0.704222
0.677715
1.534881
1.033841
0.337942
1.100588
1.190382
1.115356
0.624885
0.688918
0.731889
0.874189
0.597085
0.822239
0.620694
1.084137
0.664688
0.557502
0.888294
0.745496
1.712089
0.533707
1.882020
4.481899
1.822570
1.368965
0.862824
0.470454
2.210118
0.664937
0.514773
1.912769
0.950756
1.188025
0.636654
0.815321
0.315541
1.449527
1.192532
0.710183
0.667941
1.875090
1.339191
0.365133
1.929159
4.523902
1.288125
1.014837
0.533527
0.458609
3.857489
0.528953
1.227868
4.481899
0.879272
1.720002
0.471133
0.846751
1.079536
0.587498
0.565673
0.897426
0.704909
0.852210
0.618482
0.435550
0.695311
0.758335
4.523902
0.855460
0.835143
1.221116
0.707481
0.502548
0.982595
0.892741
0.959311
1.879301
1.207306
0.329808
0.414022
1.814094
0.784644
0.731513
1.172764
1.331060
0.492984
0.784442
1.251838
1.178254
2.227178
3.156904
1.054040
1.543770
0.626036
3.215276
0.472974
0.912083
0.584640
0.649480
1.040358
0.622914
1.195060
1.007104
1.590832
0.714688
0.703447
1.074497
1.506138
0.609094
1.590391
1.204923
1.159203
2.573729
1.346444
0.864617
0.472383
0.493900
4.515488
2.038337
0.475116
0.817045
1.692281
0.683715
0.630808
0.430725
0.518761
0.501215
0.900963
1.255752
0.687556
