-1.144129052091808923e-05 1.043510572417169724e-06 3.538536442545051064e-05
6.382352756608461095e-05 -6.923000388054008098e-05 -1.783341520804711993e-05
3.401806752473761743e-05 -8.735787614886131769e-05 -3.219159528508749001e-05
3.212518547072172918e-05 -2.155764744995542832e-05 -4.405933634829879453e-05
1.208056974934441658e-04 -5.603893473139506343e-05 3.385065090715906692e-05
6.884446524095591536e-05 -1.693459924149516417e-05 1.324171769242331065e-05
6.037082946727746259e-05 -2.086441912582022722e-05 4.347870220187611325e-05
5.125968240519080462e-05 -2.830161870006460561e-05 6.965677298239048292e-05
-1.424113479270321174e-05 2.833451120998214555e-06 5.481027729843635475e-05
-5.830085350376785895e-05 1.214764204778742059e-05 -6.046081644130003809e-06
-8.969228965646787292e-05 -8.705196066143449285e-05 -1.091273481868875936e-05
-6.857858287700294999e-05 -3.244741380677815295e-05 -7.116895503913177632e-06
-1.626306268287913801e-04 -3.363016023549589392e-05 1.055654307198282491e-04
-7.350179206542073842e-05 -2.933547292246383397e-05 7.278328319285285960e-05
-6.589635557778532229e-05 -4.491053015111785905e-06 4.771202371241119845e-05
-4.946176228599466143e-05 -3.409177011130234752e-05 7.716196465018140512e-05
-3.259679266280081887e-05 1.482207179131911487e-04 -6.978583798840921047e-05
1.627970455738230967e-05 9.723994684443454460e-05 -6.731656512593426614e-05
5.935352788708193964e-05 1.208208092443426371e-04 -6.074510214411035130e-05
1.017964250283245870e-04 8.596951383100357347e-05 -3.054026006066777962e-05
1.044780046458338460e-04 6.115284712761106015e-05 -4.502607944735209763e-05
1.269379569686698156e-04 7.781872734654260665e-05 -2.057249489660517802e-05
1.116889512831587233e-04 9.489718634917739112e-05 -7.202199188621906780e-05
7.947782272124941528e-05 2.196917232523925949e-04 -5.404563903992080145e-05
5.898434657185083784e-05 1.908146517858863372e-04 1.533677601570292658e-05
-4.198926571827117844e-05 2.371276172064195264e-04 3.891714961798833450e-05
1.779009155884352222e-05 1.137656365005974737e-04 -1.271503525245611381e-04
-6.261967968137585627e-05 8.174353518712562086e-05 -7.154422567547048979e-05
-1.099383308179635078e-04 5.550477869314035989e-05 -2.775774255865439205e-05
-1.182541880376474067e-04 8.798343312754592868e-05 -1.517829031754101639e-05
-1.130875704535317392e-04 4.770458647920769625e-05 2.587410642775187205e-05
-1.351193296368900277e-04 4.302360281612298504e-05 -3.401350600645939391e-06
-1.207847768040904134e-04 8.913163083077838597e-05 -5.750457325474975771e-05
-4.995605652947892716e-05 1.910864168259207639e-04 -5.637993160781095819e-05
-4.714330684253590991e-05 1.935725793018969079e-04 4.760743047489343627e-06
6.769070735255852266e-05 1.723407354457256340e-04 4.462901015357915183e-05
1.189507688100731851e-05 -3.227901366101760127e-06 -6.245883662026925501e-05
1.272185839154646464e-05 3.404725180732170596e-05 -4.428339126755090007e-05
2.128540216518161961e-05 -2.784558063849917019e-05 2.923683352490777561e-05
7.889269733264330571e-05 2.685919964267360341e-05 7.187938525486217201e-05
1.132122743514401794e-04 1.199182632924309072e-04 1.271118731037641021e-04
6.935624010237550000e-05 1.033648487367782817e-04 1.402613761671373741e-05
-2.504212927157802916e-05 1.227313313857946201e-04 -3.899564921730540529e-05
-1.771640008928214002e-05 1.587190289987343587e-04 9.198782634184768955e-05
-4.116415320896337990e-05 8.113928099497011394e-05 1.060270337363363358e-04
-3.491837158432510433e-05 6.026096945462685510e-05 1.996459000349320577e-05
-4.196682996544387619e-05 3.929610475575817679e-05 5.364961892788642101e-05
-4.005501042589543263e-05 -3.346163984414753117e-06 -4.069226537802350728e-05
9.420082520264476823e-05 5.247529253139631805e-05 8.189648479170338012e-05
8.700936719409490682e-05 8.496309069013897148e-05 1.205528196934760392e-04
5.078743841782969593e-05 1.630312937244500406e-06 -7.697608624322741986e-05
1.066632557314434187e-04 1.868466556273601614e-04 1.952565163944901727e-04
-1.004790450179825174e-04 -5.092321901912243208e-05 -3.915514675622325621e-05
-4.784528181212180890e-05 -1.185092152901485015e-05 4.982011745903072275e-05
-1.288526773412118111e-04 -3.602858663170157747e-05 3.347686356592611396e-05
-1.632292509341224109e-05 -1.260002235867488873e-04 -6.686781430789544159e-05
3.928569686468868296e-05 -2.170399904936286110e-04 7.278685104650852453e-05
-2.281485013098246846e-05 -2.043397134369412209e-04 3.612553725649284316e-06
5.094980339309839514e-05 -2.705494637490691223e-04 1.011764847552527657e-05
-2.118192357459521236e-05 -1.788474810045259135e-04 -3.830993684171356923e-05
1.985764771214107438e-04 -8.787116775588826813e-05 -6.221827972161284937e-05
5.416681960416433190e-05 -6.205890538695144033e-05 6.500246338129012471e-05
-3.003274778902540886e-04 2.808131392757961739e-04 -1.766073997316570205e-04
2.638474509473919460e-04 2.073992701048604456e-04 4.328311914632326416e-04
-6.964850516920951813e-05 -6.572026334932599319e-06 -3.174395574191401370e-05
-3.430033354895871021e-04 -2.484792490715420545e-04 -7.101699735783081110e-04
2.197696062065102583e-04 -5.826229059874985438e-04 -2.485512674820615237e-04
-4.506343741980243145e-05 -1.660759534249312474e-04 -3.972415755509052212e-04
1.517348176329861046e-04 -2.995288355623425378e-04 -7.157180799955430476e-05
2.903504945371768176e-04 -2.804104926798353854e-04 2.373947678144856680e-04
2.874038518909332695e-04 -1.017311230910861983e-05 4.026420210861522317e-04
2.605808805675426045e-04 1.137115024638377992e-04 4.228042877841879589e-04
2.158425772229564422e-04 -7.068294250686596275e-06 1.424308114796640399e-04
3.961149646692037395e-05 -2.578268949182033930e-05 -2.630070822719646835e-04
-1.356333721259812006e-04 -1.329673204985520711e-04 -3.080250694827520912e-04
4.444339878645003032e-05 -3.581730035398662500e-04 -1.353728370823378032e-04
-4.859176732092279367e-05 -1.696897610544907166e-04 -5.264345579975260011e-04
-1.910871734879454945e-04 -1.472389229365767075e-05 8.608736811492107748e-05
-1.902865350661575193e-04 -5.395184567200341137e-05 1.605573021250105304e-04
-1.337834379363450415e-04 3.730022339810815709e-05 6.600451587329377642e-04
-1.547986564534503727e-04 -8.600461786813728103e-05 4.875592673534576084e-04
-1.828758334520660836e-04 -2.380970328739221657e-04 3.581541003106805112e-04
-1.521028088166620170e-04 -2.566510708096802150e-04 1.829064117058684465e-05
