7.093000793457031250e+01
7.145150756835937500e+01
7.197300720214843750e+01
7.249450683593750000e+01
7.405899810791015625e+01
8.083451080322265625e+01
8.113275909423828125e+01
8.143099975585937500e+01
8.172924804687500000e+01
8.196784973144531250e+01
8.262399291992187500e+01
7.625402069091796875e+01
7.689042663574218750e+01
7.879962921142578125e+01
7.442578125000000000e+01
7.461253356933593750e+01
7.479929351806640625e+01
7.513544464111328125e+01
7.554630279541015625e+01
7.086747741699218750e+01
7.153186798095703125e+01
7.219625854492187500e+01
7.418942260742187500e+01
7.675724792480468750e+01
7.737609100341796875e+01
7.799494171142578125e+01
7.861379241943359375e+01
7.923264312744140625e+01
8.059410858154296875e+01
7.663695526123046875e+01
7.683164978027343750e+01
7.702635192871093750e+01
7.744996643066406250e+01
7.814445495605468750e+01
6.614232635498046875e+01
6.674842071533203125e+01
6.715248870849609375e+01
6.816265106201171875e+01
7.608027648925781250e+01
7.667375946044921875e+01
7.726724243164062500e+01
7.845420837402343750e+01
8.099555969238281250e+01
8.123041534423828125e+01
8.138699340820312500e+01
7.965381622314453125e+01
7.984513854980468750e+01
6.097587966918945312e+01
6.139961242675781250e+01
6.182334518432617188e+01
6.267081069946289062e+01
6.360301971435546875e+01
6.436573791503906250e+01
7.604546356201171875e+01
7.659910583496093750e+01
7.715274810791015625e+01
7.914585113525390625e+01
7.687145233154296875e+01
7.758597564697265625e+01
7.539009857177734375e+01
7.630284881591796875e+01
7.721560668945312500e+01
7.812835693359375000e+01
7.256204223632812500e+01
7.333485412597656250e+01
7.410767364501953125e+01
6.171619415283203125e+01
6.214245223999023438e+01
6.256871032714843750e+01
6.342122650146484375e+01
7.657250213623046875e+01
7.839766693115234375e+01
7.034129333496093750e+01
7.086390686035156250e+01
7.138652038574218750e+01
7.282369995117187500e+01
7.181496429443359375e+01
7.257332611083984375e+01
7.333168792724609375e+01
7.409004974365234375e+01
7.484841156005859375e+01
7.975461578369140625e+01
8.065773773193359375e+01
6.869345855712890625e+01
6.916291809082031250e+01
6.963238525390625000e+01
7.057130432128906250e+01
7.151023101806640625e+01
7.244915008544921875e+01
7.293169403076171875e+01
7.329995727539062500e+01
7.366822814941406250e+01
7.440476226806640625e+01
8.474801635742187500e+01
8.509069061279296875e+01
8.543335723876953125e+01
8.611869812011718750e+01
7.210700988769531250e+01
7.274959564208984375e+01
7.339218139648437500e+01
7.480587005615234375e+01
7.192549133300781250e+01
7.239442443847656250e+01
7.286336517333984375e+01
7.380123901367187500e+01
6.916775512695312500e+01
6.971525573730468750e+01
7.026274871826171875e+01
7.146723175048828125e+01
7.692986297607421875e+01
7.742328643798828125e+01
7.791670989990234375e+01
7.890355682373046875e+01
7.138220977783203125e+01
7.190341186523437500e+01
7.242462158203125000e+01
7.294582366943359375e+01
7.346702575683593750e+01
7.450943756103515625e+01
7.699430084228515625e+01
7.851657867431640625e+01
7.701252746582031250e+01
7.753090667724609375e+01
7.782711791992187500e+01
7.812332916259765625e+01
7.849359893798828125e+01
7.930819702148437500e+01
7.618686676025390625e+01
7.632785034179687500e+01
7.646882629394531250e+01
7.660980987548828125e+01
7.675078582763671875e+01
7.703275299072265625e+01
7.731471252441406250e+01
6.851251983642578125e+01
6.894491577148437500e+01
6.923316192626953125e+01
7.002587890625000000e+01
7.067444610595703125e+01
7.387358093261718750e+01
7.466154479980468750e+01
7.544950866699218750e+01
7.702543640136718750e+01
7.243665313720703125e+01
7.305249786376953125e+01
7.366833496093750000e+01
7.428417968750000000e+01
6.915556335449218750e+01
7.001014709472656250e+01
7.057987976074218750e+01
6.442269134521484375e+01
6.477304077148437500e+01
6.512339782714843750e+01
6.582410430908203125e+01
7.754434204101562500e+01
7.869652557373046875e+01
7.478962707519531250e+01
7.548660278320312500e+01
7.618357849121093750e+01
7.757752990722656250e+01
7.378839111328125000e+01
7.571490478515625000e+01
7.699924468994140625e+01
7.422705841064453125e+01
7.604766845703125000e+01
7.650282287597656250e+01
7.809585571289062500e+01
6.787319946289062500e+01
6.831457519531250000e+01
6.941801452636718750e+01
7.107317352294921875e+01
6.637886810302734375e+01
6.689543151855468750e+01
6.741199493408203125e+01
6.792856597900390625e+01
7.646308135986328125e+01
7.694179534912109375e+01
7.726094055175781250e+01
6.814735412597656250e+01
6.874270629882812500e+01
7.290628051757812500e+01
7.360275268554687500e+01
7.429922485351562500e+01
7.663008117675781250e+01
7.686186981201171875e+01
7.696120452880859375e+01
7.715987396240234375e+01
7.213691711425781250e+01
7.283072662353515625e+01
7.352454376220703125e+01
7.491216278076171875e+01
7.053858947753906250e+01
7.119162750244140625e+01
7.184465789794921875e+01
7.053677368164062500e+01
7.146035003662109375e+01
7.198810577392578125e+01
7.317553710937500000e+01
7.449491882324218750e+01
7.313751983642578125e+01
7.352478027343750000e+01
7.398949432373046875e+01
7.429930114746093750e+01
7.507382965087890625e+01
7.703347015380859375e+01
7.753834533691406250e+01
7.816944885253906250e+01
7.276940155029296875e+01
7.345983123779296875e+01
7.415025329589843750e+01
7.553110504150390625e+01
7.210189819335937500e+01
7.257410430908203125e+01
7.304631042480468750e+01
7.417959594726562500e+01
7.493512725830078125e+01
7.587953186035156250e+01
6.434358978271484375e+01
6.484469604492187500e+01
6.534580993652343750e+01
6.634802246093750000e+01
6.735024261474609375e+01
6.835246276855468750e+01
7.713320922851562500e+01
7.772660064697265625e+01
7.831999206542968750e+01
7.950676727294921875e+01
7.759210968017578125e+01
7.822949218750000000e+01
7.886687469482421875e+01
8.026911926269531250e+01
7.555625915527343750e+01
7.574456787109375000e+01
7.593288421630859375e+01
7.155480194091796875e+01
7.217278289794921875e+01
7.279076385498046875e+01
7.297721099853515625e+01
7.358289337158203125e+01
7.418856811523437500e+01
7.539993286132812500e+01
7.315067291259765625e+01
7.382135009765625000e+01
7.449203491210937500e+01
7.583338928222656250e+01
7.417355346679687500e+01
7.436783599853515625e+01
7.456211090087890625e+01
7.475639343261718750e+01
7.495067596435546875e+01
7.915477752685546875e+01
7.969230651855468750e+01
8.033734130859375000e+01
8.130489349365234375e+01
7.295233154296875000e+01
7.376022338867187500e+01
7.456812286376953125e+01
7.618391418457031250e+01
6.931494903564453125e+01
6.973033905029296875e+01
7.064420318603515625e+01
6.795082092285156250e+01
6.812705993652343750e+01
6.830329132080078125e+01
6.847953033447265625e+01
6.862051391601562500e+01
6.900823211669921875e+01
7.920336151123046875e+01
7.977542877197265625e+01
7.271293640136718750e+01
7.330989837646484375e+01
7.390686798095703125e+01
7.510079193115234375e+01
6.673390960693359375e+01
6.721781921386718750e+01
6.770173645019531250e+01
6.866955566406250000e+01
6.633385467529296875e+01
6.674008941650390625e+01
6.714632415771484375e+01
6.795879364013671875e+01
7.801447296142578125e+01
7.866928100585937500e+01
7.932409667968750000e+01
8.063371276855468750e+01
6.834696960449218750e+01
6.852825164794921875e+01
6.870952606201171875e+01
6.907207489013671875e+01
7.339205932617187500e+01
7.406300354003906250e+01
7.473395538330078125e+01
7.540490722656250000e+01
8.611596679687500000e+01
8.655292510986328125e+01
8.698989105224609375e+01
8.786380767822265625e+01
7.851840972900390625e+01
7.902055358886718750e+01
7.952269744873046875e+01
8.052698516845703125e+01
6.576697540283203125e+01
6.619456481933593750e+01
6.662216186523437500e+01
6.747735595703125000e+01
6.833254241943359375e+01
6.918772888183593750e+01
7.661956787109375000e+01
7.744950103759765625e+01
5.943735885620117188e+01
6.041837310791015625e+01
6.139938735961914062e+01
6.238039779663085938e+01
7.675638580322265625e+01
7.738352966308593750e+01
7.801067352294921875e+01
7.876551818847656250e+01
7.944492340087890625e+01
8.012433624267578125e+01
8.148314666748046875e+01
7.318960571289062500e+01
7.359952545166015625e+01
7.400943756103515625e+01
7.482927703857421875e+01
7.564910888671875000e+01
8.150710296630859375e+01
8.168881225585937500e+01
8.180995941162109375e+01
7.234124755859375000e+01
7.302199554443359375e+01
7.370274353027343750e+01
7.415657043457031250e+01
7.472386169433593750e+01
6.984761810302734375e+01
7.046051788330078125e+01
7.107341766357421875e+01
7.168631744384765625e+01
7.229921722412109375e+01
8.140821838378906250e+01
8.209378814697265625e+01
8.277935791015625000e+01
8.428762817382812500e+01
7.717929840087890625e+01
7.781812286376953125e+01
7.845693969726562500e+01
7.909576416015625000e+01
7.681069183349609375e+01
7.767095947265625000e+01
7.792547607421875000e+01
7.847455596923828125e+01
7.902363586425781250e+01
8.012180328369140625e+01
7.613731384277343750e+01
7.629632568359375000e+01
7.648712921142578125e+01
7.677333831787109375e+01
7.709135437011718750e+01
6.896818542480468750e+01
6.950831604003906250e+01
7.004845428466796875e+01
7.058859252929687500e+01
7.112873077392578125e+01
7.253307342529296875e+01
6.653558349609375000e+01
6.719697570800781250e+01
6.785836791992187500e+01
6.845628356933593750e+01
6.902481842041015625e+01
6.959335327148437500e+01
7.073042297363281250e+01
7.973539733886718750e+01
7.985622406005859375e+01
7.997705841064453125e+01
8.021871948242187500e+01
8.046038055419921875e+01
7.648418426513671875e+01
7.731607055664062500e+01
7.814796447753906250e+01
6.914743804931640625e+01
6.934603118896484375e+01
6.954461669921875000e+01
6.974320220947265625e+01
7.564123535156250000e+01
7.755964660644531250e+01
7.859262847900390625e+01
7.045854187011718750e+01
7.102791595458984375e+01
7.159729003906250000e+01
7.882443237304687500e+01
7.905451202392578125e+01
7.928458404541015625e+01
7.974473571777343750e+01
7.577906036376953125e+01
7.635970306396484375e+01
7.694034576416015625e+01
7.810163116455078125e+01
7.578438568115234375e+01
7.663877105712890625e+01
7.337522125244140625e+01
7.402909851074218750e+01
7.468297576904296875e+01
7.599073028564453125e+01
6.825212097167968750e+01
6.900276947021484375e+01
6.975341796875000000e+01
7.050406646728515625e+01
7.155497741699218750e+01
7.320640563964843750e+01
7.556903839111328125e+01
7.618865966796875000e+01
7.680828094482421875e+01
7.817144012451171875e+01
7.987366485595703125e+01
8.001910400390625000e+01
8.019363403320312500e+01
8.045542907714843750e+01
6.665515899658203125e+01
6.727280426025390625e+01
6.789044952392578125e+01
7.653105926513671875e+01
7.672108459472656250e+01
7.938392639160156250e+01
8.017929077148437500e+01
8.097466278076171875e+01
8.256539916992187500e+01
7.672267913818359375e+01
7.739707183837890625e+01
7.807145690917968750e+01
7.250722503662109375e+01
7.300307464599609375e+01
7.349892425537109375e+01
7.399477386474609375e+01
7.449062347412109375e+01
7.548232269287109375e+01
7.683279418945312500e+01
7.824040985107421875e+01
6.739212799072265625e+01
6.762972259521484375e+01
6.786732482910156250e+01
6.834252929687500000e+01
6.881772613525390625e+01
6.693413543701171875e+01
6.723833465576171875e+01
6.769462585449218750e+01
6.853118133544921875e+01
7.482353210449218750e+01
7.612306213378906250e+01
7.742259979248046875e+01
7.491566467285156250e+01
7.555863952636718750e+01
7.620161437988281250e+01
7.610416412353515625e+01
7.807948303222656250e+01
7.150966644287109375e+01
7.220132446289062500e+01
7.427627563476562500e+01
7.696757507324218750e+01
7.770205688476562500e+01
7.843653869628906250e+01
6.929734802246093750e+01
6.991454315185546875e+01
7.053173828125000000e+01
7.127236938476562500e+01
7.176612854003906250e+01
7.300051879882812500e+01
8.497875213623046875e+01
8.540543365478515625e+01
8.583212280273437500e+01
7.879676818847656250e+01
7.897603607177734375e+01
7.909555053710937500e+01
7.939432525634765625e+01
7.506569671630859375e+01
7.579795837402343750e+01
7.653022003173828125e+01
7.814119720458984375e+01
7.312590026855468750e+01
7.370673370361328125e+01
7.428757476806640625e+01
7.585671234130859375e+01
7.604132080078125000e+01
7.622592926025390625e+01
6.643377685546875000e+01
6.696962738037109375e+01
6.750547790527343750e+01
6.857718658447265625e+01
7.514142608642578125e+01
7.566255950927734375e+01
7.618370056152343750e+01
7.733019256591796875e+01
7.392914581298828125e+01
7.469355010986328125e+01
7.545794677734375000e+01
7.732377624511718750e+01
7.751989746093750000e+01
7.771601867675781250e+01
8.052931213378906250e+01
8.071179199218750000e+01
7.465562438964843750e+01
7.525099182128906250e+01
7.584635925292968750e+01
7.715616607666015625e+01
7.175208282470703125e+01
7.249014282226562500e+01
7.322820281982421875e+01
7.470431518554687500e+01
7.874697113037109375e+01
7.943449401855468750e+01
8.012202453613281250e+01
8.149708557128906250e+01
7.841206359863281250e+01
7.894932556152343750e+01
7.930749511718750000e+01
8.029247283935546875e+01
7.680522155761718750e+01
7.699958038330078125e+01
7.732350921630859375e+01
7.764744567871093750e+01
7.378851318359375000e+01
7.452644348144531250e+01
7.526437377929687500e+01
7.674023437500000000e+01
7.587491607666015625e+01
7.663154602050781250e+01
7.753949737548828125e+01
7.313835144042968750e+01
7.381130218505859375e+01
7.448425292968750000e+01
7.609932708740234375e+01
8.060908508300781250e+01
8.119597625732421875e+01
8.178287506103515625e+01
8.295666503906250000e+01
7.600229644775390625e+01
7.662998199462890625e+01
7.725766754150390625e+01
7.454408264160156250e+01
7.509280395507812500e+01
7.564152526855468750e+01
7.673896026611328125e+01
6.773182678222656250e+01
6.811004638671875000e+01
6.848826599121093750e+01
6.886648559570312500e+01
6.924470520019531250e+01
7.000114440917968750e+01
6.961073303222656250e+01
7.045685577392578125e+01
7.885458374023437500e+01
7.917980957031250000e+01
7.950503540039062500e+01
7.983026123046875000e+01
7.495786285400390625e+01
7.550608062744140625e+01
7.605430603027343750e+01
7.660252380371093750e+01
7.528165435791015625e+01
7.610496520996093750e+01
7.754013824462890625e+01
7.822997283935546875e+01
7.891980743408203125e+01
8.043744659423828125e+01
7.711367034912109375e+01
7.729982757568359375e+01
7.748598480224609375e+01
7.719126892089843750e+01
7.780912017822265625e+01
7.842697143554687500e+01
7.966268157958984375e+01
7.636346435546875000e+01
7.651811981201171875e+01
7.667277526855468750e+01
7.682742309570312500e+01
7.698207855224609375e+01
7.729138183593750000e+01
7.594934082031250000e+01
7.616473388671875000e+01
7.634422302246093750e+01
7.659552001953125000e+01
7.681091308593750000e+01
7.515675354003906250e+01
7.587744903564453125e+01
7.659813690185546875e+01
6.889135742187500000e+01
6.931234741210937500e+01
6.973334503173828125e+01
7.015433502197265625e+01
7.762671661376953125e+01
7.781620788574218750e+01
7.800569152832031250e+01
7.444646453857421875e+01
7.506459808349609375e+01
7.568273162841796875e+01
7.691899871826171875e+01
7.067820739746093750e+01
7.127310943603515625e+01
7.186801147460937500e+01
7.305780792236328125e+01
7.657674407958984375e+01
7.730667114257812500e+01
7.779327392578125000e+01
7.900979614257812500e+01
7.622936248779296875e+01
7.641394042968750000e+01
7.553430938720703125e+01
7.572792816162109375e+01
7.863054656982421875e+01
7.875112152099609375e+01
7.887170410156250000e+01
7.911285400390625000e+01
7.935400390625000000e+01
6.862211608886718750e+01
6.917116546630859375e+01
6.972021484375000000e+01
7.081831359863281250e+01
7.728048706054687500e+01
7.811606597900390625e+01
7.836405181884765625e+01
7.873151397705078125e+01
6.714285278320312500e+01
6.756127929687500000e+01
6.797970581054687500e+01
6.839813232421875000e+01
6.881655120849609375e+01
8.034969329833984375e+01
8.083112335205078125e+01
8.131255340576171875e+01
8.227542114257812500e+01
7.607649993896484375e+01
7.673756408691406250e+01
7.739862823486328125e+01
6.927120971679687500e+01
6.964335632324218750e+01
7.010854339599609375e+01
7.057373046875000000e+01
7.150409698486328125e+01
7.639289093017578125e+01
7.705568695068359375e+01
7.325025177001953125e+01
7.395075988769531250e+01
7.465127563476562500e+01
7.535178375244140625e+01
7.605229187011718750e+01
7.717472839355468750e+01
7.777005004882812500e+01
7.836537170410156250e+01
7.265908050537109375e+01
7.339653015136718750e+01
7.362077331542968750e+01
7.422900390625000000e+01
7.483724212646484375e+01
7.605371856689453125e+01
7.458860015869140625e+01
7.518498229980468750e+01
7.590063476562500000e+01
7.709339141845703125e+01
7.022256469726562500e+01
7.079241180419921875e+01
7.164717864990234375e+01
7.826208496093750000e+01
7.891600799560546875e+01
7.956993103027343750e+01
8.087778472900390625e+01
7.957698822021484375e+01
7.973144531250000000e+01
8.004034423828125000e+01
8.034924316406250000e+01
8.277942657470703125e+01
8.293783569335937500e+01
8.321506500244140625e+01
8.372990417480468750e+01
7.923960113525390625e+01
7.980466461181640625e+01
8.036972045898437500e+01
8.149983215332031250e+01
7.798690795898437500e+01
7.849423217773437500e+01
7.925520324707031250e+01
8.039666748046875000e+01
7.360657501220703125e+01
7.466113281250000000e+01
7.541439056396484375e+01
7.396973419189453125e+01
7.477890014648437500e+01
7.558805847167968750e+01
7.714933013916015625e+01
7.728680419921875000e+01
7.749302673339843750e+01
7.783672332763671875e+01
7.365949249267578125e+01
7.437491607666015625e+01
7.523342895507812500e+01
7.652117919921875000e+01
7.788587188720703125e+01
7.869517517089843750e+01
7.569596862792968750e+01
7.607697296142578125e+01
7.245929718017578125e+01
7.374485015869140625e+01
7.438761901855468750e+01
7.503039550781250000e+01
7.631594085693359375e+01
7.753631591796875000e+01
7.772115325927734375e+01
7.450868988037109375e+01
7.526265716552734375e+01
7.601663208007812500e+01
7.752457427978515625e+01
6.883409118652343750e+01
6.924378967285156250e+01
7.047290039062500000e+01
7.201107025146484375e+01
7.257360839843750000e+01
7.313613891601562500e+01
7.437371826171875000e+01
7.624351501464843750e+01
7.643790435791015625e+01
7.861511993408203125e+01
7.929655456542968750e+01
8.011427307128906250e+01
8.134085845947265625e+01
7.010000610351562500e+01
7.135616302490234375e+01
7.238392639160156250e+01
7.204127502441406250e+01
7.225534820556640625e+01
7.246942138671875000e+01
7.272631072998046875e+01
7.341134643554687500e+01
7.499320983886718750e+01
7.514842224121093750e+01
7.538124084472656250e+01
7.020644378662109375e+01
7.080637359619140625e+01
7.290060424804687500e+01
7.351377868652343750e+01
7.412695312500000000e+01
7.474012756347656250e+01
7.535329437255859375e+01
7.657964324951171875e+01
7.409043884277343750e+01
7.486685180664062500e+01
7.564326477050781250e+01
7.719608306884765625e+01
7.924008941650390625e+01
7.939102172851562500e+01
7.954195404052734375e+01
7.984382629394531250e+01
7.370481872558593750e+01
7.430389404296875000e+01
7.490297698974609375e+01
7.679181671142578125e+01
7.748451232910156250e+01
7.831574249267578125e+01
7.301506805419921875e+01
7.407926940917968750e+01
7.461136627197265625e+01
7.514347076416015625e+01
7.620767211914062500e+01
7.612561035156250000e+01
7.666891479492187500e+01
7.721221923828125000e+01
7.720096588134765625e+01
7.738574218750000000e+01
7.528013610839843750e+01
7.599180603027343750e+01
7.670346832275390625e+01
7.741513824462890625e+01
7.058702087402343750e+01
7.117082977294921875e+01
7.175464630126953125e+01
7.233846282958984375e+01
7.292227172851562500e+01
7.420666503906250000e+01
6.496884918212890625e+01
6.552626800537109375e+01
6.608369445800781250e+01
7.977806854248046875e+01
7.995536041259765625e+01
7.692944335937500000e+01
7.711342620849609375e+01
7.733420562744140625e+01
7.766538238525390625e+01
7.318531799316406250e+01
7.391728973388671875e+01
7.464926147460937500e+01
8.048827362060546875e+01
8.119293212890625000e+01
8.189758300781250000e+01
7.526196289062500000e+01
7.545552825927734375e+01
7.169476318359375000e+01
7.248717498779296875e+01
7.327958679199218750e+01
7.890311431884765625e+01
7.961624908447265625e+01
8.032938385009765625e+01
7.656726074218750000e+01
7.725867462158203125e+01
7.795008850097656250e+01
7.947119140625000000e+01
7.022809600830078125e+01
7.087124633789062500e+01
7.151438903808593750e+01
7.280068206787109375e+01
7.823867034912109375e+01
7.842500305175781250e+01
7.861133575439453125e+01
7.906982421875000000e+01
7.954860687255859375e+01
8.002738952636718750e+01
6.473444366455078125e+01
6.529792022705078125e+01
6.597409820556640625e+01
6.698835754394531250e+01
6.811531829833984375e+01
7.686926269531250000e+01
7.705182647705078125e+01
7.723438262939453125e+01
7.759950256347656250e+01
7.413394165039062500e+01
7.502452087402343750e+01
7.159484863281250000e+01
7.227677154541015625e+01
7.295869445800781250e+01
7.430241394042968750e+01
7.506628417968750000e+01
7.229994201660156250e+01
7.298638153076171875e+01
7.381010437011718750e+01
7.518297576904296875e+01
8.475321960449218750e+01
8.532800292968750000e+01
7.599817657470703125e+01
7.672764587402343750e+01
7.760301971435546875e+01
7.891604614257812500e+01
7.509931182861328125e+01
7.571765899658203125e+01
7.633601379394531250e+01
7.183274078369140625e+01
7.232487487792968750e+01
7.281700897216796875e+01
7.330914306640625000e+01
7.738397979736328125e+01
7.798469543457031250e+01
7.858540344238281250e+01
7.978681945800781250e+01
7.684517669677734375e+01
7.749756622314453125e+01
7.793249511718750000e+01
7.901981353759765625e+01
7.495859527587890625e+01
7.555854034423828125e+01
7.615849304199218750e+01
7.735839080810546875e+01
7.630873107910156250e+01
7.708434295654296875e+01
7.467787170410156250e+01
7.533058166503906250e+01
7.598329162597656250e+01
7.728871154785156250e+01
7.238908386230468750e+01
7.296728515625000000e+01
7.354548645019531250e+01
7.470188903808593750e+01
7.803911590576171875e+01
7.823015594482421875e+01
7.563581085205078125e+01
7.631410980224609375e+01
7.699240875244140625e+01
7.834899902343750000e+01
7.246334075927734375e+01
7.305476379394531250e+01
7.379403686523437500e+01
6.933888244628906250e+01
7.007909393310546875e+01
7.081930541992187500e+01
7.303115844726562500e+01
7.342394256591796875e+01
7.362033081054687500e+01
7.381672668457031250e+01
6.967668151855468750e+01
7.056019592285156250e+01
7.934841156005859375e+01
8.021580505371093750e+01
8.079405212402343750e+01
8.223969268798828125e+01
7.608395385742187500e+01
7.662080383300781250e+01
7.715765380859375000e+01
7.823134613037109375e+01
8.536519622802734375e+01
8.608480072021484375e+01
8.680441284179687500e+01
8.824362182617187500e+01
7.698891448974609375e+01
7.741777801513671875e+01
7.784663391113281250e+01
7.089507293701171875e+01
7.148838806152343750e+01
7.208171081542968750e+01
7.326834869384765625e+01
7.244847869873046875e+01
7.310878753662109375e+01
7.376909637451171875e+01
7.456146240234375000e+01
7.522176361083984375e+01
7.654238128662109375e+01
7.789579772949218750e+01
7.828723907470703125e+01
7.867867279052734375e+01
7.946154785156250000e+01
7.892588806152343750e+01
7.951253509521484375e+01
8.009918212890625000e+01
7.741864013671875000e+01
7.807415008544921875e+01
8.004066467285156250e+01
7.099340057373046875e+01
7.116375732421875000e+01
7.133412170410156250e+01
8.046691894531250000e+01
8.124588012695312500e+01
7.208741760253906250e+01
7.290649414062500000e+01
7.372557067871093750e+01
7.339140319824218750e+01
7.427877044677734375e+01
7.575772094726562500e+01
6.877719116210937500e+01
6.944326782226562500e+01
7.010934448242187500e+01
7.077542114257812500e+01
7.144150543212890625e+01
7.344467926025390625e+01
7.397148132324218750e+01
7.449829101562500000e+01
7.555191040039062500e+01
7.982161712646484375e+01
8.050432586669921875e+01
8.255245971679687500e+01
