-0.240723
0.540327
1.149607
0.208833
0.662226
-0.474713
-0.702707
0.000545
-0.610039
0.594373
-0.195848
0.230774
-0.329469
1.099059
-0.746500
-0.731738
0.238487
0.219864
0.080528
0.164899
-0.583898
-0.173695
-0.581709
-0.538715
-0.126452
0.321805
-0.339522
0.120974
1.635562
0.049256
-0.243796
0.594044
-0.232162
-0.545132
1.062328
0.232793
0.485819
1.171245
-0.140242
-0.615814
0.839016
1.267508
0.696640
0.179483
-0.195201
1.211060
-0.709768
-0.205738
0.303063
-0.322561
-0.938488
0.969454
-0.744708
-0.275488
-0.104058
-0.629496
1.060415
0.041263
0.444044
-0.533759
1.477006
-0.822090
-0.530609
0.794236
0.566295
-0.041476
0.044709
0.972136
0.028768
0.039331
0.208019
-0.210467
-0.316170
-0.606641
0.653896
-0.169176
0.189281
0.320342
1.694144
-0.198893
-0.003103
0.806680
-0.055000
0.090256
-0.713074
0.614930
0.328128
-0.011326
0.292561
0.009312
-0.772203
-0.456546
0.111103
-0.295010
-0.250551
0.175381
0.749642
-0.347788
0.022024
-1.001450
