62.076911
59.724004
65.766608
65.724408
64.631663
74.180345
58.621117
73.869515
68.331069
64.020795
48.559523
76.547157
56.054916
69.681533
67.109477
64.102068
71.012529
67.744625
71.034071
57.731766
62.694499
57.186547
66.016547
52.109432
80.082395
70.400772
77.514164
75.985398
87.570942
55.693926
69.955214
60.821546
41.848803
67.571399
69.916033
68.062655
66.345794
68.831047
50.410173
81.333821
72.264660
65.120630
66.242623
73.512659
59.649916
64.056674
75.639520
78.063058
74.483784
75.450770
61.637713
70.276924
66.478249
58.420147
52.870905
69.356690
67.793613
61.783155
67.732429
77.950855
79.038342
65.186962
52.672874
71.584833
79.772852
69.395901
100.576195
67.111263
69.295882
64.884257
60.553106
62.606089
82.922198
62.992055
76.385710
52.508990
72.251582
56.365424
76.912832
67.884773
50.632736
61.225711
75.666561
69.205434
80.492673
77.019728
74.485598
61.982996
71.923591
62.640083
71.505357
62.992221
53.268879
62.714492
49.848150
72.590402
88.952422
74.464992
62.432492
71.494125
