0.661777 0.739152
0.666491 0.743210
0.671164 0.747256
0.675932 0.751423
0.680389 0.755309
0.450678 0.695445
0.452899 0.698952
0.455174 0.702601
0.457380 0.705981
0.459642 0.709502
0.205896 0.392605
0.205896 0.392605
0.205896 0.392605
0.205896 0.392605
0.205896 0.392605
0.311013 0.447102
0.321041 0.459978
0.331148 0.472848
0.341345 0.485749
0.351589 0.498628
0.399335 0.642820
0.402428 0.648667
0.405520 0.654431
0.408651 0.660337
0.411806 0.666271
0.617868 0.655233
0.628895 0.663080
0.639754 0.670846
0.650434 0.678546
0.661072 0.686305
0.722217 0.679271
0.737209 0.690381
0.751337 0.701501
0.765057 0.712997
0.778210 0.724779
0.474315 0.613431
0.477852 0.617144
0.481300 0.620730
0.484654 0.624186
0.488097 0.627749
0.685359 0.674312
0.698290 0.683406
0.711021 0.692656
0.723243 0.701872
0.735102 0.711182
0.407086 0.638100
0.413044 0.648375
0.419077 0.658841
0.425170 0.669371
0.431376 0.680096
0.558171 0.660155
0.562635 0.664032
0.567084 0.667888
0.571516 0.671723
0.576053 0.675659
0.498479 0.682831
0.500122 0.684796
0.501766 0.686760
0.503411 0.688721
0.505057 0.690680
0.610214 0.677730
0.612348 0.679407
0.614477 0.681081
0.616599 0.682750
0.618716 0.684415
0.312620 0.578797
0.313608 0.582814
0.314598 0.586797
0.315555 0.590858
0.316480 0.595001
0.667395 0.633716
0.672061 0.636546
0.676690 0.639378
0.681127 0.642123
0.685680 0.644962
0.615791 0.606118
0.633340 0.616405
0.650360 0.626482
0.666962 0.636496
0.682962 0.646415
0.330864 0.475439
0.333735 0.479104
0.336582 0.482729
0.339464 0.486399
0.342380 0.490117
0.480446 0.658894
0.483490 0.662552
0.486613 0.666335
0.489584 0.669853
0.492632 0.673493
0.472747 0.624619
0.477613 0.629956
0.482478 0.635275
0.487344 0.640579
0.492207 0.645860
0.453471 0.616746
0.459730 0.624088
0.465989 0.631405
0.472327 0.638819
0.478593 0.646091
0.646242 0.653330
0.651531 0.656863
0.656485 0.660186
0.661542 0.663601
0.666556 0.667011
0.644428 0.739761
0.646644 0.741698
0.648980 0.743765
0.651309 0.745827
0.653758 0.748022
0.642483 0.651265
0.650476 0.656599
0.658370 0.661909
0.666158 0.667201
0.673841 0.672482
0.616726 0.642312
0.618109 0.643245
0.619630 0.644276
0.621290 0.645407
0.622663 0.646335
0.217907 0.282940
0.217907 0.282940
0.217907 0.282940
0.217907 0.282940
0.217907 0.282940
0.731397 0.953869
0.741589 0.963381
0.751246 0.972338
0.760869 0.981297
0.770274 0.990081
0.548529 0.627304
0.550731 0.629072
0.552808 0.630725
0.554758 0.632262
0.556828 0.633906
0.852879 1.033318
0.861108 1.043641
0.864529 1.048064
0.864529 1.048064
0.864529 1.048064
0.242950 0.499427
0.244055 0.504309
0.244783 0.509125
0.245118 0.513942
0.245067 0.518791
0.829334 0.988513
0.837869 0.998945
0.846089 1.009253
0.853995 1.019436
0.861591 1.029492
0.588314 0.676784
0.592585 0.680341
0.596836 0.683881
0.601066 0.687403
0.605277 0.690908
0.434126 0.684606
0.438116 0.691442
0.442089 0.698038
0.446147 0.704791
0.450297 0.711705
0.694657 0.770129
0.698671 0.773760
0.702787 0.777526
0.706594 0.781002
0.710503 0.784614
0.700210 0.699590
0.703233 0.701868
0.706384 0.704265
0.709217 0.706432
0.712327 0.708835
0.318542 0.583263
0.319473 0.586571
0.320379 0.589941
0.321261 0.593378
0.322157 0.596764
0.214309 0.315315
0.214309 0.315315
0.214309 0.315315
0.214309 0.315315
0.214309 0.315315
0.413039 0.622244
0.415058 0.625347
0.417118 0.628568
0.419096 0.631563
0.421116 0.634675
0.320098 0.682669
0.320734 0.686018
0.321495 0.689157
0.322186 0.692565
0.323003 0.695754
0.832106 0.944156
0.836308 0.949802
0.840429 0.955430
0.844471 0.961040
0.848433 0.966630
0.223396 0.237193
0.223396 0.237193
0.223396 0.237193
0.223396 0.237193
0.223396 0.237193
0.355486 0.604332
0.357131 0.608282
0.358772 0.612112
0.360409 0.616059
0.362044 0.620028
0.294129 0.639839
0.294342 0.642437
0.294566 0.645060
0.294801 0.647708
0.295050 0.650381
0.372746 0.601377
0.374377 0.604457
0.376023 0.607647
0.377666 0.610846
0.379281 0.613901
0.816829 1.004323
0.826536 1.014951
0.835867 1.025403
0.844822 1.035683
0.853403 1.045796
0.566463 0.667472
0.570096 0.670617
0.573717 0.673748
0.577327 0.676865
0.580925 0.679969
0.307282 0.656911
0.307736 0.660072
0.308153 0.663368
0.308705 0.666486
0.309223 0.669740
0.757762 0.705023
0.770580 0.716037
0.782886 0.727319
0.794679 0.738877
0.805959 0.750709
0.218749 0.275654
0.222233 0.281438
0.231305 0.296137
0.240705 0.310883
0.250434 0.325662
0.405488 0.579108
0.408126 0.582574
0.410705 0.585933
0.413342 0.589400
0.415919 0.592757
0.574131 0.650578
0.590455 0.663503
0.606503 0.676169
0.622243 0.688607
0.637646 0.700844
0.751332 0.644112
0.761658 0.651604
0.771864 0.659429
0.781465 0.667271
0.790941 0.675463
0.222476 0.398420
0.230453 0.409237
0.238393 0.420043
0.246187 0.430726
0.253851 0.441388
0.700206 0.654635
0.710354 0.661354
0.720282 0.668145
0.730141 0.675126
0.739463 0.681996
0.754369 0.815469
0.765468 0.826960
0.776181 0.838462
0.786512 0.849978
0.796466 0.861508
0.682688 0.791897
0.695796 0.804356
0.708716 0.816847
0.721038 0.828922
0.733160 0.841052
0.561292 0.589982
0.564891 0.592328
0.568215 0.594481
0.571666 0.596712
0.575245 0.599021
0.296221 0.521391
0.297894 0.525008
0.299525 0.528669
0.301111 0.532312
0.302655 0.535969
0.505578 0.653017
0.520010 0.668027
0.534471 0.682955
0.548853 0.697670
0.563248 0.712306
0.437631 0.650035
0.440130 0.653720
0.442632 0.657407
0.445139 0.661097
0.447652 0.664789
0.313636 0.381547
0.324407 0.394870
0.335413 0.407987
0.346785 0.421043
0.358375 0.433859
0.259004 0.515616
0.259754 0.519797
0.260365 0.523962
0.260800 0.528184
0.261061 0.532473
0.743177 0.666189
0.754213 0.674415
0.764618 0.682621
0.775017 0.691263
0.784784 0.699882
0.697820 0.701129
0.701157 0.703658
0.704176 0.705957
0.707319 0.708375
0.710440 0.710795
0.347794 0.575344
0.349533 0.578897
0.351261 0.582463
0.352982 0.586089
0.354688 0.589685
0.412260 0.639656
0.414708 0.643832
0.417130 0.647903
0.419527 0.651868
0.421996 0.656077
0.492722 0.625620
0.496110 0.628993
0.499596 0.632477
0.503078 0.635946
0.506656 0.639524
0.216149 0.298498
0.216149 0.298498
0.216149 0.298498
0.217699 0.300964
0.221520 0.306984
0.329433 0.581501
0.332286 0.589693
0.335065 0.598054
0.337809 0.606466
0.340516 0.615065
0.481066 0.625037
0.483589 0.627703
0.486111 0.630362
0.488633 0.633015
0.491246 0.635785
0.498064 0.644784
0.500911 0.647748
0.503849 0.650827
0.506784 0.653898
0.509813 0.657086
0.805126 0.998349
0.815007 1.008723
0.824352 1.018730
0.833515 1.028749
0.842321 1.038599
0.491120 0.598273
0.494927 0.601737
0.498732 0.605185
0.502536 0.608618
0.506337 0.612035
0.604677 0.675979
0.621038 0.688975
0.636780 0.701515
0.652411 0.714118
0.667369 0.726326
0.559403 0.592363
0.562128 0.594173
0.564582 0.595792
0.567166 0.597496
0.569746 0.599193
0.397925 0.637700
0.399833 0.641336
0.401725 0.644872
0.403600 0.648301
0.405504 0.651861
0.605183 0.706324
0.614481 0.714460
0.623797 0.722646
0.632749 0.730490
0.641841 0.738530
0.485176 0.658450
0.489036 0.662940
0.492977 0.667545
0.496918 0.672139
0.500860 0.676721
0.850307 1.068680
0.850307 1.068680
0.850307 1.068680
0.850307 1.068680
0.850307 1.068680
0.239950 0.512902
0.239740 0.515775
0.239378 0.518663
0.238869 0.521576
0.238218 0.524527
0.500881 0.608865
0.504934 0.612538
0.508984 0.616192
0.513032 0.619833
0.517076 0.623454
0.735271 0.871114
0.738689 0.874618
0.742222 0.878280
0.745588 0.881762
0.748787 0.885066
0.368928 0.625156
0.370617 0.628980
0.372310 0.632927
0.374008 0.636895
0.375712 0.640885
0.217163 0.289464
0.217163 0.289464
0.217163 0.289464
0.217163 0.289464
0.217163 0.289464
0.523003 0.680916
0.529057 0.687375
0.535005 0.693663
0.541039 0.700049
0.547061 0.706397
0.224564 0.227885
0.224564 0.227885
0.224564 0.227885
0.224564 0.227885
0.224564 0.227885
0.210787 0.348531
0.210787 0.348531
0.210787 0.348531
0.210787 0.348531
0.210787 0.348531
0.472194 0.671597
0.474272 0.674321
0.476353 0.677043
0.478503 0.679895
0.480589 0.682615
0.523454 0.661598
0.526332 0.664474
0.529208 0.667341
0.532182 0.670327
0.534948 0.673049
0.451777 0.637551
0.453787 0.640143
0.455863 0.642857
0.457809 0.645324
0.459824 0.647917
0.801172 0.945447
0.807200 0.952395
0.813249 0.959475
0.819165 0.966508
0.824948 0.973494
0.653971 0.620568
0.657170 0.622429
0.660354 0.624288
0.663522 0.626147
0.666674 0.628006
0.258079 0.311909
0.270428 0.330291
0.283323 0.348639
0.296767 0.366915
0.310760 0.385076
0.734197 0.901390
0.742000 0.909304
0.749389 0.916793
0.756806 0.924382
0.764254 0.932073
0.554223 0.639375
0.556340 0.641104
0.558332 0.642716
0.560443 0.644435
0.562550 0.646150
0.716654 0.785543
0.719270 0.787986
0.721870 0.790427
0.724453 0.792867
0.727019 0.795306
0.214861 0.310213
0.214861 0.310213
0.214861 0.310213
0.214861 0.310213
0.216462 0.312700
0.362926 0.595249
0.365750 0.601013
0.368547 0.606715
0.371340 0.612502
0.374125 0.618325
0.613851 0.676944
0.620622 0.682205
0.627331 0.687428
0.633975 0.692617
0.640554 0.697773
0.566019 0.710857
0.569431 0.714227
0.572943 0.717721
0.576446 0.721201
0.579942 0.724668
0.264904 0.265581
0.271287 0.275962
0.277815 0.286270
0.284491 0.296491
0.291315 0.306610
