7.970180511474609375e+01
8.013944244384765625e+01
8.057707977294921875e+01
8.101471710205078125e+01
8.145236206054687500e+01
7.116712188720703125e+01
7.145346832275390625e+01
7.173982238769531250e+01
7.202617645263671875e+01
7.231253051757812500e+01
3.541065216064453125e+01
3.648777770996093750e+01
3.756490707397460938e+01
3.864203262329101562e+01
3.971916198730468750e+01
5.125974273681640625e+01
5.231441497802734375e+01
5.336908340454101562e+01
5.442375564575195312e+01
5.547842788696289062e+01
6.690174865722656250e+01
6.739604949951171875e+01
6.789034271240234375e+01
6.838464355468750000e+01
6.887893676757812500e+01
7.402719116210937500e+01
7.490901184082031250e+01
7.579083251953125000e+01
7.667265319824218750e+01
7.755447387695312500e+01
8.144913482666015625e+01
8.280052947998046875e+01
8.415193939208984375e+01
8.550334930419921875e+01
8.685475158691406250e+01
6.566728210449218750e+01
6.597098541259765625e+01
6.627468872070312500e+01
6.657839965820312500e+01
6.688210296630859375e+01
7.876736450195312500e+01
7.988047790527343750e+01
8.099359130859375000e+01
8.210671234130859375e+01
8.321982574462890625e+01
6.643766021728515625e+01
6.731064605712890625e+01
6.818364715576171875e+01
6.905663299560546875e+01
6.992961883544921875e+01
7.114935302734375000e+01
7.151917266845703125e+01
7.188899230957031250e+01
7.225881195068359375e+01
7.262863159179687500e+01
7.058561706542968750e+01
7.075192260742187500e+01
7.091822814941406250e+01
7.108453369140625000e+01
7.125083923339843750e+01
7.438043975830078125e+01
7.455706787109375000e+01
7.473368835449218750e+01
7.491031646728515625e+01
7.508693695068359375e+01
6.206248855590820312e+01
6.248784637451171875e+01
6.291320800781250000e+01
6.333856582641601562e+01
6.376392364501953125e+01
7.663810729980468750e+01
7.700822448730468750e+01
7.737834167480468750e+01
7.774846649169921875e+01
7.811858367919921875e+01
7.276557922363281250e+01
7.406398010253906250e+01
7.536238098144531250e+01
7.666078948974609375e+01
7.795919036865234375e+01
5.345915985107421875e+01
5.376086044311523438e+01
5.406256484985351562e+01
5.436426925659179688e+01
5.466597366333007812e+01
6.860509490966796875e+01
6.891197204589843750e+01
6.921885681152343750e+01
6.952574157714843750e+01
6.983261871337890625e+01
6.624311828613281250e+01
6.669169616699218750e+01
6.714026641845703125e+01
6.758884429931640625e+01
6.803742218017578125e+01
6.527008819580078125e+01
6.587875366210937500e+01
6.648741912841796875e+01
6.709608459472656250e+01
6.770475006103515625e+01
7.569061279296875000e+01
7.610321044921875000e+01
7.651580810546875000e+01
7.692840576171875000e+01
7.734100341796875000e+01
7.884508514404296875e+01
7.906135559082031250e+01
7.927762603759765625e+01
7.949389648437500000e+01
7.971016693115234375e+01
7.540208435058593750e+01
7.604154205322265625e+01
7.668099975585937500e+01
7.732046508789062500e+01
7.795992279052734375e+01
7.358284759521484375e+01
7.370139312744140625e+01
7.381993103027343750e+01
7.393847656250000000e+01
7.405702209472656250e+01
2.084043884277343750e+01
2.188277053833007812e+01
2.292509841918945312e+01
2.396743011474609375e+01
2.500975799560546875e+01
9.539683532714843750e+01
9.644815826416015625e+01
9.749948120117187500e+01
9.855080413818359375e+01
9.960212707519531250e+01
6.938462829589843750e+01
6.954637145996093750e+01
6.970812225341796875e+01
6.986986541748046875e+01
7.003161621093750000e+01
1.080460205078125000e+02
1.093879852294921875e+02
1.107299499511718750e+02
1.120719146728515625e+02
1.134138793945312500e+02
5.168256759643554688e+01
5.266416931152343750e+01
5.364576721191406250e+01
5.462736892700195312e+01
5.560897064208984375e+01
1.034111633300781250e+02
1.047022171020507812e+02
1.059932708740234375e+02
1.072843170166015625e+02
1.085753707885742188e+02
7.325183105468750000e+01
7.360831451416015625e+01
7.396479797363281250e+01
7.432127380371093750e+01
7.467775726318359375e+01
7.030974578857421875e+01
7.085784149169921875e+01
7.140594482421875000e+01
7.195404052734375000e+01
7.250213623046875000e+01
8.294210052490234375e+01
8.334075927734375000e+01
8.373941802978515625e+01
8.413807678222656250e+01
8.453672790527343750e+01
8.047903442382812500e+01
8.075069427490234375e+01
8.102235412597656250e+01
8.129402160644531250e+01
8.156568145751953125e+01
6.240229034423828125e+01
6.275032424926757812e+01
6.309835815429687500e+01
6.344639205932617188e+01
6.379442214965820312e+01
2.851643371582031250e+01
2.979400634765625000e+01
3.107157897949218750e+01
3.234914779663085938e+01
3.362672042846679688e+01
6.511023712158203125e+01
6.537000274658203125e+01
6.562976837158203125e+01
6.588953399658203125e+01
6.614929962158203125e+01
7.222056579589843750e+01
7.248111724853515625e+01
7.274166870117187500e+01
7.300221252441406250e+01
7.326276397705078125e+01
1.009928436279296875e+02
1.016472473144531250e+02
1.023016433715820312e+02
1.029560394287109375e+02
1.036104431152343750e+02
2.655702209472656250e+01
2.786451721191406250e+01
2.917201614379882812e+01
3.047951126098632812e+01
3.178700637817382812e+01
6.383498001098632812e+01
6.419377136230468750e+01
6.455256652832031250e+01
6.491135406494140625e+01
6.527014923095703125e+01
6.915200805664062500e+01
6.938997650146484375e+01
6.962794494628906250e+01
6.986590576171875000e+01
7.010387420654296875e+01
6.335610580444335938e+01
6.363298416137695312e+01
6.390986251831054688e+01
6.418673706054687500e+01
6.446361541748046875e+01
1.034406051635742188e+02
1.047965240478515625e+02
1.061524429321289062e+02
1.075083618164062500e+02
1.088642883300781250e+02
7.184283447265625000e+01
7.214572143554687500e+01
7.244860839843750000e+01
7.275150299072265625e+01
7.305438995361328125e+01
7.030604553222656250e+01
7.057955932617187500e+01
7.085306549072265625e+01
7.112657928466796875e+01
7.140009307861328125e+01
8.473040771484375000e+01
8.601293945312500000e+01
8.729545593261718750e+01
8.857798004150390625e+01
8.986050415039062500e+01
3.930757904052734375e+01
4.045555114746093750e+01
4.160352325439453125e+01
4.275149536132812500e+01
4.389946746826171875e+01
6.179026412963867188e+01
6.207161712646484375e+01
6.235297012329101562e+01
6.263432312011718750e+01
6.291567611694335938e+01
7.150446319580078125e+01
7.281575775146484375e+01
7.412704467773437500e+01
7.543833923339843750e+01
7.674962615966796875e+01
8.295223236083984375e+01
8.388805389404296875e+01
8.482388305664062500e+01
8.575970458984375000e+01
8.669552612304687500e+01
4.216419982910156250e+01
4.333271789550781250e+01
4.450123214721679688e+01
4.566975021362304688e+01
4.683826828002929688e+01
7.932949829101562500e+01
8.019165802001953125e+01
8.105381774902343750e+01
8.191597747802734375e+01
8.277813720703125000e+01
8.869624328613281250e+01
8.998037719726562500e+01
9.126450347900390625e+01
9.254862976074218750e+01
9.383276367187500000e+01
8.343465423583984375e+01
8.476586914062500000e+01
8.609709167480468750e+01
8.742830657958984375e+01
8.875952148437500000e+01
6.909860992431640625e+01
6.934924316406250000e+01
6.959988403320312500e+01
6.985052490234375000e+01
7.010116577148437500e+01
5.556317138671875000e+01
5.597914886474609375e+01
5.639513015747070312e+01
5.681111145019531250e+01
5.722709274291992188e+01
6.883032989501953125e+01
7.014627838134765625e+01
7.146223449707031250e+01
7.277818298339843750e+01
7.409414672851562500e+01
6.744892120361328125e+01
6.775405883789062500e+01
6.805918884277343750e+01
6.836432647705078125e+01
6.866945648193359375e+01
5.003853607177734375e+01
5.103781890869140625e+01
5.203710556030273438e+01
5.303638839721679688e+01
5.403567504882812500e+01
5.475365066528320312e+01
5.544739151000976562e+01
5.614113235473632812e+01
5.683487319946289062e+01
5.752861404418945312e+01
8.271590423583984375e+01
8.371669006347656250e+01
8.471747589111328125e+01
8.571826171875000000e+01
8.671904754638671875e+01
8.036905670166015625e+01
8.065562438964843750e+01
8.094219207763671875e+01
8.122875976562500000e+01
8.151532745361328125e+01
6.107191467285156250e+01
6.140512847900390625e+01
6.173834228515625000e+01
6.207155609130859375e+01
6.240476989746093750e+01
6.656423187255859375e+01
6.690463256835937500e+01
6.724504089355468750e+01
6.758544921875000000e+01
6.792584991455078125e+01
6.691528320312500000e+01
6.721624755859375000e+01
6.751721191406250000e+01
6.781818389892578125e+01
6.811914825439453125e+01
3.871148681640625000e+01
3.920951080322265625e+01
3.970753097534179688e+01
4.020555114746093750e+01
4.070357513427734375e+01
6.195822906494140625e+01
6.277615737915039062e+01
6.359407806396484375e+01
6.441200256347656250e+01
6.522991943359375000e+01
6.651142120361328125e+01
6.673727416992187500e+01
6.696312713623046875e+01
6.718898773193359375e+01
6.741484069824218750e+01
6.813175201416015625e+01
6.839693450927734375e+01
6.866211700439453125e+01
6.892730712890625000e+01
6.919248962402343750e+01
1.022423324584960938e+02
1.035517120361328125e+02
1.048610916137695312e+02
1.061704711914062500e+02
1.074798431396484375e+02
6.561331176757812500e+01
6.591819000244140625e+01
6.622307586669921875e+01
6.652795410156250000e+01
6.683283233642578125e+01
7.402552795410156250e+01
7.537802124023437500e+01
7.673052215576171875e+01
7.808301544189453125e+01
7.943550872802734375e+01
6.903204345703125000e+01
6.922022247314453125e+01
6.940840148925781250e+01
6.959658050537109375e+01
6.978475189208984375e+01
6.646627807617187500e+01
6.676548767089843750e+01
6.706470489501953125e+01
6.736391448974609375e+01
6.766313171386718750e+01
7.538856506347656250e+01
7.620638275146484375e+01
7.702420043945312500e+01
7.784201812744140625e+01
7.865984344482421875e+01
6.865732574462890625e+01
6.904622650146484375e+01
6.943513488769531250e+01
6.982403564453125000e+01
7.021293640136718750e+01
1.107290191650390625e+02
1.115264587402343750e+02
1.123238983154296875e+02
1.131213378906250000e+02
1.139187774658203125e+02
5.450928497314453125e+01
5.514574432373046875e+01
5.578220367431640625e+01
5.641866302490234375e+01
5.705512237548828125e+01
6.646625518798828125e+01
6.679272460937500000e+01
6.711919403076171875e+01
6.744565582275390625e+01
6.777212524414062500e+01
9.057975769042968750e+01
9.096604919433593750e+01
9.135234069824218750e+01
9.173863220214843750e+01
9.212492370605468750e+01
6.564002227783203125e+01
6.598770141601562500e+01
6.633538055419921875e+01
6.668306732177734375e+01
6.703074645996093750e+01
1.225337600708007812e+01
1.343564224243164062e+01
1.461791229248046875e+01
1.580017852783203125e+01
1.698244476318359375e+01
7.100002288818359375e+01
7.156523895263671875e+01
7.213045501708984375e+01
7.269567108154296875e+01
7.326088714599609375e+01
3.132399749755859375e+01
3.227280807495117188e+01
3.322161865234375000e+01
3.417043304443359375e+01
3.511924362182617188e+01
2.220154571533203125e+01
2.335965728759765625e+01
2.451776885986328125e+01
2.567588043212890625e+01
2.683399200439453125e+01
6.938903045654296875e+01
6.961549377441406250e+01
6.984195709228515625e+01
7.006842803955078125e+01
7.029489135742187500e+01
6.988667297363281250e+01
7.014128875732421875e+01
7.039590454101562500e+01
7.065051269531250000e+01
7.090512847900390625e+01
6.663827514648437500e+01
6.685302734375000000e+01
6.706778717041015625e+01
6.728254699707031250e+01
6.749730682373046875e+01
9.882237243652343750e+01
9.966227722167968750e+01
1.005021743774414062e+02
1.013420715332031250e+02
1.021819763183593750e+02
7.551321411132812500e+01
7.575979614257812500e+01
7.600637054443359375e+01
7.625295257568359375e+01
7.649953460693359375e+01
4.442747497558593750e+01
4.578661727905273438e+01
4.714575958251953125e+01
4.850489807128906250e+01
4.986403656005859375e+01
9.232141876220703125e+01
9.317839813232421875e+01
9.403537750244140625e+01
9.489235687255859375e+01
9.574933624267578125e+01
7.009455108642578125e+01
7.026251220703125000e+01
7.043047332763671875e+01
7.059843444824218750e+01
7.076639556884765625e+01
8.493735504150390625e+01
8.520868682861328125e+01
8.548002624511718750e+01
8.575135803222656250e+01
8.602268981933593750e+01
3.488354492187500000e+01
3.621601867675781250e+01
3.754849243164062500e+01
3.888097000122070312e+01
4.021344757080078125e+01
6.286408615112304688e+01
6.338005828857421875e+01
6.389603042602539062e+01
6.441200256347656250e+01
6.492797851562500000e+01
7.454188537597656250e+01
7.510279846191406250e+01
7.566371917724609375e+01
7.622463989257812500e+01
7.678555297851562500e+01
7.409658813476562500e+01
7.441979217529296875e+01
7.474299621582031250e+01
7.506620025634765625e+01
7.538939666748046875e+01
4.446320343017578125e+01
4.517620849609375000e+01
4.588921356201171875e+01
4.660221862792968750e+01
4.731522369384765625e+01
