0.097997 0.624102
0.100901 0.623986
0.103840 0.623903
0.106804 0.623799
0.109816 0.623790
0.112882 0.623878
0.115970 0.623944
0.119098 0.624051
0.122264 0.624196
0.125453 0.624324
0.128696 0.624550
0.131996 0.624879
0.135318 0.625189
0.138681 0.625544
0.142082 0.625940
0.145506 0.626323
0.148987 0.626809
0.152528 0.627402
0.156089 0.627980
0.159691 0.628606
0.163331 0.629278
0.166990 0.629940
0.170708 0.630709
0.174489 0.631590
0.178284 0.632459
0.182120 0.633380
0.185992 0.634350
0.189879 0.635314
0.193824 0.636389
0.197832 0.637582
0.201850 0.638765
0.205905 0.640005
0.209993 0.641297
0.214090 0.642586
0.218244 0.643992
0.222486 0.645583
0.226705 0.647104
0.230902 0.648560
0.235181 0.650199
0.239491 0.651901
0.243827 0.653660
0.248251 0.655613
0.252642 0.657496
0.257001 0.659314
0.261441 0.661323
0.265907 0.663397
0.270393 0.665533
0.274965 0.667868
0.279494 0.670134
0.283980 0.672334
0.288546 0.674730
0.293131 0.677194
0.297731 0.679722
0.302414 0.682454
0.307044 0.685115
0.311619 0.687707
0.316273 0.690500
0.320938 0.693359
0.325612 0.696283
0.330367 0.699413
0.335057 0.702467
0.339683 0.705445
0.344384 0.708625
0.349090 0.711869
0.353798 0.715173
0.358583 0.718682
0.363293 0.722106
0.367928 0.725442
0.372635 0.728978
0.377340 0.732569
0.382040 0.736213
0.386812 0.740057
0.391501 0.743800
0.396104 0.747441
0.400776 0.751275
0.405438 0.755152
0.410089 0.759067
0.414807 0.763174
0.419434 0.767162
0.423966 0.771028
0.428562 0.775076
0.433143 0.779152
0.437706 0.783249
0.442333 0.787525
0.446860 0.791661
0.451285 0.795654
0.455772 0.799816
0.460238 0.803986
0.464681 0.808161
0.469185 0.812499
0.473583 0.816676
0.477876 0.820689
0.482226 0.824855
0.486552 0.829013
0.490853 0.833158
0.495213 0.837449
0.499464 0.841562
0.503606 0.845491
0.507805 0.849560
0.511978 0.853603
0.516126 0.857619
0.520331 0.861766
0.524427 0.865719
0.528413 0.869474
0.532457 0.873356
0.536475 0.877198
0.540493 0.881049
0.544458 0.884808
0.548400 0.888524
0.552317 0.892195
0.556210 0.895820
0.560079 0.899397
0.563925 0.902926
0.567748 0.906404
0.571547 0.909831
0.575326 0.913206
0.579082 0.916529
0.582903 0.919960
0.586530 0.923011
0.590224 0.926169
0.593897 0.929273
0.597551 0.932320
0.601187 0.935311
0.604803 0.938245
0.608402 0.941122
0.611983 0.943941
0.615547 0.946703
0.619095 0.949407
0.622626 0.952053
0.626142 0.954642
0.629642 0.957173
0.633128 0.959646
0.636599 0.962061
0.640057 0.964420
0.643502 0.966721
0.646933 0.968965
0.650352 0.971152
0.653758 0.973283
0.657154 0.975357
0.660632 0.977537
0.663910 0.979338
0.667273 0.981246
0.670625 0.983099
0.673968 0.984897
0.677301 0.986641
0.680625 0.988331
0.683940 0.989968
0.687248 0.991552
0.690547 0.993083
0.693838 0.994563
0.697122 0.995990
0.700399 0.997366
0.703670 0.998691
0.706934 0.999966
0.710192 1.001190
0.713444 1.002365
0.716691 1.003490
0.719932 1.004568
0.723168 1.005596
0.726400 1.006576
0.729627 1.007508
0.732850 1.008394
0.736069 1.009232
0.739285 1.010025
0.742496 1.010770
0.745705 1.011470
0.748911 1.012124
0.752114 1.012734
0.755315 1.013298
0.758513 1.013819
0.761709 1.014295
0.764904 1.014727
0.768096 1.015115
0.771287 1.015461
0.774477 1.015763
0.777666 1.016023
0.780853 1.016240
0.784040 1.016416
0.787226 1.016549
0.790412 1.016641
0.793598 1.016690
0.796783 1.016700
0.799968 1.016667
0.803154 1.016595
0.806339 1.016482
0.809525 1.016329
0.812711 1.016135
0.815898 1.015902
0.819086 1.015629
0.822274 1.015317
0.825462 1.014964
0.828652 1.014574
0.831842 1.014144
0.835034 1.013676
0.838225 1.013168
0.841419 1.012624
0.844613 1.012040
0.847808 1.011419
0.851004 1.010760
0.854201 1.010064
