0.003426 0.000203 0.247812
0.003491 0.001024 0.193959
0.003739 0.012889 0.132487
0.003486 0.012481 0.125460
0.003467 0.023475 0.230131
0.003903 0.011329 0.144128
0.004016 0.006018 0.140572
0.003736 0.031268 0.187438
0.003331 0.055720 0.195500
0.003371 0.050196 0.209497
0.003499 0.023888 0.141333
0.004261 0.035404 0.241618
0.889019 -0.483031 0.408575
0.002976 0.063390 0.205894
0.003414 0.062896 0.211587
0.003573 0.036563 0.159930
0.059383 0.196297 0.283090
0.453704 -0.062977 0.259879
0.003366 0.012690 0.121851
0.003395 0.025376 0.173693
0.004248 0.057115 0.227922
0.003734 0.030506 0.139502
0.003323 0.002920 0.092831
0.003420 -0.003952 0.161843
