1.003648529052734375e+02
1.008572463989257812e+02
1.013496398925781250e+02
1.018420333862304688e+02
1.023344268798828125e+02
1.028268280029296875e+02
1.033192214965820312e+02
1.038116149902343750e+02
6.219025039672851562e+01
6.259471130371093750e+01
6.299917602539062500e+01
6.340364074707031250e+01
6.380810165405273438e+01
6.421256256103515625e+01
6.461702728271484375e+01
6.502149200439453125e+01
8.408631134033203125e+01
8.494258117675781250e+01
8.579885101318359375e+01
8.665511322021484375e+01
8.751138305664062500e+01
8.836764526367187500e+01
8.922391510009765625e+01
9.008018493652343750e+01
6.156150054931640625e+01
6.184230804443359375e+01
6.212311553955078125e+01
6.240392303466796875e+01
6.268473052978515625e+01
6.296553802490234375e+01
6.324634552001953125e+01
6.352715301513671875e+01
7.138665008544921875e+01
7.195819091796875000e+01
7.252972412109375000e+01
7.310126495361328125e+01
7.367280578613281250e+01
7.424434661865234375e+01
7.481588745117187500e+01
7.538742828369140625e+01
1.025068511962890625e+02
1.036764450073242188e+02
1.048460388183593750e+02
1.060156402587890625e+02
1.071852416992187500e+02
1.083548355102539062e+02
1.095244293212890625e+02
1.106940307617187500e+02
6.441821289062500000e+01
6.461023712158203125e+01
6.480226135253906250e+01
6.499428558349609375e+01
6.518630981445312500e+01
6.537833404541015625e+01
6.557035827636718750e+01
6.576238250732421875e+01
5.965656280517578125e+01
6.034214019775390625e+01
6.102772140502929688e+01
6.171330261230468750e+01
6.239888000488281250e+01
6.308446121215820312e+01
6.377003860473632812e+01
6.445561981201171875e+01
5.322715759277343750e+01
5.416716766357421875e+01
5.510717010498046875e+01
5.604717636108398438e+01
5.698717498779296875e+01
5.792718124389648438e+01
5.886718750000000000e+01
5.980719375610351562e+01
8.803315734863281250e+01
8.835986328125000000e+01
8.868657684326171875e+01
8.901329040527343750e+01
8.933999633789062500e+01
8.966670989990234375e+01
8.999342346191406250e+01
9.032012939453125000e+01
9.707324981689453125e+01
9.843418884277343750e+01
9.979512023925781250e+01
1.011560516357421875e+02
1.025169906616210938e+02
1.038779296875000000e+02
1.052388610839843750e+02
1.065997924804687500e+02
1.019059219360351562e+02
1.025789947509765625e+02
1.032520675659179688e+02
1.039251403808593750e+02
1.045982131958007812e+02
1.052712860107421875e+02
1.059443588256835938e+02
1.066174316406250000e+02
5.858619689941406250e+01
5.891211318969726562e+01
5.923802947998046875e+01
5.956394577026367188e+01
5.988986206054687500e+01
6.021578216552734375e+01
6.054169464111328125e+01
6.086761474609375000e+01
7.307375335693359375e+01
7.327453613281250000e+01
7.347531127929687500e+01
7.367609405517578125e+01
7.387687683105468750e+01
7.407765960693359375e+01
7.427844238281250000e+01
7.447922515869140625e+01
6.567111968994140625e+01
6.589140319824218750e+01
6.611168670654296875e+01
6.633197021484375000e+01
6.655224609375000000e+01
6.677252960205078125e+01
6.699281311035156250e+01
6.721309661865234375e+01
7.437828063964843750e+01
7.478062438964843750e+01
7.518297576904296875e+01
7.558531951904296875e+01
7.598766326904296875e+01
7.639000701904296875e+01
7.679235076904296875e+01
7.719470214843750000e+01
1.063397979736328125e+02
1.068473358154296875e+02
1.073548660278320312e+02
1.078623962402343750e+02
1.083699340820312500e+02
1.088774719238281250e+02
1.093850097656250000e+02
1.098925399780273438e+02
5.525304412841796875e+01
5.626394271850585938e+01
5.727484130859375000e+01
5.828574371337890625e+01
5.929664230346679688e+01
6.030754089355468750e+01
6.131844329833984375e+01
6.232934188842773438e+01
7.512046813964843750e+01
7.581185913085937500e+01
7.650324249267578125e+01
7.719462585449218750e+01
7.788600921630859375e+01
7.857739257812500000e+01
7.926877593994140625e+01
7.996015930175781250e+01
7.012958526611328125e+01
7.049745178222656250e+01
7.086532592773437500e+01
7.123319244384765625e+01
7.160105895996093750e+01
7.196893310546875000e+01
7.233679962158203125e+01
7.270466613769531250e+01
6.379845809936523438e+01
6.432182312011718750e+01
6.484519195556640625e+01
6.536855316162109375e+01
6.589192199707031250e+01
6.641529083251953125e+01
6.693865203857421875e+01
6.746202087402343750e+01
4.470930480957031250e+01
4.558732604980468750e+01
4.646533966064453125e+01
4.734336090087890625e+01
4.822137451171875000e+01
4.909939575195312500e+01
4.997740936279296875e+01
5.085543060302734375e+01
8.017616271972656250e+01
8.065665435791015625e+01
8.113714599609375000e+01
8.161763763427734375e+01
8.209812927246093750e+01
8.257862091064453125e+01
8.305911254882812500e+01
8.353960418701171875e+01
8.397210693359375000e+01
8.443833923339843750e+01
8.490457916259765625e+01
8.537081909179687500e+01
8.583705139160156250e+01
8.630329132080078125e+01
8.676953125000000000e+01
8.723576354980468750e+01
9.658885955810546875e+01
9.719655609130859375e+01
9.780425262451171875e+01
9.841194152832031250e+01
9.901963806152343750e+01
9.962733459472656250e+01
1.002350311279296875e+02
1.008427276611328125e+02
6.119230651855468750e+01
6.167861938476562500e+01
6.216493225097656250e+01
6.265124511718750000e+01
6.313755798339843750e+01
6.362386703491210938e+01
6.411017608642578125e+01
6.459648895263671875e+01
3.667332839965820312e+01
3.753552627563476562e+01
3.839772415161132812e+01
3.925992202758789062e+01
4.012211608886718750e+01
4.098431396484375000e+01
4.184651184082031250e+01
4.270870971679687500e+01
9.044944763183593750e+01
9.146943664550781250e+01
9.248942565917968750e+01
9.350941467285156250e+01
9.452940368652343750e+01
9.554939270019531250e+01
9.656937408447265625e+01
9.758935546875000000e+01
7.012474060058593750e+01
7.056789398193359375e+01
7.101103973388671875e+01
7.145419311523437500e+01
7.189733886718750000e+01
7.234048461914062500e+01
7.278363800048828125e+01
7.322678375244140625e+01
7.538729858398437500e+01
7.576844787597656250e+01
7.614959716796875000e+01
7.653074645996093750e+01
7.691189575195312500e+01
7.729303741455078125e+01
7.767418670654296875e+01
7.805533599853515625e+01
9.004396057128906250e+01
9.106562042236328125e+01
9.208728027343750000e+01
9.310894012451171875e+01
9.413059997558593750e+01
9.515225982666015625e+01
9.617391967773437500e+01
9.719557952880859375e+01
7.056637573242187500e+01
7.087365722656250000e+01
7.118093872070312500e+01
7.148822021484375000e+01
7.179549407958984375e+01
7.210277557373046875e+01
7.241005706787109375e+01
7.271733093261718750e+01
7.501540374755859375e+01
7.538669586181640625e+01
7.575798034667968750e+01
7.612927246093750000e+01
7.650055694580078125e+01
7.687184143066406250e+01
7.724313354492187500e+01
7.761441802978515625e+01
6.817850494384765625e+01
6.855921936035156250e+01
6.893992614746093750e+01
6.932064056396484375e+01
6.970134735107421875e+01
7.008206176757812500e+01
7.046276855468750000e+01
7.084348297119140625e+01
7.728067779541015625e+01
7.765489196777343750e+01
7.802911376953125000e+01
7.840333557128906250e+01
7.877755737304687500e+01
7.915177154541015625e+01
7.952599334716796875e+01
7.990021514892578125e+01
7.430417633056640625e+01
7.496334075927734375e+01
7.562250518798828125e+01
7.628167724609375000e+01
7.694084167480468750e+01
7.760000610351562500e+01
7.825917053222656250e+01
7.891833496093750000e+01
2.632752990722656250e+01
2.794057464599609375e+01
2.955361938476562500e+01
3.116666412353515625e+01
3.277970886230468750e+01
3.439275360107421875e+01
3.600579833984375000e+01
3.761884307861328125e+01
6.645200347900390625e+01
6.688770294189453125e+01
6.732340240478515625e+01
6.775910186767578125e+01
6.819480133056640625e+01
6.863050079345703125e+01
6.906620025634765625e+01
6.950189971923828125e+01
6.856929016113281250e+01
6.915171051025390625e+01
6.973413085937500000e+01
7.031654357910156250e+01
7.089896392822265625e+01
7.148138427734375000e+01
7.206379699707031250e+01
7.264621734619140625e+01
6.896379089355468750e+01
6.953529357910156250e+01
7.010680389404296875e+01
7.067830657958984375e+01
7.124981689453125000e+01
7.182131958007812500e+01
7.239282989501953125e+01
7.296433258056640625e+01
6.438919067382812500e+01
6.471884918212890625e+01
6.504850769042968750e+01
6.537817382812500000e+01
6.570783233642578125e+01
6.603749847412109375e+01
6.636715698242187500e+01
6.669682312011718750e+01
6.177428817749023438e+01
6.208343505859375000e+01
6.239258193969726562e+01
6.270172882080078125e+01
6.301087570190429688e+01
6.332002258300781250e+01
6.362916946411132812e+01
6.393831634521484375e+01
7.588286590576171875e+01
7.610072326660156250e+01
7.631858062744140625e+01
7.653643798828125000e+01
7.675430297851562500e+01
7.697216033935546875e+01
7.719001770019531250e+01
7.740787506103515625e+01
1.020668869018554688e+02
1.030198974609375000e+02
1.039729080200195312e+02
1.049259185791015625e+02
1.058789291381835938e+02
1.068319396972656250e+02
1.077849502563476562e+02
1.087379608154296875e+02
8.082135772705078125e+01
8.136780548095703125e+01
8.191425323486328125e+01
8.246070861816406250e+01
8.300715637207031250e+01
8.355360412597656250e+01
8.410005187988281250e+01
8.464650726318359375e+01
7.350437927246093750e+01
7.378268432617187500e+01
7.406098937988281250e+01
7.433928680419921875e+01
7.461759185791015625e+01
7.489589691162109375e+01
7.517420196533203125e+01
7.545250701904296875e+01
1.994934844970703125e+01
2.042277526855468750e+01
2.089620590209960938e+01
2.136963272094726562e+01
2.184306335449218750e+01
2.231649398803710938e+01
2.278992080688476562e+01
2.326335144042968750e+01
6.730069732666015625e+01
6.770792388916015625e+01
6.811515808105468750e+01
6.852238464355468750e+01
6.892961120605468750e+01
6.933683776855468750e+01
6.974407196044921875e+01
7.015129852294921875e+01
6.732915496826171875e+01
6.777708435058593750e+01
6.822502136230468750e+01
6.867295837402343750e+01
6.912088775634765625e+01
6.956882476806640625e+01
7.001676177978515625e+01
7.046469116210937500e+01
7.677552032470703125e+01
7.710944366455078125e+01
7.744335937500000000e+01
7.777727508544921875e+01
7.811119079589843750e+01
7.844510650634765625e+01
7.877902221679687500e+01
7.911294555664062500e+01
8.149210357666015625e+01
8.209695434570312500e+01
8.270181274414062500e+01
8.330666351318359375e+01
8.391151428222656250e+01
8.451637268066406250e+01
8.512122344970703125e+01
8.572607421875000000e+01
6.997527313232421875e+01
7.027006530761718750e+01
7.056485748291015625e+01
7.085964965820312500e+01
7.115444183349609375e+01
7.144923400878906250e+01
7.174401855468750000e+01
7.203881072998046875e+01
2.971976089477539062e+01
3.137628173828125000e+01
3.303279876708984375e+01
3.468931579589843750e+01
3.634583282470703125e+01
3.800235366821289062e+01
3.965887069702148438e+01
4.131538772583007812e+01
7.052489471435546875e+01
7.083026885986328125e+01
7.113563537597656250e+01
7.144100952148437500e+01
7.174638366699218750e+01
7.205175781250000000e+01
7.235713195800781250e+01
7.266250610351562500e+01
5.644149017333984375e+01
5.698547744750976562e+01
5.752946472167968750e+01
5.807344818115234375e+01
5.861743545532226562e+01
5.916142272949218750e+01
5.970540618896484375e+01
6.024939346313476562e+01
6.639801025390625000e+01
6.667925262451171875e+01
6.696050262451171875e+01
6.724175262451171875e+01
6.752300262451171875e+01
6.780424499511718750e+01
6.808549499511718750e+01
6.836674499511718750e+01
1.033706665039062500e+02
1.041501541137695312e+02
1.049296417236328125e+02
1.057091217041015625e+02
1.064886093139648438e+02
1.072680969238281250e+02
1.080475769042968750e+02
1.088270645141601562e+02
7.998710632324218750e+01
8.034257507324218750e+01
8.069804382324218750e+01
8.105351257324218750e+01
8.140898132324218750e+01
8.176445007324218750e+01
8.211991882324218750e+01
8.247538757324218750e+01
9.061911010742187500e+01
9.148455047607421875e+01
9.234999084472656250e+01
9.321543121337890625e+01
9.408087158203125000e+01
9.494630432128906250e+01
9.581174468994140625e+01
9.667718505859375000e+01
5.295582962036132812e+01
5.348828887939453125e+01
5.402075195312500000e+01
5.455321502685546875e+01
5.508567810058593750e+01
5.561813735961914062e+01
5.615059661865234375e+01
5.668305969238281250e+01
6.815728759765625000e+01
6.856094360351562500e+01
6.896459960937500000e+01
6.936825561523437500e+01
6.977191162109375000e+01
7.017556762695312500e+01
7.057922363281250000e+01
7.098287963867187500e+01
9.825585937500000000e+01
9.866327667236328125e+01
9.907069396972656250e+01
9.947811126708984375e+01
9.988552856445312500e+01
1.002929458618164062e+02
1.007003631591796875e+02
1.011077880859375000e+02
3.128910064697265625e+01
3.219664382934570312e+01
3.310419082641601562e+01
3.401173400878906250e+01
3.491928100585937500e+01
3.582682418823242188e+01
3.673437118530273438e+01
3.764191818237304688e+01
9.890303039550781250e+01
9.954250335693359375e+01
1.001819763183593750e+02
1.008214416503906250e+02
1.014609069824218750e+02
1.021003799438476562e+02
1.027398529052734375e+02
1.033793182373046875e+02
8.077575683593750000e+01
8.110707092285156250e+01
8.143838500976562500e+01
8.176969909667968750e+01
8.210101318359375000e+01
8.243231964111328125e+01
8.276363372802734375e+01
8.309494781494140625e+01
5.842940521240234375e+01
5.875955963134765625e+01
5.908970642089843750e+01
5.941986083984375000e+01
5.975000762939453125e+01
6.008016204833984375e+01
6.041031265258789062e+01
6.074046325683593750e+01
1.004691925048828125e+02
1.012521438598632812e+02
1.020351028442382812e+02
1.028180541992187500e+02
1.036010131835937500e+02
1.043839645385742188e+02
1.051669158935546875e+02
1.059498748779296875e+02
6.750646972656250000e+01
6.791820526123046875e+01
6.832994842529296875e+01
6.874168395996093750e+01
6.915342712402343750e+01
6.956517028808593750e+01
6.997690582275390625e+01
7.038864898681640625e+01
2.794376373291015625e+01
2.845531845092773438e+01
2.896687316894531250e+01
2.947842788696289062e+01
2.998997879028320312e+01
3.050153350830078125e+01
3.101308822631835938e+01
3.152464294433593750e+01
3.497093963623046875e+01
3.663100051879882812e+01
3.829104614257812500e+01
3.995110321044921875e+01
4.161116027832031250e+01
4.327122116088867188e+01
4.493128204345703125e+01
4.659133911132812500e+01
6.761953735351562500e+01
6.789634704589843750e+01
6.817315673828125000e+01
6.844996643066406250e+01
6.872676849365234375e+01
6.900357818603515625e+01
6.928038787841796875e+01
6.955719757080078125e+01
7.417537689208984375e+01
7.457388305664062500e+01
7.497238922119140625e+01
7.537089538574218750e+01
7.576940155029296875e+01
7.616790771484375000e+01
7.656641387939453125e+01
7.696492004394531250e+01
8.113743591308593750e+01
8.168265533447265625e+01
8.222787475585937500e+01
8.277309417724609375e+01
8.331832122802734375e+01
8.386354064941406250e+01
8.440876007080078125e+01
8.495397949218750000e+01
6.571484375000000000e+01
6.603621673583984375e+01
6.635758972167968750e+01
6.667896270751953125e+01
6.700033569335937500e+01
6.732170867919921875e+01
6.764308166503906250e+01
6.796445465087890625e+01
3.107297134399414062e+01
3.231153869628906250e+01
3.355010986328125000e+01
3.478867721557617188e+01
3.602724838256835938e+01
3.726581573486328125e+01
3.850438690185546875e+01
3.974295425415039062e+01
8.410549926757812500e+01
8.478033447265625000e+01
8.545516204833984375e+01
8.612998962402343750e+01
8.680481719970703125e+01
8.747964477539062500e+01
8.815447235107421875e+01
8.882929992675781250e+01
2.970294570922851562e+01
3.016625213623046875e+01
3.062955856323242188e+01
3.109286499023437500e+01
3.155617141723632812e+01
3.201947784423828125e+01
3.248278427124023438e+01
3.294609069824218750e+01
1.093429565429687500e+02
1.098359222412109375e+02
1.103288955688476562e+02
1.108218688964843750e+02
1.113148422241210938e+02
1.118078155517578125e+02
1.123007888793945312e+02
1.127937622070312500e+02
9.515940093994140625e+01
9.571811676025390625e+01
9.627683258056640625e+01
9.683554840087890625e+01
9.739426422119140625e+01
9.795298004150390625e+01
9.851170349121093750e+01
9.907041931152343750e+01
4.542959976196289062e+01
4.574695587158203125e+01
4.606431198120117188e+01
4.638166809082031250e+01
4.669902801513671875e+01
4.701638031005859375e+01
4.733374023437500000e+01
4.765109252929687500e+01
5.468667984008789062e+01
5.495104980468750000e+01
5.521542358398437500e+01
5.547979354858398438e+01
5.574416351318359375e+01
5.600853729248046875e+01
5.627291107177734375e+01
5.653728103637695312e+01
5.732822418212890625e+01
5.764041137695312500e+01
5.795259857177734375e+01
5.826478576660156250e+01
5.857697296142578125e+01
5.888916015625000000e+01
5.920134735107421875e+01
5.951353454589843750e+01
3.102791213989257812e+01
3.173951721191406250e+01
3.245112609863281250e+01
3.316273498535156250e+01
3.387434005737304688e+01
3.458594894409179688e+01
3.529755401611328125e+01
3.600916290283203125e+01
8.472126770019531250e+01
8.526420593261718750e+01
8.580715179443359375e+01
8.635009765625000000e+01
8.689303588867187500e+01
8.743598175048828125e+01
8.797892761230468750e+01
8.852186584472656250e+01
7.375329589843750000e+01
7.419832611083984375e+01
7.464335632324218750e+01
7.508837890625000000e+01
7.553340148925781250e+01
7.597843170166015625e+01
7.642346191406250000e+01
7.686848449707031250e+01
7.929878234863281250e+01
7.951493835449218750e+01
7.973109436035156250e+01
7.994724273681640625e+01
8.016339874267578125e+01
8.037954711914062500e+01
8.059570312500000000e+01
8.081185150146484375e+01
6.679223632812500000e+01
6.711472320556640625e+01
6.743721008300781250e+01
6.775968933105468750e+01
6.808217620849609375e+01
6.840466308593750000e+01
6.872714233398437500e+01
6.904962921142578125e+01
5.581319427490234375e+01
5.637596130371093750e+01
5.693872833251953125e+01
5.750149536132812500e+01
5.806426239013671875e+01
5.862702941894531250e+01
5.918980026245117188e+01
5.975256729125976562e+01
6.244099807739257812e+01
6.303887939453125000e+01
6.363676071166992188e+01
6.423464202880859375e+01
6.483252716064453125e+01
6.543041229248046875e+01
6.602828979492187500e+01
6.662617492675781250e+01
2.135401535034179688e+01
2.232681274414062500e+01
2.329960632324218750e+01
2.427240371704101562e+01
2.524520111083984375e+01
2.621799850463867188e+01
2.719079589843750000e+01
2.816359329223632812e+01
8.780001068115234375e+01
8.886877441406250000e+01
8.993754577636718750e+01
9.100631713867187500e+01
9.207508850097656250e+01
9.314385986328125000e+01
9.421263122558593750e+01
9.528140258789062500e+01
6.840443420410156250e+01
6.936616516113281250e+01
7.032788848876953125e+01
7.128961944580078125e+01
7.225134277343750000e+01
7.321307373046875000e+01
7.417480468750000000e+01
7.513652801513671875e+01
6.460913085937500000e+01
6.507390594482421875e+01
6.553867340087890625e+01
6.600344085693359375e+01
6.646820831298828125e+01
6.693298339843750000e+01
6.739775085449218750e+01
6.786251831054687500e+01
6.741413116455078125e+01
6.762430572509765625e+01
6.783448028564453125e+01
6.804465484619140625e+01
6.825482177734375000e+01
6.846499633789062500e+01
6.867517089843750000e+01
6.888534545898437500e+01
9.727951049804687500e+01
9.796093750000000000e+01
9.864235687255859375e+01
9.932377624511718750e+01
1.000052032470703125e+02
1.006866302490234375e+02
1.013680496215820312e+02
1.020494689941406250e+02
7.114627075195312500e+01
7.139709472656250000e+01
7.164792633056640625e+01
7.189875793457031250e+01
7.214958953857421875e+01
7.240042114257812500e+01
7.265125274658203125e+01
7.290208435058593750e+01
8.226677703857421875e+01
8.298983001708984375e+01
8.371288299560546875e+01
8.443593597412109375e+01
8.515899658203125000e+01
8.588204956054687500e+01
8.660510253906250000e+01
8.732815551757812500e+01
5.432021331787109375e+01
5.460620880126953125e+01
5.489221191406250000e+01
5.517820739746093750e+01
5.546421051025390625e+01
5.575020599365234375e+01
5.603620910644531250e+01
5.632220458984375000e+01
6.395993041992187500e+01
6.440123748779296875e+01
6.484254455566406250e+01
6.528384399414062500e+01
6.572515106201171875e+01
6.616645812988281250e+01
6.660776519775390625e+01
6.704907226562500000e+01
7.384944152832031250e+01
7.424171447753906250e+01
7.463397979736328125e+01
7.502624511718750000e+01
7.541851043701171875e+01
7.581078338623046875e+01
7.620304870605468750e+01
7.659531402587890625e+01
