0.252293 0.159996
0.255291 0.164223
0.258302 0.168458
0.261409 0.172748
0.264500 0.177029
0.267662 0.181349
0.270896 0.185712
0.274114 0.190063
0.277437 0.194475
0.280774 0.198893
0.284124 0.203315
0.287586 0.207803
0.291029 0.212275
0.294588 0.216816
0.298162 0.221362
0.301750 0.225912
0.305463 0.230537
0.309153 0.235142
0.312933 0.239800
0.316808 0.244516
0.320658 0.249209
0.324646 0.253988
0.328652 0.258774
0.332672 0.263563
0.336839 0.268447
0.340977 0.273304
0.345268 0.278263
0.349576 0.283226
0.353899 0.288194
0.358383 0.293271
0.362832 0.298316
0.367396 0.303439
0.372080 0.308643
0.376723 0.313811
0.381543 0.319104
0.386374 0.324400
0.391213 0.329696
0.396175 0.335080
0.401266 0.340556
0.406297 0.345983
0.411454 0.351501
0.416741 0.357115
0.421956 0.362670
0.427367 0.368374
0.432769 0.374068
0.438152 0.379746
0.443735 0.385577
0.449219 0.391329
0.454824 0.397177
0.460552 0.403122
0.466162 0.408973
0.471969 0.414982
0.477644 0.420885
0.483429 0.426880
0.489322 0.432966
0.495061 0.438927
0.500988 0.445047
0.506834 0.451105
0.512593 0.457093
0.518530 0.463236
0.524274 0.469223
0.530097 0.475283
0.535995 0.481414
0.541679 0.487370
0.547524 0.493474
0.553142 0.499389
0.558816 0.505362
0.564543 0.511393
0.570026 0.517220
0.575650 0.523184
0.581118 0.529022
0.586427 0.534728
0.591866 0.540568
0.597138 0.546270
0.602339 0.551920
0.607368 0.557427
0.612514 0.563060
0.617389 0.568453
0.622375 0.573971
0.627182 0.579336
0.631812 0.584548
0.636546 0.589880
0.641008 0.594964
0.645477 0.600077
0.649952 0.605216
0.654158 0.610106
0.658460 0.615113
0.662585 0.619963
0.666625 0.624748
0.670581 0.629467
0.674453 0.634120
0.678074 0.638527
0.681951 0.643235
0.685578 0.647696
0.688963 0.651913
0.692596 0.656429
0.695990 0.660704
0.699321 0.664932
0.702565 0.669086
0.705584 0.673004
0.708837 0.677219
0.711869 0.681200
0.714686 0.684948
0.717729 0.688994
0.720562 0.692810
0.723331 0.696572
0.725900 0.700110
0.728687 0.703945
0.731276 0.707556
0.733808 0.711119
0.736154 0.714462
0.738708 0.718103
0.741078 0.721526
0.743397 0.724905
0.745543 0.728071
0.747888 0.731534
0.750062 0.734786
0.752072 0.737830
0.754276 0.741170
0.756317 0.744304
0.758317 0.747401
0.760164 0.750294
0.762196 0.753485
0.764078 0.756475
0.765815 0.759265
0.767731 0.762353
0.769506 0.765243
0.771246 0.768102
0.772850 0.770767
0.774629 0.773730
0.776273 0.776500
0.777789 0.779078
0.779474 0.781956
0.781032 0.784643
0.782562 0.787305
0.783971 0.789778
0.785544 0.792552
0.786997 0.795140
0.788427 0.797704
0.789742 0.800083
0.791126 0.802603
0.792577 0.805263
0.793917 0.807739
0.795149 0.810035
0.796536 0.812633
0.797816 0.815051
0.798991 0.817289
0.800234 0.819670
0.801544 0.822194
0.802752 0.824540
0.803860 0.826709
0.805118 0.829183
0.806277 0.831481
0.807340 0.833602
0.808469 0.835870
0.809665 0.838284
0.810766 0.840523
0.811773 0.842587
0.812927 0.844961
0.813989 0.847161
0.814960 0.849185
0.815997 0.851361
0.817101 0.853686
0.818115 0.855838
0.819040 0.857815
0.820110 0.860108
0.821092 0.862228
0.821987 0.864173
0.822949 0.866272
0.823902 0.868361
0.824922 0.870606
0.825856 0.872677
0.826705 0.874575
0.827699 0.876793
0.828607 0.878839
0.829508 0.880876
0.830323 0.882739
0.831285 0.884928
0.832163 0.886942
0.832956 0.888781
0.833896 0.890949
0.834753 0.892942
0.835602 0.894928
0.836367 0.896739
0.837282 0.898881
0.838112 0.900848
0.838859 0.902639
0.839755 0.904764
0.840568 0.906713
0.841375 0.908657
0.842098 0.910423
0.842973 0.912528
0.843764 0.914455
0.844471 0.916204
0.845331 0.918294
0.846107 0.920206
0.846879 0.922113
0.847565 0.923841
0.848408 0.925914
0.849166 0.927807
