0.733009 0.900044
0.735628 0.903136
0.738091 0.906038
0.740790 0.909271
0.743203 0.912140
0.748956 0.940176
0.750859 0.942361
0.752747 0.944538
0.754622 0.946707
0.756483 0.948869
0.309426 0.462184
0.315910 0.473038
0.322374 0.483738
0.328892 0.494406
0.335440 0.504991
0.681847 0.904200
0.685531 0.907658
0.689325 0.911264
0.693230 0.915020
0.696947 0.918585
0.539584 0.844431
0.545499 0.849031
0.551265 0.853444
0.557146 0.857967
0.563007 0.862455
0.266804 0.416947
0.271699 0.426247
0.276572 0.435446
0.281508 0.444692
0.286418 0.453826
0.426909 0.669662
0.433100 0.677253
0.439381 0.684809
0.445636 0.692147
0.451975 0.699451
0.448883 0.692267
0.455227 0.699550
0.461612 0.706740
0.468036 0.713838
0.474496 0.720846
0.588600 0.785242
0.595297 0.791954
0.601938 0.798585
0.608518 0.805136
0.615036 0.811609
0.740100 0.909577
0.742917 0.912935
0.745704 0.916274
0.748461 0.919594
0.751188 0.922897
0.744355 0.923209
0.746611 0.925859
0.748847 0.928496
0.751064 0.931123
0.753262 0.933738
0.780461 0.789469
0.781346 0.791006
0.782128 0.792372
0.783091 0.794055
0.783950 0.795567
0.570342 0.805971
0.576949 0.812052
0.583523 0.818069
0.590057 0.824027
0.596421 0.829771
0.337773 0.586067
0.342356 0.593812
0.347018 0.601549
0.351762 0.609277
0.356521 0.616838
0.346977 0.590877
0.351792 0.598721
0.356638 0.606449
0.361592 0.614212
0.366581 0.621855
0.358582 0.652558
0.363087 0.659283
0.367615 0.665836
0.372268 0.672442
0.376941 0.678870
0.572710 0.815389
0.579348 0.821363
0.585950 0.827277
0.592511 0.833133
0.599029 0.838932
0.634431 0.818838
0.640468 0.825001
0.646309 0.830935
0.652323 0.837117
0.658138 0.843076
0.259339 0.222328
0.259339 0.222328
0.259339 0.222328
0.259339 0.222328
0.259339 0.222328
0.403531 0.612054
0.409754 0.620467
0.416082 0.628887
0.422412 0.637149
0.428779 0.645308
0.218358 -0.086221
0.218358 -0.086221
0.218358 -0.086221
0.218358 -0.086221
0.218358 -0.086221
0.465478 0.747636
0.471474 0.753649
0.477499 0.759579
0.483554 0.765437
0.489638 0.771227
0.245145 0.104723
0.245145 0.104723
0.245145 0.104723
0.245145 0.104723
0.245145 0.104723
0.791931 0.836707
0.792553 0.837833
0.793342 0.839278
0.794041 0.840557
0.794649 0.841670
0.791274 0.785897
0.792027 0.787270
0.792958 0.788959
0.793786 0.790478
0.794514 0.791825
0.570703 0.820546
0.577404 0.826505
0.583819 0.832106
0.590452 0.837957
0.596915 0.843603
0.344454 0.633229
0.348707 0.640062
0.353055 0.646899
0.357430 0.653571
0.361927 0.660299
0.518124 0.734880
0.524684 0.741654
0.531439 0.748616
0.538082 0.755358
0.544604 0.761878
0.507298 0.778199
0.513657 0.784079
0.520025 0.789894
0.526399 0.795645
0.532660 0.801192
0.607779 0.886852
0.613693 0.891494
0.619402 0.895946
0.625211 0.900526
0.630965 0.905077
0.500354 0.814667
0.506298 0.819558
0.512370 0.824541
0.518328 0.829331
0.524286 0.834073
0.747337 0.891112
0.749712 0.894182
0.751945 0.897063
0.754395 0.900273
0.756702 0.903295
0.256343 0.194306
0.256343 0.194306
0.256343 0.194306
0.256343 0.194306
0.256343 0.194306
0.251809 0.156187
0.251809 0.156187
0.251809 0.156187
0.251809 0.156187
0.251809 0.156187
0.509517 0.826972
0.515428 0.831673
0.521213 0.836181
0.527247 0.840934
0.533151 0.845498
0.317258 0.508249
0.322535 0.517437
0.327815 0.526518
0.333099 0.535485
0.338438 0.544429
0.646060 0.889292
0.650531 0.893229
0.654816 0.896981
0.658911 0.900546
0.663117 0.904254
0.262497 0.395928
0.262497 0.395928
0.262497 0.395928
0.262497 0.395928
0.262497 0.395928
0.263553 0.271536
0.263553 0.271536
0.263553 0.271536
0.263553 0.271536
0.263553 0.271536
0.691100 0.922654
0.694259 0.925567
0.697699 0.928809
0.700794 0.931691
0.704173 0.934904
0.401778 0.650492
0.407504 0.658040
0.413353 0.665613
0.419196 0.672980
0.425129 0.680314
0.784870 0.903658
0.786122 0.905593
0.787258 0.907349
0.788493 0.909272
0.789829 0.911364
0.572207 0.821189
0.578584 0.826867
0.584806 0.832345
0.590862 0.837620
0.597141 0.843155
0.275684 0.509955
0.278768 0.516729
0.281895 0.523566
0.285010 0.530300
0.288159 0.537059
0.751983 0.937262
0.753936 0.939558
0.755874 0.941845
0.757655 0.943944
0.759704 0.946394
0.389740 0.649557
0.394966 0.656679
0.400253 0.663724
0.405600 0.670692
0.411007 0.677581
0.733595 0.953617
0.735939 0.956037
0.737950 0.958090
0.740260 0.960495
0.742343 0.962652
0.679098 0.927778
0.682109 0.930384
0.685417 0.933319
0.688537 0.936072
0.691630 0.938813
0.474867 0.762480
0.480991 0.768400
0.486949 0.773980
0.493133 0.779766
0.499238 0.785351
0.768409 0.889806
0.770349 0.892615
0.772160 0.895240
0.774064 0.898022
0.775950 0.900791
0.252014 0.157837
0.252014 0.157837
0.252014 0.157837
0.252014 0.157837
0.252014 0.157837
0.256414 0.194938
0.256414 0.194938
0.256414 0.194938
0.256414 0.194938
0.256414 0.194938
0.777493 0.785008
0.778401 0.786562
0.779204 0.787946
0.780190 0.789645
0.781071 0.791174
0.443808 0.704980
0.449818 0.711750
0.455874 0.718435
0.461889 0.724910
0.468116 0.731560
0.468075 0.763927
0.474164 0.769798
0.480193 0.775465
0.486250 0.781064
0.492332 0.786596
0.479476 0.761457
0.485625 0.767373
0.491801 0.773220
0.498001 0.778998
0.504114 0.784571
0.352542 0.669810
0.356674 0.675908
0.360854 0.681898
0.365155 0.687952
0.369476 0.693831
0.804499 0.838492
0.805129 0.839728
0.805755 0.840961
0.806294 0.842027
0.806993 0.843413
0.742882 0.921506
0.745378 0.924429
0.747713 0.927161
0.750161 0.930057
0.752724 0.933116
0.519187 0.767995
0.525558 0.774065
0.532145 0.780344
0.538510 0.786274
0.545091 0.792424
0.544069 0.777427
0.550705 0.783780
0.557324 0.790060
0.563921 0.796272
0.570492 0.802417
0.244706 0.101445
0.244706 0.101445
0.244706 0.101445
0.244706 0.101445
0.244999 0.101829
0.265816 0.339028
0.265816 0.339028
0.265816 0.339028
0.269581 0.345294
0.275391 0.354881
0.502846 0.750948
0.509243 0.757300
0.515548 0.763441
0.522067 0.769787
0.528485 0.775923
0.789340 0.787377
0.790196 0.788919
0.791043 0.790452
0.791788 0.791814
0.792710 0.793492
0.580255 0.835374
0.586612 0.840850
0.592930 0.846278
0.599071 0.851503
0.605440 0.856993
0.793658 0.829736
0.794373 0.831057
0.794997 0.832212
0.795788 0.833684
0.796488 0.834991
0.362731 0.595510
0.368000 0.603596
0.373322 0.611602
0.378699 0.619529
0.384131 0.627373
0.587892 0.801538
0.594523 0.807912
0.601105 0.814215
0.607633 0.820450
0.614104 0.826617
0.519356 0.712259
0.526206 0.719688
0.533025 0.727008
0.539716 0.734090
0.546585 0.741354
0.791965 0.898274
0.793120 0.900173
0.794167 0.901896
0.795208 0.903613
0.796243 0.905327
0.765719 0.790161
0.767437 0.792970
0.769318 0.796072
0.771072 0.798984
0.772798 0.801869
0.785561 0.918227
0.786837 0.920134
0.788332 0.922388
0.789588 0.924281
0.791065 0.926523
0.661167 0.923287
0.664686 0.926208
0.668013 0.928949
0.671475 0.931845
0.675072 0.934898
0.239252 0.061421
0.239252 0.061421
0.239252 0.061421
0.239252 0.061421
0.239252 0.061421
0.607336 0.833980
0.613960 0.840098
0.620398 0.846002
0.626773 0.851850
0.633084 0.857642
0.693089 0.879543
0.696267 0.882863
0.699681 0.886498
0.702930 0.889945
0.706011 0.893202
0.728633 0.901948
0.731183 0.904863
0.733972 0.908109
0.736603 0.911166
0.739209 0.914208
0.364765 0.558828
0.370900 0.568069
0.377067 0.577213
0.383270 0.586256
0.389478 0.595145
0.480711 0.735709
0.487029 0.742211
0.493366 0.748624
0.499724 0.754960
0.506101 0.761222
0.586121 0.829940
0.592590 0.835672
0.598884 0.841195
0.605395 0.846975
0.611588 0.852393
0.497158 0.693683
0.504146 0.701472
0.511125 0.709154
0.518002 0.716609
0.525052 0.724218
0.612712 0.843454
0.618941 0.849097
0.624977 0.854529
0.631224 0.860228
0.637135 0.865558
0.544200 0.827656
0.550696 0.833072
0.557050 0.838292
0.563384 0.843464
0.569559 0.848441
0.499179 0.781147
0.505232 0.786675
0.511298 0.792143
0.517375 0.797553
0.523457 0.802907
0.698623 0.926955
0.701496 0.929677
0.704345 0.932388
0.707170 0.935086
0.709971 0.937773
0.729026 0.932692
0.731399 0.935217
0.733752 0.937731
0.736087 0.940235
0.738251 0.942549
0.747079 0.892511
0.749547 0.895686
0.751990 0.898843
0.754409 0.901983
0.756803 0.905106
0.407005 0.690162
0.412547 0.696958
0.418191 0.703733
0.423867 0.710365
0.429605 0.716915
0.404983 0.663294
0.410688 0.670668
0.416389 0.677838
0.422218 0.685039
0.428073 0.692094
0.433980 0.648056
0.440399 0.656031
0.446926 0.664020
0.453405 0.671787
0.459952 0.679513
0.509842 0.748935
0.516380 0.755478
0.522924 0.761944
0.529363 0.768194
0.536012 0.774652
0.685660 0.930409
0.688882 0.933280
0.691913 0.935965
0.695240 0.938981
0.698377 0.941813
0.264357 0.376126
0.267515 0.381763
0.273053 0.391561
0.278592 0.401277
0.284224 0.411054
0.758135 0.806367
0.760163 0.809562
0.762159 0.812727
0.764124 0.815863
0.766059 0.818972
0.756822 0.869103
0.758989 0.872189
0.761133 0.875257
0.763148 0.878139
0.765355 0.881340
0.304754 0.405726
0.312956 0.418463
0.321216 0.431120
0.329585 0.443766
0.338023 0.456346
0.549532 0.791087
0.556062 0.797154
0.562455 0.803009
0.569060 0.809097
0.575397 0.814828
0.254337 0.176980
0.254337 0.176980
0.254337 0.176980
0.254337 0.176980
0.254337 0.176980
0.808736 0.827248
0.809273 0.828337
0.809886 0.829583
0.810575 0.830984
0.811178 0.832221
