0.313027 0.346750
0.322324 0.351947
0.331790 0.357228
0.341419 0.362591
0.371209 0.379136
0.599848 0.501656
0.609322 0.506222
0.618718 0.510710
0.628037 0.515117
0.635254 0.518433
0.654307 0.526837
0.464659 0.430614
0.475192 0.436355
0.506601 0.453337
0.253480 0.313058
0.262002 0.317941
0.270784 0.322978
0.286965 0.332110
0.307701 0.343767
0.195690 0.278890
0.203493 0.283664
0.211495 0.288472
0.237034 0.303547
0.589586 0.496585
0.598052 0.500775
0.606263 0.504744
0.614446 0.508680
0.622484 0.512484
0.639764 0.520475
0.447270 0.421099
0.457413 0.426654
0.467566 0.432200
0.617390 0.510081
0.625012 0.513710
0.186682 0.273316
0.197114 0.279762
0.204318 0.284149
0.223247 0.295479
0.549921 0.476294
0.559524 0.481279
0.569001 0.486150
0.587539 0.495525
0.658283 0.528585
0.668978 0.533046
0.675922 0.535844
0.532687 0.467243
0.542635 0.472483
0.154985 0.252839
0.163580 0.258547
0.172562 0.264394
0.191649 0.276415
0.214492 0.290265
0.234720 0.302199
0.573960 0.488680
0.584345 0.493964
0.594439 0.498993
0.629027 0.515532
0.567432 0.485347
0.577179 0.490313
0.460156 0.428154
0.470789 0.433991
0.481216 0.439624
0.491721 0.445316
0.351175 0.368017
0.359571 0.372680
0.368137 0.377466
0.091496 0.204627
0.097232 0.209604
0.103228 0.214635
0.116045 0.224876
0.544938 0.473690
0.565676 0.484484
0.362654 0.374391
0.371405 0.379245
0.380254 0.384148
0.405029 0.397849
0.410106 0.400652
0.420193 0.406214
0.430343 0.411803
0.440541 0.417408
0.450774 0.423020
0.653063 0.526300
0.660258 0.529422
0.539639 0.470910
0.549269 0.475990
0.558580 0.480790
0.577039 0.490243
0.595067 0.499304
0.612273 0.507640
0.345932 0.365102
0.354226 0.369712
0.362624 0.374375
0.379707 0.383845
0.633092 0.517446
0.642601 0.521702
0.651992 0.525836
0.670060 0.533437
0.381462 0.384817
0.390002 0.389544
0.398616 0.394307
0.417792 0.404891
0.504534 0.452226
0.513324 0.456941
0.522059 0.461604
0.539330 0.470747
0.155440 0.253144
0.161667 0.257288
0.168104 0.261516
0.182938 0.270986
0.600011 0.501736
0.606541 0.504878
0.613212 0.508131
0.625922 0.514092
0.404805 0.397726
0.415407 0.403576
0.426166 0.409537
0.436823 0.415365
0.447605 0.421283
0.469233 0.433109
0.611940 0.507481
0.628966 0.515504
0.549302 0.476007
0.564578 0.483883
0.573327 0.488395
0.581851 0.492710
0.592331 0.497949
0.614548 0.508729
0.130004 0.235381
0.138190 0.241270
0.146757 0.247241
0.155746 0.253349
0.165161 0.259583
0.185345 0.272496
0.207377 0.285997
0.436018 0.414923
0.448931 0.422043
0.457417 0.426656
0.480985 0.439498
0.500282 0.449972
0.479982 0.438953
0.490714 0.444806
0.501214 0.450440
0.522208 0.461684
0.477590 0.437653
0.487979 0.443291
0.498331 0.448886
0.508728 0.454514
0.235062 0.302398
0.244272 0.307749
0.250561 0.311380
0.149004 0.248797
0.156706 0.253992
0.164731 0.259302
0.181749 0.270223
0.663054 0.530549
0.678437 0.536786
0.417930 0.404967
0.427083 0.410009
0.436279 0.415066
0.454759 0.425202
0.513759 0.457174
0.543652 0.473052
0.562878 0.483008
0.548762 0.475726
0.579593 0.491534
0.587209 0.495399
0.612552 0.507774
0.445740 0.420260
0.453447 0.424484
0.472740 0.435020
0.501543 0.450617
0.106391 0.217224
0.112254 0.221913
0.118358 0.226658
0.124722 0.231483
0.626554 0.514386
0.634029 0.517831
0.638936 0.520058
0.370188 0.378570
0.381141 0.384639
0.403291 0.396922
0.413694 0.402631
0.424252 0.408450
0.304384 0.341908
0.319352 0.350287
0.325906 0.353947
0.339255 0.361387
0.341474 0.362622
0.350122 0.367432
0.358887 0.372300
0.376743 0.382203
0.375425 0.381473
0.384977 0.386763
0.394628 0.392102
0.420967 0.406641
0.436028 0.414928
0.444677 0.419677
0.464287 0.430444
0.485866 0.442147
0.386750 0.387744
0.397501 0.393690
0.410619 0.400968
0.419305 0.405725
0.441491 0.417962
0.606699 0.504955
0.611748 0.507389
0.618099 0.510458
0.465650 0.431154
0.475372 0.436447
0.485185 0.441811
0.504437 0.452174
0.506882 0.453488
0.514331 0.457515
0.521545 0.461331
0.538905 0.470523
0.550304 0.476494
0.564326 0.483754
0.366695 0.376633
0.377429 0.382583
0.388300 0.388602
0.410398 0.400813
0.432861 0.413187
0.455545 0.425632
0.661227 0.529783
0.667685 0.532467
0.674019 0.535035
0.686324 0.539825
0.652961 0.526256
0.662443 0.530341
0.671551 0.534092
0.690592 0.541422
0.310668 0.345429
0.320311 0.350856
0.330015 0.356238
0.333417 0.358135
0.343968 0.364009
0.354703 0.369977
0.488505 0.443610
0.498626 0.449045
0.508885 0.454598
0.529002 0.465328
0.417260 0.404598
0.427963 0.410493
0.438724 0.416409
0.460351 0.428260
0.295758 0.337063
0.304027 0.341707
0.312447 0.346425
0.321014 0.351215
0.329725 0.356077
0.508367 0.454320
0.518985 0.459966
0.531823 0.466822
0.550526 0.476609
0.344862 0.364507
0.355393 0.370360
0.366089 0.376297
0.387931 0.388398
0.487642 0.443109
0.497314 0.448372
0.518219 0.459592
0.243299 0.307201
0.252631 0.312570
0.262251 0.318083
0.272134 0.323714
0.280231 0.328304
0.303357 0.341331
0.605441 0.504345
0.615165 0.509064
0.412972 0.402233
0.423268 0.407908
0.433708 0.413686
0.454459 0.425038
0.270053 0.322531
0.275644 0.325706
0.281317 0.328918
0.292905 0.335457
0.246773 0.309211
0.257644 0.315464
0.268837 0.321839
0.292312 0.335123
0.598555 0.500982
0.608589 0.505868
0.618413 0.510566
0.637413 0.519370
0.205833 0.285081
0.215362 0.290799
0.225228 0.296648
0.245970 0.308731
0.481598 0.439831
0.491310 0.445128
0.500799 0.450216
0.510332 0.455339
0.701497 0.545335
0.709555 0.548124
0.717261 0.550596
0.731900 0.554820
0.660231 0.529411
0.668007 0.532599
0.675853 0.535817
0.690617 0.541431
0.332380 0.357557
0.343183 0.363573
0.354180 0.369686
0.376709 0.382184
0.399855 0.394991
0.423481 0.408026
0.552911 0.477851
0.564802 0.483998
0.096523 0.208998
0.111591 0.221390
0.128368 0.234170
0.147034 0.247446
0.587029 0.495308
0.596829 0.500133
0.606552 0.504884
0.636225 0.518831
0.644646 0.522657
0.652640 0.526117
0.668337 0.532734
0.551406 0.477068
0.558686 0.480845
0.566002 0.484651
0.580077 0.491778
0.593927 0.498701
0.669200 0.533137
0.676955 0.536202
0.682105 0.538213
0.360922 0.373463
0.371510 0.379303
0.382384 0.385361
0.389660 0.389388
0.398755 0.394383
0.325829 0.353904
0.335427 0.359255
0.345189 0.364689
0.355106 0.370200
0.365169 0.375787
0.815507 0.566233
0.822880 0.565954
0.830169 0.565571
0.844959 0.563752
0.616775 0.509789
0.625575 0.513972
0.633960 0.517799
0.642286 0.521561
0.564979 0.484089
0.574203 0.488803
0.560805 0.481940
0.571441 0.487397
0.582015 0.492793
0.602262 0.502797
0.187869 0.274055
0.197238 0.279839
0.208960 0.286950
0.227548 0.297997
0.249654 0.310857
0.409124 0.400110
0.419624 0.405901
0.430192 0.411720
0.440897 0.417636
0.451471 0.423402
0.479308 0.438621
0.197971 0.280287
0.204248 0.284106
0.210699 0.288010
0.248601 0.310250
0.258484 0.315913
0.268703 0.321763
0.289949 0.333792
0.588174 0.495842
0.594862 0.499202
0.601242 0.502299
0.613975 0.508455
0.626360 0.514295
0.581281 0.492386
0.590346 0.496924
0.599261 0.501329
0.380974 0.384547
0.391689 0.390477
0.402518 0.396462
0.413447 0.402495
0.487402 0.442979
0.515032 0.457855
0.529701 0.465663
0.277217 0.326598
0.284201 0.330549
0.291306 0.334557
0.763461 0.561989
0.773333 0.563661
0.782520 0.564739
0.800112 0.566079
0.464743 0.430660
0.475343 0.436431
0.485939 0.442186
0.507010 0.453557
0.547066 0.474804
0.556781 0.479859
0.420933 0.406622
0.430477 0.411876
0.440063 0.417145
0.459315 0.427694
0.299103 0.338943
0.308742 0.344351
0.318580 0.349855
0.328612 0.355456
0.342970 0.363454
0.366219 0.376369
0.440142 0.417188
0.450601 0.422925
0.461081 0.428659
0.484114 0.441196
0.513898 0.457249
0.521765 0.461448
0.531137 0.466424
0.545033 0.473740
0.200177 0.281633
0.206379 0.285395
0.212751 0.289240
0.436887 0.415400
0.446937 0.420917
0.686435 0.539867
0.694881 0.542990
0.703092 0.545887
0.718970 0.551125
0.589825 0.496704
0.597804 0.500653
0.605545 0.504395
0.523377 0.462341
0.531923 0.466875
0.540295 0.471254
0.548794 0.475742
0.556999 0.479972
0.573443 0.488454
0.591306 0.497401
0.610558 0.506817
0.079106 0.193230
0.085862 0.199561
0.093026 0.205971
0.108661 0.219056
0.126191 0.232562
0.397430 0.393651
0.406091 0.398436
0.419193 0.405663
0.443469 0.419015
0.452696 0.424073
0.473761 0.435576
0.494747 0.446952
0.447957 0.421476
0.458512 0.427255
0.469076 0.433023
0.634174 0.517897
0.656662 0.527847
0.382688 0.385496
0.393635 0.391553
0.427109 0.410023
0.609614 0.506363
0.620333 0.511514
0.630563 0.516242
0.508261 0.454263
0.517734 0.459334
0.527038 0.464252
0.538215 0.470160
0.545595 0.474034
0.563753 0.483459
0.639935 0.520507
0.650281 0.525091
0.660340 0.529409
0.514698 0.457712
0.526158 0.463820
0.533633 0.467744
0.552415 0.477629
0.528596 0.465078
0.538636 0.470382
0.548674 0.475679
0.569986 0.486654
0.567817 0.485582
0.577073 0.490259
0.586294 0.494902
0.394687 0.392135
0.404357 0.397478
0.414104 0.402858
0.226655 0.297472
0.232549 0.300930
0.238559 0.304435
0.250930 0.311592
0.579054 0.491300
0.587580 0.495546
0.596084 0.499766
0.614302 0.508611
0.443795 0.419193
0.454180 0.424885
0.464580 0.430571
0.478209 0.437990
0.488798 0.443769
0.499163 0.449334
0.615772 0.509312
0.624765 0.513553
0.338234 0.360818
0.346760 0.365595
0.355268 0.370291
0.374509 0.380965
0.368202 0.377502
0.377425 0.382581
0.386820 0.387783
0.405882 0.398320
0.652734 0.526158
0.661777 0.530014
0.670587 0.533651
0.687518 0.540275
0.434495 0.414086
0.446285 0.420559
0.454166 0.424877
0.475847 0.436705
0.213169 0.289490
0.225404 0.296751
0.246956 0.309300
0.270035 0.322520
0.454476 0.425047
0.465075 0.430841
0.475657 0.436602
0.496872 0.448134
0.571036 0.487227
0.579354 0.491413
0.589422 0.496503
0.339046 0.361270
0.348762 0.366675
0.358627 0.372156
0.382859 0.385591
0.688634 0.540693
0.696590 0.543604
0.704335 0.546312
0.719215 0.551137
0.601031 0.502196
0.608129 0.505687
0.615012 0.508991
0.397610 0.393750
0.405692 0.398215
0.413827 0.402705
0.430228 0.411739
0.394240 0.391887
0.404504 0.397559
0.414855 0.403272
0.425280 0.409016
0.435763 0.414783
0.456843 0.426343
0.248843 0.310405
0.256835 0.314984
0.423060 0.407794
0.433606 0.413630
0.444032 0.419324
0.454573 0.425100
0.589176 0.496381
0.598969 0.501185
0.608682 0.505914
0.618317 0.510562
0.499591 0.449565
0.509973 0.455147
0.572612 0.487994
0.582889 0.493195
0.592986 0.498235
0.614523 0.508716
0.379860 0.383930
0.390449 0.389791
0.401152 0.395708
0.706008 0.546939
0.712684 0.549084
0.719331 0.551173
0.732147 0.554887
0.353143 0.369110
0.363594 0.374913
0.374196 0.380792
0.384937 0.386741
0.395879 0.392827
0.417854 0.404925
0.323074 0.352366
0.334996 0.359014
0.345124 0.364653
0.359584 0.372687
0.372219 0.379696
0.541995 0.472147
0.552283 0.477560
0.562337 0.482767
0.389067 0.389026
0.399566 0.394831
0.410163 0.400683
0.420843 0.406572
0.498599 0.449031
0.509224 0.454745
0.519776 0.460388
0.499282 0.449399
0.510031 0.455177
0.520703 0.460883
0.541757 0.472022
0.316639 0.348770
0.325489 0.353714
0.334487 0.358731
0.352910 0.368981
0.560064 0.481594
0.571652 0.487504
0.579331 0.491402
0.598093 0.500755
0.351989 0.368469
0.362110 0.374089
0.322533 0.352064
0.332011 0.357351
0.469186 0.433084
0.477671 0.437697
0.486157 0.442304
0.503147 0.451515
0.519787 0.460394
0.421356 0.406855
0.432140 0.412791
0.442975 0.418743
0.464733 0.430654
0.622527 0.512505
0.631522 0.516682
0.421703 0.407046
0.443217 0.418876
0.334046 0.358486
0.345088 0.364633
0.356329 0.370880
0.367827 0.377294
0.379358 0.383652
0.626649 0.514430
0.635589 0.518542
0.644453 0.522571
0.661216 0.529778
0.426382 0.409623
0.437015 0.415470
0.447690 0.421329
0.238379 0.304346
0.246700 0.309169
0.257379 0.315296
0.268419 0.321601
0.291508 0.334670
0.608372 0.505804
0.616647 0.509728
0.537232 0.469678
0.548190 0.475390
0.559102 0.481061
0.569853 0.486586
0.580427 0.491955
0.603235 0.503312
0.612229 0.507620
0.621161 0.511863
0.389711 0.389416
0.399302 0.394686
0.479169 0.438546
0.489341 0.444029
0.499567 0.449552
0.519942 0.460512
0.528652 0.465107
0.537790 0.469972
0.548522 0.475600
0.565983 0.484604
0.237623 0.303890
0.246357 0.308971
0.259845 0.316708
0.630159 0.516098
0.637454 0.519388
0.644731 0.522650
0.658869 0.528787
0.609497 0.506306
0.618483 0.510599
0.635912 0.518689
0.652603 0.526101
0.800960 0.566215
0.806227 0.566257
0.815401 0.566235
0.831475 0.565334
0.665561 0.531591
0.671563 0.534097
0.677334 0.536403
0.688437 0.540620
0.603131 0.503261
0.610500 0.506830
0.621218 0.511890
0.637092 0.519268
0.430734 0.412017
0.444915 0.419808
0.455081 0.425378
0.394515 0.392039
0.404187 0.397384
0.413937 0.402765
0.283974 0.330421
0.292613 0.335293
0.305903 0.342760
0.328909 0.355622
0.339328 0.361427
0.350353 0.367560
0.363832 0.375045
0.384514 0.386507
0.651142 0.525513
0.658350 0.528614
0.337790 0.360571
0.357139 0.371330
0.518571 0.459746
0.539407 0.470787
0.549658 0.476157
0.559887 0.481503
0.579592 0.491534
0.413988 0.402793
0.424664 0.408677
0.422038 0.407230
0.432226 0.412838
0.442460 0.418461
0.463009 0.429713
0.350812 0.367815
0.360729 0.373356
0.390988 0.390089
0.315464 0.348113
0.324050 0.352911
0.332842 0.357847
0.352454 0.368728
0.412278 0.401850
0.422079 0.407253
0.654094 0.526745
0.662156 0.530173
0.671714 0.534158
0.685235 0.539412
0.261740 0.317791
0.278288 0.327204
0.292367 0.335154
0.096164 0.208690
0.101503 0.213205
0.107058 0.217764
0.114033 0.223323
0.134281 0.238467
0.352793 0.368916
0.359861 0.372841
0.370595 0.378796
0.389262 0.389167
0.403795 0.397201
0.511399 0.455911
0.520561 0.460842
0.529559 0.465623
0.538379 0.470246
0.547215 0.474881
0.564599 0.483894
0.416430 0.404140
0.426328 0.409626
0.436114 0.414975
0.456036 0.425935
0.523604 0.462462
0.532601 0.467198
0.541616 0.471948
0.559368 0.481198
0.432278 0.412867
0.442496 0.418480
0.452745 0.424100
0.608135 0.505690
0.617620 0.510190
0.628870 0.515460
0.420978 0.406646
0.442037 0.418229
0.452626 0.424034
0.463234 0.429836
0.484420 0.441362
0.470019 0.433538
0.480246 0.439096
0.490463 0.444636
0.473546 0.435459
0.484000 0.441134
0.546673 0.474634
0.556862 0.479902
0.567015 0.485134
0.577016 0.490231
0.519949 0.460515
0.528436 0.464993
0.536955 0.469496
0.545397 0.473930
0.553756 0.478290
0.571821 0.487591
0.169031 0.262102
0.174575 0.265685
0.180226 0.269263
0.581587 0.492578
0.591010 0.497254
0.445695 0.420235
0.456184 0.426016
0.468595 0.432761
0.487298 0.442922
0.391349 0.390289
0.402342 0.396365
0.413439 0.402490
0.681942 0.538203
0.690800 0.541499
0.699660 0.544750
0.339553 0.361586
0.348631 0.366603
0.391072 0.390136
0.400924 0.395582
0.410939 0.401144
0.709265 0.547968
0.717188 0.550573
0.724758 0.552863
0.483771 0.441010
0.494110 0.446642
0.504215 0.452055
0.526423 0.463925
0.253903 0.313301
0.264231 0.319214
0.274861 0.325262
0.297020 0.337772
0.499229 0.449370
0.509766 0.455036
0.520330 0.460719
0.611094 0.507075
0.619720 0.511184
0.628298 0.515238
0.238241 0.304266
0.248615 0.310258
0.261532 0.317672
0.281866 0.329261
0.305605 0.342592
0.414793 0.403238
0.425221 0.408984
0.435708 0.414752
0.456795 0.426316
0.468983 0.432973
0.479643 0.438803
0.249840 0.310964
0.259295 0.316425
0.268908 0.321879
0.464390 0.430467
0.474736 0.436107
0.482896 0.440569
0.493295 0.446167
0.505918 0.453005
0.526479 0.463955
0.651281 0.525573
0.668338 0.532735
0.472464 0.434870
0.482994 0.440588
0.495606 0.447416
0.514480 0.457595
0.597597 0.500551
0.606019 0.504625
0.614406 0.508661
0.467057 0.431923
0.477411 0.437556
0.487759 0.443172
0.498071 0.448746
0.610120 0.506647
0.620580 0.511631
0.630674 0.516292
0.650346 0.525120
0.481937 0.440015
0.494195 0.446688
0.502176 0.450958
0.522194 0.461676
0.547656 0.475112
0.557403 0.480218
0.566813 0.485030
0.585435 0.494473
0.553389 0.478099
0.563280 0.483215
0.546401 0.474492
0.556807 0.479873
0.567170 0.485213
0.587521 0.495555
0.316037 0.348434
0.326852 0.354507
0.337761 0.360555
0.360387 0.373166
0.488665 0.443697
0.499130 0.449317
0.523693 0.462509
0.533279 0.467557
0.542976 0.472698
0.561736 0.482420
0.399394 0.394737
0.407354 0.399133
0.417372 0.404659
0.114255 0.223483
0.121376 0.228956
0.128831 0.234509
0.240200 0.305389
0.254934 0.313910
0.262510 0.318231
0.270274 0.322656
0.260041 0.316820
0.268168 0.321458
0.606252 0.504738
0.619369 0.511018
0.628021 0.515110
0.648475 0.524302
0.586992 0.495290
0.595065 0.499302
0.603014 0.503204
0.618411 0.510565
0.811634 0.566287
0.820435 0.566072
0.829050 0.565662
0.844872 0.563727
0.601777 0.502560
0.610550 0.506814
0.619161 0.510919
0.198232 0.280446
0.206137 0.285264
0.214246 0.290118
0.231243 0.300166
0.317123 0.349041
0.327603 0.354893
0.338289 0.360849
0.351373 0.368127
0.362480 0.374294
0.385196 0.386884
0.473798 0.435596
0.483950 0.441108
0.494183 0.446681
0.514315 0.457507
0.710739 0.548452
0.718298 0.550855
0.725651 0.553058
0.587575 0.495543
0.595946 0.499698
0.620362 0.511528
0.219648 0.293333
0.225017 0.296523
0.230465 0.299725
0.674143 0.535084
0.684091 0.539029
0.299035 0.338905
0.308975 0.344481
0.319126 0.350161
0.368197 0.377499
0.378318 0.383076
0.395568 0.392622
0.312602 0.346512
0.323893 0.352823
0.335430 0.359257
0.347203 0.365809
0.359199 0.372474
0.403652 0.397122
0.414317 0.402975
0.425138 0.408938
0.446952 0.420925
0.725094 0.552896
0.733398 0.555294
0.756426 0.560737
