6.720495605468750000e+01
6.771311950683593750e+01
6.822128295898437500e+01
6.872944641113281250e+01
7.025393676757812500e+01
8.143612670898437500e+01
8.195912933349609375e+01
8.248212432861328125e+01
8.300512695312500000e+01
8.342353057861328125e+01
8.457413482666015625e+01
7.475744628906250000e+01
7.525520324707031250e+01
7.674848937988281250e+01
6.368183135986328125e+01
6.421978759765625000e+01
6.475774383544921875e+01
6.572605895996093750e+01
6.690956115722656250e+01
5.961901092529296875e+01
6.021612548828125000e+01
6.081323623657226562e+01
6.260457992553710938e+01
8.088748931884765625e+01
8.133933258056640625e+01
8.179116821289062500e+01
8.224301147460937500e+01
8.269485473632812500e+01
8.368889617919921875e+01
7.393542480468750000e+01
7.441510772705078125e+01
7.489479064941406250e+01
8.240752410888671875e+01
8.283192443847656250e+01
5.890418243408203125e+01
5.972959136962890625e+01
6.027986145019531250e+01
6.165554046630859375e+01
7.885936737060546875e+01
7.934082794189453125e+01
7.982228088378906250e+01
8.078519439697265625e+01
8.481256103515625000e+01
8.548886108398437500e+01
8.593972015380859375e+01
7.800917053222656250e+01
7.849791717529296875e+01
5.615167999267578125e+01
5.693878936767578125e+01
5.772589874267578125e+01
5.930012512207031250e+01
6.103176498413085938e+01
6.244857025146484375e+01
8.007703399658203125e+01
8.061131286621093750e+01
8.114559173583984375e+01
8.306898498535156250e+01
7.974209594726562500e+01
8.024340820312500000e+01
7.454472351074218750e+01
7.504285430908203125e+01
7.554098510742187500e+01
7.603911590576171875e+01
6.923616027832031250e+01
6.966616821289062500e+01
7.009617614746093750e+01
4.895798492431640625e+01
4.974090576171875000e+01
5.052382278442382812e+01
5.208966064453125000e+01
7.861180114746093750e+01
7.964714050292968750e+01
6.982277679443359375e+01
7.026379394531250000e+01
7.070481872558593750e+01
7.191761779785156250e+01
7.216284179687500000e+01
7.264743041992187500e+01
7.313202667236328125e+01
7.361662292480468750e+01
7.410121917724609375e+01
8.449766540527343750e+01
8.493588256835937500e+01
7.835018920898437500e+01
7.882168579101562500e+01
7.929319000244140625e+01
8.023619079589843750e+01
8.117919921875000000e+01
8.212220001220703125e+01
6.896483612060546875e+01
6.939305114746093750e+01
6.982126617431640625e+01
7.067769622802734375e+01
8.329740905761718750e+01
8.386473083496093750e+01
8.443206024169921875e+01
8.556671142578125000e+01
7.076466369628906250e+01
7.118554687500000000e+01
7.160643005371093750e+01
7.253237152099609375e+01
7.664962768554687500e+01
7.707096862792968750e+01
7.749230194091796875e+01
7.833496856689453125e+01
5.619419860839843750e+01
5.676646041870117188e+01
5.733872222900390625e+01
5.859769439697265625e+01
8.144493103027343750e+01
8.180638122558593750e+01
8.216783142089843750e+01
8.289073181152343750e+01
7.190679168701171875e+01
7.241792297363281250e+01
7.292904663085937500e+01
7.344017791748046875e+01
7.395130157470703125e+01
7.497355651855468750e+01
8.210375976562500000e+01
8.306549072265625000e+01
7.882328033447265625e+01
7.959676361083984375e+01
8.003874969482421875e+01
8.048072814941406250e+01
8.103321075439453125e+01
8.224868011474609375e+01
5.365100097656250000e+01
5.450823974609375000e+01
5.536547470092773438e+01
5.622270965576171875e+01
5.707994842529296875e+01
5.879441833496093750e+01
6.050889587402343750e+01
7.340194702148437500e+01
7.400997161865234375e+01
7.441530609130859375e+01
7.553001403808593750e+01
7.644203186035156250e+01
7.548256683349609375e+01
7.598681640625000000e+01
7.649105834960937500e+01
7.749954223632812500e+01
7.536934661865234375e+01
7.586147308349609375e+01
7.635359954833984375e+01
7.684572601318359375e+01
6.247170639038085938e+01
6.308542251586914062e+01
6.349456787109375000e+01
5.558216857910156250e+01
5.631192779541015625e+01
5.704169464111328125e+01
5.850122070312500000e+01
8.511963653564453125e+01
8.611404418945312500e+01
7.253898620605468750e+01
7.297665405273437500e+01
7.341432952880859375e+01
7.428967285156250000e+01
7.709190368652343750e+01
7.854303741455078125e+01
7.951045989990234375e+01
7.879644775390625000e+01
8.036880493164062500e+01
8.076189422607421875e+01
8.213770294189453125e+01
7.386296844482421875e+01
7.422762298583984375e+01
7.513926696777343750e+01
7.650673675537109375e+01
5.092323303222656250e+01
5.164068603515625000e+01
5.235814666748046875e+01
5.307559967041015625e+01
8.292690277099609375e+01
8.335905456542968750e+01
8.364715576171875000e+01
7.020272827148437500e+01
7.074875640869140625e+01
7.182971191406250000e+01
7.233560180664062500e+01
7.284149932861328125e+01
6.672390747070312500e+01
6.755168151855468750e+01
6.790644073486328125e+01
6.861595916748046875e+01
6.873233032226562500e+01
6.918183898925781250e+01
6.963134002685546875e+01
7.053035736083984375e+01
7.046470642089843750e+01
7.093834686279296875e+01
7.141199493408203125e+01
7.268446350097656250e+01
7.340239715576171875e+01
7.381263732910156250e+01
7.473567962646484375e+01
7.576128387451171875e+01
7.102572631835937500e+01
7.155211639404296875e+01
7.218378448486328125e+01
7.260489654541015625e+01
7.365767669677734375e+01
8.181501007080078125e+01
8.209310913085937500e+01
8.244072723388671875e+01
7.480426025390625000e+01
7.526444244384765625e+01
7.572461700439453125e+01
7.664498138427734375e+01
7.676195526123046875e+01
7.711470031738281250e+01
7.746745300292968750e+01
7.831404876708984375e+01
7.887844848632812500e+01
7.958395385742187500e+01
7.002703857421875000e+01
7.056450653076171875e+01
7.110198211669921875e+01
7.217692565917968750e+01
7.325186157226562500e+01
7.432680511474609375e+01
8.500456237792968750e+01
8.541409301757812500e+01
8.582362365722656250e+01
8.664268493652343750e+01
8.449141693115234375e+01
8.507310485839843750e+01
8.565479278564453125e+01
8.693450164794921875e+01
6.707451629638671875e+01
6.760057830810546875e+01
6.812664031982421875e+01
6.830771636962890625e+01
6.886260223388671875e+01
6.941748046875000000e+01
7.588199615478515625e+01
7.636762237548828125e+01
7.685324096679687500e+01
7.782448577880859375e+01
7.250685882568359375e+01
7.301862335205078125e+01
7.353038787841796875e+01
7.455392456054687500e+01
6.623471832275390625e+01
6.670383453369140625e+01
6.717294311523437500e+01
6.764205169677734375e+01
6.811116027832031250e+01
7.682843017578125000e+01
7.734370422363281250e+01
7.796203613281250000e+01
7.888952636718750000e+01
6.890916442871093750e+01
6.945282745361328125e+01
6.999649810791015625e+01
7.108383178710937500e+01
7.584547424316406250e+01
7.630062866210937500e+01
7.730195617675781250e+01
6.301983261108398438e+01
6.362754821777343750e+01
6.423526763916015625e+01
6.484297943115234375e+01
6.532915496826171875e+01
6.666613006591796875e+01
8.174620819091796875e+01
8.227651977539062500e+01
7.230085754394531250e+01
7.279452514648437500e+01
7.328818511962890625e+01
7.427550506591796875e+01
6.471636199951171875e+01
6.505496978759765625e+01
6.539357757568359375e+01
6.607079315185546875e+01
6.324748229980468750e+01
6.394476318359375000e+01
6.464204406738281250e+01
6.603659820556640625e+01
8.137258148193359375e+01
8.191876983642578125e+01
8.246495819091796875e+01
8.355733489990234375e+01
6.039216613769531250e+01
6.109327697753906250e+01
6.179438400268554688e+01
6.319660186767578125e+01
7.555905914306640625e+01
7.601513671875000000e+01
7.647122192382812500e+01
7.692729949951171875e+01
8.769944763183593750e+01
8.827359008789062500e+01
8.884774017333984375e+01
8.999603271484375000e+01
8.493418884277343750e+01
8.543470764160156250e+01
8.593522644042968750e+01
8.693625640869140625e+01
6.825264739990234375e+01
6.882165527343750000e+01
6.939066314697265625e+01
7.052867126464843750e+01
7.166668701171875000e+01
7.280470275878906250e+01
7.900861358642578125e+01
7.960813903808593750e+01
4.964603042602539062e+01
5.156106567382812500e+01
5.347609710693359375e+01
5.539112854003906250e+01
8.075238800048828125e+01
8.127968597412109375e+01
8.180698394775390625e+01
8.348757171630859375e+01
8.397966003417968750e+01
8.447174835205078125e+01
8.545591735839843750e+01
7.893340301513671875e+01
7.929855346679687500e+01
7.966371154785156250e+01
8.039401245117187500e+01
8.112432098388671875e+01
8.550312805175781250e+01
8.601617431640625000e+01
8.635820007324218750e+01
6.973139953613281250e+01
7.026905059814453125e+01
7.080669403076171875e+01
7.116513061523437500e+01
7.161317443847656250e+01
6.790229797363281250e+01
6.841423797607421875e+01
6.892617797851562500e+01
6.943811798095703125e+01
6.995006561279296875e+01
9.798946380615234375e+01
9.884666442871093750e+01
9.970387268066406250e+01
1.015897216796875000e+02
8.237307739257812500e+01
8.286404418945312500e+01
8.335501098632812500e+01
8.384597778320312500e+01
7.961716461181640625e+01
8.008953857421875000e+01
7.940551757812500000e+01
7.994740295410156250e+01
8.048929595947265625e+01
8.157306671142578125e+01
5.899988555908203125e+01
5.973923873901367188e+01
6.062645721435546875e+01
6.195729064941406250e+01
6.343598937988281250e+01
7.211549377441406250e+01
7.262016296386718750e+01
7.312483978271484375e+01
7.362951660156250000e+01
7.413418579101562500e+01
7.544633483886718750e+01
5.979588699340820312e+01
6.027456283569335938e+01
6.075323867797851562e+01
6.336783599853515625e+01
6.400084686279296875e+01
6.463385009765625000e+01
6.589987182617187500e+01
8.081871032714843750e+01
8.116822052001953125e+01
8.151773071289062500e+01
8.221675109863281250e+01
8.291577148437500000e+01
8.045680236816406250e+01
8.093370819091796875e+01
8.141061401367187500e+01
7.074050140380859375e+01
7.126822662353515625e+01
7.179595947265625000e+01
7.232369232177734375e+01
7.583407592773437500e+01
7.715316772460937500e+01
7.786344146728515625e+01
6.514936828613281250e+01
6.556393432617187500e+01
6.597850036621093750e+01
9.268409729003906250e+01
9.358563232421875000e+01
9.448715972900390625e+01
9.629022216796875000e+01
7.476142120361328125e+01
7.526307678222656250e+01
7.576473999023437500e+01
7.676805877685546875e+01
7.871736907958984375e+01
7.920264434814453125e+01
7.268283081054687500e+01
7.313837432861328125e+01
7.359391784667968750e+01
7.450499725341796875e+01
6.642551422119140625e+01
6.696755981445312500e+01
6.750960540771484375e+01
6.805165100097656250e+01
6.881051635742187500e+01
7.000302124023437500e+01
7.359766387939453125e+01
7.409303283691406250e+01
7.458840179443359375e+01
7.567820739746093750e+01
7.709857940673828125e+01
7.747806549072265625e+01
7.793345642089843750e+01
7.861653137207031250e+01
5.996540451049804688e+01
6.043452072143554688e+01
6.090364074707031250e+01
7.344317626953125000e+01
7.391966247558593750e+01
8.665020751953125000e+01
8.723197937011718750e+01
8.781375122070312500e+01
8.897728729248046875e+01
8.090013122558593750e+01
8.132601165771484375e+01
8.175189208984375000e+01
7.755133056640625000e+01
7.796690368652343750e+01
7.838247680664062500e+01
7.879804229736328125e+01
7.921361541748046875e+01
8.004475402832031250e+01
8.098467254638671875e+01
8.202733612060546875e+01
4.713604736328125000e+01
4.815316772460937500e+01
4.917028427124023438e+01
5.120452117919921875e+01
5.323875427246093750e+01
7.154868316650390625e+01
7.196901702880859375e+01
7.259951019287109375e+01
7.375542449951171875e+01
7.419212341308593750e+01
7.518754577636718750e+01
7.618297576904296875e+01
7.396794128417968750e+01
7.446704101562500000e+01
7.496613311767578125e+01
8.336749267578125000e+01
8.471969604492187500e+01
7.082533264160156250e+01
7.136347198486328125e+01
7.297789764404296875e+01
8.197521972656250000e+01
8.256646728515625000e+01
8.315772247314453125e+01
7.682334899902343750e+01
7.727859497070312500e+01
7.773384857177734375e+01
7.828014373779296875e+01
7.864434814453125000e+01
7.955484771728515625e+01
8.370623779296875000e+01
8.432758331298828125e+01
8.494892120361328125e+01
7.713235473632812500e+01
7.768621063232421875e+01
7.805545043945312500e+01
7.897853851318359375e+01
7.780961608886718750e+01
7.830083465576171875e+01
7.879205322265625000e+01
7.987273406982421875e+01
7.975625610351562500e+01
8.023791503906250000e+01
8.071957397460937500e+01
7.141485595703125000e+01
7.188508605957031250e+01
7.235531616210937500e+01
6.189533233642578125e+01
6.230107498168945312e+01
6.270681762695312500e+01
6.351830291748046875e+01
8.033500671386718750e+01
8.078738403320312500e+01
8.123976135253906250e+01
8.223498535156250000e+01
7.377083587646484375e+01
7.426229095458984375e+01
7.475374603271484375e+01
7.539865112304687500e+01
7.589592742919921875e+01
7.639320373535156250e+01
8.231697082519531250e+01
8.282465362548828125e+01
6.856230163574218750e+01
6.900437927246093750e+01
6.944644927978515625e+01
7.041900634765625000e+01
7.009944152832031250e+01
7.056430053710937500e+01
7.102916717529296875e+01
7.195890045166015625e+01
8.447750854492187500e+01
8.503911590576171875e+01
8.560071563720703125e+01
8.672393035888671875e+01
7.332954406738281250e+01
7.388878631591796875e+01
7.426161956787109375e+01
7.528690338134765625e+01
6.093410491943359375e+01
6.180667495727539062e+01
6.326095581054687500e+01
6.471524047851562500e+01
7.427629089355468750e+01
7.477711486816406250e+01
7.527793884277343750e+01
7.627958679199218750e+01
7.992098999023437500e+01
8.035636901855468750e+01
8.087882232666015625e+01
6.860500335693359375e+01
6.911154174804687500e+01
6.961808776855468750e+01
7.083378601074218750e+01
8.680010223388671875e+01
8.735166931152343750e+01
8.790324401855468750e+01
8.900637817382812500e+01
8.150630187988281250e+01
8.188713836669921875e+01
8.226796722412109375e+01
7.155742645263671875e+01
7.194970703125000000e+01
7.234198760986328125e+01
7.312655639648437500e+01
7.139302062988281250e+01
7.189221191406250000e+01
7.239141082763671875e+01
7.289060211181640625e+01
7.338980102539062500e+01
7.438819122314453125e+01
6.338201522827148438e+01
6.389519882202148438e+01
7.278457641601562500e+01
7.328334045410156250e+01
7.378209686279296875e+01
7.428086090087890625e+01
8.086579895019531250e+01
8.139485931396484375e+01
8.192391204833984375e+01
8.245296478271484375e+01
7.641360473632812500e+01
7.691007232666015625e+01
8.000756835937500000e+01
8.054082489013671875e+01
8.107408142089843750e+01
8.224725341796875000e+01
7.068528747558593750e+01
7.120748138427734375e+01
7.172966766357421875e+01
8.801458740234375000e+01
8.851490020751953125e+01
8.901521301269531250e+01
9.001583099365234375e+01
6.933742523193359375e+01
6.987041473388671875e+01
7.040339660644531250e+01
7.093638610839843750e+01
7.146937561035156250e+01
7.253534698486328125e+01
6.775367736816406250e+01
6.839138793945312500e+01
6.892281341552734375e+01
6.966682434082031250e+01
7.030453491210937500e+01
7.846628570556640625e+01
7.897194671630859375e+01
7.947760009765625000e+01
7.113964080810546875e+01
7.165261077880859375e+01
7.216557312011718750e+01
7.267853546142578125e+01
7.636634063720703125e+01
7.687413024902343750e+01
7.738191986083984375e+01
7.639890289306640625e+01
7.691281890869140625e+01
7.742673492431640625e+01
7.845456695556640625e+01
6.740349578857421875e+01
6.788397979736328125e+01
6.836445617675781250e+01
6.932542419433593750e+01
7.936270904541015625e+01
7.995820617675781250e+01
8.035519409179687500e+01
8.134767150878906250e+01
6.927803802490234375e+01
6.979520416259765625e+01
6.772441101074218750e+01
6.823303222656250000e+01
7.497135162353515625e+01
7.537319946289062500e+01
7.577504730224609375e+01
7.657875061035156250e+01
7.738244628906250000e+01
7.270305633544921875e+01
7.321753692626953125e+01
7.373200988769531250e+01
7.476096343994140625e+01
8.269730377197265625e+01
8.321321868896484375e+01
7.271969604492187500e+01
7.374347686767578125e+01
6.834112548828125000e+01
6.892093658447265625e+01
6.950075531005859375e+01
7.008056640625000000e+01
7.066038513183593750e+01
8.293236541748046875e+01
8.345024108886718750e+01
8.396812438964843750e+01
8.500387573242187500e+01
7.294323730468750000e+01
7.344925689697265625e+01
7.395528411865234375e+01
6.269325256347656250e+01
6.324273681640625000e+01
6.392958450317382812e+01
6.461643218994140625e+01
6.599012756347656250e+01
8.190047454833984375e+01
8.236589813232421875e+01
7.822680664062500000e+01
7.877317047119140625e+01
7.931954193115234375e+01
7.986590576171875000e+01
8.041226959228515625e+01
8.161965179443359375e+01
8.211978912353515625e+01
8.261993408203125000e+01
7.116761779785156250e+01
7.163979339599609375e+01
7.543976593017578125e+01
7.592610931396484375e+01
7.641246032714843750e+01
7.738514709472656250e+01
7.781233215332031250e+01
7.825421142578125000e+01
7.878446960449218750e+01
7.966822814941406250e+01
6.264410781860351562e+01
6.322040557861328125e+01
6.408483886718750000e+01
8.312741088867187500e+01
8.355979156494140625e+01
8.399216461181640625e+01
8.485691833496093750e+01
8.196877288818359375e+01
8.246890258789062500e+01
8.346916961669921875e+01
8.446943664550781250e+01
9.636444091796875000e+01
9.695093536376953125e+01
9.797733306884765625e+01
9.988347625732421875e+01
8.527857208251953125e+01
8.565560150146484375e+01
8.603263092041015625e+01
8.678668212890625000e+01
8.161404418945312500e+01
8.201768493652343750e+01
8.262314605712890625e+01
8.353134155273437500e+01
7.315062713623046875e+01
7.382393646240234375e+01
7.430487823486328125e+01
7.140645599365234375e+01
7.187685394287109375e+01
7.234725952148437500e+01
6.555059051513671875e+01
6.605397033691406250e+01
6.680907440185546875e+01
6.806755828857421875e+01
6.861981201171875000e+01
6.919374084472656250e+01
6.988246154785156250e+01
7.091552734375000000e+01
8.437251281738281250e+01
8.481678009033203125e+01
6.853891754150390625e+01
6.954216003417968750e+01
7.732374572753906250e+01
7.833875274658203125e+01
7.884625244140625000e+01
7.935375976562500000e+01
8.036875915527343750e+01
7.234972381591796875e+01
7.286119842529296875e+01
7.273568725585937500e+01
7.322164154052734375e+01
7.370760345458984375e+01
7.467951965332031250e+01
6.921743774414062500e+01
6.972154998779296875e+01
7.123388671875000000e+01
6.733908843994140625e+01
6.780644989013671875e+01
6.827381134033203125e+01
6.930200958251953125e+01
7.226747894287109375e+01
7.273764801025390625e+01
8.456102752685546875e+01
8.506299591064453125e+01
8.566535186767578125e+01
8.656889343261718750e+01
6.420341491699218750e+01
6.521340179443359375e+01
6.603974914550781250e+01
4.959779357910156250e+01
5.030208206176757812e+01
5.100637054443359375e+01
5.185152435302734375e+01
5.410525131225585938e+01
6.931944274902343750e+01
6.968094635009765625e+01
7.022319030761718750e+01
7.114557647705078125e+01
7.185415649414062500e+01
7.697849273681640625e+01
7.741505432128906250e+01
7.785160827636718750e+01
7.828816986083984375e+01
7.872472381591796875e+01
7.959783935546875000e+01
7.246701812744140625e+01
7.293674468994140625e+01
7.340647125244140625e+01
7.434592437744140625e+01
7.756229400634765625e+01
7.800495147705078125e+01
7.844760894775390625e+01
7.933291625976562500e+01
7.322411346435546875e+01
7.370928955078125000e+01
7.419445800781250000e+01
8.188745117187500000e+01
8.242041015625000000e+01
8.305996704101562500e+01
7.268496704101562500e+01
7.368754577636718750e+01
7.418883514404296875e+01
7.469012451171875000e+01
7.569270324707031250e+01
7.501070404052734375e+01
7.549502563476562500e+01
7.597935485839843750e+01
7.517739105224609375e+01
7.567280578613281250e+01
7.869264221191406250e+01
7.920675659179687500e+01
7.972087097167968750e+01
8.023498535156250000e+01
7.738548278808593750e+01
7.780184173583984375e+01
7.821820068359375000e+01
7.863455963134765625e+01
7.905091857910156250e+01
7.996690368652343750e+01
5.742131042480468750e+01
5.789823913574218750e+01
5.837516021728515625e+01
8.046695709228515625e+01
8.096894836425781250e+01
7.386083984375000000e+01
7.435292053222656250e+01
7.494341278076171875e+01
7.582914733886718750e+01
7.125157928466796875e+01
7.178744506835937500e+01
7.232330322265625000e+01
8.633860778808593750e+01
8.694883728027343750e+01
8.755906677246093750e+01
6.862824249267578125e+01
6.910478210449218750e+01
7.123802947998046875e+01
7.171861267089843750e+01
7.219919586181640625e+01
8.826221466064453125e+01
8.884223937988281250e+01
8.942226409912109375e+01
7.566197967529296875e+01
7.614816284179687500e+01
7.663435363769531250e+01
7.770395660400390625e+01
6.370884704589843750e+01
6.435834503173828125e+01
6.500784301757812500e+01
6.630684661865234375e+01
7.639635467529296875e+01
7.690012359619140625e+01
7.740389251708984375e+01
8.205695343017578125e+01
8.253855895996093750e+01
8.302015686035156250e+01
6.268401718139648438e+01
6.336874389648437500e+01
6.419041442871093750e+01
6.542292785644531250e+01
6.679238891601562500e+01
7.238842773437500000e+01
7.288780212402343750e+01
7.338717651367187500e+01
7.438592529296875000e+01
7.496173858642578125e+01
7.546216583251953125e+01
6.344800567626953125e+01
6.404719543457031250e+01
6.464637756347656250e+01
7.474477386474609375e+01
7.523365020751953125e+01
7.561614990234375000e+01
7.611389923095703125e+01
7.671118927001953125e+01
7.770668029785156250e+01
8.438098907470703125e+01
8.545595550537109375e+01
7.512624359130859375e+01
7.562515258789062500e+01
7.622384643554687500e+01
7.712187957763671875e+01
8.131485748291015625e+01
8.177780151367187500e+01
8.224073791503906250e+01
7.487076568603515625e+01
7.536090087890625000e+01
7.585103607177734375e+01
7.634117126464843750e+01
8.199668884277343750e+01
8.258040618896484375e+01
8.316411590576171875e+01
8.433153533935546875e+01
7.557511138916015625e+01
7.615222930908203125e+01
7.653697204589843750e+01
7.749884033203125000e+01
7.874665069580078125e+01
7.922859191894531250e+01
7.971052551269531250e+01
8.067440032958984375e+01
7.903251647949218750e+01
7.953085327148437500e+01
7.867917633056640625e+01
7.920397186279296875e+01
7.972877502441406250e+01
8.077836608886718750e+01
6.737053680419921875e+01
6.795394897460937500e+01
6.853736877441406250e+01
6.970420074462890625e+01
7.588957977294921875e+01
7.639165496826171875e+01
7.756664276123046875e+01
7.803813171386718750e+01
7.850962066650390625e+01
7.945259857177734375e+01
7.164427947998046875e+01
7.203002166748046875e+01
7.251219940185546875e+01
5.187905502319335938e+01
5.270257568359375000e+01
5.352609634399414062e+01
6.281624221801757812e+01
6.377303314208984375e+01
6.425142669677734375e+01
6.472982788085937500e+01
6.409712219238281250e+01
6.460105895996093750e+01
8.179054260253906250e+01
8.251876068115234375e+01
8.300422668457031250e+01
8.421791076660156250e+01
8.075045013427734375e+01
8.117905426025390625e+01
8.160766601562500000e+01
8.246487426757812500e+01
9.755062866210937500e+01
9.855909729003906250e+01
9.956755828857421875e+01
1.015844955444335938e+02
8.154672241210937500e+01
8.202688598632812500e+01
8.250704956054687500e+01
5.981599426269531250e+01
6.041495513916015625e+01
6.101391601562500000e+01
6.221184158325195312e+01
6.742998504638671875e+01
6.799759674072265625e+01
6.856520080566406250e+01
6.924632263183593750e+01
6.981393432617187500e+01
7.094914245605468750e+01
7.518931579589843750e+01
7.567047119140625000e+01
7.615162658691406250e+01
7.711393737792968750e+01
8.837075805664062500e+01
8.893666076660156250e+01
8.950256347656250000e+01
8.078710937500000000e+01
8.123236083984375000e+01
8.256809997558593750e+01
6.140235137939453125e+01
6.177966690063476562e+01
6.215698242187500000e+01
8.583170318603515625e+01
8.648285675048828125e+01
6.642165374755859375e+01
6.698051452636718750e+01
6.753936767578125000e+01
7.009918975830078125e+01
7.060870361328125000e+01
7.145789337158203125e+01
6.718151855468750000e+01
6.779795074462890625e+01
6.841438293457031250e+01
6.903081512451171875e+01
6.964724731445312500e+01
7.184723663330078125e+01
7.236552429199218750e+01
7.288381195068359375e+01
7.392038726806640625e+01
8.945917510986328125e+01
9.010485076904296875e+01
9.204189300537109375e+01
