0.016195
0.044976
-0.004490
0.073167
0.177500
-0.101280
-0.041480
-0.163935
0.318948
-0.037795
0.119700
-0.022767
0.453762
0.066307
0.002631
-0.003745
-0.150803
0.448421
0.034734
0.097623
-0.031293
-0.131892
-0.058686
-0.154980
0.126327
-0.172255
-0.171179
0.134988
-0.324482
0.022011
-0.039015
0.099813
0.539106
0.013274
0.008448
-0.015873
0.022606
0.378112
-0.005605
-0.133140
-0.033120
-0.017429
-0.092505
0.361104
-0.328149
0.088068
0.011724
0.167658
-0.106459
-0.054152
0.025283
0.051435
-0.363490
-0.082990
-0.348848
0.072267
-0.199595
0.151324
0.050812
0.104151
-0.029178
0.023262
-0.063771
0.030090
0.083729
-0.093982
0.195100
0.058858
-0.012758
-0.389766
0.332578
0.088358
0.338055
-0.091937
0.138279
0.001032
0.129284
-0.000786
0.649735
0.053157
-0.015953
-0.314290
-0.156565
-0.109721
0.023603
0.539065
-0.018232
-0.056822
0.080451
0.391164
0.009304
-0.043585
0.235877
-0.358073
-0.047294
0.053979
0.014578
-0.187371
0.589485
0.003315
-0.029882
-0.093122
0.080744
-0.009310
-0.275785
-0.063754
-0.048176
0.151468
-0.160443
-0.184955
0.041779
0.710120
0.049575
-0.004585
-0.001808
-0.168262
0.073515
0.167639
-0.093761
0.217272
-0.080027
-0.017718
-0.037373
-0.061390
-0.208888
-0.100093
-0.017238
-0.005464
0.015250
-0.123135
-0.072861
0.116192
-0.070338
0.374513
0.001646
-0.138388
0.012999
0.098156
-0.272240
-0.242628
-0.001611
0.026023
-0.002477
0.056485
-0.007081
0.064398
0.043423
0.000620
0.063890
0.060961
0.011251
0.025600
0.015459
0.027449
-0.039818
-0.007550
0.033755
0.017100
-0.218531
0.028540
0.031325
0.023501
0.148100
0.035133
0.011972
0.317506
-0.071652
0.088680
0.000283
-0.057247
-0.027691
-0.123566
0.365152
-0.145311
0.000267
0.382721
-0.282290
0.009064
-0.038871
-0.061023
0.229908
0.137900
-0.118179
0.003243
0.014893
0.022697
-0.028486
0.008190
-0.067503
-0.061512
0.003925
-0.085373
0.342583
-0.101207
0.012181
-0.135689
-0.062461
-0.121816
-0.030109
0.063843
0.002576
-0.031852
-0.009217
0.027835
-0.183062
-0.047247
0.003968
-0.015973
0.069267
0.199228
-0.048057
-0.039610
0.148462
-0.028017
0.261595
0.007505
-0.037496
0.314415
-0.001251
0.000857
0.180965
-0.022489
-0.004520
-0.023018
-0.002186
-0.077009
-0.019923
0.154798
-0.038884
-0.036796
-0.003337
0.048407
0.154292
0.004144
-0.058712
-0.036291
0.498981
-0.044170
0.007837
0.193659
-0.154070
0.701578
-0.040480
0.180590
0.126819
-0.038419
0.123816
-0.115977
-0.281524
0.264136
0.111288
-0.163471
0.209338
0.035922
0.255695
