-41.026308
-169.757876
239.591691
78.858745
-5.058936
327.704613
233.112353
-194.215241
151.093367
227.261939
-185.985730
54.075031
68.789319
-71.438729
81.881574
-81.028922
-299.549641
-289.272562
-92.256726
-108.447990
-14.477156
246.538815
-284.510031
-60.933074
186.009655
155.379125
-108.272669
-116.021289
-24.435271
-259.645129
-25.195569
101.151013
-25.554173
-157.500537
484.659269
587.684716
-302.033186
210.739249
-83.031706
95.206592
92.960556
182.420215
-11.345224
24.037165
98.264630
-297.159509
132.971106
-92.251712
-114.183967
-114.107018
-13.650057
-118.327330
-207.081653
-83.497868
330.596704
-51.400131
169.640925
21.745809
61.703976
-17.117218
-143.283408
-83.027233
184.177692
-247.902289
-241.972539
289.127804
-84.446921
123.902877
-403.602498
227.690787
-197.130372
13.895005
452.175186
-207.940516
-627.519379
39.951998
-317.865082
-42.561081
-164.696484
431.361165
-92.185778
-193.611734
-387.491276
-240.386538
75.746752
-98.901613
-19.581633
-386.082164
117.191789
-400.804340
140.079516
-12.320391
12.891996
97.152309
-109.326195
-560.829682
-68.287375
296.216870
401.813618
40.691770
-559.445487
429.415927
-127.772998
186.403890
210.151793
209.773672
76.940551
-79.722169
-125.161575
-116.855485
168.075883
-37.896214
-149.050121
401.881252
322.983604
-286.951757
-188.802878
-491.754192
-105.377731
-277.760325
-252.862157
-292.564453
119.000271
453.499022
552.627267
55.713894
153.705496
-100.639761
-180.274920
148.727406
298.801213
229.368567
274.791529
-52.854758
91.512890
40.303473
-150.266160
30.576112
-139.485753
3.010273
-378.388456
61.424730
-130.947411
-220.278966
110.422961
49.168530
-370.658513
-259.307495
-44.822433
-192.160682
-262.020088
-461.761048
156.929445
-170.282858
184.849907
-119.974357
-587.173408
216.280241
253.090568
-219.513025
-66.986420
-297.191538
-153.270137
69.328927
254.317888
226.382923
-389.803320
-163.622332
-226.095252
239.616479
248.604912
-479.585801
-375.104723
-297.047124
181.470951
-307.381445
124.190087
-319.367997
-132.794710
223.557181
105.064576
276.037597
104.210927
-174.546573
37.459302
0.033841
566.563209
-117.182158
333.570130
-315.564317
8.457298
215.001247
-57.579034
-12.200909
125.152113
376.854845
-355.826473
297.676741
286.491935
-255.592839
-182.743213
253.986882
-15.429761
464.648610
102.023401
-19.088007
-75.637431
-335.505473
232.938815
-42.795628
99.462852
291.715124
-60.320331
-90.778459
279.920492
-388.201037
-345.855041
73.612892
-404.464172
-51.003878
105.553152
-48.435458
30.246574
-666.435473
-352.380949
120.720877
-448.214323
105.831333
-360.358722
-394.341707
-219.982530
360.753666
316.181094
464.953753
-99.668366
159.579933
392.630264
269.768463
625.184880
278.489456
70.657625
34.196987
-210.972488
-33.111327
-126.773161
516.950634
-157.463886
229.348437
299.814391
-235.235047
-213.127633
-353.616768
308.362100
215.912592
-265.396398
