75.428258
74.498038
75.907483
76.163749
77.199381
77.075636
72.283448
77.482357
79.391199
76.364746
73.527447
76.090238
82.739947
73.794492
75.232332
76.720628
72.607411
79.199108
73.965190
79.633921
73.498363
76.762993
77.125855
72.453549
73.118759
71.243527
80.454069
76.360610
79.147980
77.182811
75.986718
71.977606
84.505424
76.536170
72.181938
76.991601
75.405041
79.584156
75.387616
70.511551
76.609157
76.004075
82.135343
78.262308
78.658994
78.433375
75.692940
79.320729
73.163893
73.764934
77.713823
80.924512
79.375491
80.698058
82.674848
81.270605
77.206027
72.967242
76.082479
77.867018
77.262325
79.292434
74.222401
72.480639
77.643189
79.659755
78.472814
74.087041
74.499828
72.073039
83.115752
73.406774
80.604978
80.075061
73.769349
75.338446
82.459867
75.351099
84.576597
74.094464
75.642818
80.473704
76.823906
72.672698
75.588671
69.443597
75.658753
76.690904
72.577383
81.898014
81.018020
74.855791
79.295459
79.651683
76.354301
77.684531
71.636847
73.297390
64.937843
75.099579
76.240502
71.331605
76.551644
79.180565
81.781051
74.704277
72.709284
73.513026
77.881441
79.746346
74.412122
85.826629
80.234336
76.375458
75.297060
77.209988
81.522816
70.923459
78.685901
70.605357
78.074527
76.007505
76.235291
73.291412
73.572653
77.193676
73.717756
72.463255
75.052451
73.078344
73.253457
73.595982
71.473980
82.652663
75.484739
77.950277
75.471671
74.241218
78.802710
69.622665
74.675881
75.475466
75.184227
74.104577
75.840877
73.651022
76.882858
75.355963
77.358515
76.664905
74.932216
76.318813
72.613246
71.394518
74.478417
75.568873
75.985976
75.510438
83.462456
77.887582
74.794630
78.483895
81.268751
74.795075
76.591822
82.150045
76.469114
70.787392
75.344804
73.636313
77.617920
78.614984
82.958416
77.105199
75.395679
71.908521
77.617259
75.205928
72.995743
73.398846
81.017284
80.987151
76.647353
75.301971
75.069374
76.547562
73.499992
75.495912
74.076894
73.085205
75.338048
74.244881
78.020374
73.276190
75.667239
79.434806
72.475820
78.802455
73.400858
74.084940
75.571057
71.160110
72.886055
74.464176
79.950722
74.904525
75.216305
73.524380
80.342642
72.424773
74.361030
73.887237
73.693953
69.089334
80.394384
74.374780
75.946105
82.085129
74.877829
75.100665
77.858912
78.829666
76.044908
75.569340
72.836711
76.663306
71.599780
71.831702
77.675154
76.385420
75.417536
73.644926
79.563719
74.075667
77.256691
73.952099
80.497336
74.708495
75.278367
69.821417
77.798088
64.349579
76.056333
77.194533
78.899743
69.576208
74.018433
77.296206
73.466951
70.484360
77.209882
71.980457
84.454784
79.894906
72.406535
