-0.858641
0.011551
-0.257252
0.160007
0.013254
1.975978
-1.726514
-0.204397
0.056907
0.041744
-0.035841
-0.078647
0.344914
0.805811
-0.044789
0.022706
-0.658956
-1.971394
0.063107
0.113722
0.220581
0.023444
0.150271
-0.059764
0.106353
-0.122664
0.161945
-0.066126
-0.099975
0.024452
-0.143105
0.110119
-0.134629
0.125244
-1.748923
-0.016762
0.004365
-0.221570
-0.045026
0.056562
0.357234
0.053594
0.348945
0.600146
0.176744
-0.052113
0.074572
0.122571
0.418299
0.004789
-0.011146
0.055870
-0.009446
0.002788
0.025041
0.294890
0.309360
-0.731738
-0.004451
-1.982794
-0.288396
0.016953
-0.562047
0.613739
0.037068
0.249346
0.036873
0.300430
-0.166439
0.040743
1.756573
1.162741
1.300467
0.138501
1.905536
-0.509702
-2.356420
-1.597520
1.096411
-0.262413
0.355068
0.146746
-0.177092
0.133313
1.777836
0.176018
0.306181
0.013166
0.295266
-0.231167
0.321177
-0.018572
-0.133253
2.015810
0.507531
0.423565
-0.077325
0.078141
0.132860
0.184557
-1.837354
-0.199796
-2.508395
0.005103
-0.162398
0.094500
-1.427304
-0.086616
0.118454
0.237169
-0.024565
-0.018865
0.005134
0.082979
-0.534105
0.122158
0.005044
0.372026
-0.027177
-0.067780
0.025475
0.012323
-0.113862
-0.001519
0.074090
-0.239707
1.044410
-1.769749
-0.041022
-0.193266
0.213547
-0.021851
-0.278220
0.140146
0.105929
-0.123130
0.042186
0.123112
0.022892
-0.245068
-0.791052
0.346439
1.647561
0.001890
0.191295
0.898602
0.017584
0.040085
0.044513
0.304671
-0.200637
-0.005636
-1.185276
-0.233467
1.458928
-0.042424
0.101462
0.355754
-0.074437
-0.031519
0.013156
0.028015
0.016104
-0.142029
-0.019514
0.094590
0.217781
-0.486606
-0.031664
-1.055559
0.010245
0.013475
-0.059845
0.422758
0.338264
0.020049
0.035757
0.685600
0.216488
-0.005643
-0.078888
0.030479
-0.140806
-2.402251
0.245047
0.145765
0.205038
-0.731239
-0.020713
0.062717
0.186392
0.625990
1.074430
0.184724
0.194135
-0.008732
-1.689538
0.053942
0.024812
0.038986
