20.000010
20.502522
21.005035
21.507547
22.010060
22.512572
23.015085
23.517597
24.020110
24.522622
25.025135
25.527647
26.030160
26.532672
27.035184
27.537697
28.040209
28.542722
29.045234
29.547747
30.050259
30.552772
31.055284
31.557797
32.060309
32.562822
33.065334
33.567846
34.070359
34.572871
35.075384
35.577896
36.080409
36.582921
37.085434
37.587946
38.090459
38.592971
39.095484
39.597996
40.100508
40.603021
41.105533
41.608046
42.110558
42.613071
43.115583
43.618096
44.120608
44.623121
45.125633
45.628146
46.130658
46.633171
47.135683
47.638195
48.140708
48.643220
49.145733
49.648245
50.150758
50.653270
51.155783
51.658295
52.160808
52.663320
53.165833
53.668345
54.170857
54.673370
55.175882
55.678395
56.180907
56.683420
57.185932
57.688445
58.190957
58.693470
59.195982
59.698495
60.201007
60.703519
61.206032
61.708544
62.211057
62.713569
63.216082
63.718594
64.221107
64.723619
65.226132
65.728644
66.231157
66.733669
67.236181
67.738694
68.241206
68.743719
69.246231
69.748744
70.251256
70.753769
71.256281
71.758794
72.261306
72.763819
73.266331
73.768843
74.271356
74.773868
75.276381
75.778893
76.281406
76.783918
77.286431
77.788943
78.291456
78.793968
79.296481
79.798993
80.301505
80.804018
81.306530
81.809043
82.311555
82.814068
83.316580
83.819093
84.321605
84.824118
85.326630
85.829143
86.331655
86.834167
87.336680
87.839192
88.341705
88.844217
89.346730
89.849242
90.351755
90.854267
91.356780
91.859292
92.361805
92.864317
93.366829
93.869342
94.371854
94.874367
95.376879
95.879392
96.381904
96.884417
97.386929
97.889442
98.391954
98.894467
99.396979
99.899492
100.402004
100.904516
101.407029
101.909541
102.412054
102.914566
103.417079
103.919591
104.422104
104.924616
105.427129
105.929641
106.432154
106.934666
107.437178
107.939691
108.442203
108.944716
109.447228
109.949741
110.452253
110.954766
111.457278
111.959791
112.462303
112.964816
113.467328
113.969840
114.472353
114.974865
115.477378
115.979890
116.482403
116.984915
117.487428
117.989940
118.492453
118.994965
119.497478
119.999990
