0.736872 0.940819
0.736872 0.940819
0.736872 0.940819
0.736872 0.940819
0.736872 0.940819
0.736872 0.940819
0.736872 0.940819
0.736872 0.940819
0.458901 0.635699
0.462911 0.637659
0.466922 0.639677
0.470930 0.641754
0.474937 0.643895
0.478926 0.646093
0.482898 0.648347
0.486850 0.650656
0.277126 0.687270
0.278839 0.689667
0.280686 0.692253
0.282298 0.694459
0.284075 0.696932
0.286076 0.699692
0.287796 0.702053
0.289722 0.704681
0.626990 0.628663
0.629571 0.633688
0.631585 0.637903
0.633482 0.642025
0.635849 0.647083
0.637522 0.650981
0.639165 0.654898
0.641213 0.659598
0.530920 0.679791
0.534833 0.683078
0.538690 0.686406
0.542485 0.689766
0.546181 0.693127
0.549783 0.696484
0.553326 0.699858
0.556818 0.703247
0.229335 0.281531
0.229335 0.281531
0.229335 0.281531
0.229335 0.281531
0.229335 0.281531
0.229335 0.281531
0.229335 0.281531
0.229335 0.281531
0.759829 1.004272
0.760142 1.004240
0.759711 1.004403
0.758511 1.004767
0.757732 1.004955
0.757963 1.004943
0.758162 1.004957
0.756817 1.005265
0.272751 0.655126
0.275325 0.658216
0.278021 0.661464
0.280824 0.664826
0.283721 0.668315
0.286712 0.671914
0.289735 0.675560
0.292823 0.679257
0.606447 0.715487
0.609677 0.720171
0.612865 0.724772
0.615928 0.729187
0.618955 0.733500
0.621901 0.737650
0.624802 0.741671
0.627656 0.745552
0.464106 0.608591
0.467939 0.610119
0.471818 0.611752
0.475691 0.613441
0.479534 0.615188
0.483378 0.617001
0.487242 0.618921
0.491056 0.620885
0.517322 0.722456
0.524643 0.727693
0.531669 0.732829
0.538469 0.737892
0.545167 0.742945
0.551521 0.747820
0.557686 0.752606
0.563777 0.757336
0.381059 0.675423
0.385189 0.678244
0.389375 0.681091
0.393634 0.683974
0.397972 0.686910
0.402376 0.689878
0.406832 0.692845
0.411358 0.695891
0.700184 0.615760
0.701085 0.619738
0.702495 0.625598
0.703884 0.631677
0.704593 0.635278
0.705272 0.638855
0.706351 0.644047
0.707434 0.649399
0.321164 0.392020
0.326267 0.388956
0.331675 0.385725
0.337737 0.382148
0.343866 0.378598
0.351294 0.374404
0.357970 0.370741
0.366265 0.366391
0.428408 0.675058
0.432873 0.677697
0.437387 0.680378
0.441915 0.683089
0.446490 0.685844
0.451038 0.688590
0.455645 0.691416
0.460251 0.694249
0.458928 0.624696
0.462849 0.626445
0.466807 0.628296
0.470752 0.630194
0.474688 0.632153
0.478612 0.634162
0.482542 0.636269
0.486438 0.638420
0.687313 0.926473
0.687876 0.926260
0.692181 0.925443
0.693689 0.925093
0.696490 0.924581
0.697302 0.924351
0.700154 0.923878
0.701799 0.923583
0.773867 1.016752
0.773491 1.017094
0.772841 1.017557
0.772089 1.018021
0.771468 1.018407
0.771064 1.018734
0.770595 1.019001
0.770197 1.019272
0.437304 0.582080
0.441673 0.583061
0.446052 0.584106
0.450458 0.585226
0.454905 0.586420
0.459392 0.587719
0.463898 0.589098
0.468394 0.590560
0.602328 0.641617
0.605753 0.647073
0.609058 0.652563
0.612216 0.658019
0.615163 0.663311
0.617903 0.668392
0.620530 0.673445
0.623062 0.678399
0.658587 0.627854
0.660038 0.631948
0.661256 0.635562
0.663185 0.641014
0.664356 0.644702
0.665628 0.648694
0.667250 0.653581
0.668245 0.657012
0.553849 0.688841
0.557698 0.692692
0.561484 0.696573
0.565180 0.700449
0.568719 0.704255
0.572155 0.708014
0.575539 0.711792
0.578893 0.715565
0.651882 0.697957
0.655405 0.706479
0.658678 0.714193
0.662273 0.722132
0.665736 0.729432
0.668940 0.735812
0.672185 0.741959
0.675645 0.748006
0.345707 0.638893
0.348980 0.640831
0.352266 0.642781
0.355612 0.644757
0.359053 0.646823
0.362578 0.648934
0.366121 0.651061
0.369716 0.653222
0.616134 0.674168
0.619228 0.679937
0.622227 0.685609
0.625122 0.691167
0.627934 0.696608
0.630611 0.701800
0.633238 0.706932
0.635865 0.711981
0.200442 0.537654
0.202457 0.541053
0.204464 0.544353
0.206513 0.547602
0.208615 0.550822
0.210797 0.554036
0.213117 0.557306
0.215515 0.560555
0.641531 0.657892
0.644185 0.664387
0.646678 0.670654
0.648988 0.676561
0.651235 0.682428
0.653464 0.688204
0.655541 0.693568
0.657602 0.698910
0.552342 0.773305
0.556253 0.775789
0.560172 0.778263
0.563910 0.780628
0.567444 0.782877
0.570897 0.785069
0.574374 0.787242
0.577928 0.789423
0.328594 0.652890
0.333050 0.656311
0.337620 0.659829
0.342317 0.663431
0.347087 0.667087
0.352023 0.670868
0.357103 0.674748
0.362389 0.678779
0.525009 0.662164
0.528528 0.664956
0.532040 0.667843
0.535504 0.670761
0.538832 0.673654
0.542183 0.676639
0.545415 0.679590
0.548586 0.682581
0.252355 0.607686
0.254467 0.609795
0.256538 0.611846
0.258677 0.613949
0.260890 0.616101
0.263137 0.618294
0.265497 0.620565
0.267949 0.622943
0.595356 0.635491
0.597629 0.638887
0.600315 0.642864
0.602616 0.646464
0.604849 0.650064
0.607267 0.653973
0.609173 0.657309
0.611493 0.661250
0.344105 0.689017
0.347121 0.691703
0.350290 0.694522
0.353535 0.697387
0.356800 0.700242
0.360146 0.703156
0.363584 0.706118
0.367147 0.709170
0.625005 0.667882
0.626704 0.671332
0.628428 0.674857
0.629725 0.677680
0.631701 0.681692
0.632816 0.684255
0.634617 0.687960
0.635970 0.690920
0.762960 1.004653
0.762317 1.004980
0.761789 1.005244
0.761183 1.005512
0.760476 1.005787
0.759778 1.006035
0.759217 1.006255
0.758781 1.006376
0.391261 0.631106
0.395524 0.632976
0.399864 0.634913
0.404261 0.636898
0.408730 0.638950
0.413252 0.641045
0.417840 0.643232
0.422477 0.645473
0.493316 0.662504
0.497553 0.665252
0.501751 0.668049
0.505886 0.670877
0.510003 0.673794
0.514050 0.676730
0.518040 0.679708
0.521960 0.682700
0.245486 0.628518
0.247859 0.631568
0.250802 0.635364
0.253497 0.638792
0.256551 0.642708
0.259489 0.646451
0.262698 0.650568
0.265987 0.654767
0.323937 0.618051
0.327317 0.619811
0.330762 0.621611
0.334295 0.623465
0.337921 0.625351
0.341659 0.627321
0.345482 0.629328
0.349376 0.631376
0.473938 0.598508
0.480372 0.601092
0.486755 0.603857
0.493141 0.606850
0.499434 0.610034
0.505646 0.613423
0.511767 0.617016
0.517803 0.620823
0.737454 0.748757
0.738429 0.750379
0.739804 0.752919
0.741236 0.755325
0.742490 0.757405
0.743814 0.759402
0.745361 0.761838
0.746704 0.763748
0.533775 0.635653
0.536965 0.638228
0.540034 0.640799
0.543155 0.643492
0.546080 0.646118
0.549119 0.648913
0.551944 0.651614
0.554812 0.654425
0.713216 0.674887
0.714121 0.679564
0.714997 0.683985
0.715860 0.688208
0.716761 0.692427
0.717636 0.696379
0.718494 0.700101
0.719438 0.703983
0.277408 0.445005
0.279307 0.444452
0.281128 0.443882
0.282775 0.443344
0.284665 0.442695
0.286527 0.442030
0.288363 0.441341
0.290585 0.440480
0.392383 0.514452
0.397546 0.513657
0.402901 0.512874
0.408472 0.512117
0.414108 0.511410
0.419907 0.510757
0.425906 0.510166
0.432122 0.509654
0.268824 0.589606
0.271362 0.591251
0.273996 0.592932
0.276707 0.594627
0.279498 0.596357
0.282357 0.598113
0.285288 0.599882
0.288288 0.601668
0.560018 0.634979
0.564086 0.639174
0.568046 0.643457
0.571802 0.647720
0.575355 0.651942
0.578782 0.656185
0.582283 0.660638
0.585679 0.665118
0.350957 0.543010
0.354685 0.542803
0.358506 0.542582
0.362457 0.542347
0.366594 0.542101
0.370863 0.541848
0.375120 0.541591
0.379381 0.541330
0.726744 0.658156
0.727844 0.665406
0.728712 0.671216
0.729477 0.676258
0.730569 0.682665
0.731350 0.687384
0.732217 0.691987
0.733311 0.697668
0.600188 0.756288
0.605442 0.761527
0.610529 0.766487
0.615509 0.771199
0.620360 0.775641
0.625120 0.779835
0.629774 0.783773
0.634346 0.787477
0.470240 0.665237
0.474170 0.667555
0.478086 0.669916
0.481971 0.672295
0.485862 0.674746
0.489718 0.677211
0.493545 0.679715
0.497342 0.682247
0.537818 0.636325
0.541523 0.639437
0.545232 0.642698
0.548892 0.646034
0.552308 0.649289
0.555798 0.652719
0.559173 0.656150
0.562341 0.659530
0.454928 0.654892
0.459553 0.657399
0.464161 0.659951
0.468799 0.662601
0.473412 0.665296
0.478011 0.668043
0.482570 0.670829
0.487129 0.673700
0.467825 0.649217
0.471568 0.651269
0.475301 0.653366
0.479022 0.655507
0.482728 0.657692
0.486402 0.659899
0.490082 0.662193
0.493723 0.664507
0.579597 0.714671
0.583624 0.719322
0.587538 0.723894
0.591329 0.728358
0.594994 0.732683
0.598615 0.736966
0.602156 0.741125
0.605578 0.745112
0.269131 0.499342
0.272933 0.499412
0.276636 0.499358
0.280357 0.499186
0.284725 0.498839
0.288766 0.498393
0.293093 0.497794
0.298270 0.496938
0.295806 0.494065
0.298175 0.493611
0.300304 0.493169
0.302594 0.492670
0.305038 0.492112
0.307800 0.491452
0.310739 0.490718
0.313293 0.490040
0.688291 0.934672
0.690054 0.934243
0.689714 0.934268
0.690177 0.934093
0.692732 0.933530
0.694801 0.933076
0.694413 0.933099
0.695239 0.932874
0.333636 0.600793
0.336730 0.601884
0.339890 0.603001
0.343117 0.604147
0.346408 0.605299
0.349770 0.606489
0.353190 0.607686
0.356676 0.608916
0.774278 1.017616
0.774284 1.017797
0.773468 1.018299
0.772715 1.018686
0.771927 1.019090
0.771412 1.019386
0.771157 1.019592
0.771033 1.019762
0.223975 0.621667
0.225160 0.623582
0.226470 0.625670
0.227720 0.627640
0.229007 0.629694
0.230403 0.631897
0.231733 0.633991
0.233099 0.636137
0.438328 0.621548
0.442732 0.623313
0.447168 0.625152
0.451615 0.627058
0.456091 0.629047
0.460553 0.631087
0.465057 0.633248
0.469543 0.635465
0.180987 0.621842
0.181996 0.624788
0.183109 0.627996
0.183662 0.629775
0.184218 0.631544
0.185004 0.633871
0.186089 0.636949
0.186964 0.639480
0.781427 0.739182
0.783086 0.742265
0.783536 0.742630
0.784623 0.744293
0.785296 0.745082
0.786284 0.746415
0.787128 0.747446
0.787979 0.748450
0.526516 0.648849
0.531110 0.652480
0.535588 0.656170
0.539963 0.659955
0.544198 0.663762
0.548390 0.667673
0.552479 0.671631
0.556444 0.675609
0.679644 0.658537
0.680811 0.662681
0.681844 0.666583
0.682446 0.669125
0.683720 0.673659
0.684528 0.676774
0.685286 0.679646
0.686556 0.684191
0.368874 0.587191
0.373301 0.588054
0.377865 0.588968
0.382523 0.589905
0.387282 0.590891
0.392151 0.591931
0.397096 0.593008
0.402139 0.594153
0.706595 0.702035
0.707424 0.705041
0.708246 0.708108
0.709019 0.710833
0.710113 0.714440
0.711142 0.717719
0.712169 0.720862
0.712964 0.723202
0.309986 0.676665
0.313482 0.680295
0.317020 0.683980
0.320673 0.687742
0.324441 0.691632
0.328292 0.695562
0.332313 0.699638
0.336442 0.703768
0.214379 0.521858
0.216337 0.524093
0.218514 0.526420
0.220679 0.528655
0.222856 0.530813
0.225196 0.533000
0.227622 0.535170
0.230035 0.537237
0.229557 0.309483
0.227988 0.309040
0.231338 0.311498
0.229822 0.311162
0.232639 0.313049
0.231825 0.313107
0.234315 0.314590
0.233770 0.314779
0.320407 0.343111
0.323225 0.341202
0.325837 0.339463
0.328152 0.337924
0.331137 0.335961
0.334073 0.334045
0.336772 0.332310
0.339969 0.330276
0.300030 0.340275
0.302095 0.338810
0.304052 0.337426
0.306050 0.336004
0.308462 0.334294
0.310882 0.332568
0.313063 0.331026
0.315567 0.329256
0.483580 0.534826
0.489522 0.536045
0.495529 0.537460
0.501511 0.539064
0.507544 0.540895
0.513468 0.542902
0.519464 0.545171
0.525328 0.547625
0.235975 0.300134
0.236711 0.300749
0.237593 0.301358
0.237952 0.301774
0.239029 0.302331
0.239215 0.302649
0.240332 0.303105
0.240151 0.303334
0.641526 0.915796
0.644488 0.915347
0.647965 0.914780
0.650907 0.914311
0.652177 0.914112
0.653503 0.913867
0.654761 0.913638
0.657409 0.913206
0.786135 1.038437
0.786620 1.038459
0.785827 1.038965
0.785876 1.039175
0.786425 1.039225
0.785389 1.039768
0.784921 1.040124
0.785312 1.040239
0.754916 0.995462
0.754843 0.995598
0.755121 0.995546
0.753816 0.996034
0.754247 0.995945
0.753679 0.996154
0.752251 0.996547
0.752874 0.996434
0.222250 0.377690
0.224922 0.379345
0.225047 0.379869
0.227662 0.381278
0.228062 0.381840
0.230634 0.383020
0.231210 0.383561
0.233847 0.384540
0.244902 0.643727
0.248338 0.648689
0.251964 0.653922
0.255773 0.659414
0.259769 0.665170
0.263886 0.671081
0.268192 0.677244
0.272809 0.683841
0.756798 0.776630
0.758297 0.778190
0.759635 0.779484
0.761525 0.781438
0.762304 0.781916
0.764293 0.783914
0.765646 0.785026
0.766919 0.786095
0.607148 0.610220
0.609519 0.613710
0.611155 0.616368
0.613324 0.619799
0.614991 0.622621
0.616902 0.625863
0.618532 0.628770
0.620286 0.631904
0.250341 0.617763
0.253656 0.621473
0.256961 0.625143
0.260280 0.628782
0.263951 0.632821
0.267804 0.637067
0.271656 0.641275
0.275638 0.645615
0.596879 0.610687
0.600163 0.615185
0.602891 0.619164
0.605819 0.623589
0.608845 0.628305
0.611314 0.632416
0.613802 0.636691
0.616474 0.641364
0.241111 0.316805
0.241762 0.317042
0.242923 0.317257
0.242755 0.317463
0.244133 0.317576
0.244673 0.317697
0.245170 0.317806
0.246485 0.317760
0.657924 0.683038
0.659611 0.687558
0.660972 0.691408
0.662196 0.694881
0.663685 0.698873
0.665344 0.703130
0.666701 0.706756
0.667859 0.709834
0.697043 0.653015
0.698212 0.658180
0.699007 0.661961
0.699601 0.664985
0.700655 0.669697
0.701637 0.674132
0.702255 0.677020
0.702887 0.680123
0.424851 0.619743
0.431606 0.622331
0.438426 0.625045
0.445345 0.627960
0.452306 0.631029
0.459284 0.634257
0.466315 0.637715
0.473310 0.641320
0.693120 0.650673
0.694368 0.656165
0.695620 0.661690
0.696850 0.667057
0.698061 0.672482
0.699146 0.677305
0.700232 0.682036
0.701302 0.686610
0.262859 0.655089
0.265883 0.659045
0.269307 0.663574
0.272498 0.667730
0.276138 0.672514
0.279767 0.677254
0.283715 0.682418
0.287548 0.687356
0.722037 0.733491
0.723282 0.736559
0.724539 0.739511
0.725735 0.742171
0.726938 0.744728
0.728155 0.747201
0.729361 0.749542
0.730567 0.751719
0.364346 0.620970
0.368024 0.622503
0.371770 0.624080
0.375612 0.625723
0.379507 0.627384
0.383469 0.629108
0.387481 0.630853
0.391589 0.632679
0.283403 0.633125
0.285919 0.635410
0.288486 0.637739
0.291089 0.640084
0.293773 0.642528
0.296515 0.645011
0.299346 0.647579
0.302247 0.650197
0.245720 0.293737
0.246169 0.293724
0.246522 0.293716
0.247095 0.293651
0.247551 0.293585
0.247866 0.293578
0.248379 0.293486
0.248838 0.293418
0.745012 0.661975
0.745276 0.664471
0.745639 0.667650
0.746080 0.671297
0.746552 0.675113
0.746853 0.677504
0.747134 0.679474
0.747420 0.681801
0.729684 0.670132
0.730358 0.674755
0.731325 0.680637
0.732292 0.686514
0.732983 0.690459
0.734041 0.695973
0.734932 0.700330
0.735599 0.703394
0.610251 0.813180
0.614550 0.815176
0.618907 0.817117
0.623190 0.818959
0.627209 0.820637
0.631110 0.822207
0.635114 0.823758
0.639105 0.825244
0.551557 0.622809
0.556163 0.627081
0.560701 0.631514
0.565111 0.636063
0.569377 0.640703
0.573423 0.645339
0.577269 0.649969
0.580913 0.654551
0.554655 0.569136
0.563799 0.576150
0.572437 0.583696
0.580750 0.591931
0.588074 0.600112
0.595342 0.609129
0.601565 0.617765
0.607653 0.626969
0.671916 0.711468
0.674486 0.717981
0.676645 0.723276
0.679130 0.728964
0.681489 0.734108
0.683730 0.738755
0.686363 0.743858
0.688448 0.747707
0.767131 1.009807
0.766969 1.010017
0.766560 1.010300
0.765786 1.010674
0.764925 1.011041
0.763951 1.011407
0.763199 1.011684
0.762618 1.011930
0.253275 0.629795
0.256093 0.633169
0.258748 0.636317
0.261902 0.640090
0.264723 0.643420
0.268046 0.647385
0.271189 0.651103
0.274570 0.655102
0.790218 1.046875
0.790065 1.047178
0.789336 1.047683
0.789283 1.047979
0.789667 1.048190
0.789062 1.048593
0.787708 1.049199
0.787628 1.049486
0.529059 0.687519
0.533280 0.690997
0.537387 0.694471
0.541442 0.697999
0.545400 0.701521
0.549275 0.705046
0.553046 0.708540
0.556750 0.712058
0.280861 0.644260
0.285177 0.648698
0.289567 0.653214
0.294177 0.657973
0.299075 0.663030
0.304081 0.668168
0.309244 0.673460
0.314935 0.679337
0.308194 0.553115
0.313267 0.553608
0.318561 0.554038
0.324096 0.554404
0.329924 0.554718
0.335969 0.554970
0.342243 0.555169
0.348790 0.555319
0.735270 0.985765
0.733605 0.985719
0.731702 0.985633
0.730997 0.985541
0.730601 0.985463
0.729727 0.985357
0.727656 0.985146
0.725904 0.984947
0.283232 0.612546
0.286572 0.614958
0.290120 0.617511
0.293761 0.620116
0.297420 0.622713
0.301179 0.625368
0.305161 0.628174
0.309257 0.631074
0.608318 0.645541
0.611372 0.650724
0.614395 0.656024
0.617196 0.661139
0.619678 0.665853
0.622054 0.670542
0.624522 0.675405
0.626970 0.680263
0.203970 0.472883
0.203970 0.472883
0.203970 0.472883
0.203970 0.472883
0.203970 0.472883
0.205685 0.474968
0.207055 0.476941
0.208966 0.479250
0.323592 0.607187
0.327447 0.608881
0.331410 0.610608
0.335475 0.612381
0.339658 0.614211
0.343945 0.616077
0.348353 0.617990
0.352874 0.619967
0.297348 0.592884
0.303569 0.595693
0.310107 0.598565
0.316989 0.601518
0.324246 0.604576
0.331883 0.607750
0.339920 0.611062
0.348389 0.614547
0.460551 0.642988
0.466017 0.645817
0.471469 0.648735
0.476930 0.651796
0.482348 0.654934
0.487713 0.658146
0.493062 0.661496
0.498335 0.664913
0.605767 0.684841
0.607988 0.688400
0.609853 0.691508
0.611696 0.694603
0.613746 0.697979
0.615275 0.700681
0.617321 0.704050
0.619000 0.706940
0.686705 0.911655
0.688813 0.911300
0.691893 0.910889
0.693951 0.910583
0.696421 0.910268
0.699189 0.909964
0.701735 0.909701
0.703902 0.909478
0.602380 0.631553
0.614013 0.650813
0.624017 0.669743
0.632639 0.687502
0.640491 0.704060
0.647710 0.718950
0.654549 0.732187
0.661131 0.743824
0.311562 0.588546
0.315217 0.589814
0.318970 0.591086
0.322822 0.592363
0.326788 0.593664
0.330870 0.594994
0.335063 0.596338
0.339377 0.597708
0.246982 0.482308
0.249197 0.482818
0.250988 0.483216
0.252786 0.483567
0.255247 0.483912
0.257843 0.484188
0.260045 0.484379
0.262121 0.484512
0.412792 0.650072
0.418867 0.653202
0.425013 0.656410
0.431258 0.659762
0.437563 0.663197
0.443940 0.666742
0.450344 0.670378
0.456769 0.674089
0.347805 0.645460
0.350928 0.647434
0.354050 0.649389
0.357249 0.651416
0.360554 0.653512
0.363876 0.655617
0.367223 0.657740
0.370687 0.659950
0.549446 0.682220
0.553284 0.685945
0.557035 0.689687
0.560622 0.693361
0.564131 0.697064
0.567588 0.700773
0.570977 0.704477
0.574266 0.708130
0.361245 0.600116
0.366387 0.601601
0.371661 0.603130
0.377072 0.604714
0.382623 0.606372
0.388320 0.608109
0.394161 0.609939
0.400125 0.611853
0.289784 0.629666
0.292933 0.632259
0.296212 0.634961
0.299597 0.637737
0.303090 0.640612
0.306658 0.643549
0.310315 0.646570
0.314045 0.649635
0.519721 0.687580
0.524012 0.690912
0.528218 0.694247
0.532338 0.697601
0.536383 0.700966
0.540346 0.704341
0.544230 0.707717
0.548034 0.711089
0.595156 0.679153
0.600651 0.687309
0.605371 0.694702
0.610177 0.702286
0.614572 0.709380
0.618896 0.716343
0.623133 0.723101
0.627024 0.729295
0.241505 0.630081
0.243192 0.632381
0.244967 0.634793
0.246900 0.637421
0.248923 0.640153
0.251019 0.642999
0.253133 0.645878
0.255276 0.648776
0.247034 0.393457
0.247932 0.393520
0.249041 0.393542
0.250022 0.393557
0.251083 0.393528
0.252360 0.393436
0.253701 0.393290
0.255059 0.393106
0.762205 1.006853
0.760673 1.007354
0.759942 1.007632
0.759657 1.007813
0.757482 1.008277
0.755912 1.008603
0.754233 1.008822
0.752376 1.009017
0.376183 0.642647
0.379642 0.644470
0.383186 0.646355
0.386753 0.648252
0.390382 0.650209
0.394066 0.652198
0.397820 0.654252
0.401600 0.656325
0.268807 0.645329
0.270923 0.647781
0.273070 0.650251
0.275284 0.652815
0.277500 0.655388
0.279778 0.658006
0.282183 0.660811
0.284635 0.663655
0.331756 0.512282
0.335041 0.511622
0.338444 0.510919
0.342070 0.510151
0.345780 0.509345
0.349512 0.508517
0.353308 0.507658
0.357190 0.506765
0.286826 0.589040
0.290151 0.590674
0.293562 0.592317
0.297081 0.593981
0.300728 0.595676
0.304480 0.597385
0.308353 0.599139
0.312312 0.600889
0.234996 0.635216
0.237554 0.639113
0.239713 0.642374
0.242346 0.646364
0.244895 0.650191
0.247532 0.654159
0.250351 0.658409
0.253149 0.662621
0.582284 0.586127
0.590055 0.594726
0.597469 0.603913
0.604065 0.613071
0.610276 0.622576
0.615902 0.632040
0.621039 0.641437
0.625955 0.651031
0.351051 0.550221
0.352714 0.550202
0.354322 0.550177
0.355857 0.550152
0.357629 0.550130
0.359270 0.550097
0.360883 0.550068
0.362701 0.550042
0.319126 0.659363
0.321335 0.661288
0.323439 0.663093
0.325606 0.664979
0.327857 0.666918
0.329993 0.668762
0.332360 0.670807
0.334638 0.672784
0.523940 0.641049
0.528601 0.644605
0.533188 0.648259
0.537651 0.651972
0.542006 0.655783
0.546218 0.659620
0.550403 0.663580
0.554476 0.667586
0.770416 0.830909
0.770416 0.830909
0.770416 0.830909
0.770416 0.830909
0.770416 0.830909
0.770416 0.830909
0.770416 0.830909
0.770416 0.830909
0.499776 0.646159
0.504665 0.649309
0.509484 0.652549
0.514220 0.655860
0.518912 0.659295
0.523503 0.662785
0.527983 0.666315
0.532397 0.669944
0.226838 0.611357
0.228173 0.613291
0.229529 0.615230
0.230920 0.617221
0.232368 0.619296
0.233725 0.621221
0.235165 0.623238
0.236651 0.625326
0.689512 0.941160
0.690154 0.940915
0.692781 0.940194
0.695773 0.939418
0.696121 0.939249
0.696514 0.939056
0.699357 0.938388
0.701753 0.937819
0.206595 0.458892
0.206595 0.458892
0.206595 0.458892
0.206595 0.458892
0.206595 0.458892
0.206595 0.458892
0.206595 0.458892
0.206595 0.458892
0.239428 0.329385
0.239919 0.329622
0.240381 0.329830
0.240856 0.330034
0.241506 0.330233
0.242367 0.330409
0.242958 0.330568
0.243797 0.330676
0.468198 0.650347
0.472159 0.652546
0.476094 0.654774
0.480016 0.657050
0.483918 0.659380
0.487785 0.661734
0.491658 0.664173
0.495485 0.666637
0.669535 0.697537
0.670751 0.701112
0.671897 0.704409
0.673210 0.708018
0.674658 0.711842
0.676029 0.715407
0.677193 0.718414
0.678404 0.721400
0.798086 0.675431
0.798208 0.677000
0.798427 0.681556
0.798514 0.680529
0.798823 0.685150
0.798901 0.684051
0.799242 0.687596
0.799359 0.687257
0.557388 0.698989
0.559841 0.701467
0.562290 0.703958
0.564641 0.706393
0.567017 0.708870
0.569276 0.711271
0.571596 0.713739
0.573767 0.716098
0.492359 0.623304
0.497224 0.625993
0.502026 0.628773
0.506814 0.631710
0.511522 0.634731
0.516152 0.637851
0.520697 0.641051
0.525205 0.644396
0.555668 0.666039
0.559569 0.670064
0.563287 0.674050
0.566855 0.677997
0.570467 0.682108
0.573993 0.686220
0.577354 0.690256
0.580557 0.694193
0.740202 0.772038
0.741656 0.773716
0.743173 0.775524
0.744623 0.777130
0.746122 0.778748
0.747682 0.780392
0.749338 0.782062
0.750651 0.783345
0.282302 0.664700
0.284067 0.666779
0.285893 0.668959
0.287817 0.671235
0.289721 0.673509
0.291588 0.675692
0.293631 0.678137
0.295680 0.680546
0.533558 0.703117
0.539558 0.708130
0.545365 0.713124
0.550998 0.718094
0.556450 0.723018
0.561701 0.727855
0.566823 0.732659
0.571769 0.737350
0.727096 0.969644
0.727804 0.969399
0.728653 0.969066
0.729357 0.968818
0.729700 0.968686
0.729850 0.968603
0.729694 0.968598
0.729677 0.968556
0.677898 0.868959
0.682269 0.869168
0.685502 0.869287
0.688915 0.869436
0.692201 0.869589
0.694981 0.869702
0.698457 0.869915
0.701511 0.870099
0.220369 0.334413
0.220369 0.334413
0.220369 0.334413
0.220369 0.334413
0.220369 0.334413
0.220369 0.334413
0.220369 0.334413
0.220369 0.334413
0.406662 0.660368
0.410352 0.662446
0.414082 0.664555
0.417823 0.666671
0.421635 0.668876
0.425457 0.671079
0.429328 0.673328
0.433207 0.675599
0.345980 0.552205
0.351072 0.552212
0.356385 0.552199
0.361901 0.552172
0.367579 0.552134
0.373294 0.552078
0.379230 0.552037
0.385379 0.552019
0.706158 0.628125
0.708461 0.639610
0.710549 0.650717
0.712396 0.660933
0.714080 0.670303
0.715766 0.679224
0.717356 0.687458
0.719019 0.695306
0.364382 0.660896
0.367505 0.662983
0.370584 0.665017
0.373778 0.667151
0.376988 0.669284
0.380263 0.671467
0.383571 0.673658
0.386990 0.675943
0.300526 0.599703
0.303114 0.600969
0.305762 0.602262
0.308456 0.603574
0.311215 0.604892
0.314061 0.606261
0.316954 0.607635
0.319904 0.609019
0.473429 0.641394
0.482401 0.646342
0.491238 0.651543
0.499968 0.657066
0.508490 0.662824
0.516795 0.668813
0.524845 0.674982
0.532649 0.681346
0.602685 0.739034
0.605190 0.742000
0.607573 0.744848
0.609919 0.747621
0.612342 0.750422
0.614696 0.753125
0.616932 0.755678
0.619185 0.758207
0.404737 0.610409
0.408306 0.611562
0.411896 0.612733
0.415547 0.613965
0.419220 0.615226
0.422920 0.616527
0.426670 0.617880
0.430446 0.619280
0.759780 0.866353
0.759780 0.866353
0.759780 0.866353
0.759780 0.866353
0.759780 0.866353
0.759780 0.866353
0.759780 0.866353
0.759780 0.866353
0.405749 0.639919
0.416820 0.645212
0.428198 0.650858
0.439847 0.656922
0.451670 0.663350
0.463575 0.670141
0.475469 0.677269
0.487225 0.684678
0.392910 0.555926
0.396574 0.556025
0.400309 0.556143
0.404179 0.556298
0.407954 0.556457
0.411943 0.556666
0.415939 0.556903
0.419930 0.557172
0.289369 0.516466
0.293653 0.516284
0.298574 0.515955
0.302951 0.515539
0.308340 0.514927
0.313262 0.514238
0.318698 0.513383
0.324312 0.512396
0.192292 0.626158
0.193907 0.630211
0.195346 0.633825
0.196530 0.636869
0.197880 0.640234
0.199591 0.644396
0.201218 0.648361
0.202800 0.652223
0.758708 0.850489
0.761243 0.851298
0.763668 0.852056
0.764032 0.852164
0.764032 0.852164
0.764032 0.852164
0.764032 0.852164
0.764032 0.852164
0.722020 0.958248
0.722437 0.958124
0.722268 0.958020
0.722826 0.957879
0.722782 0.957784
0.721744 0.957714
0.721925 0.957591
0.722943 0.957473
0.441152 0.628914
0.448010 0.631921
0.454914 0.635099
0.461847 0.638453
0.468787 0.641986
0.475719 0.645699
0.482605 0.649581
0.489430 0.653629
0.475983 0.642440
0.482758 0.646205
0.489473 0.650138
0.496114 0.654236
0.502658 0.658486
0.509071 0.662860
0.515391 0.667412
0.521555 0.672057
0.346581 0.639457
0.349089 0.640939
0.351543 0.642403
0.354092 0.643922
0.356631 0.645424
0.359215 0.646976
0.361869 0.648557
0.364490 0.650134
0.728918 0.666315
0.729677 0.671432
0.730546 0.676975
0.731435 0.682279
0.732148 0.686650
0.732845 0.690579
0.733514 0.694160
0.734429 0.698703
0.700916 0.627240
0.701840 0.631205
0.702336 0.633646
0.703129 0.637246
0.703609 0.639614
0.704362 0.643237
0.704798 0.645558
0.705520 0.649048
0.481762 0.638650
0.486350 0.641209
0.490907 0.643851
0.495410 0.646555
0.499912 0.649383
0.504339 0.652264
0.508714 0.655216
0.513017 0.658222
0.393502 0.592989
0.398837 0.594191
0.404278 0.595458
0.409813 0.596805
0.415463 0.598249
0.421200 0.599782
0.427009 0.601415
0.432898 0.603160
0.772357 0.656836
0.772553 0.660902
0.772742 0.663737
0.773055 0.668872
0.773332 0.672672
0.773436 0.673844
0.773871 0.678822
0.774328 0.683577
0.666928 0.658170
0.668102 0.661907
0.669342 0.665846
0.670059 0.668431
0.671468 0.672765
0.672144 0.675272
0.673270 0.678896
0.674261 0.682153
0.396924 0.624684
0.400855 0.626263
0.404827 0.627867
0.408864 0.629542
0.412940 0.631253
0.417058 0.633003
0.421237 0.634840
0.425448 0.636715
0.377895 0.673468
0.382359 0.676504
0.386963 0.679653
0.391647 0.682818
0.396394 0.686050
0.401245 0.689323
0.406146 0.692603
0.411143 0.695965
0.587011 0.717628
0.590115 0.721412
0.593201 0.725165
0.596210 0.728828
0.599210 0.732496
0.602050 0.735973
0.604830 0.739366
0.607552 0.742671
0.270577 0.624510
0.272889 0.626691
0.275264 0.628937
0.277695 0.631245
0.280174 0.633580
0.282699 0.635943
0.285292 0.638379
0.287906 0.640842
0.787760 1.040016
0.788027 1.040287
0.787878 1.040716
0.787943 1.041060
0.787860 1.041454
0.787494 1.041965
0.787119 1.042400
0.786239 1.042993
0.684199 0.681099
0.685535 0.685827
0.686585 0.689591
0.687343 0.692345
0.688317 0.695824
0.689460 0.699639
0.690415 0.702830
0.691279 0.705620
0.384310 0.529747
0.388304 0.529330
0.392207 0.528927
0.396387 0.528525
0.400669 0.528142
0.404971 0.527776
0.409270 0.527442
0.413881 0.527130
0.664778 0.666366
0.665968 0.669932
0.666657 0.672251
0.667774 0.675633
0.668437 0.677824
0.669556 0.681251
0.670172 0.683350
0.671294 0.686700
0.658500 0.942394
0.661077 0.941767
0.663253 0.941247
0.665752 0.940592
0.669015 0.939744
0.672391 0.938857
0.674973 0.938179
0.677280 0.937590
0.418632 0.647187
0.422403 0.649063
0.426188 0.650963
0.430031 0.652946
0.433884 0.654944
0.437770 0.656992
0.441669 0.659078
0.445582 0.661186
0.502932 0.605619
0.507249 0.607956
0.511505 0.610377
0.515759 0.612945
0.519939 0.615591
0.524044 0.618326
0.528085 0.621154
0.532069 0.624067
0.672214 0.710398
0.673706 0.714321
0.675248 0.718184
0.676799 0.721952
0.678366 0.725641
0.679807 0.728944
0.681190 0.732020
0.682601 0.735001
0.211484 0.424784
0.211484 0.424784
0.211484 0.424784
0.211484 0.424784
0.211484 0.424784
0.211484 0.424784
0.211484 0.424784
0.211484 0.424784
0.241599 0.389408
0.242992 0.389737
0.244409 0.390001
0.246745 0.390157
0.248991 0.390182
0.251152 0.390107
0.252792 0.390025
0.254514 0.389843
0.235259 0.511054
0.238126 0.512651
0.240838 0.514076
0.243557 0.515399
0.246735 0.516763
0.250076 0.518055
0.253163 0.519153
0.256422 0.520181
0.644666 0.625045
0.646568 0.629525
0.648079 0.633416
0.650189 0.638583
0.651858 0.642961
0.653024 0.646354
0.654989 0.651518
0.656540 0.655865
0.436570 0.644804
0.442492 0.647729
0.448441 0.650742
0.454447 0.653906
0.460459 0.657160
0.466471 0.660517
0.472477 0.663981
0.478457 0.667544
0.759190 1.001553
0.759093 1.001670
0.758440 1.001874
0.757581 1.002150
0.756817 1.002381
0.756845 1.002408
0.757044 1.002405
0.756576 1.002542
0.554717 0.653917
0.559823 0.659136
0.564739 0.664425
0.569454 0.669744
0.573994 0.675090
0.578380 0.680457
0.582574 0.685778
0.586611 0.691059
0.416648 0.607228
0.424175 0.609605
0.431840 0.612167
0.439628 0.614939
0.447519 0.617936
0.455482 0.621176
0.463469 0.624648
0.471506 0.628423
0.433632 0.600661
0.438506 0.602143
0.443400 0.603694
0.448334 0.605330
0.453324 0.607091
0.458318 0.608937
0.463344 0.610895
0.468341 0.612936
