0.084150 -0.026694 -0.008077 0.080563 -0.017891 0.094842
0.076819 -0.015746 -0.005981 0.084797 -0.008713 0.102107
0.079207 -0.001178 -0.000284 0.106068 0.000360 0.103455
0.091742 -0.005043 -0.000158 0.056045 -0.017068 0.101783
0.075478 0.007533 0.003105 0.055936 -0.008512 0.113386
0.075200 0.007148 0.001919 0.098402 0.002288 0.106496
0.072965 0.011605 0.002176 0.064326 -0.009188 0.102457
0.043795 0.021934 0.001873 0.045293 -0.006015 0.105313
0.049940 0.021694 -0.000186 0.078474 0.002424 0.102363
0.068379 0.009632 0.000231 0.091897 -0.001908 0.101820
0.033770 0.025098 -0.001536 0.065003 0.001883 0.099904
0.033582 0.026805 -0.004045 0.075935 0.008417 0.097455
0.075713 0.002856 -0.000119 0.106381 0.000020 0.102152
0.049051 0.018554 -0.002217 0.095501 0.002999 0.100790
0.036626 0.025285 -0.005698 0.091440 0.008354 0.097411
0.027041 -0.014296 -0.018474 0.071788 -0.018672 0.091344
0.039026 -0.012995 -0.016741 0.077140 -0.008735 0.106351
0.080972 -0.001929 -0.000340 0.112204 0.003478 0.106938
0.080609 -0.000004 0.000123 0.109062 0.000256 0.102489
0.088919 -0.017821 -0.004298 0.055401 -0.020949 0.110914
0.189253 -0.025164 0.029005 0.092948 -0.002380 0.152945
0.125256 -0.003594 0.014088 0.139845 0.014711 0.121016
0.081969 0.000266 0.000684 0.110897 0.000973 0.103105
0.082369 0.008427 0.005635 0.088596 -0.000475 0.110091
0.056279 0.034219 0.011806 0.084146 0.008291 0.121304
0.041393 0.028641 0.001024 0.101803 0.013856 0.104906
0.072143 0.005251 -0.000876 0.107046 0.002159 0.101473
0.066651 0.008477 -0.000556 0.100003 0.000997 0.101765
0.018892 0.026325 -0.005924 0.074950 0.010697 0.094506
0.014430 0.028298 -0.008836 0.077648 0.016329 0.087957
0.060211 0.010634 -0.005849 0.102257 0.005051 0.097686
0.075964 0.002140 -0.000560 0.107083 0.000391 0.101907
0.043969 0.017261 -0.006527 0.097622 0.005636 0.097757
0.025763 0.025130 -0.012195 0.093112 0.012061 0.090801
0.058869 0.009638 -0.008433 0.104121 0.005520 0.096475
0.018893 0.009203 -0.015707 0.091566 -0.001919 0.093659
0.027473 0.022542 -0.015944 0.084448 -0.003848 0.096268
0.074854 0.013294 -0.000725 0.111899 0.002589 0.103465
0.080394 0.000720 0.000183 0.108998 0.000261 0.102375
0.155912 -0.041133 0.004155 0.106496 -0.020276 0.101187
0.616105 -0.267453 0.108485 0.245338 -0.045253 0.116446
0.227736 -0.037624 0.031699 0.184155 0.001619 0.112478
0.085975 -0.000825 0.001474 0.112452 0.000481 0.102874
0.124700 -0.018492 0.007115 0.123413 -0.003808 0.104557
0.176543 -0.041963 0.029818 0.171600 -0.006566 0.106685
0.079411 0.008266 0.005860 0.134694 0.007450 0.098795
0.077159 0.003267 0.000510 0.110060 0.001967 0.100928
0.073283 0.002947 -0.000759 0.108503 0.001033 0.101172
0.027307 0.019840 -0.008931 0.102323 0.010022 0.091330
0.019516 0.023192 -0.011277 0.097909 0.014619 0.085665
0.065606 0.007170 -0.004576 0.105928 0.003917 0.097745
0.077473 0.001023 -0.000527 0.108054 0.000310 0.101860
0.054054 0.009851 -0.006408 0.104262 0.003940 0.097770
0.039210 0.015009 -0.012136 0.101885 0.007855 0.092346
0.066882 0.004542 -0.006267 0.106850 0.002999 0.097880
0.031568 0.027115 -0.005865 0.087620 0.004617 0.099346
0.026355 0.042368 -0.004046 0.057051 0.005978 0.098280
0.047616 0.031981 0.000293 0.076726 0.001270 0.101167
0.077368 0.003246 0.000299 0.105253 -0.000119 0.102098
0.085970 0.009335 0.001719 0.102803 -0.001563 0.101333
0.113382 0.047988 0.015739 0.083647 -0.004233 0.102124
0.097580 0.027699 0.014445 0.084467 -0.003211 0.102192
0.081983 0.002345 0.001764 0.104107 -0.000782 0.101951
0.091959 -0.002934 0.002298 0.111117 -0.001306 0.101875
0.117688 0.002775 0.015305 0.108857 -0.004180 0.098371
0.100355 0.009063 0.013692 0.097039 -0.003720 0.095618
0.084204 0.001055 0.002383 0.105438 -0.000692 0.100738
0.079180 0.000447 0.000005 0.108552 0.000053 0.101664
0.067216 0.006522 -0.000763 0.106825 0.001521 0.097069
0.063839 0.009601 -0.000902 0.105165 0.003121 0.094960
0.077981 0.002207 0.000005 0.107715 0.000915 0.100573
0.080120 0.000058 0.000012 0.108442 0.000038 0.102156
0.079613 0.000186 -0.000084 0.108421 0.000057 0.102112
0.074527 0.002133 -0.001194 0.107903 0.000754 0.101057
0.070381 0.003637 -0.002534 0.107474 0.001496 0.099993
0.077300 0.000986 -0.000988 0.108206 0.000484 0.101428
0.079990 0.000031 -0.000070 0.108459 0.000027 0.102160
0.050955 0.020393 -0.001016 0.090185 0.000519 0.101708
0.030354 0.032618 -0.001284 0.051781 -0.002037 0.100505
0.047182 0.026265 0.000532 0.062753 -0.004425 0.100842
0.076567 0.004266 0.000432 0.101462 -0.001064 0.102010
0.072890 0.009367 0.000780 0.096792 -0.000880 0.101874
0.062972 0.025277 0.004051 0.055108 -0.007124 0.100019
0.074484 0.018023 0.005575 0.054132 -0.010088 0.099583
0.081940 0.003061 0.001616 0.096362 -0.002860 0.101729
0.080114 0.001260 0.000499 0.106009 -0.000413 0.102024
0.085001 0.006115 0.004358 0.087714 -0.004942 0.100307
0.102134 0.001922 0.008107 0.080349 -0.008811 0.099373
0.089306 -0.001726 0.002196 0.101743 -0.002729 0.101593
0.080165 0.000054 0.000065 0.108271 -0.000065 0.102122
0.082229 -0.000096 0.000854 0.106315 -0.000887 0.101227
0.088501 -0.002269 0.002042 0.105359 -0.001875 0.100641
0.083882 -0.001402 0.000693 0.107944 -0.000615 0.101832
0.080030 0.000059 0.000025 0.108432 0.000002 0.102096
0.080175 -0.000013 0.000059 0.108469 -0.000001 0.102008
0.080172 -0.000039 0.000021 0.108491 -0.000000 0.102159
