0.121805
-0.118443
-0.205578
-0.081194
-0.046605
0.062858
0.228705
-0.149837
0.272034
0.117733
-0.084245
0.011786
-0.250201
-0.159089
0.951860
-0.197008
-0.353152
-0.167018
0.309702
0.083993
0.166013
0.190087
-0.344532
-0.063203
0.023362
-0.128413
-0.166444
-0.106856
-0.278509
-0.214259
-0.137052
0.364765
-0.037762
-0.411802
-0.186851
0.379862
-0.247409
0.061400
-0.160658
-0.003621
-0.141717
0.165138
-0.320391
0.366842
-0.016542
-0.028601
-0.451645
-0.208465
-0.039237
0.407872
-0.352039
0.073732
-0.087791
0.119082
-0.263899
0.207076
0.006520
-0.190571
-0.051553
0.292711
-0.035051
-0.098844
0.344434
-0.031342
-0.206903
-0.401347
0.139678
0.628461
0.101880
-0.538717
-0.050707
0.218866
-0.037182
-0.247797
0.134777
-0.028621
-0.111655
0.062361
-0.104125
-0.076326
-0.315183
0.688839
0.072612
-0.266474
0.027275
-0.016299
0.271199
0.158466
-0.165823
-0.205570
0.167384
-0.236685
0.045866
0.199657
0.026686
0.130305
-0.092845
-0.274177
0.017516
0.009394
-0.055227
-0.287012
0.001567
-0.047905
-0.027271
-0.120891
0.497124
0.342381
0.546427
0.065524
-0.063717
-0.131610
0.014142
0.343552
-0.016351
-0.134705
0.062701
0.213552
0.268573
-0.159928
0.150912
-0.461190
-0.376848
1.081654
0.018787
0.174151
-0.012539
0.113190
0.064140
0.208432
-0.333831
-0.202025
0.070605
-0.079388
-0.050129
-0.103843
-0.073089
0.177072
0.073959
-0.218316
-0.229292
-0.296336
0.045741
-0.142585
0.175487
-0.088888
-0.003622
0.847227
0.011551
-0.005141
0.398210
0.039911
-0.098711
0.140445
-0.003426
-0.258151
-0.089830
0.030408
-0.276325
0.249639
0.245236
0.184919
-0.264991
0.272554
-0.226578
-0.110147
-0.051534
-0.324942
0.021867
-0.186556
0.315188
-0.362271
-0.160316
0.286963
-0.262289
-0.079445
-0.067618
0.759275
-0.242055
-0.100496
0.373612
-0.078353
0.138308
-0.142209
0.364567
0.714185
-0.120738
-0.590399
0.099990
-0.093467
-0.437515
-0.496432
-0.286342
0.073906
0.065456
0.066825
0.357113
-0.302083
-0.089820
-0.327488
-0.271227
0.439707
-0.358826
-0.358875
0.706162
-0.173296
-0.019919
-0.134742
-0.090936
0.628161
-0.427985
-0.123492
0.461368
-0.125694
-0.302753
-0.273341
-0.130067
-0.443849
0.151286
-0.095947
-0.402808
0.412808
0.052599
0.121748
-0.221397
0.408511
0.036860
0.562323
-0.294604
-0.004379
-0.008742
0.046504
-0.428443
-0.194583
0.041641
0.341968
0.497487
0.594068
-0.030765
-0.118570
0.164344
-0.091267
-0.072917
-0.161953
0.112727
-0.211240
-0.169396
-0.215091
-0.130084
0.144283
-0.062924
0.041574
0.052500
0.300226
0.312051
0.127707
-0.164571
-0.104039
0.148077
0.223129
0.039225
-1.761050
0.246115
0.114054
0.236970
-0.067643
-0.114155
0.011561
0.373305
0.081551
0.004994
-0.194024
-0.066246
-0.203373
0.894692
0.064149
-0.044976
-0.130023
0.209393
0.188094
0.067886
-0.210406
0.097551
-0.079878
-0.046703
-0.032296
-0.198947
0.134186
-0.234224
-0.165237
0.971301
0.370567
-0.178886
0.036958
-0.238991
0.069827
0.015253
-0.111416
0.448514
-0.001000
-0.044647
0.198379
0.180133
-0.147828
1.009353
0.209046
0.522444
-0.037717
0.860971
0.194137
-0.085742
-0.121435
0.226727
0.289426
-0.286527
0.192880
0.026020
0.208008
-0.146549
0.100991
0.025585
0.437827
0.141282
-0.020210
0.162896
-0.162340
0.249528
0.014542
0.065088
0.038404
0.149027
-0.224540
0.256047
-0.344630
0.009676
0.337645
-0.235746
-0.076572
0.031975
-0.009900
-0.103549
0.087669
-0.011651
0.030367
-0.578777
0.059504
-0.117689
-0.040623
0.072013
0.162074
-0.072452
-0.057418
-0.001858
-0.240863
0.050341
0.237558
-0.254370
-0.056130
-0.010730
0.555494
0.383059
0.223584
-0.366027
0.167921
0.254858
0.348115
0.010781
0.011079
-0.013288
-0.055146
0.193256
0.330010
0.428741
0.386102
-0.428421
-0.108368
0.008770
-0.069287
-0.182541
0.008222
0.003846
0.154859
-0.294626
0.221146
0.028147
-0.156610
0.030977
0.170070
0.411068
0.316701
-0.277392
0.009339
0.127485
0.003714
-0.069261
0.145161
0.168448
0.394078
-0.209178
-0.100982
-0.025997
0.609548
0.536975
0.003988
-0.254728
-0.257539
0.120363
-0.124534
-0.208621
-0.221884
0.018751
0.021373
-0.413590
-0.114018
-0.175864
-0.007678
0.012939
0.251729
-0.197597
0.107652
0.470132
-0.158946
0.044916
-0.325372
-0.314849
0.073007
0.033848
0.007161
-0.363788
0.122498
0.047608
0.348352
-0.223863
0.151095
0.160586
-0.081201
-0.036482
-0.254479
0.230400
-0.038553
-0.166327
-0.215031
0.080249
-0.335939
-0.083604
-0.025044
-0.004698
0.825465
-0.173271
-0.104093
-0.243779
-0.327831
0.726621
-0.145342
-0.057395
-0.070467
-0.616054
0.239244
0.237274
0.065039
-0.131315
-0.002307
-0.106029
-0.160195
-0.143573
0.109903
0.400868
-0.240796
0.019307
0.257874
0.065290
-0.136310
0.053985
-0.300611
-0.056109
-0.276412
-0.128293
-0.089316
-0.024521
-0.322611
-0.187248
-0.052789
-0.086020
0.051580
0.034928
-0.189991
0.107292
0.102130
0.025337
-0.229820
0.341258
-0.102605
0.187502
-0.177416
0.058359
-0.034805
-0.146816
-0.028315
-0.037152
-0.175832
0.149515
0.084471
-0.285064
0.108749
-0.117110
-0.336729
0.095861
-0.003220
0.058495
-0.233431
-0.258154
0.056903
-0.063446
-0.126983
-0.108763
-0.145209
-0.168202
-0.183018
-0.087258
0.122139
-0.074658
0.478963
0.228548
0.090527
0.362305
-0.264125
-0.122507
0.078995
0.488123
0.509030
-0.055390
-0.047831
-0.066923
-0.135391
-0.301053
-0.219862
0.260254
-0.473185
-0.149921
-0.180885
0.113130
-0.036629
-0.146031
0.084542
-0.249519
0.010539
-0.218984
-0.004649
0.118509
-0.078443
-0.121217
0.180502
0.460318
-0.084721
0.060250
-0.352160
-0.050250
-0.267851
-0.127261
-0.130133
-0.080613
0.279329
-0.061503
-0.202209
0.104739
-0.106492
0.408130
-0.083038
-0.122844
0.074462
0.052677
0.700504
-0.111192
0.283556
-0.026857
0.024050
-0.157520
0.053075
0.088431
-0.062987
-0.210857
-0.391569
0.282364
-0.241414
-0.152605
-0.089754
-0.100625
-0.016997
-0.274602
0.064640
0.161785
0.073464
-0.021110
-0.089488
0.001747
0.051399
0.314075
0.279256
0.052616
0.008725
0.148982
-0.493303
0.152251
0.165821
-0.080348
-0.040974
-0.254957
0.025485
-0.139031
-0.078463
-0.165403
0.112378
-0.061385
0.035208
-0.279932
0.086484
-0.244733
0.024925
0.353673
0.277465
-0.037960
0.049348
-0.194586
-0.048640
0.100408
0.065499
0.309783
0.033703
-0.159774
-0.192889
0.211686
0.214460
0.123479
0.024835
0.108410
-0.174299
-0.068149
0.176307
-0.096120
-0.114832
0.177501
0.052621
-0.030739
0.071444
-0.222139
0.010605
-0.241589
-0.147414
-0.030411
0.160025
-0.057589
-0.104713
-0.038129
0.373648
-0.155745
-0.077287
0.056704
0.012628
-0.049843
-0.054998
0.015366
0.136282
0.326331
-0.179212
0.329822
0.027128
0.015326
-0.346939
-0.197004
-0.183015
-0.237595
-0.109047
-0.053916
-0.142152
-0.126245
0.036874
0.231255
0.039629
-0.054004
-0.005853
-0.117198
0.322372
-0.120407
-0.226842
-0.282720
-0.417976
-0.263180
-0.425564
-0.069053
-0.294503
-0.117658
-0.230789
-0.075684
-0.034315
-0.322377
-0.007588
-0.143520
0.248270
