0.054568 0.196328 -0.003567
0.055765 0.197804 -0.000490
0.056978 0.199304 0.002594
0.058262 0.200883 0.005727
0.059592 0.202518 0.008881
0.060888 0.204116 0.012014
0.062169 0.205689 0.015142
0.063521 0.207352 0.018307
0.064931 0.209075 0.021501
0.066339 0.210803 0.024685
0.067698 0.212466 0.027850
0.069092 0.214180 0.031032
0.070598 0.216018 0.034262
0.072130 0.217886 0.037499
0.073574 0.219657 0.040699
0.075035 0.221445 0.043907
0.076622 0.223386 0.047163
0.078242 0.225360 0.050429
0.079808 0.227284 0.053671
0.081357 0.229181 0.056901
0.082997 0.231197 0.060166
0.084710 0.233298 0.063461
0.086403 0.235383 0.066745
0.088048 0.237417 0.070003
0.089745 0.239514 0.073274
0.091558 0.241756 0.076587
0.093380 0.244014 0.079895
0.095133 0.246203 0.083172
0.096897 0.248413 0.086447
0.098790 0.250785 0.089763
0.100710 0.253206 0.093098
0.102590 0.255585 0.096386
0.104457 0.257956 0.099655
0.106410 0.260453 0.102965
0.108430 0.263047 0.106295
0.110433 0.265630 0.109600
0.112402 0.268197 0.112875
0.114410 0.270821 0.116159
0.116531 0.273615 0.119472
0.118644 0.276411 0.122779
0.120714 0.279185 0.126038
0.122806 0.281998 0.129291
0.124991 0.284974 0.132599
0.127184 0.287969 0.135888
0.129358 0.290987 0.139143
0.131552 0.294035 0.142370
0.133814 0.297203 0.145610
0.136103 0.300450 0.148870
0.138376 0.303705 0.152098
0.140668 0.307003 0.155287
0.142978 0.310374 0.158497
0.145336 0.313838 0.161694
0.147705 0.317360 0.164897
0.150076 0.320901 0.168036
0.152469 0.324498 0.171163
0.154909 0.328217 0.174311
0.157370 0.331994 0.177449
0.159832 0.335808 0.180552
0.162336 0.339689 0.183624
0.164856 0.343649 0.186708
0.167417 0.347686 0.189769
0.169977 0.351734 0.192794
0.172548 0.355874 0.195832
0.175163 0.360071 0.198841
0.177828 0.364347 0.201816
0.180527 0.368667 0.204768
0.183233 0.373066 0.207724
0.185961 0.377503 0.210678
0.188789 0.382032 0.213565
0.191638 0.386630 0.216464
0.194498 0.391254 0.219345
0.197384 0.395899 0.222196
0.200337 0.400618 0.225036
0.203348 0.405426 0.227878
0.206386 0.410236 0.230683
0.209467 0.415081 0.233468
0.212602 0.419964 0.236245
0.215794 0.424903 0.239002
0.219030 0.429838 0.241728
0.222328 0.434849 0.244490
0.225743 0.439912 0.247202
0.229155 0.444937 0.249891
0.232651 0.449992 0.252567
0.236216 0.455087 0.255253
0.239840 0.460239 0.257988
0.243525 0.465343 0.260647
0.247300 0.470434 0.263257
0.251126 0.475585 0.265938
0.255101 0.480755 0.268561
0.259091 0.485910 0.271217
0.263115 0.490989 0.273808
0.267180 0.496085 0.276455
0.271424 0.501227 0.279058
0.275674 0.506336 0.281698
0.279937 0.511330 0.284246
0.284261 0.516347 0.286851
0.288708 0.521420 0.289489
0.293205 0.526443 0.292103
0.297743 0.531412 0.294681
0.302326 0.536347 0.297259
0.306973 0.541318 0.299898
0.311673 0.546238 0.302503
0.316369 0.551099 0.305099
0.321180 0.555969 0.307686
0.325889 0.560737 0.310280
0.330662 0.565502 0.312876
0.335491 0.570244 0.315455
0.340256 0.574884 0.317993
0.345135 0.579603 0.320604
0.349993 0.584285 0.323219
0.354901 0.588945 0.325809
0.359632 0.593443 0.328338
0.364443 0.597945 0.330847
0.369196 0.602463 0.333440
0.373984 0.606975 0.336023
0.378683 0.611380 0.338533
0.383308 0.615741 0.341054
0.387958 0.620142 0.343612
0.392601 0.624546 0.346182
0.397200 0.628903 0.348714
0.401696 0.633172 0.351198
0.406169 0.637461 0.353713
0.410700 0.641820 0.356264
0.415120 0.646078 0.358733
0.419438 0.650310 0.361243
0.423741 0.654523 0.363702
0.428085 0.658831 0.366228
0.432286 0.663043 0.368707
0.436365 0.667191 0.371150
0.440494 0.671362 0.373568
0.444546 0.675615 0.376116
0.448530 0.679811 0.378603
0.452463 0.683952 0.381005
0.456335 0.688024 0.383308
0.460137 0.692221 0.385830
0.463851 0.696395 0.388342
0.467534 0.700482 0.390701
0.471196 0.704541 0.392989
0.474776 0.708677 0.395419
0.478232 0.712802 0.397901
0.481712 0.716932 0.400312
0.485065 0.720914 0.402578
0.488369 0.724960 0.404938
0.491720 0.729162 0.407425
0.494986 0.733296 0.409835
0.498096 0.737219 0.412061
0.501246 0.741193 0.414257
0.504345 0.745369 0.416756
0.507424 0.749519 0.419184
0.510342 0.753428 0.421367
0.513294 0.757353 0.423507
0.516175 0.761465 0.425943
0.519019 0.765600 0.428404
0.521720 0.769511 0.430647
0.524490 0.773410 0.432738
0.527242 0.777488 0.435085
0.529784 0.781499 0.437524
0.532307 0.785420 0.439810
0.535124 0.789516 0.441948
0.537648 0.793486 0.444213
0.539968 0.797387 0.446587
0.542351 0.801301 0.448860
0.544970 0.805358 0.451004
0.547546 0.809379 0.453111
0.549785 0.813316 0.455475
0.551892 0.817191 0.457879
0.554394 0.821228 0.459978
0.556906 0.825246 0.462003
0.558980 0.829137 0.464363
0.561065 0.833063 0.466723
0.563281 0.837012 0.468907
0.565535 0.840940 0.470997
0.567621 0.844857 0.473248
0.569633 0.848805 0.475606
0.571672 0.852730 0.477865
0.573875 0.856603 0.479800
0.576016 0.860602 0.481976
0.577804 0.864474 0.484401
0.579747 0.868424 0.486696
0.581911 0.872354 0.488650
0.584012 0.876267 0.490637
0.585704 0.880166 0.493114
0.587382 0.884059 0.495575
0.589502 0.887933 0.497396
0.591565 0.891835 0.499304
0.593290 0.895769 0.501681
0.594827 0.899633 0.504186
0.596774 0.903518 0.506145
0.598825 0.907407 0.507950
0.600447 0.911241 0.510223
0.601943 0.915078 0.512652
0.603593 0.918837 0.514737
0.605636 0.922818 0.516574
0.607362 0.926626 0.518579
0.608871 0.930517 0.520961
0.610313 0.934312 0.523289
0.612257 0.938164 0.524966
0.614143 0.942119 0.526858
0.615438 0.945836 0.529206
0.616675 0.949585 0.531662
