1.133148
0.663367
0.747288
1.563411
1.010221
0.876818
0.891446
0.908750
0.767220
1.462928
0.532562
1.866913
1.243385
0.943389
0.892763
0.623479
0.755504
0.839929
0.620595
0.902783
0.806491
0.531786
0.890439
1.793465
0.843070
0.626382
0.342795
0.802237
1.116779
1.431234
0.784387
0.617257
0.991312
0.842310
0.857679
3.094334
0.482286
1.887531
0.554385
0.487781
0.899181
0.941933
0.898365
0.828413
2.657943
1.117175
0.598841
2.439287
1.813860
0.651261
2.140144
1.300806
1.231299
0.827479
2.192450
0.655482
0.413785
1.313321
3.014229
0.724031
0.990585
1.161812
1.071588
2.205606
1.076453
0.743661
1.427599
0.847934
0.560960
0.695350
0.462294
1.568394
1.573776
0.492044
1.047251
2.187463
3.014229
1.012984
0.540780
0.641197
0.421133
0.755971
1.867317
1.113329
0.597137
0.948761
1.162004
1.386818
1.023865
0.911165
0.600005
1.103703
1.795870
2.213475
1.198523
0.423049
1.306207
1.004841
2.128309
1.767634
0.613270
0.605352
0.964145
1.275443
3.014229
1.204310
0.891851
3.014229
1.115810
0.713349
0.623169
1.067610
1.439326
1.090930
2.053168
0.766699
2.711341
0.736049
0.818363
1.359090
1.478392
0.957444
1.847816
0.831748
0.480350
0.514919
0.639589
0.599045
2.029890
0.933789
1.333859
0.464831
1.567834
1.021883
2.126244
1.283100
1.048778
0.575866
0.587423
1.927629
0.481324
1.040092
1.123739
2.162017
0.465812
0.922546
2.072642
0.782695
0.796192
1.706073
0.514299
0.582112
1.374027
0.639380
0.786003
1.277267
2.832317
0.705359
1.212939
0.693485
0.695172
1.075630
1.200843
1.247874
0.861381
0.737797
0.841545
0.843378
0.912936
0.581188
3.023151
2.547826
2.212305
0.721443
0.940582
0.851254
1.028666
0.350674
0.535848
0.645177
1.756143
2.571431
2.406693
0.776622
3.989320
2.546500
1.108433
0.441816
1.381167
3.014229
1.693044
0.412422
0.552356
4.084797
1.102216
0.772166
3.014229
0.770723
0.156372
2.152852
0.786363
2.454640
1.366492
0.703856
1.488697
0.885937
1.689930
0.760138
0.883340
0.493753
2.593090
0.664949
1.542450
1.923110
0.964090
0.599797
0.737821
0.494283
0.220028
0.759750
1.677573
1.883040
0.319892
0.821105
0.684762
0.815900
1.154640
0.566912
3.014229
1.179084
0.837227
0.420215
1.288315
0.634084
1.114222
1.128291
3.014229
0.800754
0.931723
1.073896
1.417587
0.963816
0.892871
0.456867
0.959374
0.333100
0.650295
1.046789
0.687100
0.521146
0.390836
0.303390
0.319571
0.717141
1.484785
0.930099
2.017085
0.792726
4.437076
1.038057
0.825159
1.428046
1.193860
0.609768
0.721161
4.489435
1.118718
0.644752
0.321213
1.014689
1.757409
0.740517
0.872459
0.476483
1.084828
0.609876
0.508357
0.625600
0.284161
1.235516
2.021415
1.053357
0.705420
0.572265
1.179593
0.552227
1.908895
0.697215
1.141962
1.276279
1.102548
0.850997
0.962872
0.482204
0.869704
0.783320
0.526789
0.660943
1.735100
2.537230
1.954992
1.839673
0.728014
0.577934
2.084287
2.067045
0.997873
1.685384
1.340800
2.442805
0.960580
1.941252
0.321429
0.809052
3.014229
0.626137
0.856059
0.783391
1.319212
1.912132
0.926394
2.372563
0.603339
0.913374
1.849945
0.845653
1.161372
0.611040
0.816395
2.021016
0.748623
0.853542
0.610393
0.260287
1.085045
0.857782
1.776451
0.553113
1.645967
0.687719
1.798509
0.732780
0.855798
0.327538
0.717570
0.995958
1.084516
1.359288
0.637364
0.713763
0.969282
0.973629
0.648698
2.797397
0.664408
0.783730
3.014229
0.580517
1.321936
1.413401
1.055629
1.078387
3.122808
1.808784
0.969848
0.773479
0.925118
0.887897
1.451554
0.782426
0.556434
0.631978
0.597033
0.676981
0.342235
0.978558
0.268285
2.105485
3.014229
2.206043
1.324094
0.587111
0.845118
2.104246
0.776234
1.327743
1.149570
2.195026
2.728024
0.521427
1.325617
1.171774
1.770415
2.079140
0.728238
1.583457
1.412291
0.732720
4.311343
0.592167
1.220354
2.118056
0.648734
0.627154
0.768951
0.781897
1.093117
0.344591
0.483844
0.650930
1.455988
3.014229
1.403557
0.800685
0.956758
1.318013
0.956600
1.759606
0.827565
1.133211
1.508768
1.465030
0.646854
0.642746
0.717199
0.822795
3.014229
0.593508
0.607734
0.828464
