-0.268758
-0.012215
0.295615
0.356243
-0.355565
0.084500
-2.366398
1.099039
-0.569827
2.019195
-1.055275
-0.419581
-0.008009
0.627133
0.994298
-1.121797
-0.277789
-0.751135
-0.603290
-0.369637
-1.682597
0.746003
-0.099943
0.015769
-0.132499
0.451313
-0.123731
0.108202
0.436715
0.145743
0.435230
0.020438
0.643582
-0.157351
1.289274
0.157075
0.341908
0.084433
-0.596296
-0.171242
-0.090246
-0.604745
-0.377423
-0.765755
0.147340
-0.584676
-1.571767
0.155048
1.236646
0.818900
-1.193920
0.090940
0.723708
0.229093
-0.144265
-0.006541
0.603780
-0.055726
0.273198
0.941330
-2.014192
0.348945
-0.172609
0.294619
0.532009
-0.100544
0.197717
0.529137
-0.149489
0.089884
0.679596
0.517931
0.455090
0.517430
0.132828
0.062426
0.241887
0.954983
-0.534018
-1.070941
1.510719
0.149217
-0.212587
-0.593737
-0.683571
2.125469
3.126623
-3.331817
2.021824
0.094058
0.549232
0.698783
0.940493
0.365265
0.246072
-0.971968
-0.902642
-0.097657
0.240895
2.508782
0.005927
1.264970
-0.116144
-0.033928
-0.031792
0.768924
-0.795590
0.207463
-0.002859
0.468720
-1.399903
0.894036
0.659581
-0.819242
-1.221818
1.788193
0.442359
2.180837
-0.257758
-0.207299
-0.168072
-0.024601
0.487668
0.162751
-2.329477
0.433297
-0.104711
-0.413446
-0.309196
-1.519540
2.351379
-1.392711
0.152521
1.321371
-0.965984
-1.256350
1.260646
0.559141
-0.081517
0.498088
-0.653277
0.026013
-1.716136
-0.181071
-0.104814
1.925145
0.526489
0.589579
0.396954
0.372553
1.292905
0.789841
-0.724929
-1.005082
0.122428
-1.280234
0.204061
-0.160035
2.111371
-0.354087
0.062920
0.515621
0.051967
0.302933
-0.131054
-0.142617
-0.639187
-0.429298
-1.277319
1.307102
2.143439
-0.127948
-0.449110
0.748356
-0.818804
-1.018233
-1.151680
1.934911
-1.164719
-0.992450
-2.763953
0.071634
-1.436080
-0.203768
-0.504224
1.554533
-0.872981
-0.265856
0.361361
0.392575
-1.637642
-0.216130
-0.221328
-1.985147
1.196433
-0.169464
0.301302
0.149822
-0.088725
-0.280160
-0.238252
-0.474409
-0.458104
0.427299
1.220754
0.012517
0.631252
-2.996540
0.091306
0.975865
1.835967
-1.144185
-1.091259
-0.623706
-0.311127
0.486180
-1.193800
-0.252479
0.344699
0.052624
-0.993485
0.833332
-4.286854
-2.263879
0.210198
0.372681
0.823368
-0.088650
1.241188
-0.082805
-0.372347
0.373626
0.080323
1.019089
0.274644
-0.347703
-0.499499
0.245433
0.940625
0.502209
-0.661013
0.164464
0.244491
-0.478330
-1.889269
0.067712
-0.559097
-0.002614
-1.051145
0.234877
0.823219
-0.216689
-0.143270
-0.638140
0.451435
0.042735
0.303410
-0.118300
0.165856
0.265274
-0.052314
2.913947
1.751288
-0.561078
-0.523296
-0.704447
1.281172
-0.301548
-0.242715
-0.476133
1.844552
0.775752
0.714390
0.069390
-0.170291
0.394345
-0.128331
0.644689
-0.093124
0.274148
1.335171
-0.297619
-0.306242
-0.604294
-0.236486
-1.254619
0.189341
-0.898405
-0.149770
0.351179
0.150315
-0.362041
0.836155
0.658413
2.550894
-0.976220
-0.457510
-0.857519
0.227955
0.144038
0.267759
-1.619542
0.373255
-0.337126
0.791338
1.882819
-0.744028
1.101694
0.580700
0.551384
-1.788591
0.410212
0.544540
0.500080
-0.292538
-0.146274
0.094899
-2.112633
0.641638
-1.492906
0.277593
0.927518
0.623223
-0.566254
-0.394645
0.527229
-0.511933
-1.160253
-0.618020
0.105805
0.905296
0.456885
-1.437197
0.413655
0.061212
0.462672
-0.034794
-1.878651
0.643638
0.257813
-0.680775
-0.606692
-0.427821
-0.466059
0.851353
-0.686062
1.495335
0.569026
0.779131
-1.244517
1.498467
-0.425084
3.593583
1.583866
-0.536190
1.412580
-0.082712
-0.761181
1.250096
0.145283
3.367056
-1.367269
0.427600
-0.240184
0.833347
0.109964
1.228954
0.990598
0.935265
0.561428
0.618312
0.616879
-1.430070
-0.582253
-0.828614
-0.018476
-2.679155
2.348509
1.289762
0.577529
0.561828
-0.080626
-0.385598
-0.094664
1.946412
3.487921
-0.671208
0.413083
0.831809
0.080832
2.842264
0.094094
-0.012873
1.720892
0.863317
-0.888609
0.688683
0.534306
-0.479233
0.080602
-0.072617
0.322658
0.383350
-1.705142
0.171686
-0.300072
-0.290420
-0.347874
-0.992379
0.131396
-2.733345
0.355357
-0.366367
0.185498
-0.992917
-0.589389
-0.787889
-1.164250
0.059124
-0.455967
-0.223637
-0.778264
-1.278098
-0.518589
-2.055997
0.452721
-1.093033
-1.140916
-0.295082
0.527585
