0.222691 0.093255 -0.087726
0.226434 0.095439 -0.085894
0.228580 0.098776 -0.083391
0.227892 0.104050 -0.079775
0.230498 0.107194 -0.077386
0.233975 0.109767 -0.075339
0.233375 0.115208 -0.071616
0.234834 0.119259 -0.068709
0.238826 0.121593 -0.066813
0.239124 0.126567 -0.063354
0.239437 0.131545 -0.059904
0.243502 0.133951 -0.057959
0.244980 0.138019 -0.055055
0.244246 0.143488 -0.051350
0.248226 0.146306 -0.049127
0.251316 0.149731 -0.046554
0.250644 0.155297 -0.042772
0.253289 0.159039 -0.040012
0.257866 0.161650 -0.037890
0.256963 0.167310 -0.034044
0.258163 0.171803 -0.030867
0.263116 0.174469 -0.028687
0.263851 0.179274 -0.025320
0.263510 0.184546 -0.021709
0.268527 0.187160 -0.019561
0.270916 0.191151 -0.016640
0.270099 0.197029 -0.012625
0.274085 0.200353 -0.010054
0.278128 0.203650 -0.007529
0.277315 0.209392 -0.003595
0.279730 0.213288 -0.000781
0.284899 0.215757 0.001196
0.284649 0.221442 0.005100
0.285460 0.226295 0.008456
0.290877 0.228655 0.010302
0.292429 0.233248 0.013471
0.292228 0.239089 0.017410
0.296802 0.241347 0.019060
0.299880 0.244806 0.021445
0.300309 0.251205 0.025714
0.303308 0.254343 0.027770
0.307020 0.256925 0.029440
0.308040 0.263341 0.033603
0.310371 0.267860 0.036446
0.314341 0.270336 0.037893
0.315870 0.275691 0.041146
0.317395 0.281091 0.044342
0.321590 0.283466 0.045580
0.323622 0.287838 0.047979
0.324680 0.294201 0.051536
0.329226 0.297048 0.052873
0.333212 0.300423 0.054487
0.333551 0.306858 0.057759
0.336535 0.310788 0.059512
0.340996 0.313612 0.060556
0.342371 0.319834 0.063447
0.344775 0.324971 0.065625
0.348862 0.327976 0.066577
0.350294 0.333737 0.068978
0.352021 0.339877 0.071484
0.356621 0.343646 0.072571
0.360108 0.348503 0.074197
0.360867 0.354553 0.076530
0.365041 0.359176 0.077883
0.370360 0.363905 0.079093
0.371206 0.369350 0.081025
0.374968 0.374516 0.082513
0.381319 0.379728 0.083724
0.382741 0.385370 0.085584
0.384801 0.390596 0.087198
0.389965 0.396820 0.088880
0.393183 0.402187 0.090405
0.395210 0.406834 0.091797
0.399899 0.413443 0.093706
0.403874 0.419329 0.095426
0.406691 0.423599 0.096586
0.410702 0.429867 0.098534
0.414361 0.436131 0.100554
0.417718 0.440808 0.101962
0.421295 0.446625 0.103895
0.425392 0.452756 0.105966
0.428958 0.458114 0.107797
0.432454 0.464013 0.109996
0.436415 0.469668 0.112089
0.440093 0.474918 0.114103
0.443519 0.479848 0.116073
0.447455 0.485672 0.118509
0.451237 0.491151 0.120916
0.454726 0.495472 0.122782
0.458525 0.501342 0.125572
0.462506 0.507469 0.128584
0.465858 0.512574 0.131203
0.469723 0.517964 0.133996
0.473623 0.523709 0.137186
0.477396 0.528712 0.139964
0.480834 0.532887 0.142347
0.483826 0.538635 0.145973
0.486840 0.543967 0.149429
0.490911 0.547693 0.151637
0.494425 0.552970 0.155162
0.497807 0.557779 0.158485
0.501471 0.562447 0.161723
0.504761 0.567037 0.165041
0.508815 0.572131 0.168769
0.512049 0.576398 0.171999
0.515473 0.581144 0.175686
0.519024 0.585339 0.178978
0.522604 0.589891 0.182673
0.525506 0.594606 0.186716
0.528827 0.599285 0.190778
0.532417 0.603846 0.194791
0.536761 0.608164 0.198558
0.540344 0.612555 0.202615
0.542987 0.617159 0.207173
0.547478 0.621392 0.211164
0.550827 0.625788 0.215641
0.552992 0.630032 0.220256
0.557608 0.634334 0.224731
0.561332 0.638844 0.229809
0.564414 0.642262 0.233661
0.567750 0.646510 0.238771
0.571391 0.650624 0.243878
0.574396 0.654450 0.248852
0.577699 0.658342 0.254128
0.580391 0.662972 0.261001
0.583135 0.666277 0.265898
0.585904 0.669506 0.270874
0.590113 0.673632 0.277599
0.593487 0.676966 0.283289
0.595987 0.679936 0.288671
0.599373 0.683714 0.296005
0.602469 0.687163 0.303147
0.604368 0.689548 0.308388
0.607299 0.692794 0.315902
0.612569 0.696278 0.324042
0.613069 0.698464 0.330331
0.615424 0.701096 0.337768
0.621190 0.704441 0.347106
0.622968 0.706480 0.354015
0.624062 0.707692 0.358593
0.629665 0.711231 0.370613
0.631859 0.713329 0.379129
0.632723 0.714141 0.383279
0.636485 0.716948 0.395205
0.640723 0.719284 0.405661
0.640591 0.719820 0.410105
0.643919 0.721755 0.420045
0.649225 0.724721 0.434933
0.649031 0.724890 0.438283
0.650755 0.725903 0.445288
0.655972 0.728488 0.458980
0.656783 0.729146 0.465089
0.656798 0.729516 0.470214
0.661742 0.732061 0.483760
0.665062 0.733477 0.492296
0.663810 0.733552 0.496663
0.668660 0.735894 0.508363
0.673396 0.737882 0.517971
0.671002 0.737948 0.522701
0.673686 0.739539 0.530941
0.679461 0.742168 0.540965
0.677586 0.742340 0.545731
0.678185 0.743641 0.553005
0.684720 0.746487 0.561604
0.684220 0.747727 0.568634
0.684181 0.749343 0.576302
0.689829 0.752529 0.584900
0.692743 0.755028 0.592545
0.692045 0.756521 0.599083
0.695577 0.758946 0.605383
0.698907 0.761465 0.611733
0.699803 0.763946 0.619199
0.702600 0.766921 0.626421
0.706039 0.769956 0.633063
0.707775 0.772981 0.640510
0.710303 0.776033 0.647203
0.713584 0.779450 0.654034
0.715848 0.782575 0.660637
0.718814 0.786257 0.667793
0.721403 0.789585 0.674233
0.723954 0.793248 0.681232
0.725536 0.796179 0.687189
0.729475 0.799907 0.693167
0.733383 0.803844 0.699379
0.733823 0.806959 0.706040
0.737375 0.810812 0.712105
0.743145 0.815168 0.717614
0.742129 0.818158 0.724625
0.743641 0.821896 0.731347
0.749273 0.826753 0.737443
0.750008 0.830461 0.744436
0.749975 0.834029 0.751601
0.755305 0.838259 0.756460
0.757749 0.842676 0.763406
0.756574 0.846128 0.770946
0.761980 0.851002 0.776663
0.766398 0.855790 0.782721
0.764627 0.859141 0.790326
0.767987 0.863286 0.795883
0.775031 0.868064 0.800060
