0.356196 0.305554 0.122833
0.367934 0.321653 0.131265
0.377701 0.337919 0.139727
0.389305 0.354874 0.148642
0.411862 0.388444 0.167655
0.435237 0.421609 0.189964
0.358869 0.293067 0.150221
0.364675 0.301706 0.156267
0.381880 0.326969 0.174758
0.388475 0.336388 0.182143
0.393772 0.343849 0.188265
0.565827 0.504391 0.486693
0.588388 0.531935 0.501112
0.610376 0.558577 0.517352
0.620888 0.571216 0.526427
0.631725 0.583367 0.535794
0.552435 0.478285 0.493285
0.607287 0.547072 0.526878
0.626040 0.569292 0.540459
0.647233 0.593610 0.559455
0.675228 0.622974 0.588015
0.434079 0.426950 0.174562
0.443530 0.440203 0.183404
0.453694 0.454400 0.193709
0.463685 0.467902 0.204320
0.474294 0.482538 0.216599
0.495758 0.509673 0.240859
0.519116 0.539049 0.268489
0.395186 0.338701 0.206778
0.410203 0.358109 0.228782
0.423856 0.374791 0.251024
0.431859 0.384014 0.264716
0.439439 0.392498 0.277992
0.630061 0.823220 0.345926
0.638963 0.829244 0.380469
0.644994 0.834023 0.413993
0.659210 0.842327 0.488574
0.647866 0.840816 0.491179
0.659079 0.844049 0.510598
0.565675 0.402911 0.635895
0.586706 0.428229 0.639807
0.609572 0.454969 0.642368
0.621412 0.473830 0.645966
0.644568 0.502913 0.649328
0.482847 0.513177 0.188104
0.491037 0.523623 0.195937
0.499563 0.534824 0.204829
0.507687 0.545281 0.213504
0.526142 0.569138 0.234598
0.535837 0.579851 0.244499
0.543985 0.590340 0.254963
0.595898 0.370288 0.730649
0.637355 0.415753 0.736764
0.683589 0.469680 0.740824
0.718928 0.512259 0.745718
0.741038 0.540727 0.753740
0.479146 0.541155 0.126097
0.485121 0.550479 0.131524
0.490269 0.558371 0.136394
0.496490 0.566937 0.141862
0.507964 0.581770 0.151948
0.519954 0.597268 0.163554
0.552363 0.585914 0.294648
0.571914 0.609063 0.321737
0.592600 0.631629 0.354202
0.610303 0.649861 0.388905
0.634482 0.669605 0.438949
0.665864 0.692219 0.517443
0.680866 0.703559 0.558875
0.699940 0.718475 0.602739
0.386566 0.333394 0.180610
0.395693 0.346226 0.191227
0.406458 0.360980 0.204584
0.418054 0.376277 0.220057
0.430355 0.391827 0.237819
0.451270 0.416742 0.270096
0.315666 0.193399 0.159733
0.317925 0.197922 0.164013
0.319861 0.201214 0.167331
0.327782 0.212269 0.179256
0.334687 0.220845 0.189716
0.340027 0.229120 0.200657
0.350275 0.245067 0.225494
0.362754 0.259150 0.255837
0.367946 0.264836 0.270971
0.329322 0.193355 0.223894
0.328976 0.197129 0.229797
0.331340 0.200166 0.236332
0.335499 0.205716 0.249866
0.340019 0.210516 0.264606
0.347812 0.218557 0.296551
0.484097 0.552904 0.124566
0.486969 0.557045 0.126998
0.489929 0.561298 0.129516
0.496537 0.570972 0.135614
0.504376 0.580563 0.141894
0.539989 0.627995 0.179576
0.372855 0.330703 0.134749
0.377355 0.336461 0.137704
0.380265 0.341024 0.140050
0.387271 0.352324 0.145916
0.394617 0.363480 0.151838
0.515798 0.570451 0.194553
0.519793 0.575272 0.198523
0.523339 0.580640 0.203192
0.532869 0.592403 0.213640
0.541943 0.603647 0.224261
0.349575 0.314859 0.089835
0.351980 0.319195 0.091756
0.356884 0.325426 0.094285
0.361081 0.334367 0.098032
0.369196 0.343666 0.101462
0.373898 0.354081 0.105511
0.407711 0.405181 0.124193
0.621348 0.653404 0.416729
0.625106 0.656719 0.425047
0.630223 0.660892 0.435707
0.639053 0.667882 0.455562
0.646981 0.674026 0.475279
0.656921 0.681048 0.498066
0.582708 0.718850 0.204203
0.585128 0.722581 0.209718
0.590297 0.728858 0.219724
0.597769 0.737235 0.234406
0.604653 0.747114 0.254499
0.612709 0.755276 0.274184
0.531947 0.400011 0.570221
0.536453 0.405400 0.572015
0.541197 0.411551 0.573991
0.550604 0.423693 0.577574
0.561072 0.435841 0.580406
0.474066 0.454465 0.277375
0.478224 0.459334 0.283063
0.482475 0.464263 0.288734
0.502020 0.487330 0.314088
0.511886 0.498824 0.325785
0.565009 0.545269 0.414729
0.575989 0.558147 0.425922
0.587497 0.571357 0.438232
0.609760 0.595819 0.464523
0.631682 0.618144 0.494190
0.655263 0.640240 0.530237
0.423157 0.393719 0.201547
0.431085 0.404332 0.211023
0.439959 0.415922 0.222135
0.446991 0.424955 0.231382
0.463395 0.445692 0.253985
0.416113 0.324137 0.355372
0.418687 0.325950 0.361633
0.422026 0.328499 0.369936
0.427518 0.332190 0.381782
0.431873 0.336488 0.393300
0.438198 0.341432 0.405935
0.447235 0.349385 0.422922
0.450652 0.352593 0.428877
0.469458 0.451700 0.264244
0.471007 0.453601 0.266444
0.472776 0.455783 0.268942
0.476089 0.459692 0.273399
0.479718 0.464055 0.278354
0.483482 0.468432 0.283254
0.644204 0.619417 0.524182
0.649214 0.624350 0.531280
0.653946 0.628913 0.537970
0.663636 0.638133 0.552432
0.673920 0.647442 0.567646
0.709613 0.680402 0.629559
0.526509 0.435558 0.499492
0.536025 0.446265 0.504378
0.545507 0.457648 0.509272
0.562702 0.479801 0.518340
0.582215 0.503383 0.527018
0.599551 0.525701 0.536438
0.393761 0.332083 0.216318
0.399250 0.339155 0.224976
0.405538 0.346929 0.235213
0.416862 0.360493 0.255136
0.429034 0.374037 0.277738
0.441377 0.387020 0.301096
0.468048 0.414429 0.347666
0.455712 0.359671 0.431633
0.460189 0.363367 0.437557
0.465508 0.368349 0.444682
0.474757 0.378524 0.457090
0.485599 0.389713 0.468385
0.496777 0.401805 0.478456
0.518287 0.489109 0.369489
0.521410 0.492769 0.372786
0.525770 0.497949 0.377347
0.533727 0.507391 0.385390
0.549468 0.526154 0.400790
0.543563 0.426735 0.554678
0.549687 0.435259 0.557547
0.561338 0.449472 0.561524
0.580618 0.472140 0.566726
0.598993 0.495691 0.572638
0.614773 0.517646 0.579448
0.648543 0.561219 0.596629
0.674915 0.674457 0.553224
0.679477 0.678107 0.562301
0.684331 0.681870 0.571504
0.692159 0.688650 0.588803
0.700126 0.695845 0.606786
0.709618 0.704465 0.626832
0.348736 0.197458 0.397102
0.349941 0.198220 0.404119
0.351313 0.198850 0.410544
0.353189 0.199986 0.420161
0.357789 0.201870 0.437556
0.369878 0.208046 0.476776
0.297515 0.186684 0.095903
0.308045 0.204251 0.108629
0.320150 0.223529 0.122809
0.343565 0.259902 0.150750
0.368669 0.297672 0.183052
0.396073 0.334152 0.222221
0.503377 0.422660 0.456431
0.506106 0.425998 0.458950
0.510254 0.430694 0.462295
0.517502 0.438992 0.467747
0.524655 0.447505 0.472918
0.532053 0.456247 0.477758
0.571037 0.542392 0.438153
0.579182 0.551905 0.445663
0.586529 0.560431 0.452735
0.597238 0.572778 0.463800
0.622278 0.600094 0.492417
0.644709 0.622751 0.522245
0.689081 0.663619 0.591616
0.561467 0.613873 0.273258
0.564083 0.617273 0.277357
0.567618 0.621160 0.282042
0.573619 0.628704 0.292005
0.578346 0.634477 0.299987
0.583846 0.640526 0.308860
0.553247 0.557411 0.353175
0.556116 0.560807 0.356567
0.558930 0.564069 0.359847
0.564393 0.570617 0.366657
0.569928 0.577133 0.373670
0.581463 0.589933 0.388145
0.590370 0.599834 0.400608
0.439094 0.410797 0.230634
0.443568 0.416446 0.236806
0.447622 0.421467 0.242466
0.456090 0.431814 0.254500
0.464775 0.442204 0.266914
0.474295 0.453467 0.280374
0.504242 0.488607 0.319646
0.517024 0.503606 0.334652
0.376981 0.355684 0.105805
0.382729 0.363885 0.108766
0.386000 0.371325 0.111575
0.395058 0.386525 0.117103
0.405474 0.402046 0.122808
0.415307 0.417417 0.128868
0.453096 0.473129 0.155154
0.464340 0.489282 0.164718
0.592463 0.626934 0.362087
0.596977 0.631372 0.369319
0.602203 0.636706 0.378782
0.611889 0.645828 0.396523
0.619984 0.653295 0.413549
0.647444 0.712102 0.441189
0.656535 0.717155 0.467406
0.661018 0.720209 0.486629
0.665737 0.723204 0.505402
0.676944 0.728879 0.530621
0.695695 0.745918 0.597967
0.558417 0.517670 0.443335
0.577900 0.541095 0.459478
0.602547 0.569930 0.481970
0.633928 0.604383 0.516503
0.666712 0.636700 0.559681
0.698115 0.665820 0.609266
0.773218 0.750502 0.770754
0.793758 0.783178 0.825420
0.373372 0.352012 0.106768
0.378357 0.360442 0.109970
0.385099 0.369226 0.113126
0.396694 0.387153 0.119777
0.407758 0.404532 0.126353
0.418674 0.421129 0.133110
0.441811 0.455533 0.149076
0.454998 0.474283 0.159337
0.559102 0.678813 0.168773
0.562553 0.683188 0.173510
0.565567 0.686642 0.177264
0.572498 0.696839 0.189407
0.577613 0.702949 0.197163
0.382903 0.317100 0.201989
0.387035 0.322735 0.208129
0.395591 0.333669 0.220995
0.405799 0.346480 0.237905
0.427793 0.371638 0.278213
0.447181 0.391575 0.314843
0.354163 0.204477 0.408925
0.358362 0.206310 0.426190
0.364634 0.209365 0.449126
0.379929 0.217723 0.492380
0.397894 0.231299 0.532025
0.424307 0.251641 0.570377
0.524437 0.345741 0.641631
0.559780 0.383904 0.651885
0.605505 0.437356 0.659256
0.375151 0.253292 0.358304
0.376684 0.254359 0.364976
0.378650 0.255375 0.372237
0.382698 0.257480 0.386873
0.386285 0.259648 0.400087
0.391569 0.262819 0.417728
0.533873 0.624513 0.165926
0.540208 0.632509 0.172978
0.548156 0.642657 0.182526
0.563850 0.662218 0.203120
0.584941 0.689746 0.239382
0.600413 0.707044 0.269381
0.634961 0.740954 0.373698
0.435401 0.387289 0.272832
0.438507 0.390722 0.278324
0.442633 0.395222 0.285638
0.448119 0.401089 0.295218
0.470444 0.424900 0.332204
0.387389 0.270934 0.369796
0.390568 0.272923 0.381010
0.396342 0.276510 0.400090
0.405977 0.281833 0.425505
0.417295 0.289470 0.452020
0.429304 0.299924 0.477130
0.445042 0.312467 0.499896
0.475919 0.343041 0.533907
0.494819 0.363175 0.548178
0.517112 0.387413 0.560401
0.341823 0.253606 0.156382
0.345164 0.259011 0.161036
0.348574 0.264295 0.165684
0.352708 0.268718 0.169813
0.360128 0.281322 0.181576
0.375773 0.302200 0.203801
0.509924 0.502481 0.310784
0.523298 0.518267 0.326249
0.533784 0.530888 0.338308
0.561540 0.563798 0.370075
0.586940 0.592544 0.401643
0.611749 0.618424 0.437718
0.636575 0.641298 0.479089
0.410973 0.366879 0.210738
0.414549 0.371593 0.215549
0.416794 0.374527 0.218647
0.437642 0.400550 0.249232
0.451068 0.416335 0.270203
0.463837 0.430897 0.290092
0.334103 0.219881 0.184443
0.334870 0.222108 0.186995
0.335915 0.224342 0.189717
0.337560 0.228421 0.194649
0.344363 0.235612 0.205118
0.350993 0.244351 0.218964
0.352012 0.248271 0.224881
0.354453 0.251840 0.231214
0.346082 0.275935 0.132570
0.352939 0.286540 0.139531
0.358067 0.294664 0.144872
0.370346 0.312591 0.156834
0.382911 0.331366 0.169871
0.394147 0.347476 0.181859
0.549498 0.487350 0.470123
0.571418 0.514621 0.484879
0.593871 0.541981 0.500429
0.636251 0.591222 0.536872
0.676160 0.632589 0.582787
0.712283 0.667890 0.637928
0.375646 0.241008 0.403074
0.379993 0.243357 0.418841
0.386315 0.247032 0.439606
0.392177 0.249556 0.453620
0.396622 0.253583 0.467852
0.390862 0.470421 0.022723
0.397292 0.479980 0.024954
0.403370 0.488813 0.027103
0.416803 0.508932 0.032455
0.430387 0.528186 0.038241
0.443785 0.544716 0.043688
0.480114 0.597267 0.066924
0.411501 0.333034 0.305980
0.416010 0.336962 0.316795
0.420484 0.340981 0.327932
0.430409 0.349108 0.350505
0.439635 0.357357 0.371139
0.450133 0.366862 0.391625
0.536897 0.538195 0.334027
0.542501 0.544978 0.340585
0.549397 0.553123 0.348457
0.561880 0.567765 0.363132
0.574527 0.582314 0.378804
0.586732 0.596003 0.395132
0.611048 0.621092 0.431073
0.679770 0.633976 0.589235
0.693663 0.647647 0.608733
0.707094 0.660364 0.628612
0.730843 0.683326 0.669174
0.751693 0.706238 0.712911
0.769141 0.728655 0.754987
0.527842 0.423894 0.523899
0.534975 0.431528 0.526834
0.546472 0.445310 0.532005
0.564564 0.468356 0.539889
0.582936 0.491952 0.547486
0.603137 0.517276 0.555822
0.640268 0.563469 0.575499
0.654096 0.580531 0.586337
0.672507 0.601065 0.600408
0.688052 0.617305 0.614291
0.552216 0.546696 0.370497
0.561203 0.557373 0.380644
0.570597 0.568315 0.391467
0.579302 0.578159 0.401731
0.587958 0.587926 0.412771
0.617804 0.618854 0.454729
0.626059 0.626740 0.467812
0.375125 0.303566 0.197774
0.377676 0.307046 0.201533
0.382240 0.313125 0.208423
0.387251 0.319930 0.216520
0.400298 0.336044 0.238303
0.410934 0.348537 0.258064
0.422239 0.360927 0.280476
0.292904 0.160962 0.120465
0.296497 0.163952 0.122773
0.299466 0.169636 0.127115
0.304896 0.179635 0.134989
0.311715 0.190135 0.143672
0.339289 0.233238 0.186582
0.396655 0.357677 0.170587
0.399083 0.361259 0.173003
0.402185 0.365723 0.176063
0.407192 0.372914 0.181158
0.412755 0.380743 0.186941
0.417799 0.387853 0.192466
0.424350 0.396771 0.199733
0.428527 0.402421 0.204594
0.434377 0.410137 0.211520
0.439633 0.417067 0.218029
0.445003 0.424106 0.224902
0.478304 0.433509 0.343463
0.482075 0.437656 0.348815
0.486084 0.441931 0.354089
0.494068 0.450788 0.364298
0.502256 0.460128 0.374121
0.510392 0.469384 0.382999
0.536882 0.500676 0.408941
0.365505 0.258308 0.277309
0.366614 0.259151 0.280154
0.367861 0.260384 0.284249
0.370411 0.262677 0.292597
0.373055 0.265045 0.301778
0.375753 0.266971 0.310296
0.384263 0.273688 0.342013
0.387264 0.275858 0.353143
0.306246 0.184247 0.137271
0.311619 0.189928 0.142041
0.317251 0.200958 0.151549
0.328408 0.217570 0.167404
0.338616 0.233026 0.184224
0.347891 0.248162 0.203102
0.358171 0.261303 0.223169
0.368960 0.273660 0.246629
0.378779 0.284446 0.271941
0.388589 0.293904 0.300023
0.398652 0.302430 0.330767
0.428397 0.333026 0.386668
0.436709 0.339558 0.404138
0.447511 0.349140 0.424772
0.475886 0.376699 0.464243
0.531468 0.438960 0.507114
0.408202 0.309547 0.358563
0.409794 0.310848 0.363431
0.412026 0.312225 0.369030
0.416135 0.314863 0.379135
0.424595 0.321056 0.399896
0.435357 0.382344 0.285646
0.437650 0.384818 0.289987
0.440674 0.388023 0.295648
0.445472 0.392901 0.304321
0.455104 0.402949 0.321723
0.464601 0.412766 0.337679
0.475275 0.423918 0.353993
0.501347 0.452476 0.387235
0.528442 0.484057 0.414197
0.494229 0.455107 0.355354
0.499873 0.461545 0.362286
0.510742 0.474061 0.374666
0.521636 0.486757 0.386033
0.553033 0.524060 0.415676
0.578956 0.554871 0.440214
0.606602 0.586132 0.469561
0.659886 0.620023 0.560093
0.670354 0.630390 0.573205
0.681343 0.641010 0.588073
0.699411 0.658119 0.614853
0.731248 0.688737 0.670191
0.758889 0.720530 0.731309
0.781572 0.751804 0.787433
0.309197 0.164081 0.177129
0.311896 0.168211 0.181441
0.314118 0.172925 0.186516
0.319072 0.182413 0.198161
0.324842 0.189746 0.209000
0.329590 0.197341 0.221705
0.340942 0.213084 0.257942
0.349472 0.222918 0.293327
0.421390 0.421605 0.140627
0.424274 0.425859 0.142578
0.426973 0.429750 0.144373
0.432753 0.438645 0.148747
0.438566 0.446957 0.152997
0.443860 0.454595 0.157149
0.458046 0.475072 0.169235
0.464105 0.483495 0.174666
0.469725 0.491268 0.179959
0.518981 0.596896 0.160956
0.522569 0.601882 0.164892
0.526041 0.605990 0.168198
0.532960 0.615505 0.176261
0.539382 0.623765 0.183618
0.554133 0.642216 0.201600
0.563312 0.653379 0.213814
0.571093 0.663186 0.225543
0.319860 0.166504 0.300932
0.322669 0.166405 0.306493
0.323684 0.166839 0.310616
0.324179 0.168293 0.317961
0.325076 0.169293 0.324487
0.326606 0.170439 0.335006
0.329241 0.172341 0.353212
0.330488 0.173017 0.361161
0.331940 0.173869 0.371170
0.508423 0.458192 0.400360
0.512907 0.463036 0.404516
0.519121 0.470589 0.410798
0.539062 0.494230 0.428251
0.577872 0.540781 0.459899
0.588551 0.553209 0.468916
0.599051 0.565469 0.478669
0.447777 0.433698 0.214698
0.452698 0.440116 0.220621
0.458171 0.447150 0.227328
0.465673 0.456964 0.237034
0.485837 0.481923 0.262506
0.505804 0.506183 0.287194
0.525585 0.530261 0.310947
0.548893 0.557610 0.337571
0.521895 0.565549 0.225296
0.527314 0.572561 0.231679
0.533279 0.579283 0.237855
0.544751 0.594109 0.252556
0.557570 0.609341 0.268909
0.510646 0.558615 0.198823
0.513642 0.562416 0.201944
0.517163 0.566888 0.205687
0.523744 0.575373 0.213017
0.536434 0.591174 0.227421
0.304911 0.126455 0.351098
0.305938 0.127417 0.361554
0.305938 0.128606 0.368993
0.308939 0.130079 0.389138
0.314898 0.134330 0.433416
0.271838 0.019773 0.299876
0.280689 0.018956 0.299426
0.287520 0.019207 0.299944
0.284512 0.026972 0.306992
0.290918 0.033936 0.313843
0.284335 0.047284 0.326758
0.613334 0.869014 0.298946
0.619209 0.876581 0.326486
0.631255 0.886823 0.372275
0.630744 0.892699 0.402772
0.635707 0.904063 0.479346
0.554385 0.331332 0.722227
0.571173 0.345382 0.725787
0.586508 0.360483 0.729019
0.624055 0.395274 0.733270
0.651374 0.428200 0.736925
0.673567 0.456853 0.740274
0.727769 0.522459 0.747697
0.744698 0.543448 0.753148
0.759131 0.560323 0.759700
0.461128 0.414469 0.318354
0.463301 0.416748 0.321865
0.466998 0.420791 0.327940
0.470495 0.424502 0.333346
0.480567 0.435353 0.348102
0.501009 0.458077 0.374069
0.512129 0.470914 0.386350
0.351044 0.251544 0.215332
0.353988 0.252303 0.217452
0.354168 0.253996 0.219784
0.357003 0.256374 0.224274
0.359836 0.261096 0.232232
0.367989 0.270797 0.252083
0.374808 0.277885 0.269700
0.382008 0.285135 0.290820
0.453683 0.324239 0.505901
0.457071 0.327159 0.509589
0.464136 0.333371 0.516663
0.472378 0.341076 0.524295
0.489084 0.359810 0.538910
0.529634 0.403440 0.560308
0.566248 0.447751 0.573138
0.591573 0.478562 0.579575
0.607414 0.501330 0.585935
0.673094 0.555993 0.639580
0.682223 0.568796 0.645886
0.698917 0.588272 0.655300
0.726342 0.618447 0.677111
0.760522 0.655664 0.727849
0.416818 0.335737 0.324885
0.420927 0.339342 0.335221
0.426135 0.343772 0.347829
0.436193 0.351735 0.369437
0.457229 0.371029 0.409522
0.515409 0.433043 0.472868
0.425492 0.358546 0.303047
0.430641 0.363585 0.314274
0.436265 0.368596 0.325574
0.447214 0.379047 0.347813
0.470173 0.401660 0.386934
0.500402 0.433434 0.423049
0.518659 0.454856 0.440116
0.533885 0.473077 0.452191
0.514238 0.584129 0.166157
0.516610 0.587518 0.168800
0.518495 0.589869 0.170655
0.523214 0.595473 0.175078
0.531717 0.607438 0.185271
0.541597 0.619732 0.196398
0.546219 0.625403 0.201838
0.557226 0.634155 0.224004
0.564063 0.642406 0.233373
0.571605 0.651105 0.243917
0.583163 0.666499 0.265613
0.617385 0.700882 0.335490
0.647341 0.724160 0.432055
0.538030 0.529489 0.355804
0.543811 0.536351 0.362093
0.550184 0.543891 0.369034
0.562156 0.558101 0.382480
0.574677 0.572465 0.396782
0.599063 0.599437 0.427960
0.627506 0.627736 0.470469
0.652532 0.612339 0.550299
0.665676 0.625653 0.566399
0.678497 0.638663 0.584880
0.705452 0.663499 0.623422
0.746776 0.705982 0.703402
0.761086 0.525957 0.791284
0.770875 0.537433 0.796224
0.782019 0.551007 0.803419
0.794444 0.564197 0.814815
0.825132 0.592805 0.870038
0.847093 0.637144 0.943661
0.467961 0.433910 0.300267
0.469547 0.435670 0.302625
0.471384 0.437735 0.305402
0.474208 0.440896 0.309570
0.480618 0.448072 0.318750
0.493914 0.463093 0.336534
0.626397 0.463210 0.666096
0.634876 0.473620 0.666803
0.647811 0.489527 0.667762
0.655643 0.499073 0.669105
0.681502 0.532670 0.674295
0.411697 0.376676 0.191432
0.416217 0.382929 0.196556
0.421285 0.389808 0.202415
0.430713 0.402384 0.213907
0.439204 0.413403 0.224798
0.457530 0.436413 0.249763
0.472575 0.454607 0.270715
0.491736 0.477248 0.296258
0.427942 0.391290 0.228167
0.431114 0.395260 0.232655
0.434491 0.399490 0.237582
0.439703 0.405908 0.245290
0.452093 0.420670 0.263934
0.463408 0.433839 0.281113
0.476094 0.448337 0.299692
0.520051 0.498849 0.355401
0.536289 0.518088 0.372681
0.555929 0.541431 0.392938
0.593497 0.584641 0.434657
0.630859 0.623084 0.485949
0.325297 0.200139 0.189031
0.326122 0.203842 0.193505
0.329488 0.206241 0.197144
0.332162 0.211959 0.204998
0.340171 0.220239 0.219317
0.351173 0.237370 0.255039
0.526616 0.588019 0.200606
0.528699 0.591100 0.203348
0.532276 0.595217 0.207002
0.537272 0.601087 0.212330
0.546032 0.613310 0.224382
0.565289 0.635474 0.248502
0.646556 0.610355 0.540011
0.657507 0.621333 0.553120
0.671238 0.634689 0.570992
0.685991 0.648655 0.592200
0.720211 0.681253 0.649930
0.772951 0.742573 0.765840
0.468797 0.436005 0.298755
0.475158 0.443149 0.308142
0.480658 0.449335 0.315980
0.492121 0.462305 0.331393
0.518819 0.493199 0.362891
0.436207 0.337470 0.408456
0.440676 0.341394 0.417456
0.443773 0.344078 0.423154
0.451031 0.350459 0.435288
0.468737 0.367435 0.460014
0.503519 0.596771 0.119778
0.506129 0.600858 0.122526
0.511018 0.605798 0.125787
0.517474 0.614804 0.132310
0.528266 0.628419 0.142750
0.554310 0.662231 0.173177
0.559829 0.670189 0.181482
0.313444 0.179827 0.184658
0.316269 0.184631 0.190295
0.318509 0.188945 0.195627
0.326796 0.196153 0.206772
0.336331 0.212621 0.235838
0.350096 0.227043 0.278171
0.359629 0.235832 0.318020
0.615030 0.516967 0.583017
0.628954 0.534044 0.588068
0.643462 0.551450 0.593806
0.664056 0.577181 0.606728
0.702281 0.622325 0.642557
0.740989 0.661215 0.692963
0.755438 0.676653 0.719230
0.329425 0.291665 0.057704
0.333042 0.294580 0.059131
0.333578 0.300998 0.062456
0.337486 0.307597 0.065558
0.345960 0.323192 0.072356
0.643899 0.748719 0.404924
0.653567 0.754101 0.443556
0.661882 0.758183 0.476878
0.669475 0.763441 0.521003
0.693673 0.787642 0.613874
0.299124 0.119319 0.244223
0.298517 0.121495 0.246815
0.300228 0.121953 0.247854
0.305721 0.121709 0.249224
0.305356 0.126768 0.256972
0.308822 0.133344 0.272135
0.311191 0.141029 0.296015
0.311646 0.143850 0.307242
0.314799 0.146186 0.325713
0.437434 0.341735 0.400573
0.444355 0.348189 0.414820
0.454765 0.357827 0.432633
0.468088 0.370085 0.450541
0.505265 0.410321 0.487181
0.593005 0.516867 0.534190
0.678740 0.617572 0.599321
0.305727 0.126372 0.383475
0.306114 0.126638 0.385602
0.307073 0.126708 0.388839
0.307759 0.127550 0.397852
0.309529 0.128606 0.410482
0.477478 0.476646 0.241258
0.481487 0.481410 0.245874
0.485106 0.486310 0.250733
0.494471 0.497575 0.261836
0.511051 0.518357 0.282385
0.535931 0.548402 0.311757
0.555246 0.570642 0.334055
0.510845 0.511799 0.294865
0.515052 0.516592 0.299552
0.519556 0.522020 0.304879
0.527410 0.531283 0.313863
0.542598 0.549397 0.331439
0.573733 0.586076 0.369993
0.603217 0.617635 0.412173
0.631496 0.644043 0.461071
0.513524 0.509768 0.308305
0.520966 0.518835 0.317246
0.530989 0.530673 0.328629
0.548527 0.551481 0.348613
0.581829 0.589910 0.389323
0.417371 0.376832 0.215627
0.421314 0.381953 0.220991
0.426016 0.387981 0.227592
0.434935 0.399108 0.240519
0.464845 0.434338 0.286112
0.473170 0.443808 0.298424
0.495012 0.468693 0.328186
0.222722 0.028685 0.009411
0.227181 0.036898 0.017480
0.231330 0.049545 0.029085
0.243737 0.069876 0.046816
0.254442 0.092459 0.064817
0.434820 0.378116 0.294206
0.436601 0.380046 0.297808
0.445193 0.388478 0.313709
0.458813 0.402206 0.338207
0.484806 0.429326 0.377231
0.635644 0.825610 0.373377
0.637473 0.826871 0.381707
0.640962 0.829406 0.397889
0.644340 0.831393 0.413738
0.650426 0.835616 0.450872
0.649346 0.836230 0.461425
0.331276 0.226160 0.162779
0.331549 0.228540 0.165015
0.333267 0.229831 0.166356
0.335402 0.231693 0.168297
0.338903 0.237058 0.173791
0.345689 0.248006 0.185674
0.352338 0.258768 0.198437
0.535854 0.527865 0.351437
0.539323 0.532042 0.355318
0.543271 0.536681 0.359565
0.550628 0.545386 0.367627
0.566526 0.564174 0.385708
0.495264 0.514769 0.228237
0.498432 0.518886 0.231894
0.501187 0.522347 0.234985
0.508055 0.531081 0.242904
0.520272 0.546924 0.257712
0.535799 0.564956 0.274915
0.549465 0.581673 0.292039
0.690959 0.701210 0.582926
0.702223 0.711765 0.611865
0.709762 0.718318 0.627434
0.728604 0.738527 0.672651
0.761722 0.781483 0.752547
0.518541 0.623223 0.125576
0.523023 0.628237 0.129272
0.528857 0.637062 0.136270
0.538179 0.649009 0.146292
0.559886 0.676173 0.172359
0.281846 0.059145 0.251574
0.284344 0.064508 0.256406
0.286705 0.070793 0.262317
0.294121 0.075375 0.266927
0.295947 0.088541 0.280035
0.294618 0.100599 0.299256
0.295381 0.109584 0.327559
0.621048 0.744066 0.313378
0.623345 0.746117 0.320363
0.623052 0.746932 0.323419
0.627740 0.749970 0.335109
0.635825 0.756595 0.364830
0.641515 0.760916 0.391214
0.605517 0.572442 0.485668
0.615709 0.584270 0.496817
0.625806 0.595245 0.507975
0.646064 0.616238 0.532572
0.684372 0.652594 0.586749
0.373914 0.208738 0.495220
0.378038 0.211526 0.505525
0.383489 0.215050 0.517420
0.394595 0.223534 0.539738
0.424829 0.247947 0.583340
0.461106 0.280479 0.618079
0.486590 0.304606 0.635074
0.511000 0.325378 0.645656
0.553881 0.635323 0.213110
0.572539 0.656961 0.238082
0.576570 0.662258 0.245160
0.598193 0.687430 0.285688
0.635371 0.721442 0.384117
0.668817 0.741404 0.508098
0.680948 0.750674 0.559520
0.531292 0.624759 0.157639
0.537602 0.633017 0.164746
0.546614 0.642715 0.173449
0.558763 0.659490 0.190395
0.583745 0.692253 0.231565
0.609186 0.722614 0.289222
0.457590 0.282242 0.608902
0.467664 0.290222 0.615649
0.480875 0.303123 0.624749
0.501402 0.323006 0.635867
0.528482 0.347744 0.645770
0.553744 0.376492 0.653778
0.578176 0.402352 0.658094
0.604419 0.435204 0.662505
0.626164 0.463361 0.665598
0.411671 0.306828 0.384429
0.412937 0.307091 0.386277
0.414694 0.308272 0.390784
0.417012 0.309841 0.396541
0.421590 0.313592 0.408678
0.434431 0.323936 0.436501
0.446363 0.334454 0.457453
0.453514 0.340539 0.467419
0.460655 0.347298 0.476822
0.482021 0.461386 0.293538
0.485386 0.465307 0.298081
0.488509 0.468945 0.302246
0.494341 0.475722 0.309776
0.536340 0.525194 0.358453
0.514863 0.413570 0.508463
0.530506 0.431635 0.517117
0.546459 0.450218 0.524386
0.578539 0.490902 0.538709
0.643584 0.571440 0.572978
0.581377 0.643151 0.295800
0.583438 0.645458 0.299252
0.586444 0.648496 0.303929
0.591203 0.653397 0.311902
0.600792 0.663837 0.331369
0.405543 0.357026 0.209851
0.407876 0.360113 0.213037
0.410988 0.364167 0.217344
0.414483 0.368694 0.222328
0.442687 0.402928 0.266184
0.316899 0.320292 -0.005807
0.318877 0.328422 -0.001130
0.323331 0.335101 0.002439
0.330660 0.349663 0.009401
0.372819 0.424287 0.031521
0.386422 0.444902 0.035979
0.617407 0.628137 0.439779
0.629782 0.639556 0.461833
0.641342 0.649491 0.483225
0.662978 0.667045 0.526194
0.708878 0.705891 0.625122
0.507165 0.493966 0.318814
0.508592 0.495626 0.320506
0.510150 0.497414 0.322287
0.512690 0.500374 0.325232
0.517824 0.506567 0.331336
0.793037 0.602338 0.791478
0.794706 0.606064 0.798479
0.797727 0.608508 0.802902
0.803192 0.614476 0.813487
0.816442 0.631058 0.842741
0.711522 0.642562 0.642809
0.722283 0.654008 0.659358
0.733041 0.665553 0.678590
0.754673 0.687509 0.716648
0.783644 0.727579 0.791202
0.813610 0.773647 0.866366
0.814291 0.780885 0.879381
0.384119 0.282906 0.309772
0.386513 0.284851 0.317589
0.388669 0.286655 0.324958
0.393367 0.290108 0.340192
0.403459 0.297085 0.371874
0.352874 0.260246 0.192734
0.355095 0.264069 0.197233
0.359098 0.268000 0.202496
0.364048 0.275333 0.212263
0.374687 0.289414 0.233666
0.385516 0.301837 0.256919
0.396537 0.313393 0.283574
0.546104 0.468160 0.493855
0.558500 0.483856 0.501072
0.573449 0.502383 0.509141
0.600227 0.535109 0.524138
0.717447 0.664279 0.650168
0.735854 0.682293 0.681512
0.404850 0.233350 0.552737
0.408330 0.236374 0.558303
0.412794 0.239281 0.563873
0.420648 0.245222 0.573691
0.436921 0.260503 0.593347
0.376744 0.257253 0.354135
0.378424 0.258418 0.361183
0.379666 0.259317 0.366610
0.383226 0.261131 0.379008
0.390656 0.265253 0.404208
0.543580 0.603775 0.230250
0.547773 0.608975 0.235511
0.552420 0.614207 0.240937
0.559521 0.622611 0.250115
0.574330 0.640305 0.271873
0.492297 0.556760 0.142120
0.495577 0.561392 0.145086
0.499106 0.566544 0.148573
0.506056 0.575911 0.155083
0.520198 0.594050 0.168668
0.459269 0.408544 0.324996
0.463067 0.412573 0.331412
0.466787 0.416509 0.337454
0.475391 0.425575 0.350519
0.492695 0.444367 0.373648
0.601928 0.716062 0.268711
0.603650 0.718551 0.274035
0.607701 0.723467 0.285466
0.616628 0.730206 0.302870
0.625128 0.739421 0.333024
0.660073 0.762068 0.469849
0.665934 0.765488 0.501939
0.613873 0.575305 0.504115
0.624167 0.586858 0.514443
0.635857 0.599691 0.527490
0.651924 0.616022 0.545625
0.689226 0.652726 0.598899
0.747504 0.710327 0.705535
0.542884 0.543684 0.344201
0.545246 0.546510 0.346929
0.548996 0.550995 0.351258
0.552665 0.555254 0.355382
0.561055 0.565069 0.365157
0.578286 0.584970 0.386629
0.593759 0.601893 0.407534
0.609149 0.617854 0.430836
0.775622 0.577603 0.784619
0.785942 0.582330 0.786749
0.788931 0.584509 0.790344
0.796187 0.588835 0.797475
0.809318 0.604614 0.825565
0.486105 0.497505 0.230232
0.488169 0.500037 0.232510
0.490467 0.502929 0.235164
0.493889 0.507123 0.238986
0.501116 0.516386 0.247557
0.515631 0.534858 0.265023
0.417004 0.368576 0.234464
0.419797 0.371983 0.238833
0.423108 0.376037 0.244204
0.429301 0.383415 0.254421
0.441044 0.396809 0.274251
0.453673 0.410636 0.295615
0.238171 0.061719 0.043157
0.240986 0.067421 0.047973
0.246531 0.073461 0.053095
0.251633 0.087312 0.064053
0.267189 0.111454 0.082478
0.280321 0.138385 0.102170
0.290698 0.156165 0.115272
0.294723 0.164707 0.121705
0.425258 0.379714 0.244892
0.430422 0.385856 0.253291
0.436213 0.392583 0.262896
0.446921 0.404704 0.280964
0.474176 0.434477 0.324610
0.397476 0.323397 0.259025
0.401928 0.328251 0.268672
0.405934 0.332444 0.277564
0.420968 0.347237 0.312581
0.436226 0.360619 0.346160
0.481172 0.466661 0.278208
0.485350 0.471579 0.283680
0.489998 0.477120 0.289772
0.499126 0.487839 0.301262
0.521411 0.514562 0.328156
0.541939 0.538652 0.350854
0.552421 0.551078 0.362632
0.562925 0.563552 0.374877
0.532559 0.528957 0.337092
0.536454 0.533661 0.341543
0.540899 0.539077 0.346718
0.549596 0.549302 0.356398
0.567803 0.570787 0.377845
0.587345 0.592738 0.402491
0.605350 0.611578 0.427646
0.599344 0.661386 0.331328
0.603988 0.665800 0.340350
0.608748 0.669743 0.348767
0.615388 0.676758 0.366640
0.634758 0.691586 0.412995
0.650545 0.702227 0.457867
0.369328 0.334072 0.117156
0.372248 0.339881 0.119728
0.377511 0.347166 0.122879
0.385261 0.359720 0.128306
0.403114 0.386553 0.140155
0.421037 0.413737 0.153355
0.595810 0.707366 0.252407
0.599516 0.712021 0.261151
0.603434 0.717268 0.271911
0.609746 0.725140 0.290303
0.627011 0.740324 0.337196
0.644084 0.752408 0.394878
0.647435 0.755279 0.416370
0.370412 0.207019 0.481695
0.372829 0.208648 0.488786
0.376083 0.210197 0.495988
0.381002 0.214219 0.509395
0.393251 0.223261 0.534916
0.406566 0.234109 0.557693
0.424070 0.247974 0.580454
0.784205 0.579367 0.788455
0.789702 0.584792 0.798733
0.802489 0.592835 0.809234
0.818672 0.615650 0.851216
0.848761 0.684808 0.965122
0.848761 0.684808 0.965122
0.848761 0.684808 0.965122
0.639252 0.641823 0.486156
0.650758 0.651796 0.507886
0.666468 0.664676 0.537585
0.693896 0.687607 0.593752
0.742385 0.736902 0.700690
0.763565 0.765192 0.752896
0.782108 0.794357 0.801798
0.797174 0.821012 0.843404
0.517958 0.547355 0.247424
0.530593 0.562558 0.261708
0.540867 0.575620 0.274705
0.566638 0.605707 0.307697
0.610749 0.653136 0.384087
0.653696 0.686696 0.485101
0.677126 0.702739 0.544849
0.376023 0.260948 0.336202
0.378303 0.262264 0.344274
0.380163 0.263625 0.351932
0.384273 0.266421 0.368106
0.393254 0.271470 0.398108
0.407275 0.280423 0.438170
0.372730 0.363043 0.086459
0.378416 0.371144 0.088960
0.383521 0.378849 0.091317
0.390547 0.393714 0.096005
0.412142 0.426222 0.106014
0.432694 0.458653 0.117560
0.455263 0.491245 0.131634
0.577914 0.667619 0.241653
0.580257 0.671094 0.246703
0.581937 0.673867 0.250787
0.585233 0.677817 0.256748
0.594475 0.687711 0.273252
0.605903 0.710965 0.287917
0.609825 0.715475 0.298795
0.612693 0.719980 0.310999
0.622597 0.727821 0.335320
0.632234 0.734673 0.362248
0.328434 0.150016 0.462523
0.329293 0.150197 0.464829
0.330279 0.150628 0.468122
0.332959 0.151731 0.477007
0.337172 0.154115 0.491290
0.340071 0.156312 0.501862
0.342999 0.157396 0.508509
0.348422 0.159895 0.521233
0.351037 0.161215 0.526931
0.540891 0.631528 0.176334
0.544053 0.635147 0.179660
0.547198 0.639409 0.183759
0.553206 0.646547 0.190803
0.564353 0.660609 0.205980
0.575699 0.674821 0.223389
0.451629 0.497917 0.112685
0.454943 0.502107 0.114420
0.459216 0.508371 0.117272
0.466465 0.519514 0.122674
0.481631 0.540053 0.133590
0.494286 0.559004 0.145348
0.509518 0.579221 0.159327
0.598244 0.814456 0.235492
0.614620 0.829130 0.275588
0.614518 0.834178 0.290752
0.635721 0.853719 0.376004
0.652025 0.868047 0.481999
0.643641 0.868230 0.503777
0.635317 0.869940 0.527841
0.538304 0.505167 0.404902
0.553333 0.523053 0.418509
0.571361 0.544643 0.435221
0.607114 0.585588 0.472198
0.669996 0.647643 0.558905
0.639587 0.762486 0.377772
0.647919 0.767911 0.415328
0.653587 0.771271 0.447708
0.670568 0.778883 0.509877
0.686717 0.801253 0.606337
0.481162 0.475175 0.258802
0.485105 0.480062 0.263886
0.489025 0.484744 0.268731
0.535769 0.540741 0.324363
0.546590 0.553774 0.337132
0.445649 0.454862 0.162656
0.466756 0.484905 0.181843
0.486985 0.512705 0.202716
0.529136 0.566520 0.249651
0.721217 0.749223 0.660344
0.217035 -0.042900 0.061944
0.217035 -0.042900 0.061944
0.217035 -0.042900 0.061944
0.217035 -0.042900 0.061944
0.217035 -0.042900 0.061944
0.590432 0.671635 0.281072
0.595717 0.677166 0.290736
0.599829 0.682267 0.300741
0.609762 0.692453 0.323455
0.629197 0.709280 0.375326
0.647057 0.721457 0.433476
0.656660 0.726708 0.464698
0.667091 0.732293 0.499094
0.517933 0.527164 0.287936
0.520044 0.529866 0.290590
0.522524 0.532781 0.293413
0.527479 0.538862 0.299358
0.540175 0.553953 0.314153
0.582164 0.514734 0.511436
0.592357 0.527971 0.518083
0.604116 0.541399 0.524429
0.622902 0.565020 0.539079
0.661108 0.608166 0.574167
0.750943 0.696265 0.710670
0.761610 0.708953 0.734596
0.773508 0.723950 0.762020
0.782323 0.738880 0.789491
0.804360 0.773156 0.846001
0.661365 0.789736 0.475076
0.664245 0.791554 0.494538
0.658471 0.791752 0.507082
0.666557 0.796999 0.541758
0.682948 0.817673 0.608321
0.492190 0.490009 0.269467
0.494151 0.492494 0.272034
0.496350 0.495109 0.274686
0.500821 0.500449 0.280081
0.509421 0.511245 0.290927
0.516475 0.519405 0.298917
0.525500 0.530594 0.309911
0.381188 0.338934 0.147209
0.381999 0.340982 0.148320
0.383760 0.343523 0.149745
0.386303 0.347434 0.151935
0.391332 0.354994 0.156258
0.504930 0.628964 0.087807
0.527433 0.659692 0.110004
0.549585 0.689788 0.136275
0.590892 0.748135 0.209336
0.654139 0.811772 0.446113
0.660372 0.819283 0.528210
0.342063 0.200441 0.329252
0.344330 0.201864 0.341539
0.346411 0.203157 0.353401
0.350796 0.205675 0.377687
0.385809 0.224657 0.498879
0.516735 0.513670 0.311573
0.520741 0.518809 0.316678
0.525629 0.524457 0.322100
0.534547 0.535026 0.332222
0.553021 0.556916 0.353371
0.500551 0.425382 0.441130
0.520365 0.448504 0.458112
0.545872 0.478555 0.475156
0.589588 0.532441 0.502996
0.677090 0.630391 0.585497
0.740594 0.693181 0.689070
0.769164 0.728104 0.755112
0.788619 0.756472 0.804694
0.541478 0.496994 0.430366
0.546636 0.503282 0.434693
0.551832 0.509303 0.438628
0.562562 0.522418 0.447480
0.583623 0.547644 0.465141
0.606728 0.574651 0.487109
0.616619 0.585736 0.497542
0.627252 0.597102 0.509115
0.502303 0.486177 0.317798
0.503213 0.487164 0.318813
0.505258 0.489604 0.321344
0.506258 0.490704 0.322462
0.509732 0.494772 0.326580
0.514911 0.500709 0.332439
0.388135 0.354086 0.146478
0.399635 0.371045 0.155568
0.409169 0.385297 0.163692
0.430369 0.415780 0.183176
0.472430 0.472627 0.230146
0.505640 0.513869 0.269893
0.554054 0.572141 0.327521
0.383450 0.343858 0.147358
0.385386 0.346931 0.149036
0.388470 0.351502 0.151565
0.391112 0.355657 0.153890
0.398699 0.366786 0.160242
0.427229 0.408002 0.187030
0.434898 0.418574 0.195041
0.442571 0.428967 0.203414
0.618801 0.662989 0.397285
0.630920 0.672474 0.423583
0.642705 0.681197 0.452467
0.665649 0.696960 0.512692
0.706879 0.731216 0.624716
0.750254 0.783658 0.731077
0.771508 0.818638 0.789502
0.787469 0.842211 0.824043
0.517321 0.547159 0.244616
0.520169 0.551072 0.248276
0.526631 0.558615 0.255283
0.534075 0.567857 0.264213
0.551742 0.588986 0.285774
0.471343 0.375796 0.450157
0.475175 0.379911 0.454927
0.481172 0.385323 0.460693
0.491057 0.396090 0.470647
0.510786 0.418653 0.486929
0.521946 0.431658 0.494402
0.360803 0.208580 0.430818
0.364095 0.210356 0.443466
0.370912 0.213849 0.465220
0.383550 0.222028 0.499696
0.423628 0.252678 0.567877
0.473227 0.438909 0.310256
0.477804 0.444011 0.316902
0.482564 0.449335 0.323600
0.493032 0.461142 0.337540
0.533093 0.507802 0.382395
0.555089 0.533982 0.404047
0.578964 0.472342 0.564328
0.597870 0.496436 0.570522
0.610352 0.513209 0.575555
0.638829 0.548843 0.587437
0.752429 0.675467 0.712170
0.560398 0.760639 0.127555
0.562648 0.763240 0.130583
0.565581 0.769030 0.137448
0.569377 0.778340 0.149363
0.574612 0.789552 0.164624
0.588358 0.812689 0.203024
0.430636 0.381883 0.264531
0.434433 0.386190 0.271273
0.438531 0.390704 0.278477
0.444558 0.397295 0.289189
0.467987 0.422255 0.328586
0.477732 0.432679 0.343138
0.496959 0.453915 0.368400
0.432197 0.276747 0.537290
0.435472 0.279874 0.541826
0.437837 0.283018 0.545803
0.445348 0.289942 0.554575
0.460831 0.304243 0.569588
0.474417 0.318373 0.581175
0.484048 0.327674 0.587612
0.665269 0.460423 0.724325
0.695986 0.498222 0.727392
0.729619 0.539296 0.733880
0.765065 0.578526 0.749734
0.797099 0.615499 0.801108
0.828098 0.662981 0.885226
0.843108 0.702416 0.949066
0.843108 0.702416 0.949066
0.601573 0.705707 0.278271
0.603828 0.708489 0.284236
0.608810 0.713080 0.294814
0.612998 0.718153 0.307902
0.635295 0.736839 0.375618
0.635907 0.733010 0.381239
0.642068 0.736803 0.401683
0.648546 0.740734 0.425888
0.660860 0.747164 0.472265
0.674892 0.756738 0.542247
0.683503 0.765112 0.578262
0.693230 0.774665 0.607264
0.629734 0.686408 0.401938
0.638193 0.692848 0.426132
0.646063 0.698070 0.448001
0.664208 0.709644 0.502390
0.693052 0.731601 0.591232
0.711778 0.749897 0.639516
0.535823 0.554399 0.298497
0.538263 0.557584 0.301733
0.547026 0.567255 0.311318
0.559554 0.582108 0.327118
0.579503 0.605124 0.354772
0.594564 0.621356 0.378058
0.396454 0.304109 0.312641
0.398249 0.305759 0.318235
0.400160 0.307235 0.323577
0.404254 0.310411 0.335326
0.412328 0.316753 0.358599
0.417551 0.320540 0.372201
0.408038 0.445579 0.075274
0.411250 0.449614 0.076284
0.413375 0.453965 0.077607
0.417117 0.458912 0.078827
0.425668 0.472646 0.082936
0.443703 0.498993 0.091693
0.506353 0.511626 0.277635
0.507853 0.513434 0.279410
0.509546 0.515544 0.281510
0.511120 0.517736 0.283696
0.517756 0.525324 0.291033
0.529537 0.539280 0.304581
0.457831 0.374609 0.403124
0.458502 0.375227 0.404178
0.459281 0.376056 0.405542
0.460038 0.376773 0.406721
0.462826 0.379535 0.411090
0.468038 0.384558 0.418491
0.427207 0.381999 0.248243
0.429877 0.385160 0.252601
0.431624 0.387199 0.255467
0.434072 0.390031 0.259494
0.440973 0.397931 0.271082
0.454323 0.412681 0.293422
0.468196 0.427848 0.315773
0.483483 0.444622 0.338100
0.406611 0.429417 0.089062
0.417701 0.446943 0.094217
0.429244 0.464797 0.099959
0.444271 0.487137 0.108139
0.482986 0.543461 0.135597
0.767671 0.673712 0.742437
0.775530 0.683012 0.759156
0.782591 0.692189 0.776129
0.798074 0.714554 0.816012
0.822049 0.759050 0.890100
0.821718 0.762166 0.895961
0.821718 0.762166 0.895961
0.568563 0.862317 0.163529
0.566907 0.861479 0.161784
0.569034 0.865518 0.168706
0.570081 0.867293 0.171843
0.571290 0.873865 0.183161
0.578904 0.888605 0.212971
0.516208 0.657395 0.086624
0.519322 0.661858 0.089882
0.549832 0.703710 0.125277
0.566331 0.727020 0.149729
0.575360 0.741625 0.167749
0.581113 0.753467 0.183991
0.314627 0.211413 0.120307
0.316643 0.215408 0.123314
0.319697 0.219848 0.126690
0.324219 0.228296 0.133160
0.335148 0.244060 0.145674
0.343284 0.256710 0.156130
0.377290 0.294396 0.233969
0.379081 0.296427 0.237420
0.383373 0.301457 0.246339
0.399372 0.318778 0.283483
0.409773 0.328704 0.309867
0.423306 0.340508 0.344113
0.356349 0.238937 0.285343
0.359483 0.241367 0.295725
0.362808 0.244158 0.308788
0.367953 0.248113 0.330017
0.390825 0.261680 0.416180
0.402433 0.361593 0.185768
0.405488 0.365921 0.189183
0.408338 0.369858 0.192367
0.413431 0.376882 0.198260
0.423991 0.391075 0.211090
0.304144 0.143753 0.195766
0.310661 0.155642 0.209941
0.316156 0.167658 0.228192
0.326962 0.184664 0.269485
0.349699 0.201815 0.387801
0.487478 0.310248 0.626043
0.452383 0.426467 0.251103
0.455451 0.430193 0.255535
0.458546 0.434018 0.260150
0.463955 0.440382 0.267824
0.475417 0.453979 0.284229
0.500262 0.482872 0.316927
0.525914 0.513040 0.346755
0.598552 0.632471 0.373155
0.602134 0.635993 0.379386
0.607236 0.640670 0.387979
0.614669 0.648369 0.404538
0.661877 0.684679 0.508803
0.479199 0.391899 0.442562
0.481932 0.394819 0.445692
0.485380 0.397977 0.448890
0.491530 0.404125 0.454647
0.502848 0.417419 0.465520
0.511204 0.426867 0.472073
0.520918 0.438227 0.479115
0.292374 0.182008 0.083750
0.297119 0.189333 0.088990
0.301622 0.197489 0.094812
0.311562 0.213632 0.106338
0.331403 0.245462 0.129235
0.341726 0.261776 0.141170
0.349768 0.274000 0.150284
0.359959 0.289071 0.161860
0.371320 0.305947 0.175483
0.339796 0.208239 0.267599
0.339893 0.209982 0.271989
0.340558 0.211435 0.276507
0.344490 0.214200 0.289619
0.349847 0.218763 0.313899
0.355327 0.222812 0.340970
0.449593 0.376982 0.362628
0.455454 0.382790 0.373658
0.461760 0.388811 0.384105
0.473258 0.400306 0.401241
0.502359 0.431509 0.434426
0.311967 0.237353 0.074095
0.316584 0.244562 0.078728
0.322461 0.255783 0.085727
0.330930 0.268998 0.093590
0.350412 0.298950 0.109905
0.539218 0.578205 0.262326
0.547732 0.588368 0.272672
0.557422 0.599935 0.285231
0.572549 0.617701 0.306672
0.612087 0.659001 0.376925
0.729043 0.757946 0.679133
0.308278 0.199393 0.115584
0.310780 0.203536 0.118688
0.314113 0.208548 0.122473
0.319889 0.219141 0.130601
0.331599 0.237707 0.145420
0.340653 0.250859 0.156526
0.352906 0.269122 0.172966
0.370043 0.238367 0.381376
0.373450 0.240101 0.395028
0.375450 0.240913 0.401857
0.380562 0.243724 0.420569
0.409233 0.262535 0.495027
0.432836 0.280806 0.531933
0.364276 0.269281 0.232623
0.367767 0.273575 0.240704
0.371421 0.278022 0.249673
0.378442 0.285275 0.266524
0.392162 0.298655 0.305376
0.430247 0.444257 0.132333
0.434811 0.450810 0.135168
0.439187 0.457133 0.138062
0.446865 0.468247 0.143405
0.465913 0.495745 0.158527
0.496681 0.538551 0.187751
0.530889 0.582587 0.224673
0.546370 0.601688 0.243194
0.395758 0.333161 0.223252
0.400144 0.338672 0.230446
0.404767 0.344355 0.238305
0.412215 0.353243 0.251602
0.419586 0.361712 0.265445
0.427330 0.370073 0.280228
0.444537 0.387490 0.312903
0.376988 0.302720 0.208318
0.380089 0.307029 0.213554
0.383162 0.311192 0.218868
0.390765 0.320558 0.231871
0.404108 0.336316 0.257250
0.504201 0.532472 0.225802
0.506458 0.535344 0.228315
0.508934 0.538427 0.231030
0.513934 0.544766 0.236721
0.519162 0.551880 0.243271
0.368293 0.425507 0.020442
0.373451 0.429000 0.020881
0.369833 0.434028 0.022723
0.375200 0.441399 0.024211
0.388009 0.458794 0.027877
0.412875 0.495964 0.036779
0.439208 0.533601 0.048118
0.452339 0.551226 0.054512
0.500772 0.461740 0.365046
0.502557 0.463844 0.367204
0.504538 0.466174 0.369549
0.508627 0.470745 0.373971
0.516283 0.479636 0.382160
0.428032 0.433143 0.142144
0.431120 0.438060 0.144499
0.435803 0.444821 0.147779
0.442224 0.454344 0.152698
0.456444 0.474551 0.164162
0.485551 0.454816 0.322776
0.490749 0.460713 0.329706
0.497873 0.468842 0.338758
0.508218 0.480777 0.351128
0.533624 0.510678 0.378478
0.558412 0.540157 0.403298
0.571615 0.555685 0.416806
0.584224 0.570223 0.430394
0.451847 0.501985 0.107716
0.455522 0.506275 0.109432
0.460834 0.514641 0.113193
0.468112 0.525588 0.118470
0.484072 0.547891 0.130496
0.494289 0.563370 0.140057
0.473545 0.406793 0.387782
0.476532 0.409790 0.391802
0.480426 0.413536 0.396558
0.486352 0.420213 0.404409
0.511697 0.448511 0.430702
0.398128 0.265965 0.437126
0.399626 0.266599 0.440333
0.402005 0.267455 0.444895
0.404278 0.270518 0.454149
0.408452 0.272807 0.462555
0.491601 0.489365 0.268622
0.492461 0.490415 0.269672
0.493310 0.491497 0.270803
0.494922 0.493475 0.272798
0.498142 0.497301 0.276672
0.510163 0.502628 0.311342
0.511730 0.504430 0.313122
0.513443 0.506588 0.315291
0.517378 0.511050 0.319644
0.524721 0.520231 0.328634
0.494943 0.534107 0.189078
0.497626 0.538704 0.192728
0.503171 0.544918 0.197511
0.510595 0.554840 0.205598
0.518932 0.565309 0.214482
0.389188 0.300905 0.281054
0.392059 0.303716 0.288764
0.395335 0.306778 0.297690
0.399391 0.310475 0.309105
0.409245 0.318707 0.336799
0.433829 0.337713 0.396862
0.393313 0.339282 0.196857
0.397408 0.344825 0.202135
0.402023 0.351020 0.208309
0.409585 0.360948 0.218861
0.426082 0.381615 0.243856
0.438387 0.396104 0.263893
0.455791 0.415594 0.292729
0.316686 0.210259 0.131062
0.323749 0.221889 0.140388
0.331979 0.234747 0.151207
0.348381 0.258607 0.173141
0.376443 0.298141 0.218371
0.401500 0.327781 0.267919
0.416850 0.343275 0.303055
0.433625 0.358330 0.340899
0.344269 0.276949 0.125122
0.347593 0.281968 0.128252
0.351179 0.287472 0.131663
0.358794 0.299914 0.139335
0.376587 0.325599 0.155303
0.385024 0.338555 0.163623
0.399788 0.359918 0.178256
0.450806 0.393856 0.325440
0.461722 0.405002 0.344665
0.475735 0.419490 0.366342
0.500138 0.445919 0.396761
0.559715 0.516363 0.449211
0.679281 0.646588 0.579742
0.748960 0.715686 0.709286
0.799294 0.790371 0.839463
0.805066 0.802989 0.859660
0.358627 0.276018 0.183463
0.361108 0.279018 0.186618
0.362848 0.282617 0.190256
0.366730 0.288274 0.196386
0.374718 0.298497 0.208465
0.390862 0.318921 0.236546
0.402248 0.332224 0.258974
0.410731 0.341454 0.276999
0.360682 0.298213 0.147724
0.363966 0.303101 0.150980
0.367666 0.308535 0.154633
0.375376 0.320102 0.162531
0.390364 0.341832 0.178235
0.398587 0.353518 0.187360
0.523354 0.271747 0.759975
0.545645 0.292007 0.769702
0.571422 0.314826 0.778729
0.632504 0.365829 0.792410
0.686896 0.418327 0.801695
0.730458 0.467683 0.811460
0.773859 0.515811 0.823686
0.469585 0.266595 0.665280
0.484792 0.280780 0.674814
0.502156 0.295220 0.683012
0.533736 0.323439 0.695153
0.602978 0.392550 0.710093
0.652934 0.453157 0.716165
0.536991 0.581478 0.248562
0.538313 0.583557 0.250670
0.541162 0.585847 0.252750
0.543865 0.589972 0.257042
0.550913 0.598177 0.265556
0.573417 0.624731 0.296959
0.579107 0.631937 0.307065
0.585764 0.638942 0.317406
0.404833 0.395504 0.130857
0.406874 0.398801 0.132227
0.409423 0.402425 0.133739
0.412698 0.407619 0.135956
0.420269 0.419158 0.141086
0.391405 0.386770 0.105800
0.417969 0.428256 0.120150
0.441134 0.462878 0.134378
0.489328 0.532514 0.174766
0.584268 0.651028 0.293088
0.635337 0.698111 0.407336
0.670443 0.720543 0.518803
0.319824 0.170265 0.242640
0.321101 0.172275 0.247318
0.324294 0.175148 0.255670
0.331806 0.187583 0.301079
0.341054 0.193969 0.351323
0.497969 0.506845 0.255717
0.500980 0.510546 0.259270
0.504723 0.515068 0.263608
0.511544 0.523617 0.271863
0.526604 0.541959 0.289606
0.537679 0.555708 0.303222
0.552351 0.572543 0.320220
0.483037 0.481793 0.251470
0.484250 0.483618 0.253325
0.486268 0.485977 0.255696
0.503122 0.506397 0.276037
0.508627 0.513225 0.282823
0.488633 0.512201 0.209241
0.493921 0.519450 0.215275
0.500264 0.527147 0.221767
0.510484 0.540292 0.233305
0.533967 0.569832 0.260891
0.553296 0.592582 0.284108
0.849016 0.687405 0.922097
0.840295 0.695299 0.939802
0.843271 0.701918 0.949516
0.843271 0.701918 0.949516
0.843271 0.701918 0.949516
0.843271 0.701918 0.949516
0.377055 0.258752 0.349777
0.378819 0.259966 0.356957
0.381251 0.261520 0.366555
0.385806 0.264073 0.382929
0.394630 0.269860 0.413962
0.322236 0.202183 0.181817
0.327502 0.207748 0.188857
0.331710 0.210522 0.192909
0.334546 0.217145 0.201633
0.359880 0.249757 0.267868
0.396289 0.341302 0.205487
0.398187 0.343851 0.208111
0.401602 0.348336 0.212861
0.404847 0.352589 0.217545
0.413335 0.363422 0.230275
0.530599 0.530447 0.327515
0.536707 0.537672 0.334435
0.543834 0.546110 0.342500
0.557425 0.562217 0.358360
0.581616 0.589979 0.388564
0.383650 0.299975 0.252090
0.385817 0.302386 0.256964
0.387760 0.304550 0.261528
0.392089 0.309033 0.271607
0.400680 0.317693 0.293349
0.406181 0.322956 0.308014
0.415220 0.330732 0.331532
0.419938 0.389032 0.198610
0.421166 0.390678 0.200005
0.422625 0.392648 0.201711
0.424998 0.395842 0.204501
0.429867 0.402339 0.210348
0.434422 0.408320 0.215980
0.370444 0.265858 0.283308
0.372219 0.267291 0.288270
0.374064 0.269018 0.294418
0.377719 0.271870 0.305748
0.385451 0.278364 0.333808
0.391209 0.282450 0.353966
0.399254 0.287547 0.379705
0.464938 0.442734 0.266347
0.466217 0.444429 0.268352
0.467654 0.445947 0.270158
0.470448 0.449270 0.274120
0.476546 0.456549 0.282748
0.481892 0.462714 0.289935
0.487983 0.469867 0.298105
0.439359 0.367791 0.342625
0.442379 0.370556 0.348773
0.446294 0.374427 0.356943
0.453506 0.381093 0.370177
0.463111 0.390249 0.386136
0.479567 0.406535 0.408946
0.786820 0.648561 0.778562
0.793197 0.656987 0.794070
0.801571 0.668086 0.813855
0.814603 0.689837 0.852674
0.832984 0.731904 0.922716
0.475968 0.479180 0.230809
0.478859 0.482721 0.234095
0.482743 0.487070 0.238130
0.487133 0.493095 0.243867
0.498314 0.506877 0.257086
0.366066 0.321291 0.126232
0.368364 0.325865 0.128545
0.373427 0.332232 0.131696
0.378312 0.341311 0.136229
0.395357 0.366532 0.148961
0.406405 0.383125 0.157850
0.521774 0.566209 0.223297
0.522905 0.568225 0.225170
0.524894 0.570463 0.227153
0.528295 0.574552 0.230884
0.534484 0.581990 0.237806
0.547307 0.597636 0.253346
0.558087 0.610967 0.267889
0.398779 0.366800 0.160551
0.405113 0.376272 0.166243
0.410410 0.384013 0.171069
0.422110 0.400675 0.182181
0.462765 0.455265 0.227494
0.486147 0.485157 0.257103
0.591196 0.701538 0.246674
0.594038 0.704292 0.251402
0.597514 0.707823 0.257832
0.602072 0.714147 0.270411
0.606207 0.718914 0.280827
0.610521 0.723997 0.293159
0.617508 0.729828 0.309013
0.351614 0.270821 0.164846
0.355882 0.277082 0.170347
0.360568 0.283460 0.176167
0.367437 0.294135 0.186187
0.383204 0.314993 0.208396
0.413873 0.352738 0.261498
0.438572 0.378571 0.310576
0.476199 0.416406 0.375289
0.393363 0.402003 0.090495
0.395618 0.407228 0.092068
0.401000 0.414766 0.094190
0.407180 0.424206 0.096947
0.423489 0.449790 0.105099
0.439574 0.473962 0.113935
0.468160 0.453120 0.255620
0.471229 0.456947 0.259823
0.474498 0.460874 0.264188
0.480114 0.467687 0.271690
0.492586 0.482511 0.287802
0.517146 0.511736 0.317675
0.565087 0.568646 0.372890
0.403672 0.325241 0.287292
0.408317 0.329956 0.299112
0.412693 0.333834 0.309639
0.444806 0.361456 0.382055
0.465488 0.380996 0.417022
0.480678 0.396608 0.436808
0.406026 0.347178 0.237178
0.410034 0.352001 0.244080
0.414887 0.357677 0.252667
0.423580 0.367648 0.268909
0.442723 0.387804 0.305133
0.455513 0.400971 0.328641
0.466291 0.411913 0.346477
0.477815 0.424050 0.363844
0.494917 0.509277 0.238499
0.498890 0.514261 0.243075
0.503411 0.520027 0.248451
0.512652 0.531613 0.259296
0.531546 0.554832 0.281596
0.550987 0.577965 0.305049
0.667756 0.561461 0.627209
0.676131 0.572025 0.631788
0.678914 0.575957 0.634464
0.699783 0.598509 0.645943
0.722480 0.625027 0.670095
0.518622 0.397192 0.547916
0.523715 0.402842 0.550238
0.529074 0.408202 0.552161
0.538003 0.418098 0.555494
0.553986 0.438763 0.562109
0.583919 0.335367 0.762328
0.594843 0.344607 0.764574
0.601015 0.351006 0.766213
0.612160 0.362528 0.768802
0.641399 0.390583 0.773703
0.696663 0.450541 0.781732
0.463160 0.513423 0.121651
0.467882 0.520405 0.125141
0.471986 0.526286 0.128199
0.481656 0.539041 0.135201
0.498137 0.562190 0.149703
0.500686 0.526066 0.225864
0.503188 0.529188 0.228588
0.506057 0.532813 0.231791
0.511791 0.539898 0.238113
0.522819 0.554274 0.251433
0.496923 0.553451 0.162316
0.500170 0.558036 0.165597
0.507438 0.567159 0.172210
0.511591 0.572753 0.176484
0.544073 0.614325 0.212520
0.745542 0.705932 0.701168
0.752571 0.713988 0.716561
0.761606 0.725295 0.737883
0.772210 0.740304 0.765452
0.806691 0.799179 0.863074
0.806691 0.799179 0.863074
0.482308 0.429622 0.367607
0.497557 0.446525 0.386744
0.513493 0.464475 0.403394
0.546463 0.503916 0.432868
0.616059 0.585944 0.496009
0.666749 0.637139 0.559663
0.325939 0.227304 0.140022
0.332938 0.238753 0.149461
0.342198 0.252191 0.161160
0.355482 0.270845 0.178757
0.398893 0.328073 0.252600
0.417682 0.487077 0.052735
0.428370 0.503318 0.057427
0.440063 0.519193 0.062387
0.463978 0.553331 0.075598
0.507248 0.613318 0.108657
0.541260 0.658756 0.143870
0.579613 0.709060 0.198955
0.542731 0.463757 0.491989
0.548638 0.470949 0.495331
0.553350 0.477356 0.498378
0.564825 0.491784 0.504800
0.588447 0.520981 0.517754
0.614572 0.553102 0.534294
0.624345 0.565116 0.541906
0.453952 0.453229 0.197388
0.456887 0.457123 0.200417
0.459818 0.461133 0.203664
0.465478 0.468782 0.209988
0.476981 0.483796 0.222989
0.286684 0.137108 0.133367
0.289757 0.143915 0.138590
0.295708 0.149297 0.142929
0.301464 0.160587 0.152168
0.312401 0.182053 0.171860
0.336833 0.217862 0.219484
0.354894 0.239478 0.271249
0.377444 0.257439 0.357163
0.556545 0.339828 0.712625
0.578256 0.358942 0.716779
0.594096 0.374953 0.719610
0.618828 0.404859 0.724291
0.671804 0.465884 0.729541
0.717776 0.522040 0.735935
0.752545 0.565809 0.750498
0.558880 0.623652 0.246821
0.563907 0.629815 0.253986
0.569178 0.635752 0.261128
0.578535 0.648131 0.278057
0.588601 0.658821 0.294313
0.778561 0.660710 0.762601
0.784803 0.668514 0.776621
0.792165 0.677907 0.793729
0.801750 0.695778 0.826838
0.814337 0.715073 0.859665
0.827744 0.733311 0.887542
0.578099 0.478608 0.554770
0.590749 0.494456 0.559193
0.604174 0.510924 0.563840
0.623862 0.537459 0.573917
0.668272 0.590818 0.601115
0.698241 0.623628 0.629338
0.714088 0.640481 0.649411
0.730139 0.656570 0.671922
0.598242 0.509347 0.557889
0.624186 0.541357 0.569184
0.645384 0.567729 0.582136
0.681699 0.609259 0.611180
0.739999 0.669099 0.687674
0.770066 0.703730 0.751078
0.791717 0.733921 0.804981
0.503897 0.618458 0.096924
0.509861 0.625117 0.101276
0.515806 0.633199 0.106936
0.526026 0.646818 0.117112
0.536704 0.661766 0.129349
0.811374 0.788004 0.873051
0.811374 0.788004 0.873051
0.811374 0.788004 0.873051
0.811374 0.788004 0.873051
0.811374 0.788004 0.873051
0.396399 0.297530 0.333333
0.397398 0.298468 0.336888
0.398672 0.299291 0.340532
0.400818 0.300741 0.346784
0.405082 0.303875 0.359786
0.374713 0.281618 0.256891
0.376893 0.283960 0.262235
0.379921 0.287122 0.270118
0.384906 0.292362 0.284227
0.395397 0.301723 0.314376
0.498993 0.507079 0.258979
0.514524 0.526387 0.277694
0.531442 0.546507 0.297180
0.563970 0.585149 0.337229
0.629546 0.651897 0.444810
0.672445 0.685280 0.541085
0.553665 0.554596 0.360083
0.557374 0.558910 0.364290
0.561670 0.564231 0.369743
0.569085 0.572842 0.378615
0.584176 0.589665 0.397346
0.447068 0.399413 0.294573
0.451262 0.403881 0.301917
0.455366 0.408373 0.309170
0.462929 0.416277 0.321609
0.487374 0.442680 0.357600
0.494885 0.451006 0.367058
0.515521 0.474652 0.390040
0.537313 0.678496 0.114853
0.539791 0.681671 0.117587
0.542588 0.685294 0.120794
0.545864 0.691724 0.126704
0.553936 0.702240 0.136885
0.572559 0.727428 0.164869
0.307104 0.179466 0.149095
0.312227 0.185286 0.154328
0.316792 0.192138 0.160701
0.324386 0.206210 0.174870
0.351455 0.244426 0.229007
0.360725 0.256012 0.253616
0.404523 0.459046 0.054796
0.416132 0.477562 0.059618
0.428636 0.495103 0.064477
0.452071 0.528286 0.075659
0.497086 0.592218 0.107239
0.395870 0.323889 0.249267
0.399138 0.327638 0.255906
0.402757 0.331664 0.263454
0.409773 0.339164 0.278641
0.437441 0.365471 0.339754
0.710765 0.602607 0.661863
0.727189 0.619922 0.676253
0.737368 0.632829 0.692226
0.760123 0.656351 0.726912
0.779351 0.678629 0.766629
0.800948 0.708928 0.821018
0.349414 0.243199 0.221480
0.350349 0.244298 0.223461
0.350496 0.246159 0.226181
0.353407 0.248286 0.230814
0.357002 0.252687 0.239632
0.364477 0.261003 0.259139
0.370414 0.267418 0.276825
0.377418 0.273863 0.298659
0.506899 0.543858 0.213135
0.512047 0.550317 0.218621
0.516609 0.556242 0.223818
0.526767 0.569335 0.235660
0.546317 0.593129 0.258837
0.444105 0.444097 0.177570
0.452542 0.456027 0.185738
0.464535 0.472575 0.198071
0.483265 0.497795 0.218799
0.522328 0.546977 0.263506
0.361788 0.264569 0.231952
0.367210 0.271242 0.244865
0.372677 0.277550 0.258787
0.378090 0.282955 0.272635
0.383099 0.288092 0.287172
0.365095 0.335679 0.108449
0.373082 0.344541 0.111927
0.378812 0.352436 0.115039
0.390570 0.372402 0.123048
0.413203 0.407710 0.137649
0.429644 0.432312 0.149169
0.454242 0.467778 0.168950
0.511946 0.593246 0.145750
0.514642 0.596811 0.148386
0.518208 0.601784 0.152122
0.524476 0.609265 0.157922
0.537974 0.627479 0.173353
0.546248 0.638578 0.183688
0.559833 0.655136 0.200601
0.363033 0.339727 0.098650
0.368393 0.346912 0.101323
0.372780 0.352001 0.103113
0.382550 0.365384 0.107867
0.398793 0.392865 0.117830
0.417113 0.421033 0.128506
0.428982 0.438724 0.135956
0.461715 0.413528 0.323451
0.471369 0.423767 0.338790
0.481666 0.434823 0.353683
0.508125 0.464561 0.385982
0.559670 0.525455 0.433326
0.337115 0.210123 0.234747
0.336017 0.213219 0.239605
0.338354 0.216223 0.246883
0.343003 0.219870 0.258036
0.362066 0.236701 0.332852
0.399393 0.309954 0.311159
0.401763 0.312069 0.318065
0.404557 0.314267 0.325715
0.410905 0.319310 0.343348
0.427298 0.331568 0.384077
0.526611 0.628580 0.138574
0.528887 0.632470 0.141751
0.532160 0.637359 0.145819
0.539853 0.646197 0.153352
0.550902 0.662545 0.168799
0.563626 0.675975 0.182724
0.569977 0.685351 0.193711
0.575542 0.692062 0.201967
0.432075 0.341547 0.378920
0.432769 0.342680 0.381574
0.434339 0.343560 0.384158
0.436920 0.345544 0.389280
0.441674 0.349662 0.398982
0.544237 0.513827 0.407368
0.551268 0.522245 0.413859
0.560475 0.533137 0.422226
0.576014 0.551651 0.437099
0.601163 0.580464 0.463382
0.597507 0.519447 0.540186
0.602534 0.526973 0.543974
0.610456 0.536608 0.548045
0.627217 0.556869 0.557566
0.638669 0.570411 0.565380
0.387771 0.336936 0.178000
0.391319 0.342001 0.181929
0.396906 0.349850 0.188252
0.405350 0.361587 0.198308
0.420947 0.382391 0.218327
0.453491 0.422449 0.265886
0.500259 0.476200 0.331575
0.521682 0.501263 0.356347
0.412620 0.495547 0.037436
0.413888 0.496839 0.037729
0.416079 0.500457 0.038720
0.419951 0.505811 0.040183
0.428196 0.517943 0.043793
0.442533 0.536822 0.049904
0.332717 0.216430 0.187343
0.337046 0.223300 0.196160
0.342919 0.231841 0.208391
0.351137 0.245195 0.230477
0.371864 0.267029 0.286851
0.475803 0.405455 0.398769
0.479959 0.409607 0.404013
0.483661 0.413733 0.408894
0.492581 0.423281 0.419066
0.510315 0.443402 0.436651
0.372309 0.356198 0.098061
0.381907 0.371028 0.103129
0.391715 0.385435 0.107953
0.411292 0.415990 0.118524
0.449474 0.473104 0.142809
0.478231 0.514761 0.166975
0.497151 0.540731 0.185371
0.516756 0.566289 0.205807
0.474053 0.503336 0.173434
0.477464 0.507657 0.176377
0.480952 0.513903 0.180871
0.488968 0.523894 0.188065
0.504769 0.544553 0.204213
0.515617 0.558375 0.215830
0.527770 0.574233 0.230002
0.370251 0.334320 0.117394
0.375105 0.342929 0.121205
0.378223 0.348591 0.123704
0.413623 0.402339 0.147831
0.431257 0.428480 0.161542
0.477077 0.496728 0.199406
0.478835 0.498284 0.200540
0.480516 0.500913 0.202659
0.484228 0.505075 0.205915
0.490673 0.514181 0.213489
0.498489 0.523924 0.221705
0.474357 0.328876 0.558942
0.477151 0.331818 0.561155
0.480916 0.335350 0.563735
0.487111 0.341628 0.567979
0.501455 0.356864 0.576729
0.353063 0.322741 0.084744
0.354517 0.327609 0.086830
0.356429 0.332982 0.089083
0.361892 0.339370 0.091408
0.371236 0.355325 0.097224
0.392463 0.387576 0.108088
0.408711 0.412908 0.116818
0.636279 0.452999 0.690535
0.647184 0.466101 0.691541
0.657380 0.480167 0.693239
0.687647 0.517834 0.696543
0.719112 0.558395 0.707529
0.741538 0.583071 0.716771
0.746056 0.593390 0.727512
0.764905 0.609140 0.738896
0.620646 0.535478 0.571002
0.631719 0.549110 0.576627
0.644528 0.564215 0.583334
0.663003 0.586432 0.596719
0.699642 0.627975 0.633632
0.718638 0.647140 0.657119
0.378356 0.259250 0.356195
0.379333 0.260127 0.360955
0.380245 0.260769 0.364788
0.382095 0.261793 0.371444
0.385936 0.263752 0.384486
0.394162 0.268850 0.412662
0.400603 0.271329 0.427229
0.404534 0.275600 0.441975
0.411149 0.279346 0.455897
0.440213 0.497349 0.086319
0.442993 0.500925 0.087534
0.445289 0.504594 0.088930
0.449165 0.509851 0.090874
0.458008 0.522726 0.096047
0.393174 0.212619 0.561877
0.398901 0.216958 0.570614
0.407080 0.222895 0.581658
0.421177 0.235932 0.600519
0.457218 0.267216 0.634067
0.485523 0.293811 0.653102
0.539454 0.343982 0.674935
0.342465 0.292683 0.098113
0.346484 0.299200 0.101402
0.350877 0.306891 0.105207
0.360302 0.320402 0.111512
0.380347 0.349976 0.124589
0.413297 0.401581 0.147880
0.396429 0.159623 0.699827
0.400614 0.166955 0.707308
0.413072 0.171627 0.714993
0.429411 0.187141 0.731019
0.466017 0.215476 0.757240
0.521160 0.319586 0.676112
0.558774 0.358595 0.688202
0.605267 0.404179 0.694370
0.672699 0.488927 0.701555
0.754523 0.593828 0.737319
0.785328 0.625533 0.778230
0.404498 0.395892 0.129271
0.408117 0.401456 0.131588
0.411677 0.407189 0.134017
0.418663 0.417769 0.138591
0.432100 0.437894 0.148024
0.439844 0.449063 0.153776
0.447026 0.459064 0.159237
0.454148 0.469431 0.165313
0.323732 0.166158 0.270465
0.319506 0.169910 0.276199
0.322992 0.170759 0.283228
0.323788 0.174093 0.295352
0.329290 0.178179 0.323834
0.332030 0.180325 0.342308
0.335283 0.181829 0.360074
0.337908 0.183159 0.375758
0.682286 0.673432 0.571375
0.698880 0.687645 0.604111
0.716497 0.704116 0.641022
0.743158 0.733349 0.701438
0.790482 0.804335 0.824650
0.516305 0.571797 0.193650
0.519146 0.575380 0.196633
0.522832 0.580354 0.200843
0.528470 0.587923 0.207501
0.541115 0.604003 0.222498
0.554830 0.620376 0.239217
0.561322 0.628371 0.248278
0.345902 0.198801 0.368142
0.348247 0.200209 0.382088
0.351465 0.201548 0.397547
0.357851 0.205021 0.427887
0.377090 0.215838 0.489927
0.391605 0.225178 0.521544
0.407956 0.238269 0.550834
0.447615 0.393381 0.312360
0.450994 0.396866 0.318538
0.455452 0.401517 0.326611
0.462095 0.408228 0.337759
0.476544 0.423377 0.360170
0.505924 0.248378 0.770789
0.526359 0.264920 0.780719
0.549993 0.283982 0.790601
0.588795 0.318699 0.805100
0.668092 0.385046 0.824722
0.696319 0.414404 0.833055
0.551233 0.657920 0.173236
0.556448 0.664646 0.180108
0.563468 0.671576 0.187442
0.573738 0.685549 0.204057
0.593295 0.711365 0.242253
0.602715 0.723078 0.264726
0.614167 0.734346 0.291457
0.621714 0.742952 0.317345
0.641358 0.577737 0.562395
0.659825 0.598680 0.578300
0.682983 0.624055 0.603964
0.723658 0.663455 0.656721
0.785770 0.738423 0.793478
0.567804 0.583446 0.354627
0.576052 0.592735 0.365452
0.588824 0.606854 0.383723
0.607585 0.626234 0.413757
0.647492 0.660896 0.488769
0.666733 0.675915 0.530649
0.685032 0.689985 0.570014
0.704652 0.706821 0.614105
0.594233 0.468294 0.604009
0.598550 0.473703 0.604935
0.606837 0.483316 0.606182
0.620251 0.500345 0.609048
0.638554 0.524808 0.614826
0.470834 0.422587 0.339408
0.474923 0.426928 0.345504
0.478702 0.430973 0.350943
0.487395 0.440391 0.362704
0.505984 0.461204 0.384736
0.513995 0.470557 0.393275
0.524172 0.482510 0.403254
0.534534 0.494782 0.412739
0.603471 0.437377 0.658849
0.608316 0.443864 0.659722
0.625158 0.461280 0.659927
0.626679 0.466337 0.661567
0.649419 0.494935 0.664129
0.510250 0.351916 0.603243
0.515994 0.357129 0.605369
0.522353 0.364011 0.607992
0.531400 0.374069 0.611403
0.550072 0.396314 0.617578
0.569375 0.418264 0.621790
0.643216 0.519636 0.629923
0.661020 0.541049 0.633811
0.669234 0.552126 0.637951
0.690261 0.579208 0.649969
0.731477 0.625393 0.684340
0.342907 0.235507 0.195936
0.343551 0.239293 0.200498
0.346949 0.242995 0.205934
0.350881 0.250051 0.216251
0.361136 0.261965 0.237798
0.372331 0.274180 0.265718
0.377452 0.279421 0.280378
0.536376 0.421729 0.546664
0.540007 0.425583 0.547951
0.542970 0.429493 0.549306
0.547763 0.435616 0.551355
0.557773 0.448352 0.555268
0.579005 0.474165 0.561938
0.527842 0.411433 0.542338
0.533827 0.418472 0.545060
0.540220 0.426306 0.547878
0.550689 0.439891 0.552447
0.574809 0.469336 0.560466
0.582468 0.479676 0.563426
0.594678 0.494942 0.567397
0.606555 0.509916 0.571495
0.456304 0.531043 0.082180
0.460001 0.536233 0.084307
0.463890 0.542417 0.087008
0.472925 0.555254 0.092960
0.484916 0.571343 0.101270
0.453799 0.472298 0.158621
0.457314 0.477547 0.161704
0.460858 0.482780 0.164888
0.468642 0.493738 0.171830
0.481377 0.512168 0.184675
0.488924 0.522134 0.192085
0.495974 0.531341 0.199191
0.503784 0.541158 0.207071
0.436190 0.464506 0.118648
0.437722 0.466475 0.119424
0.440058 0.470174 0.120932
0.444154 0.476054 0.123421
0.451161 0.485842 0.127748
0.458245 0.496213 0.132696
0.502061 0.475952 0.338881
0.507324 0.482029 0.345105
0.513716 0.489491 0.352444
0.525727 0.503613 0.365530
0.553762 0.536953 0.394329
0.568202 0.553978 0.409235
0.580383 0.568063 0.422394
0.592863 0.582136 0.436807
0.494099 0.647186 0.052837
0.494273 0.649458 0.054330
0.496854 0.651112 0.055347
0.504248 0.660864 0.061680
0.512164 0.670998 0.068685
0.244996 -0.005413 0.195367
0.253565 -0.000370 0.200196
0.256092 0.008928 0.208520
0.262663 0.023136 0.220766
0.281387 0.042955 0.237607
0.289041 0.082198 0.273367
0.609978 0.440237 0.666877
0.646995 0.485956 0.670385
0.681050 0.529699 0.676848
0.725129 0.585743 0.697396
0.783544 0.648941 0.772119
0.807232 0.678095 0.823565
0.824709 0.710900 0.880617
0.471547 0.355524 0.494095
0.479101 0.363619 0.501796
0.492669 0.378494 0.513528
0.507643 0.394454 0.523322
0.547424 0.440833 0.542730
0.591713 0.494701 0.557915
0.636849 0.553615 0.579747
0.701832 0.627555 0.632806
0.728569 0.655361 0.669582
0.288485 0.148112 0.114736
0.292627 0.156239 0.120780
0.296568 0.163489 0.126321
0.304622 0.178942 0.138511
0.330772 0.219537 0.176539
0.341461 0.232841 0.192675
0.348991 0.244243 0.208281
0.570053 0.564923 0.395722
0.573511 0.568839 0.399604
0.576894 0.572665 0.403496
0.583928 0.580689 0.412077
0.604209 0.602506 0.438242
0.539593 0.567044 0.285971
0.541959 0.570069 0.289080
0.544764 0.573212 0.292238
0.549259 0.578389 0.297603
0.559187 0.590107 0.310313
0.353701 0.290059 0.136443
0.359553 0.298971 0.142074
0.364875 0.307092 0.147213
0.375122 0.322278 0.156975
0.392445 0.347821 0.174291
0.684191 0.474613 0.735070
0.698478 0.491829 0.736193
0.702270 0.497871 0.737726
0.714269 0.512173 0.740302
0.749424 0.553819 0.749148
0.833362 0.532500 0.887090
0.827414 0.530865 0.890781
0.827536 0.527643 0.890962
0.823982 0.516276 0.885138
0.835895 0.518034 0.894356
0.629952 0.691190 0.396883
0.632975 0.693400 0.404766
0.633580 0.694314 0.409398
0.637583 0.697213 0.421411
0.650380 0.705105 0.455282
0.416868 0.329594 0.342549
0.424953 0.336046 0.362612
0.435782 0.345136 0.387583
0.457219 0.364260 0.426437
0.516109 0.426762 0.486649
0.585972 0.512070 0.524523
0.622921 0.557835 0.546691
0.420600 0.281425 0.489853
0.428981 0.288776 0.504540
0.440682 0.298090 0.520184
0.459221 0.315343 0.541325
0.501466 0.358915 0.573256
0.611895 0.491341 0.608027
0.668572 0.562642 0.626675
0.553718 0.522147 0.421407
0.556843 0.525797 0.424099
0.560375 0.530058 0.427317
0.567544 0.538720 0.433960
0.581238 0.554879 0.446841
0.594353 0.570114 0.460168
0.601359 0.577994 0.467612
0.659249 0.390247 0.791865
0.669370 0.406872 0.796299
0.691130 0.431189 0.800576
0.732270 0.474186 0.807678
0.769102 0.514817 0.817734
0.816883 0.553197 0.835432
0.810884 0.551968 0.843679
0.474896 0.429195 0.339952
0.480952 0.435787 0.348678
0.487675 0.443125 0.357709
0.500820 0.457873 0.373881
0.517531 0.477013 0.391698
0.533402 0.495894 0.407027
0.549359 0.515031 0.421341
0.565989 0.534850 0.435905
0.582814 0.554691 0.451321
0.531263 0.509370 0.373016
0.540538 0.520398 0.382498
0.553769 0.536145 0.395855
0.576799 0.563159 0.419801
0.598666 0.587750 0.445041
0.709006 0.523821 0.719989
0.725523 0.544919 0.724869
0.748570 0.572927 0.735862
0.766739 0.591410 0.748341
0.792715 0.621138 0.792416
0.804820 0.635919 0.818959
0.397908 0.261768 0.448890
0.401246 0.263873 0.457156
0.405989 0.266757 0.467551
0.411733 0.271744 0.481347
0.420866 0.278702 0.498194
0.441474 0.295261 0.527365
0.455154 0.307991 0.543089
0.327792 0.294129 0.052414
0.333286 0.306706 0.058779
0.339890 0.317212 0.063464
0.368626 0.366134 0.081253
0.390387 0.397155 0.090084
0.429569 0.458429 0.109210
0.310818 0.181492 0.157224
0.314467 0.189247 0.164399
0.318599 0.196506 0.171706
0.338683 0.221564 0.203319
0.364326 0.256771 0.276648
0.377623 0.281867 0.273241
0.379790 0.284142 0.279459
0.382135 0.286329 0.286057
0.386434 0.290280 0.298696
0.391631 0.294699 0.314393
0.403279 0.303865 0.350607
0.541522 0.579469 0.269574
0.563462 0.604962 0.297182
0.586712 0.631569 0.332990
0.628710 0.671193 0.417767
0.736123 0.764598 0.695395
0.433502 0.386310 0.266465
0.436188 0.389347 0.271144
0.438601 0.392037 0.275371
0.443969 0.397958 0.284756
0.456727 0.411678 0.306606
0.462306 0.417592 0.315752
0.468382 0.424198 0.325550
0.474092 0.430311 0.334164
0.520140 0.504753 0.343278
0.523276 0.508506 0.346828
0.530783 0.517399 0.355051
0.536394 0.524033 0.361069
0.551533 0.542012 0.377268
0.361669 0.277750 0.197227
0.366722 0.283770 0.204699
0.379755 0.301210 0.228464
0.412864 0.337388 0.300417
0.450719 0.371278 0.383023
0.514578 0.429409 0.477402
0.519653 0.435166 0.480839
0.524795 0.441465 0.484429
0.535009 0.453676 0.490749
0.545406 0.465718 0.496209
0.572621 0.499691 0.511067
0.487456 0.594180 0.089349
0.491363 0.597430 0.091072
0.496217 0.602428 0.093925
0.502448 0.612086 0.100068
0.520070 0.634624 0.115610
0.532625 0.653234 0.130342
0.422081 0.363697 0.272361
0.425201 0.366989 0.278325
0.428575 0.370571 0.284945
0.434573 0.376801 0.296750
0.449261 0.391594 0.324824
0.354313 0.303851 0.118095
0.356581 0.306714 0.119573
0.359081 0.309796 0.121152
0.360939 0.315230 0.123997
0.368826 0.326406 0.129624
0.384793 0.349822 0.141364
0.397519 0.369402 0.151466
0.406651 0.383079 0.158893
0.610622 0.634692 0.408945
0.621999 0.644958 0.429685
0.632078 0.654091 0.451752
0.664886 0.679207 0.522323
0.676631 0.688472 0.551669
0.684550 0.694645 0.569743
0.555896 0.582179 0.314399
0.557577 0.584073 0.316430
0.559586 0.586411 0.319011
0.563385 0.590901 0.324141
0.571854 0.601049 0.336433
0.575272 0.605009 0.341443
0.579332 0.609277 0.346968
0.557024 0.639728 0.212795
0.558837 0.642469 0.215809
0.562137 0.646505 0.220360
0.567296 0.652879 0.227835
0.576517 0.664044 0.242040
0.461031 0.408995 0.330901
0.466952 0.415382 0.340864
0.473928 0.422710 0.351533
0.480645 0.429893 0.361145
0.490118 0.439981 0.373301
0.505843 0.457811 0.391667
0.330718 0.412172 -0.032304
0.337739 0.423434 -0.028951
0.340688 0.441487 -0.023638
0.376370 0.489784 -0.012227
0.412270 0.539787 0.001610
0.573538 0.505052 0.505331
0.595071 0.531366 0.517692
0.621919 0.564376 0.536828
0.661433 0.609111 0.573710
0.754236 0.703463 0.717981
0.437712 0.433074 0.176290
0.444085 0.441831 0.182138
0.452401 0.453575 0.190510
0.484473 0.496563 0.225774
0.534589 0.559349 0.284692
0.317673 0.218297 0.122429
0.323459 0.227513 0.129372
0.330027 0.236843 0.136583
0.342045 0.256856 0.152488
0.355190 0.275292 0.168166
0.462773 0.513929 0.119855
0.465702 0.518408 0.122032
0.485525 0.547537 0.138169
0.511515 0.582009 0.161306
0.531732 0.609036 0.183173
0.290289 0.214789 0.032965
0.295768 0.221413 0.037622
0.309886 0.250239 0.056749
0.332250 0.283390 0.076017
0.356352 0.326267 0.096198
0.509497 0.565165 0.183220
0.513517 0.570503 0.187449
0.532406 0.594771 0.208157
0.551326 0.618313 0.231083
0.573479 0.644674 0.261893
0.336202 0.331537 0.045519
0.344791 0.340802 0.048841
0.372667 0.382580 0.061525
0.408420 0.443822 0.077353
0.430501 0.477363 0.087081
0.449520 0.505426 0.097075
0.411527 0.362011 0.225181
0.415238 0.366704 0.230821
0.426504 0.380524 0.248811
0.439948 0.396029 0.271286
0.458835 0.416740 0.302922
0.374964 0.346226 0.119261
0.397922 0.380485 0.133704
0.423841 0.419678 0.151941
0.435974 0.437343 0.161447
0.447539 0.453547 0.171070
0.343407 0.281516 0.114926
0.349069 0.290895 0.120323
0.371424 0.324341 0.138827
0.401345 0.369775 0.164619
0.416671 0.391924 0.178885
0.430496 0.411357 0.193010
0.303497 0.248112 0.035963
0.308856 0.255905 0.040987
0.327508 0.285840 0.058532
0.356659 0.338676 0.082233
0.372967 0.360110 0.089388
0.388500 0.385428 0.097503
0.407595 0.450296 0.069420
0.411088 0.455721 0.070818
0.423589 0.474581 0.076054
0.446833 0.509029 0.087409
0.455038 0.519935 0.091568
0.426125 0.427534 0.145732
0.429059 0.432084 0.147971
0.439623 0.447438 0.155923
0.455608 0.470252 0.169223
0.463534 0.481471 0.176467
0.469233 0.489349 0.181891
0.565337 0.714723 0.155577
0.568836 0.719118 0.160583
0.580487 0.737606 0.184434
0.592299 0.754003 0.209912
0.598667 0.763252 0.226868
0.606139 0.774269 0.250555
0.361941 0.270156 0.219166
0.373803 0.284507 0.244124
0.386358 0.297959 0.274089
0.391418 0.302917 0.287325
0.396865 0.307911 0.302089
0.479292 0.543765 0.122861
0.546250 0.633868 0.189607
0.606698 0.707290 0.294656
0.635484 0.732254 0.375543
0.655586 0.744591 0.453165
0.397152 0.425073 0.074621
0.411201 0.445913 0.079969
0.424027 0.466448 0.085919
0.431894 0.478697 0.089843
0.437762 0.487079 0.092619
0.448916 0.442588 0.199663
0.452470 0.447517 0.203656
0.461870 0.459895 0.214094
0.470362 0.471476 0.224457
0.476589 0.479530 0.231886
0.483244 0.487574 0.239412
0.312155 0.192240 0.145263
0.322653 0.210682 0.161868
0.334994 0.226073 0.178128
0.340115 0.235663 0.189049
0.344341 0.242306 0.197349
