0.175878
0.243596
0.156021
0.205630
0.570159
0.258641
0.395677
0.424599
0.315180
0.365036
0.352742
0.656804
0.319631
0.617946
0.188083
0.402331
0.260028
0.420437
0.284521
0.399373
0.322027
0.471753
0.406672
0.419637
0.337182
0.409364
0.400788
0.278158
0.413767
0.462857
0.217020
0.218286
0.332492
0.459664
0.641409
0.287826
0.277819
0.507686
0.426133
0.476381
0.724263
0.362716
0.172562
0.635317
0.469469
0.355453
0.303280
0.947178
0.537536
0.295642
0.467154
0.332402
0.362301
0.380527
0.364833
0.390992
0.653412
0.427363
0.452837
0.377583
0.318191
0.529478
0.431073
0.585969
0.766693
0.499373
0.291401
0.319627
0.863872
0.414023
0.520390
0.918101
0.350773
0.234921
0.569812
0.595283
0.790813
0.361075
0.552419
0.407820
0.397134
0.510511
0.819457
0.185912
0.469182
0.183953
0.476224
0.188987
0.885299
0.396580
0.394017
1.111720
0.731520
0.446404
0.582026
0.270575
0.429784
0.916791
0.357569
0.398633
0.488144
0.767105
0.678020
0.524906
0.454570
0.776692
0.308536
0.730629
0.219460
0.295065
0.174699
0.537527
0.844890
0.300263
0.614881
0.564565
0.635708
0.415468
0.326032
0.659653
0.256613
0.472573
0.174404
0.304664
0.549927
0.320212
0.419365
0.299577
0.338168
0.180276
0.489653
0.570527
0.234268
0.846204
0.309794
0.425976
0.461015
0.922189
0.250935
0.240894
0.352048
0.535974
0.616875
0.343684
0.538461
0.331291
0.511865
0.244831
0.381882
0.275587
0.288109
0.266670
0.744574
0.251311
0.403760
0.401819
0.661576
0.563320
0.349503
0.424448
0.448484
0.551497
0.316302
0.473628
0.425051
0.576299
0.177532
0.139780
0.373305
0.295929
0.430268
0.287982
0.556185
0.597461
0.297940
0.251346
0.298362
0.507745
0.219747
0.281093
0.496737
0.280005
0.286030
0.399928
0.561846
0.504720
0.392038
0.407190
0.468981
0.543124
0.553642
0.306937
0.581536
0.356257
0.404151
0.604668
1.132871
0.574121
0.312286
0.331417
0.987231
0.478000
0.502252
0.344769
0.457397
0.538505
0.452702
0.390676
0.234575
0.387917
0.511470
0.226230
0.699813
0.588227
0.445729
0.392109
0.219125
0.755370
0.323519
0.368779
0.351131
0.581437
0.392484
0.415742
0.236926
0.432551
0.459847
0.435359
0.440362
0.407074
0.452850
0.353098
0.428639
0.208816
0.276441
0.287783
0.463301
0.405029
0.487563
0.411598
0.360124
0.693980
0.373902
0.431473
0.700282
0.477412
0.414472
0.556469
0.255369
0.294887
0.261037
0.383376
0.484338
0.397242
0.269198
0.250769
0.500194
0.236611
1.148031
0.888113
0.451122
0.470367
0.845541
0.453229
0.221218
0.406446
0.338652
0.394689
0.482532
0.221509
0.316398
0.336340
0.258321
0.400418
0.361342
0.320211
0.463399
0.260087
0.371630
0.338714
0.663926
0.471916
0.327955
0.488037
0.274667
0.280841
0.419548
0.294710
0.426471
0.332935
0.378925
0.242869
0.477406
0.488536
0.753991
0.153980
0.404740
0.811884
0.638191
0.416745
0.588313
0.319130
1.174511
0.175397
0.369828
0.655276
0.158027
0.654163
0.543720
0.482505
0.302547
0.530296
0.459570
0.395043
0.387499
0.396611
0.233695
0.283915
0.417807
0.304456
0.281059
0.373534
0.498493
0.278912
0.682578
0.381857
0.617713
0.684150
0.343617
0.377164
0.144214
0.311138
0.399905
0.192340
0.406250
0.234149
0.582566
0.278315
0.415387
0.411894
0.396368
0.391622
0.188171
0.383415
0.586083
0.290008
0.545824
0.207730
0.497312
0.823815
0.336110
0.368162
0.322547
0.370267
0.526473
0.561040
0.379063
0.244964
0.512043
0.392421
0.296989
0.360980
0.235159
0.861895
0.611908
0.422726
0.433753
0.712364
0.612058
0.473559
0.644866
0.366177
0.195860
0.384343
0.309841
0.309240
0.478774
0.459313
0.651746
0.755949
0.396437
0.409075
0.231096
0.466705
0.324734
0.366255
0.363669
0.694506
0.840767
0.521587
0.686740
0.855284
0.562046
0.588882
0.623533
0.275315
0.256478
0.359607
0.468603
0.439867
0.449444
0.272148
0.597155
0.279467
0.256736
0.729915
0.282147
0.371971
0.322089
0.266729
0.281461
1.074600
0.509596
0.155143
0.393138
0.161170
0.342249
0.479745
0.368506
0.302147
0.381441
0.206265
0.375307
0.234982
0.340267
0.269567
0.299704
0.160236
0.316771
0.245706
