0.217204 -0.007335 0.022378
0.216303 -0.002661 0.027461
0.217165 0.000975 0.031490
0.221163 0.002775 0.033809
0.221678 0.006766 0.038019
0.221317 0.011416 0.042721
0.225397 0.013262 0.044918
0.227323 0.016571 0.048328
0.226633 0.021699 0.053204
0.229901 0.024202 0.055798
0.233218 0.026762 0.058400
0.232621 0.032014 0.063144
0.234811 0.035610 0.066482
0.239351 0.037791 0.068669
0.239041 0.042807 0.072970
0.239708 0.047239 0.076747
0.244313 0.049441 0.078815
0.245556 0.053622 0.082300
0.244833 0.059027 0.086618
0.249782 0.061208 0.088558
0.252609 0.064658 0.091390
0.251676 0.070109 0.095572
0.255054 0.073264 0.098113
0.259530 0.075915 0.100293
0.258670 0.081461 0.104415
0.260476 0.085520 0.107481
0.265521 0.087562 0.109144
0.265787 0.092346 0.112642
0.266058 0.097169 0.116162
0.271116 0.099311 0.117854
0.273018 0.103431 0.120912
0.272236 0.109069 0.124976
0.276801 0.111258 0.126681
0.280318 0.114296 0.129000
0.279354 0.119966 0.133115
0.282192 0.123248 0.135621
0.286719 0.125196 0.137202
0.286577 0.130791 0.141383
0.287905 0.135112 0.144694
0.291902 0.136513 0.145868
0.293286 0.141046 0.149479
0.293949 0.146059 0.153509
0.297410 0.147433 0.154692
0.299505 0.150559 0.157326
0.299910 0.155526 0.161547
0.302799 0.157794 0.163641
0.305729 0.160035 0.165774
0.305849 0.164907 0.170179
0.308174 0.167935 0.173232
0.311637 0.169320 0.174825
0.311481 0.173713 0.179056
0.311891 0.177599 0.182957
0.316044 0.178835 0.184906
0.317461 0.182149 0.188726
0.317323 0.186326 0.193398
0.320561 0.187834 0.195764
0.322700 0.190178 0.199063
0.322954 0.194060 0.204055
0.326110 0.195819 0.207261
0.329103 0.197403 0.210268
0.329077 0.200801 0.215084
0.330281 0.203364 0.219292
0.334202 0.204737 0.223071
0.334773 0.207478 0.227734
0.334392 0.210376 0.232384
0.338127 0.211893 0.237229
0.339254 0.214144 0.242080
0.338137 0.216968 0.246616
0.341473 0.218323 0.251849
0.344160 0.219930 0.257532
0.344400 0.221888 0.261919
0.346151 0.223610 0.267656
0.348745 0.225191 0.274402
0.349562 0.226706 0.278999
0.350811 0.228237 0.284513
0.352670 0.229926 0.292091
0.354010 0.231183 0.297487
0.355708 0.232264 0.303155
0.357226 0.233748 0.310570
0.358900 0.234823 0.316936
0.360209 0.235907 0.322944
0.361821 0.237018 0.330050
0.363668 0.237872 0.336588
0.365027 0.238931 0.343323
0.366565 0.239999 0.350612
0.368293 0.241068 0.358356
0.369825 0.241969 0.365032
0.371425 0.242945 0.372017
0.373109 0.244253 0.380586
0.374898 0.245075 0.387150
0.376658 0.245868 0.393417
0.378856 0.246862 0.401014
0.380711 0.247970 0.408183
0.382619 0.248983 0.414620
0.384640 0.250329 0.422156
0.386904 0.252031 0.430632
0.390097 0.252876 0.437237
0.393297 0.254022 0.444236
0.395177 0.256547 0.452832
0.398063 0.258123 0.459558
0.401109 0.260042 0.466667
0.404010 0.262301 0.473851
0.407488 0.264641 0.481100
0.410254 0.267031 0.487356
0.414092 0.269922 0.494717
0.417952 0.272719 0.501361
0.421762 0.276167 0.508357
0.425702 0.279520 0.514731
0.430636 0.282733 0.520873
0.435197 0.286266 0.526729
0.439593 0.290165 0.532472
0.443196 0.294660 0.538135
0.447916 0.299107 0.543634
0.453902 0.303278 0.548729
0.457813 0.308486 0.553861
0.463255 0.313435 0.558662
0.470398 0.318559 0.563400
0.474458 0.324183 0.567730
0.479675 0.329495 0.571593
0.486259 0.336466 0.576310
0.492289 0.342430 0.579928
0.497894 0.348636 0.583353
0.504790 0.355578 0.586835
0.511168 0.362445 0.589929
0.518103 0.368158 0.592033
0.525623 0.376250 0.595022
0.533060 0.384506 0.597750
0.538045 0.391104 0.599827
0.544559 0.399203 0.602134
0.552431 0.408091 0.604255
0.558620 0.415299 0.605787
0.565218 0.423003 0.607269
0.574166 0.433255 0.608954
0.580880 0.441181 0.610187
0.583934 0.447695 0.612117
0.594519 0.458285 0.612814
0.601967 0.467099 0.613920
0.603903 0.472688 0.616006
0.612296 0.482604 0.617144
0.621902 0.494554 0.618730
0.623551 0.498487 0.620382
0.630548 0.506803 0.621614
0.640028 0.518840 0.623685
0.644000 0.523772 0.624956
0.647649 0.529575 0.627034
0.657547 0.541044 0.629168
0.662229 0.547388 0.631342
0.663547 0.549542 0.632862
0.673074 0.560929 0.636067
0.679509 0.568900 0.639156
0.680899 0.571421 0.641343
0.688068 0.579671 0.644706
0.695901 0.588255 0.648489
0.697250 0.590323 0.650764
0.700828 0.595505 0.654620
0.709292 0.603690 0.658886
0.710571 0.606148 0.661960
0.712088 0.609591 0.665984
0.720826 0.616627 0.670176
0.724219 0.620696 0.674385
0.724259 0.622916 0.678493
0.731961 0.629109 0.683361
0.736915 0.633259 0.687636
0.736042 0.635473 0.692674
0.741861 0.639614 0.696862
0.747129 0.643209 0.700851
0.746794 0.645072 0.705345
0.749242 0.648008 0.710010
0.755149 0.652054 0.714958
0.756955 0.655327 0.720891
0.758926 0.658570 0.726791
0.763228 0.661771 0.731539
0.765684 0.664667 0.736750
0.767515 0.667685 0.742558
0.770932 0.670661 0.747535
0.773738 0.673970 0.753442
0.775694 0.676955 0.759199
0.778647 0.680339 0.765210
0.780883 0.683275 0.770725
0.783458 0.686686 0.776951
0.786049 0.689856 0.782664
0.789554 0.693845 0.789443
0.790556 0.697081 0.795989
0.791733 0.700370 0.802474
0.796262 0.704405 0.808640
0.797604 0.707838 0.815161
0.796656 0.710879 0.822038
0.802407 0.715137 0.827794
0.805749 0.718946 0.833814
0.804808 0.721678 0.839999
0.808741 0.725530 0.845621
0.813388 0.729562 0.851083
0.812557 0.733046 0.858352
0.814628 0.736368 0.863737
0.820265 0.740631 0.868740
0.819156 0.743514 0.874897
0.819186 0.746702 0.880949
0.825265 0.751145 0.885733
0.826136 0.754901 0.892110
0.823285 0.758123 0.899547
