0.069376 -0.000291 -0.000989 0.076393 -0.003202 0.080527
0.066403 -0.006011 -0.000779 0.063195 -0.004662 0.081957
0.065074 -0.009855 0.000982 0.052020 -0.000251 0.080823
0.067293 -0.005203 0.001462 0.064615 0.002715 0.079127
0.068699 -0.000814 -0.005762 0.077198 -0.019413 0.082291
0.057383 -0.020008 0.001670 0.027858 -0.012224 0.088564
0.060543 -0.019905 0.008918 0.013808 0.008567 0.080236
0.062343 -0.017560 0.008999 0.029248 0.019623 0.068884
0.064725 -0.008890 0.006922 0.060537 0.018266 0.072262
0.068301 -0.002284 0.002572 0.073576 0.006786 0.078006
0.069019 -0.000450 -0.004621 0.077972 -0.016576 0.079499
0.056680 -0.020081 0.002887 0.029605 -0.002779 0.081540
0.061420 -0.018429 0.010753 0.018204 0.019026 0.072033
0.062875 -0.016472 0.011292 0.033598 0.028104 0.056996
0.063433 -0.011233 0.010839 0.056584 0.030353 0.060903
0.067183 -0.004422 0.005648 0.069032 0.016883 0.073905
0.069632 0.000008 -0.000406 0.077002 -0.001990 0.079411
0.066232 -0.005302 0.000828 0.066611 0.001381 0.079321
0.065096 -0.009217 0.005066 0.055654 0.012955 0.076306
0.065679 -0.008294 0.007817 0.058805 0.021743 0.068296
0.067157 -0.004853 0.006556 0.066877 0.019261 0.068163
0.068546 -0.002344 0.003399 0.071924 0.010806 0.075615
0.069519 -0.000118 0.000049 0.076526 0.000126 0.079825
0.069452 -0.000305 0.000281 0.076080 0.000762 0.079615
0.069376 -0.000475 0.000674 0.075683 0.001940 0.078779
0.069432 -0.000387 0.000677 0.075822 0.002151 0.078412
0.069506 -0.000261 0.000429 0.076141 0.001438 0.079199
0.069598 0.000000 -0.000000 0.076731 0.000001 0.079820
0.069597 -0.000001 0.000002 0.076728 0.000005 0.079818
0.069554 0.000064 -0.001797 0.077089 -0.004940 0.078313
0.066075 -0.005260 -0.001124 0.066690 -0.003806 0.078835
0.065779 -0.007174 0.001396 0.060513 0.002460 0.079347
0.068075 -0.003224 0.001663 0.069251 0.003607 0.078598
0.071871 0.003549 -0.007320 0.085789 -0.026488 0.059935
0.052497 -0.020675 -0.000997 0.028923 -0.008870 0.059476
0.057350 -0.019509 0.006982 0.020950 0.017818 0.068326
0.063532 -0.013295 0.012295 0.042078 0.029195 0.060691
0.065511 -0.006645 0.008938 0.064792 0.020346 0.065927
0.068698 -0.001457 0.002326 0.074468 0.005166 0.076729
0.077978 0.007204 0.001016 0.090204 -0.016062 0.047176
0.050204 -0.021479 0.000767 0.025809 -0.001873 0.046487
0.056534 -0.017338 0.007255 0.029204 0.029505 0.058299
0.067384 -0.008490 0.018322 0.052721 0.039318 0.039098
0.065680 -0.008370 0.014934 0.062727 0.031350 0.040490
0.067685 -0.004505 0.007597 0.068805 0.017811 0.064415
0.073837 0.003152 0.004032 0.080796 0.002164 0.068630
0.065882 -0.004602 -0.000343 0.068586 0.002717 0.074470
0.068202 -0.003117 0.005101 0.067317 0.018295 0.073911
0.070322 -0.003896 0.014044 0.064947 0.030102 0.047758
0.068456 -0.005553 0.010503 0.065504 0.023248 0.042868
0.068763 -0.003815 0.006147 0.068974 0.015382 0.062229
0.069868 0.000194 0.000375 0.076893 0.000693 0.079235
0.069888 0.000491 -0.000415 0.077481 -0.000252 0.080111
0.070547 0.001044 -0.000592 0.077414 -0.000835 0.079060
0.069952 -0.000548 0.002361 0.074200 0.005871 0.072832
0.069357 -0.001210 0.002461 0.073528 0.007577 0.068943
0.069407 -0.000899 0.001390 0.074413 0.004911 0.074375
0.069601 0.000001 0.000004 0.076729 0.000013 0.079812
0.069604 0.000011 -0.000015 0.076745 -0.000016 0.079820
0.069624 0.000022 -0.000026 0.076722 -0.000066 0.079778
0.069615 -0.000007 0.000040 0.076651 0.000119 0.079604
0.069586 -0.000030 0.000034 0.076582 0.000261 0.079378
0.069582 -0.000034 0.000015 0.076566 0.000257 0.079517
0.069828 0.000136 -0.000289 0.076857 -0.000805 0.076498
0.068631 -0.001307 -0.000753 0.074355 -0.001360 0.077009
0.068781 -0.001221 0.000115 0.074340 0.000448 0.079203
0.069405 -0.000395 0.000387 0.075820 0.000835 0.079472
0.076291 0.003589 0.005014 0.079566 0.004013 0.043335
0.064120 -0.008383 -0.002404 0.057117 -0.004535 0.048342
0.065042 -0.005063 -0.003143 0.066031 -0.001119 0.074698
0.069423 -0.001689 0.006535 0.071267 0.013439 0.072536
0.068751 -0.001711 0.004255 0.073597 0.008334 0.072606
0.069389 -0.000485 0.001078 0.075947 0.001999 0.077996
0.099163 0.018749 0.019065 0.086863 0.020757 0.021684
0.081258 -0.002176 0.000107 0.061686 0.005103 0.030546
0.161730 0.115289 -0.123176 0.225774 -0.194017 0.105311
0.087823 0.009982 0.021792 0.074178 0.028088 0.051355
0.071703 -0.003335 0.012592 0.067764 0.022761 0.044550
0.069373 -0.002935 0.005960 0.071248 0.011254 0.064656
0.080013 0.005948 0.011618 0.075083 0.027342 0.036257
0.082770 0.005221 -0.010441 0.078887 0.007712 0.055306
0.256726 0.228905 -0.246844 0.340396 -0.350581 0.114274
0.100212 0.009422 0.017172 0.056800 0.009394 0.044342
0.073465 -0.002863 0.008563 0.061323 0.016887 0.036046
0.069212 -0.004206 0.004462 0.065180 0.011152 0.053853
0.069703 -0.000639 0.001552 0.072774 0.010219 0.071259
0.069760 0.000406 -0.002183 0.075572 0.003992 0.075768
0.077045 0.007944 -0.008955 0.079140 -0.020388 0.077580
0.076235 0.001977 0.004530 0.066627 0.002356 0.067712
0.069369 -0.001098 0.002188 0.066733 0.010875 0.060443
0.068304 -0.001820 -0.000058 0.067337 0.008434 0.066530
0.069575 -0.000055 0.000055 0.076557 0.000329 0.079618
0.069553 -0.000050 0.000004 0.076586 0.000210 0.079693
0.069756 0.000096 -0.000102 0.076363 -0.000606 0.079753
0.069851 0.000052 0.000262 0.076140 -0.000141 0.079905
0.069432 -0.000081 -0.000018 0.075355 0.000973 0.079389
0.069332 -0.000165 -0.000318 0.075065 0.001404 0.078723
0.069667 0.000014 0.000160 0.076658 0.000630 0.078397
0.069600 -0.000059 -0.000062 0.076482 0.000063 0.079030
0.069603 0.000032 -0.000120 0.076774 -0.000179 0.079766
0.069617 0.000021 0.000007 0.076757 0.000001 0.079827
0.071261 0.000454 0.003280 0.073871 0.014365 0.052493
0.070900 -0.000487 0.000004 0.071075 0.006850 0.064038
0.072324 0.004686 -0.005647 0.083699 -0.008631 0.082005
0.071300 0.001714 0.000425 0.078295 -0.000637 0.080626
0.069741 -0.000054 0.000702 0.076439 0.001016 0.078949
0.070765 -0.002712 0.004562 0.057934 0.026341 0.019155
0.067019 -0.013777 -0.001108 0.049593 0.028834 0.029904
0.118656 0.044600 -0.067250 0.112986 -0.122484 0.117886
0.092263 0.014483 0.010999 0.071694 -0.003358 0.081292
0.072448 0.000524 0.006175 0.071538 0.011338 0.068590
0.069503 -0.000836 0.001693 0.074060 0.004233 0.075023
0.061518 -0.012185 -0.001341 0.046585 0.028131 0.019892
0.053847 -0.023343 -0.006331 0.043582 0.034962 0.026033
0.085360 -0.004740 -0.028105 0.021377 -0.065515 0.101742
0.118917 0.014791 0.040555 0.037195 0.005961 0.077437
0.075450 0.003572 0.009319 0.058039 0.023710 0.061358
0.067503 -0.002252 0.000668 0.061589 0.014081 0.065900
0.065283 -0.007531 0.003648 0.056598 0.029755 0.054249
0.062599 -0.010934 0.007407 0.052587 0.037744 0.060252
0.071339 -0.001437 0.009255 0.049122 0.011192 0.085933
0.084087 0.002672 0.018538 0.052539 0.001838 0.094693
0.070680 0.001415 0.005660 0.057134 0.024116 0.084315
0.066301 -0.001940 -0.001787 0.057319 0.017138 0.072154
0.069239 -0.000740 0.000640 0.075097 0.002277 0.078745
0.068957 -0.001214 0.001117 0.074311 0.002928 0.079075
0.069553 -0.000476 0.000955 0.074575 0.000567 0.081054
0.070404 -0.000013 0.001318 0.075363 -0.001398 0.084129
0.069456 -0.000045 0.000841 0.072205 0.003521 0.083724
0.068846 -0.000404 -0.000423 0.071700 0.004115 0.079196
0.069597 -0.000010 0.000008 0.076680 0.000077 0.079736
0.069600 0.000004 -0.000005 0.076732 0.000001 0.079820
0.069212 -0.000853 0.000635 0.072332 0.008657 0.071414
0.069041 -0.001490 0.001150 0.071609 0.006892 0.075307
0.069602 -0.000068 0.000254 0.075732 0.001649 0.079882
0.069833 0.000188 0.000218 0.076545 0.000292 0.080068
0.069639 0.000021 0.000066 0.076667 0.000126 0.079794
0.063395 -0.009191 0.000415 0.050268 0.032217 0.035929
0.062772 -0.011934 0.005097 0.045395 0.040596 0.044062
0.067670 -0.004250 0.009774 0.054362 0.033547 0.077794
0.073324 0.001382 0.006005 0.065810 0.009646 0.082215
0.070531 0.000560 0.001380 0.074030 0.004189 0.079035
0.069558 -0.000060 0.000152 0.075817 0.001242 0.079333
0.059255 -0.015861 -0.002062 0.040543 0.031995 0.026425
0.061074 -0.017212 0.004277 0.043762 0.046146 0.029099
0.069026 -0.001602 0.025799 0.050773 0.073384 0.072764
0.082391 0.001861 0.025169 0.041218 0.033132 0.090932
0.073775 0.002724 0.006617 0.062561 0.023351 0.080730
0.068942 -0.000394 0.000607 0.068055 0.010341 0.077435
0.063175 -0.012145 0.006820 0.048148 0.036000 0.053415
0.063077 -0.014680 0.010470 0.041255 0.043768 0.053568
0.066253 -0.008821 0.017384 0.041666 0.044154 0.079656
0.074164 -0.003828 0.014335 0.049773 0.016805 0.096793
0.072639 0.001623 0.006641 0.060448 0.026534 0.088079
0.068358 -0.000583 0.000800 0.063216 0.014563 0.077879
0.068457 -0.002192 0.001878 0.072941 0.004743 0.078218
0.067585 -0.003932 0.002964 0.070146 0.006608 0.078041
0.068131 -0.003066 0.002341 0.071591 0.003404 0.080522
0.069566 -0.001072 0.000793 0.074718 -0.000725 0.083142
0.069835 -0.000053 0.000864 0.072251 0.004872 0.081960
0.069201 -0.000220 0.000066 0.073044 0.002866 0.079201
0.069446 -0.000360 0.000334 0.075615 0.001654 0.078899
0.069392 -0.000517 0.000391 0.075279 0.001498 0.079172
0.069527 -0.000203 0.000157 0.076103 0.000534 0.079700
0.066578 -0.006372 0.005254 0.060172 0.022364 0.067935
0.065648 -0.009096 0.006402 0.052758 0.023812 0.069071
0.067658 -0.005473 0.004062 0.060829 0.013233 0.076679
0.069494 -0.001095 0.001148 0.071843 0.003694 0.079377
0.069679 -0.000010 0.000150 0.075998 0.000778 0.079655
0.069600 0.000004 0.000014 0.076620 0.000148 0.079778
0.063927 -0.012396 0.008271 0.047462 0.038238 0.056636
0.064328 -0.015867 0.009545 0.037139 0.042279 0.054465
0.065705 -0.014231 0.011589 0.037675 0.037791 0.068546
0.068668 -0.006009 0.005508 0.055957 0.016217 0.077781
0.070104 -0.000162 0.000925 0.071938 0.005433 0.078771
0.069598 0.000027 0.000144 0.075454 0.001442 0.079414
0.063941 -0.012753 0.010282 0.053402 0.032118 0.068566
0.064364 -0.017361 0.011752 0.042555 0.037930 0.065630
0.065666 -0.016573 0.012610 0.044028 0.030553 0.073104
0.067814 -0.007321 0.005227 0.061158 0.010700 0.079317
0.070107 -0.000485 0.000856 0.071311 0.005049 0.078870
0.069536 0.000012 0.000125 0.074695 0.001111 0.079122
0.068047 -0.002987 0.002497 0.073161 0.005133 0.078828
0.067526 -0.004977 0.003399 0.072188 0.003582 0.079434
0.069003 -0.001690 0.000924 0.075310 0.000003 0.080085
0.069653 -0.000311 0.000050 0.075686 -0.000434 0.079749
0.069549 -0.000020 -0.000116 0.076505 -0.001011 0.079631
