0.526743 -0.438296 -0.348642
-1.141335 1.221979 -0.025179
-1.709837 0.842795 1.193009
0.749467 0.253538 0.646527
-0.227002 1.364464 0.915281
-0.112075 0.221561 0.465895
-0.249794 -1.151561 1.348459
-1.456716 -0.093913 -1.825567
-0.677348 0.722932 -1.570830
0.157867 -0.721814 1.756300
-0.481292 0.687244 1.265523
0.094712 -0.056875 0.553742
0.083445 1.477459 -0.317938
-0.660127 -1.349800 1.593184
-1.016418 -0.569345 -1.944373
-0.602829 -1.395132 0.671830
0.205497 -0.824232 -1.515234
-1.330742 -0.433236 0.312530
0.300842 0.279872 -0.904488
-0.347985 1.513549 -0.533251
1.168590 0.391967 2.597506
-1.722758 0.623803 -0.141933
-0.814245 0.169821 1.063731
-0.976497 0.351107 0.559382
1.939594 0.607247 -0.992589
1.120523 -0.969674 0.377086
0.996220 0.353576 1.824364
0.691502 -0.069750 0.046546
-0.836769 0.427652 -1.268463
0.641431 -0.325033 0.703762
0.064960 0.970053 -0.103238
-0.586192 -0.851973 -1.349802
-0.060391 -0.398991 1.650642
-1.633915 -1.532218 -1.248482
-0.480895 -1.919324 -0.149388
-0.056213 -1.595547 -0.080792
0.275359 0.253711 -0.908398
0.444123 0.051757 1.246498
-0.699475 -0.242291 1.227979
0.446574 0.840356 0.284904
-0.333726 1.206945 1.127605
0.319533 0.310437 -0.887047
-1.423412 -1.609691 -0.402043
-0.080320 -1.771328 -0.172664
0.171034 -1.762618 0.332573
-1.511620 1.198790 -0.997918
-0.249465 -0.016694 0.662923
-1.986729 -1.917291 -1.922273
-1.156643 -0.461724 -0.041774
0.059550 -0.616524 0.735966
0.321489 0.965135 1.455628
0.790160 -0.159647 1.389326
-0.901896 0.571782 0.142501
0.930532 -0.623002 -0.559475
-0.787803 -1.272329 -1.183846
-0.222105 -0.872979 -1.720625
0.172529 -0.613235 -0.603269
-0.551906 0.026897 1.483813
-1.149008 0.156569 -1.966717
1.061429 1.204318 1.232271
-1.763550 -0.591826 1.845573
-0.037005 -1.120787 0.317534
-0.728498 -0.462928 1.086749
-0.766605 -0.082679 1.754406
-1.567052 -1.767236 1.372911
-1.267842 0.530702 -1.471846
1.982261 -0.071047 1.657304
-1.210309 1.064700 -1.713178
-1.118092 0.074476 -1.143033
-0.189338 0.894942 -0.956250
-0.970930 -0.373202 -0.963890
1.962062 0.009352 -1.198081
-1.197215 -1.374150 -0.051413
1.984810 0.038523 1.371345
-0.844287 1.148074 -0.393041
-0.957945 -0.239754 -0.078168
-0.999616 0.809486 -1.450516
-0.930422 -0.639396 -0.463090
-0.201287 -0.649623 0.909646
0.095549 -0.425735 -0.520047
-0.957788 -0.917271 -1.723602
0.485995 -0.317945 -1.002328
-0.722978 0.048933 -1.213539
-0.709110 -1.925707 -0.600272
0.105965 0.293872 -0.013138
1.170170 -1.197977 1.414662
-0.110617 -1.078885 1.804667
-0.555249 -1.527727 0.500290
-0.412613 0.038174 0.347518
-1.058158 0.509025 -0.430680
-1.033051 0.254404 -1.002632
-0.981499 -1.925732 1.556352
-0.402865 0.202055 -1.652360
0.062690 -0.582347 1.440533
-0.408931 0.798924 0.268801
0.759906 -0.396224 0.342583
-1.463566 0.424055 0.242760
0.962561 -0.715739 1.909097
-1.370012 1.587602 -0.971283
-0.552696 -0.548704 0.326881
1.013548 0.756180 0.814808
0.614424 -1.356949 0.673985
-0.082427 -0.316468 -1.009880
1.938955 -0.996372 1.375430
-1.120634 -0.031526 -1.614168
-0.359478 1.007173 1.950854
-0.950185 0.315848 1.301650
0.738524 -0.110416 0.946507
0.630145 -1.519401 0.103655
-1.554042 0.325293 0.108919
1.206226 -0.749241 1.172927
-1.458821 1.507272 0.372888
-0.099583 -1.025632 -0.284718
-1.129433 -1.609908 -1.670862
-1.004804 0.302520 -1.977017
-0.628279 -1.088825 -0.054625
-1.247564 -0.817934 1.440295
0.028931 0.646225 0.866564
-0.724958 -1.244764 1.687161
-0.044052 1.343331 1.083048
0.104235 1.543375 0.195676
-0.815991 -0.826332 -0.860304
-1.078055 0.736550 0.410524
-1.164221 -1.585276 0.076189
-1.313847 0.649872 1.057660
0.052234 0.710250 1.278805
-0.082803 0.002579 0.281680
-0.745440 -1.251254 0.452245
-0.589683 0.694115 -0.977048
0.244866 -0.914701 -0.453902
-0.052096 0.721735 -0.263087
0.110764 -0.524413 0.493861
1.788372 -1.726802 -1.896435
0.991383 -0.247432 0.613452
-0.574150 -0.033661 0.245793
-1.215755 -1.892115 1.152058
-0.299001 1.398079 0.286116
-0.640947 -1.142268 -0.319613
0.355756 -0.147030 0.886746
1.900065 -1.047411 1.216496
-1.042711 -0.759301 -1.638333
1.220697 -0.838967 -0.582155
-0.912588 0.145035 -1.694744
-1.571394 1.272911 0.763456
-0.998328 -1.469155 1.676985
0.063040 -0.585091 -0.128431
-1.011942 0.103354 1.020339
-1.680843 -1.486744 -1.328821
-1.076563 -0.993943 1.591932
-1.707457 -1.426744 1.664171
-1.478707 -1.905288 0.495811
-0.555780 -1.801467 -0.509130
-0.766028 0.197698 0.385914
0.644003 -0.487951 -0.321306
1.917313 0.224173 1.315403
0.587681 0.217503 1.802497
-1.103892 -0.270642 -1.700094
0.897360 -1.310851 0.526737
0.551648 -0.104935 1.802530
0.722972 -0.183762 1.319326
-1.035231 -0.566634 0.984188
0.580238 1.026702 1.389824
-0.695184 -0.792471 -0.716215
-0.931052 0.941622 1.938628
-1.076852 -1.080545 -0.351633
0.365710 -0.503880 0.403255
0.603566 1.802416 0.642754
-0.146498 -1.037023 0.756739
-0.996357 0.285268 -1.981490
-0.260356 0.792512 0.625152
-0.010555 -1.128819 0.036935
-0.291021 -1.544761 1.643559
-1.440332 1.598991 0.975803
-0.373317 -0.039171 0.551011
1.960862 -1.284459 1.852181
-1.960038 -0.621975 -0.866702
0.524420 0.714672 0.077693
0.470871 0.878823 0.160740
-0.513786 0.346017 1.872848
0.360367 -1.346569 -1.035804
-0.144277 -0.006360 0.301443
-0.684831 1.194230 -0.373984
0.469836 -0.228777 1.213657
0.259356 0.903035 0.362126
-1.209948 -0.149170 -1.649197
0.954594 -0.807545 -0.603345
0.212474 -0.752996 1.115879
0.419162 0.976142 0.471901
-1.915487 -1.098314 0.659778
-1.378673 -1.200123 1.606606
0.264536 1.525956 1.139060
0.275584 -0.137163 0.367706
-1.067155 -0.433776 -0.408474
0.782916 -1.459273 1.629474
0.736948 -0.339831 -0.634611
0.131952 -0.590538 -1.768628
-0.223003 0.754655 -0.848431
0.602752 0.133891 0.759154
-0.905576 -1.580862 -0.574646
-0.125088 0.397706 1.264319
-0.400574 -0.421752 -0.203455
-1.429355 -0.394997 1.855421
-0.740747 0.588769 1.464442
-1.162001 -1.109970 1.591067
-0.128746 -0.437724 -0.050701
0.792618 -0.910456 -0.417292
-0.692534 0.999276 -0.105276
0.894183 0.360688 0.268570
-0.085060 -0.687571 1.297722
-0.491140 0.318385 0.374947
-0.567477 -0.199861 1.971253
0.113494 0.068999 -1.590387
1.874035 -1.684740 0.938022
-0.331882 -0.147076 -0.342321
0.639468 -1.293600 0.584451
-0.112993 0.962486 -0.902941
-1.629310 -0.289240 -0.606348
0.599473 0.333467 0.944667
-0.559878 -0.976859 1.850661
-0.995882 -0.338598 -0.074453
0.138367 0.386579 0.276705
-1.184813 -0.264685 -1.933054
1.901684 -1.586470 1.926997
0.726798 0.148323 -0.603010
0.363270 -1.777136 1.404028
0.645510 0.512570 1.976402
0.285594 -0.559342 1.119996
0.137671 0.142647 -0.586076
0.057197 -0.801269 1.616822
-0.285533 -1.710607 -1.039712
-0.451477 0.968543 -0.287961
-1.937381 -0.364221 -0.019933
-0.153881 0.018108 1.275117
0.503229 -0.088256 0.692969
-0.252130 0.197497 -1.963144
-1.124211 1.377221 -1.088318
0.533454 -1.361804 -0.758964
-0.029389 0.540240 -0.812605
0.034224 -0.584906 1.045037
-1.751325 -0.340953 1.904762
0.691914 0.173058 -0.557116
-0.852500 -0.735336 -1.779185
0.220781 -0.989611 1.921373
-1.631225 0.914299 -0.230012
-0.482526 0.899520 1.621821
-1.362966 -0.906739 1.384502
-0.645088 -0.283344 1.278191
-1.628051 -0.431325 -0.896512
0.543309 -0.942435 0.815888
-1.509312 0.888720 0.127310
0.615337 -1.542371 0.583962
-0.051897 -0.273452 -1.956118
0.399984 -0.545967 0.043248
-1.868957 -0.892857 0.625497
-1.776599 0.892600 -0.610188
-0.939817 0.646743 0.834866
0.234713 -0.964819 0.778736
-1.150355 1.013708 -0.086108
-0.209070 -0.588323 0.214456
-0.248345 -1.108619 0.041674
0.137228 1.766397 -0.255170
0.232777 -1.122419 1.012865
-0.162588 -0.549252 -0.354577
-0.930563 -1.353272 -0.837853
-0.921472 -1.032840 -1.826164
-1.738253 -1.217015 0.871971
-1.830796 -0.136050 1.561675
-0.931620 1.033635 0.017204
-0.287796 -0.449088 1.951572
-1.399767 -0.269008 -0.892861
0.552898 0.646522 -0.845323
-1.951073 -0.623384 0.653105
-1.076161 -0.395705 -1.297929
1.125898 -0.872954 0.379357
0.616304 0.225557 -0.304535
1.984385 -1.022866 1.917127
-0.024930 0.467018 1.032327
-1.290809 0.412526 0.529888
0.627319 0.671935 0.987385
1.413742 -0.046570 1.966751
1.647176 -1.551079 1.021065
0.461295 0.284193 -1.057715
0.476042 -1.430157 1.168522
-0.204346 -1.772794 0.872755
-1.030835 -1.586727 -0.335244
-0.000649 -1.496192 1.026485
-0.843117 -0.914566 0.322362
-1.609973 -1.356076 1.697818
0.985717 0.104746 0.366863
-0.568687 -0.018707 -0.214430
-0.357870 0.801012 0.631790
-0.105840 0.453129 -1.195714
0.391682 0.145776 0.008086
0.118666 -1.849113 1.703345
1.167791 1.034345 1.987541
0.030685 -0.159810 0.725129
0.661537 0.468680 0.870755
-0.192578 0.981906 0.011970
-0.524968 1.186280 0.250575
-0.331360 1.176459 -0.495663
-0.518815 -1.010280 0.770997
0.251463 0.728061 -0.325197
-1.747127 0.220666 1.819690
-0.372851 -1.750981 1.083196
0.043149 1.077612 1.463093
-1.208253 -0.105638 -0.745187
-0.278154 0.552456 1.510631
-0.857777 -0.034778 0.908670
-0.725863 -0.257385 -1.613789
0.660686 0.710860 1.686083
-1.277143 -0.381436 1.376018
-0.221813 -0.248774 1.996282
-0.449587 1.268905 1.093811
0.339920 -1.918942 0.480599
-1.276557 1.834823 0.289901
0.379650 -1.084496 -0.735173
0.376382 -0.377316 0.307281
-0.256135 0.489599 0.650397
0.897704 0.802394 -0.151389
0.094159 -0.827650 0.526558
-0.838454 -0.325639 -1.941953
-0.140074 -0.727364 -0.682636
-1.476994 1.063283 0.630574
-1.368002 -1.567103 0.403467
-0.940621 -0.856811 -1.835397
0.492225 0.447936 0.009023
-0.488577 -0.615367 -0.796403
1.899466 -1.051129 1.772545
-1.801872 -1.505562 -1.858143
0.107186 0.535874 1.721728
-1.044155 -0.319697 0.330366
-0.074205 0.241032 0.056753
0.317793 -1.126402 -1.336535
0.831794 -0.106681 -1.059333
-0.369073 -1.071965 -0.957935
0.962597 -0.510766 -0.224836
-0.260392 1.137036 1.195515
-1.029651 -0.072245 0.341943
0.443233 1.264636 1.793393
-1.776860 1.877737 -0.306963
-0.806467 -0.310195 1.460211
0.143718 0.897767 -0.202027
-0.614803 -0.403765 -1.812606
-0.105711 1.213527 -0.356692
0.813917 -0.544534 1.268530
0.708697 0.256718 1.091988
0.040103 -0.871800 1.045824
-1.924419 -0.354064 0.268188
1.005207 -0.690497 -0.242179
-1.717534 -0.219987 -0.269061
-1.033714 -1.952970 -0.776604
-0.310977 -1.096391 1.639351
-0.518460 -0.033835 -1.809255
-0.702497 0.997722 1.034229
-1.828804 0.919386 -1.944335
-0.886704 0.430461 -1.890890
0.043716 -0.165569 0.403947
-0.637994 -0.474178 -1.228541
-0.921748 -0.296540 1.650951
0.149777 -1.270756 1.403778
-0.217810 -0.700490 0.719067
-1.265569 0.659738 0.887232
0.352735 -0.643776 -1.097245
0.506193 0.157147 1.202119
-1.220872 0.122859 0.475500
-0.483062 0.393017 -1.204292
0.331601 -0.349930 -0.464456
-1.762833 -0.591446 1.033261
0.342131 0.667242 -0.277859
0.632497 -0.179729 -0.236273
-0.212283 0.396324 1.286901
0.518973 -0.054734 1.659135
-1.577041 1.483699 1.924647
0.298285 -0.539861 1.392893
-0.898063 0.008211 -1.235013
-1.602632 -1.779331 1.979758
0.108701 -0.652810 0.715519
-0.779957 0.664297 -1.339361
-0.722028 -0.172175 0.937021
1.184147 -1.383632 0.117443
0.502701 -0.601602 -1.022337
0.909133 -1.441052 0.039480
0.004276 0.975402 1.898431
-0.448993 1.225542 0.540746
0.448408 0.648287 -0.019483
-0.274861 0.332084 -0.349015
-1.685863 1.831359 0.955219
-1.413130 -0.434180 -1.912827
-0.692048 0.482979 0.012811
-0.836402 -1.981008 1.427239
-0.211412 -1.548188 -0.386932
-0.323312 -1.298182 -1.069435
-1.756339 1.939451 0.202408
-1.114913 -1.308192 0.074126
-0.869030 0.718379 0.738509
0.717233 -1.302426 0.737367
-0.350485 1.038579 0.756969
0.762027 -0.857911 0.318671
-1.826749 0.193054 1.210933
0.005381 0.464536 1.565146
-0.512027 0.833649 0.286092
-0.947333 -0.612145 -1.802333
-0.075153 -0.402053 1.824731
0.028642 -1.551455 -0.475911
0.056100 0.001210 -0.741546
-0.169699 -1.651147 1.458729
-0.827060 -1.761812 0.469749
-0.347713 -0.130701 0.283666
-1.803121 -1.364638 0.566935
-1.807096 1.827782 -0.476694
-0.375252 -0.047727 1.953368
0.801397 -0.471915 1.522410
0.044516 1.664723 1.959183
0.749375 -1.206743 0.930322
-1.768066 -0.286229 -0.711768
-0.123131 0.776099 1.382910
-0.626231 1.243882 -1.255224
-1.221689 -1.082606 -1.881376
-0.571173 -1.523851 1.361409
-1.163942 -0.454383 -0.572505
0.328699 -0.772207 0.058921
-1.896011 0.292482 0.687811
0.071655 0.791918 -0.856604
-0.414615 -0.429478 1.860489
-0.811443 1.009150 -1.325362
-0.279688 -0.172509 -1.879530
-1.261415 -1.174491 1.696285
-1.287654 -0.288050 -1.090777
-0.280059 -0.211682 -0.882194
0.648389 1.100882 1.767152
-0.316783 0.823996 1.735394
-0.197777 0.693859 1.290114
-1.065612 0.303120 1.560150
0.461333 -0.705360 1.082589
-0.962757 1.373897 1.739192
0.654487 -1.930889 0.664078
0.036089 -0.969744 1.909446
-0.549706 -0.275993 0.050521
-1.779757 -0.591904 0.525588
-0.045515 -1.668558 1.174140
0.331077 -1.354308 -0.286031
-0.069108 0.591665 0.995211
-0.839220 1.306007 0.187367
-1.601929 0.623410 -0.529636
-1.290816 -0.349441 -1.033203
-0.038282 -0.247958 -0.894129
-0.116199 1.466670 -0.006798
-1.069517 0.012660 -1.396394
-0.727912 -0.564337 -1.874307
-1.322000 -0.641172 0.326580
0.612001 -1.654583 0.358940
-0.475282 -0.675418 0.004034
-0.209567 0.041499 -1.437793
1.900457 -0.511202 1.896607
0.354469 -0.475686 1.973222
-1.550430 -1.480120 -0.687931
-0.943194 1.055603 1.491636
0.822382 -0.638216 0.693151
-1.544888 0.803200 -1.195678
0.469387 0.690425 1.693696
0.331445 -0.846632 -0.561181
-0.490965 -0.778103 -1.098396
0.149800 1.548673 0.031664
-0.653588 -0.078697 -1.779469
-1.484575 -0.015602 0.086548
-0.362871 -1.007612 1.031399
0.001256 -0.607223 -0.743725
-1.392459 -0.524311 1.645989
-1.331278 1.640018 1.636737
-1.616865 -1.320683 1.600698
-1.327370 -0.586497 -0.755289
-1.927756 -1.173172 1.960646
-1.354332 -1.560726 -1.126452
-1.831064 1.731793 0.558994
0.217489 1.047825 0.778410
-0.071391 -1.622620 -1.770424
-0.951423 0.622697 -0.745819
-0.626633 0.205237 1.463450
-1.516855 0.783955 -0.525826
-0.834265 0.973923 1.186182
-1.911158 -0.675230 -0.965322
1.122068 -0.235542 0.743470
0.146583 0.932665 0.213058
0.512989 -1.063480 1.653318
-0.766107 -0.680941 -0.446490
0.725459 -0.349872 0.776552
-1.526309 -1.246870 -1.807465
-0.966914 -0.200565 0.395641
1.018583 0.610047 1.313132
-0.201894 -0.523269 -0.890320
-0.621428 1.090009 -0.525340
-0.858068 0.388368 0.871595
1.948979 0.519506 0.174282
-1.238895 -0.843333 1.852379
-1.527680 -1.066438 1.082464
-0.427792 -0.896348 0.327335
0.252958 0.787123 1.153093
1.923301 0.179505 1.471336
-0.357727 0.173260 0.027246
-1.613132 -0.477263 0.378426
1.932884 0.366357 -0.162275
-0.768846 -1.988173 -0.953158
-1.161016 0.542441 -1.132051
-0.669145 -0.746261 -0.093626
1.271721 0.401853 1.362171
-1.290770 -0.140781 1.242315
-1.573665 -0.885356 1.680540
-1.450207 0.016127 1.198120
-0.473236 -0.796080 -1.577847
0.202710 -0.152399 1.486113
-0.340182 -1.581136 0.220574
-0.664776 0.625031 0.470397
-0.664627 -0.274171 -1.175766
-1.036399 -1.417743 -1.000987
-1.646350 0.404293 -1.482865
-1.177378 -1.287218 -0.535788
0.089831 0.461205 0.494248
-1.153819 0.410977 0.299696
-1.842483 1.179750 -1.703928
-0.225991 -0.210256 0.828187
-0.442510 -0.301761 -0.211939
1.785584 -0.352850 1.738253
-1.566847 0.155361 -0.770518
-1.321033 0.568335 0.085085
0.625864 -1.316702 0.587441
-1.096430 0.291172 -0.917282
-0.462309 0.055929 0.681187
-0.379378 -1.128943 -1.817607
-1.374670 0.800051 0.776855
0.084427 -1.038858 -0.025017
-0.185512 1.109647 1.779818
0.418662 -0.308339 -0.010568
-1.077552 -0.944534 -1.918967
0.202541 0.350481 1.465653
-0.729806 0.455647 1.406528
-0.841092 -0.299101 0.529008
0.115465 1.176205 1.037264
-1.462834 -0.388553 1.090930
0.157655 -0.988382 0.069940
-0.730986 -0.097502 -0.966918
-0.671580 0.890123 1.566961
-0.549985 0.689402 1.019696
-0.568897 -1.236700 0.674946
0.523664 -0.420634 0.353932
-0.520685 0.351852 0.289682
-1.119115 -0.541490 1.844417
-0.945427 -0.094439 -1.652157
-0.688041 0.661505 -1.588195
0.871659 0.313290 0.757351
-0.443787 -0.790311 -1.034694
0.595529 -0.404348 0.089787
-0.925229 0.730781 0.895768
-0.922267 -1.307255 -0.494928
-1.727150 1.195655 1.887539
-0.740507 0.876583 -0.019053
1.875218 -0.114067 1.573902
0.914491 0.410573 1.307797
-0.864216 -0.504215 1.492219
0.425512 -1.033493 1.117463
-0.498572 -0.419925 -0.826681
0.850886 -1.252426 0.882017
0.200307 0.986679 0.683701
0.610243 1.733366 0.662592
-0.747271 -0.595976 0.287901
0.758249 -0.360602 0.446556
-1.835911 1.694245 -0.509963
-1.334581 0.247256 -1.822805
-1.932310 -0.299719 0.119760
-0.375389 0.672674 -0.607999
0.479545 0.459521 1.084539
-1.480492 1.776447 -0.129511
-1.428720 0.002095 1.021169
1.973586 -0.644754 1.952052
-0.229908 0.036310 0.112363
-0.404208 0.137823 0.396215
0.818992 -0.840161 -0.048488
0.624636 -0.421681 0.541695
-1.543794 0.417828 -1.762748
0.690580 0.134361 -0.286051
-1.549508 -0.137841 -1.243655
0.373664 1.511400 0.940295
0.350312 0.816314 0.413632
-1.191480 0.564051 0.266908
-0.312743 0.180138 0.717473
0.276149 0.500871 -1.187125
-1.119659 -1.533134 -0.375854
-0.237335 -0.526605 0.631712
-0.240815 -1.026361 1.176618
-0.067169 -1.272793 -1.318826
-0.665177 0.171532 -0.287829
-0.518306 -0.501747 -0.430434
0.666265 -0.551129 1.553730
-0.047901 -1.924653 1.203112
-1.228782 1.007293 1.879162
-0.193241 1.054929 0.625665
-0.406510 -0.227828 1.284139
-0.832028 -1.072820 0.861967
-1.966357 -0.399063 0.359936
0.139023 -1.675724 1.570083
-0.968679 -1.613379 -0.285520
-1.444559 1.812724 0.694075
-1.912198 -0.155534 0.938701
0.632469 -1.165106 -0.184936
-0.464005 -1.117448 -1.897949
-1.161214 -1.198141 -0.376070
-0.986935 -0.159156 1.303619
-1.721376 -0.734533 0.781510
-0.136449 0.984701 1.575847
-1.186157 -0.426190 1.527913
0.488528 -1.036756 1.498113
-0.998881 -0.374804 -0.837227
-1.106711 -1.167722 0.222983
-0.254681 0.317686 -0.652341
0.277011 0.764373 1.574823
-0.126899 -1.598518 -0.686309
-1.328685 1.035294 -1.148038
-0.477758 1.219203 0.000403
0.755987 -0.797514 0.837647
0.445638 0.847920 1.941515
-0.262274 -0.360254 0.288999
-0.926498 -0.499276 -1.211783
0.341956 1.051603 1.591193
-0.029023 -1.707637 0.933107
-0.461582 -1.410585 -1.639213
-0.701752 -0.660319 -0.896580
-0.812618 -0.308268 -1.355470
0.284708 -0.513899 -0.860668
-1.579469 0.276939 -1.928130
0.605531 0.451839 0.937862
-1.477736 -0.341973 0.441784
-1.097635 -0.926465 -0.715540
-1.359535 1.361157 1.453351
-0.265895 -1.663296 -0.141743
-0.097323 -0.637975 0.636056
-0.356316 -1.086032 -0.958951
-0.112624 -0.803242 1.135740
-1.109131 1.206192 1.916012
-0.925687 0.636073 -1.003446
-0.696317 -0.770779 -0.955372
-0.072638 -0.282312 1.299901
-0.480989 -1.225353 -1.363512
-1.513182 0.418347 -1.902851
-1.526329 -0.100553 -1.917964
-0.393478 1.646466 0.014868
1.942409 -0.162189 1.749128
0.946743 0.908614 1.405643
-0.598780 -1.009154 -1.131189
-0.825013 -0.829403 -0.748862
0.027409 -1.526451 1.692688
-1.033116 1.637796 0.462004
-0.258334 -0.824553 0.828132
-1.715983 -0.155902 -1.022524
-1.528162 0.427037 -1.375448
-1.715845 -0.048467 -0.048369
1.971115 -0.015652 0.966381
0.086104 0.064015 0.166441
-0.360899 -0.811326 0.068900
0.284535 -1.608385 1.906171
-0.516049 -0.113420 -1.876070
-0.518542 -0.936326 -0.345492
0.468053 -1.249770 -0.672034
0.146617 0.154712 -0.240637
1.954620 -0.730188 1.881778
0.332162 1.494344 0.803831
0.470403 -0.654359 -1.056072
-1.590776 -0.499144 -1.258973
-1.931116 -0.542834 0.139056
-0.405206 -0.231948 -0.517350
0.244036 0.426483 -0.027361
-1.562883 -1.410677 -0.551718
1.500953 0.309204 -1.928276
-0.487847 -0.482597 1.811491
-0.278419 1.053420 1.479599
-1.691068 -0.407186 1.060715
0.406893 0.425882 1.969369
0.476845 -0.268028 -0.918646
-0.713615 -1.177468 -1.730081
-0.796300 -0.304339 -1.163151
-1.281069 -0.937241 1.106868
-0.231379 -0.660400 -0.810445
0.338870 -1.720243 0.705153
-0.442671 -1.484054 0.760222
-0.412457 0.739570 -0.185158
-1.950086 1.071047 -1.965249
0.346309 -0.275023 -0.856297
-0.580359 -1.568659 1.907693
-0.596064 0.567055 1.284172
-1.080648 0.335214 0.597585
-1.522639 0.267471 0.107860
-0.114819 0.148598 -0.816794
-0.178057 0.019813 0.031115
0.960378 -1.227854 0.903911
-0.292502 -1.899920 -0.205879
1.806266 -0.634635 1.892642
-0.712381 -0.153195 -1.518337
-0.828475 -0.010157 0.967106
-0.926591 1.946151 1.486304
-1.948112 0.796496 -1.828631
-1.138742 -0.443404 0.805134
0.675990 -0.328968 -0.563672
0.488671 -0.446605 0.559970
-1.114763 -1.909833 0.755760
-0.899544 -0.574841 0.161033
1.105781 -0.572812 0.819325
-0.991928 -1.523879 1.459260
-1.317243 -0.550847 -1.603243
-0.004279 -0.008960 0.578461
-0.699494 0.139505 -0.682639
-0.860752 -0.896122 -1.651272
-0.756715 -0.266990 -0.452247
-1.008321 1.354039 -1.100574
0.012582 -0.401554 -0.533483
-1.011361 1.284845 -1.137091
-1.229682 1.001558 -0.521440
-0.094945 1.401292 1.090182
0.314285 0.770910 0.378512
1.184638 0.659795 1.358093
0.736674 -0.428470 1.378089
0.041672 -0.615485 0.712744
-0.189445 -0.084680 0.711913
0.527897 -0.474685 -1.835654
0.898829 -1.090655 0.133065
0.060405 -1.575673 -0.957023
0.190525 -1.862100 1.780613
-1.443296 0.570407 1.072065
-1.975741 -1.907838 1.677915
-1.651525 -0.000185 -1.187489
-1.600312 -0.534438 -0.725776
-1.236119 0.421280 0.211270
-0.574050 1.214273 0.496269
-0.233879 0.499883 -0.850943
0.093328 -0.089480 -0.015699
-1.307056 -0.491510 0.663788
-0.004493 -1.884268 1.941379
0.166020 -0.735862 -0.497889
-1.408326 0.455356 -1.756954
-0.958592 0.768364 1.596559
0.752591 -0.495497 0.002328
-0.636095 1.130608 -0.643205
-0.813162 1.323676 -0.791150
-1.585483 1.370129 -0.050452
-0.242146 0.354256 1.939959
-0.898878 -0.730367 -0.750616
-1.221702 -1.657810 -1.087725
0.475661 0.175824 -0.395246
-1.886713 -1.260368 -1.880297
0.393096 -0.373842 1.943683
-0.948999 1.069181 1.094108
-1.249051 0.627205 -0.447152
-0.418082 -0.047287 0.067668
0.329992 0.919171 -0.994695
1.665580 0.143164 -1.758949
0.375462 -0.121224 -1.042873
-1.908617 -0.201587 0.301746
0.786135 -0.588113 -0.565162
0.625825 -1.392263 0.356052
1.525946 -1.299947 0.997642
-0.555253 0.072388 -0.623610
1.937407 0.415230 -1.336324
-0.764652 -1.970643 1.669090
-1.875646 -1.306527 -1.697348
0.790790 0.389942 -0.847960
-0.223739 -0.892381 -0.354053
0.762977 0.163687 1.198684
-1.180097 -0.746401 -1.892955
0.633629 -0.116713 -1.901396
0.593034 -0.845687 1.571327
0.346171 -1.262962 -0.568388
-1.867464 -1.106112 0.915087
-1.025231 -0.282609 1.587830
-0.416529 -0.479033 1.120469
0.782423 -0.081689 0.459683
0.170841 -0.526792 1.235299
-0.664223 -0.319214 -0.977943
-1.119978 -0.460895 1.190563
0.570652 1.112374 1.226183
0.340930 -0.609881 -1.599136
-1.294874 -1.164015 -0.517498
-1.355189 -0.903575 1.473808
0.060389 -1.095719 0.315538
1.184726 -1.175857 1.211419
-1.233122 0.324353 -0.440082
-1.432896 1.317990 -0.323946
0.011067 0.599111 0.696688
-1.351538 -1.357376 1.524853
0.490820 -0.786621 -0.617124
-0.410899 -1.036088 -1.102256
-1.653673 0.622269 -1.139861
-0.810856 -1.146549 -1.767004
-0.663607 0.308695 0.879321
-0.738775 -1.702751 1.142783
-0.837337 1.411140 -0.364406
-0.107752 0.755692 -0.555284
1.793451 -1.920469 1.882872
-0.231677 -0.239391 1.158759
-0.369581 -0.092903 -1.144042
-0.146759 -1.462454 1.396123
-1.568554 -1.040725 0.671013
-0.668246 -0.491922 -0.575294
0.051010 -0.372679 -1.378157
0.489733 0.052254 1.037748
-1.874779 -0.946112 0.253503
-0.400658 0.926638 1.284357
-0.367778 -1.957909 -0.497719
-1.512721 -1.433801 1.094388
-0.667116 -1.816854 0.066604
-0.404641 1.302743 -0.174257
0.269882 -1.597739 1.066012
-1.618824 -0.622951 1.973029
-0.869414 0.628678 0.694293
-1.888250 -0.649526 0.704098
-0.395128 -1.702742 -0.494425
-1.234780 1.491808 -0.198512
-0.369187 -0.252304 0.966548
0.689125 0.191136 -0.401458
0.057386 0.350658 1.216166
-0.935700 0.664078 -1.083701
-0.689196 -0.007271 -1.576942
-0.777506 0.806732 0.697530
-1.546539 1.343333 -0.220690
-0.402708 -0.190423 -0.559211
0.158616 0.025832 0.167755
-1.061750 0.477267 -0.953888
-0.914694 -0.453021 -0.504887
-0.809611 0.280421 0.055916
-1.642376 -1.886778 1.290855
-1.305207 -1.710133 -1.065173
-0.124773 -0.370005 1.419509
1.865880 0.281331 -0.888933
-0.541439 0.335877 1.233742
0.365693 -1.181019 0.059347
-0.496783 0.722203 1.909849
-1.073943 -0.155464 -1.755587
-1.354109 -0.197619 0.020185
-1.262914 -0.202579 -1.991455
-0.846854 0.774360 -1.056703
0.877938 -0.613282 0.793583
-0.718106 -0.600145 0.433039
0.518761 -0.807388 1.846326
-0.689747 -0.271059 1.107710
-0.209732 -0.464873 1.200454
-0.224318 -0.149101 -0.712701
-1.917575 1.931983 0.963812
0.321689 -0.573133 0.827084
-0.650435 -1.054506 -0.921661
0.831078 -0.476171 0.370356
0.530504 -0.647774 -0.700023
-0.761536 0.994645 1.782755
-0.049463 -0.761854 -0.542106
0.006911 -0.479506 -1.027142
0.286842 -1.171078 0.893163
-1.275570 0.209985 -0.594843
0.758397 -1.547773 0.077895
-0.777217 0.024815 -1.000467
0.674550 -0.274847 1.063905
0.127144 -1.085316 0.082800
1.059306 -0.544523 -0.860151
0.871085 -0.619090 0.434257
0.407714 1.478804 1.402486
0.413154 -0.546921 -0.551702
-1.778939 1.289157 -0.069616
-1.096619 0.686007 -0.622427
0.101440 -0.830319 0.429341
0.093063 0.014440 1.078924
-0.420359 0.137967 -1.174864
0.524383 -1.187538 0.325485
1.206744 -0.650651 1.283434
0.134676 -1.352687 0.026263
0.114859 -0.175040 0.548887
0.497132 0.673509 -0.166433
-0.755380 -0.836286 -1.912524
-0.085698 -0.284913 -1.837761
-1.127487 -0.286447 1.125600
0.290019 -1.190900 1.915924
-0.509346 -1.193118 -1.673883
-1.372089 1.234622 0.854282
0.016365 0.814641 0.422527
1.217197 -0.631327 1.172348
-0.765014 -1.507487 -0.633319
-0.175120 0.076190 -1.707202
-0.922795 0.254858 0.626356
-0.993989 -1.418339 0.980388
-1.670633 -1.085220 0.026581
-0.382283 -1.608167 1.191077
-1.253728 -0.627236 -1.235234
-0.263426 -0.739086 0.074494
-0.694373 -1.870505 -0.272200
-1.204287 -1.165902 -0.594860
-0.354178 0.552995 1.254175
-0.746510 0.485667 0.436533
-1.781967 1.124786 -0.178410
1.873834 -0.445549 1.767764
0.952613 -0.043273 1.493198
0.115470 0.378789 1.372400
0.429738 -0.294576 1.742548
-0.352559 0.849855 0.350459
0.468169 0.085254 1.228338
0.053364 -0.542772 -1.857565
-0.894264 -1.897216 -0.749506
-0.287181 -0.647544 0.847188
-0.470565 -0.587226 -0.700391
-0.010192 0.155173 0.349717
-1.792754 -1.106676 -0.097056
-0.472255 -1.130341 0.134351
-0.047036 -1.356509 1.782508
-0.136576 -0.061708 -1.952730
0.836697 -0.734886 -0.807608
-1.778371 1.610307 -0.483480
0.110131 -0.733044 1.050072
-0.580344 -1.549286 1.033716
-0.763038 -1.907614 -0.494022
0.019171 -0.753979 0.477979
-1.705987 -1.602371 -1.081904
1.978414 0.032665 0.043040
-0.776954 -0.420043 -1.255678
0.307527 -0.827314 0.417440
1.851003 -1.596427 1.855645
-1.210207 1.577694 -1.150369
0.495278 0.493764 0.406694
0.695228 -0.163872 1.380039
0.191141 0.661246 0.837225
-1.400982 0.147773 -0.252457
0.424674 -0.663326 1.115684
-0.947351 -1.068679 0.424815
0.093291 -1.003875 1.572582
-1.293344 0.238105 1.948463
-0.355644 -1.236382 -0.522071
-0.615908 -1.523074 -0.297958
0.664440 0.909536 -1.056016
0.034335 -1.356354 0.591154
0.150985 -0.528818 1.501306
1.198251 -0.099200 0.656948
-0.247057 0.601703 1.519399
0.579127 0.515035 -1.036326
-0.202289 -1.332742 -0.595007
1.046465 0.661728 1.265249
-1.844730 0.535492 -1.544349
-1.820042 -0.856468 1.024861
-0.329296 -0.264744 1.640657
1.904481 -1.738231 0.600643
0.156210 -1.263600 -1.736420
-1.405862 0.518370 1.105412
-0.997981 -0.833770 1.639145
0.889610 -1.152198 0.099495
-1.788612 1.706803 -0.381440
0.312557 0.870387 0.026578
0.081510 0.102351 0.661817
-0.120472 0.981117 1.120621
0.231435 -0.773304 0.142118
-1.351201 -0.543019 0.094063
0.523256 0.146521 1.344246
-0.235322 -0.434296 -0.953520
-1.828647 0.807770 1.550022
-1.220897 0.117804 0.426285
0.347262 0.676798 1.698778
-0.736759 0.744418 1.290373
-0.709762 -1.275191 -1.291858
-0.736062 -1.538429 -1.627452
0.608639 -0.465584 0.488943
-0.319863 0.006860 -1.883064
1.792224 -1.732104 0.625716
-1.890378 -0.867122 1.984068
-0.080605 0.536431 1.033916
-0.606826 -0.299402 -1.018463
0.204877 1.040711 1.527550
-0.295752 -0.930204 0.848607
-1.620731 1.168797 1.845389
-1.008509 -0.970637 0.974691
-0.904760 -0.659132 -0.274355
0.417444 0.702961 1.898927
-1.203657 0.143065 -0.601438
0.099344 1.261065 -0.181956
-1.162612 0.842303 -0.291486
-0.140675 1.009303 1.011316
-0.760574 1.115697 0.161289
-0.330404 -0.227831 1.808486
1.904546 -1.365338 1.872277
-1.181396 -0.356655 -1.222443
0.899373 -0.547930 -0.077811
0.858298 -0.592918 -0.489933
0.649881 -1.050046 -0.820824
-1.729545 0.558660 -1.563784
0.542466 0.924045 0.362187
-1.016950 1.301629 -1.245051
-1.581369 1.918658 1.833620
-0.423351 1.296889 1.293507
0.452367 -1.805244 -0.231056
-0.998615 0.305040 1.916290
-1.259367 1.325205 -1.421239
-1.484360 -1.069714 0.501561
0.322627 -0.091207 1.460439
-0.127448 -0.659185 1.047538
0.654042 -1.635069 0.842642
0.402528 -0.064745 0.718575
-0.453335 -0.975551 -0.520617
1.060555 -0.534895 -0.617816
0.356650 -0.057980 -0.793822
-0.124267 -0.253672 -0.333504
-1.735533 -1.363071 0.304911
-1.643068 0.723396 -0.326351
