0.187629 0.376016
0.190708 0.378526
0.193770 0.381063
0.196546 0.383389
0.198981 0.385455
0.201590 0.387705
0.204711 0.390456
0.207797 0.393227
0.210379 0.395585
0.212634 0.397671
0.215288 0.400193
0.218270 0.403082
0.221051 0.405837
0.223468 0.408295
0.225779 0.410692
0.228131 0.413189
0.230797 0.416083
0.233577 0.419206
0.235602 0.421537
0.237573 0.423859
0.239784 0.426531
0.242572 0.430033
0.244890 0.433041
0.246989 0.435838
0.248929 0.438522
0.251094 0.441596
0.253577 0.445242
0.255843 0.448715
0.257702 0.451680
0.259671 0.454902
0.261839 0.458587
0.263972 0.462373
0.266175 0.466423
0.268009 0.469919
0.269880 0.473630
0.271944 0.477899
0.273994 0.482272
0.275889 0.486501
0.277685 0.490686
0.279439 0.494904
0.281392 0.499757
0.283327 0.504821
0.285195 0.509873
0.286942 0.514782
0.288679 0.519802
0.290672 0.525882
0.292439 0.531432
0.294068 0.536672
0.295649 0.541996
0.297252 0.547486
0.299170 0.554296
0.300969 0.560784
0.302380 0.566024
0.303824 0.571371
0.305627 0.578305
0.307507 0.585580
0.309525 0.593454
0.310958 0.598942
0.312455 0.604564
0.314464 0.612351
0.316589 0.620403
0.318690 0.628112
0.320547 0.634679
0.322585 0.641627
0.325006 0.649782
0.327524 0.657792
0.330086 0.665521
0.332675 0.672928
0.335526 0.680634
0.338601 0.688501
0.341965 0.696557
0.345569 0.704626
0.349601 0.713029
0.353648 0.720856
0.357754 0.728236
0.362285 0.735884
0.367352 0.743794
0.372268 0.750888
0.377648 0.758148
0.383635 0.765621
0.389938 0.772862
0.396211 0.779572
0.402711 0.785998
0.409890 0.792568
0.417003 0.798590
0.425129 0.804926
0.432092 0.809970
0.439226 0.814773
0.446704 0.819461
0.454598 0.824058
0.463453 0.828859
0.471931 0.833106
0.479500 0.836628
0.487626 0.840162
0.495393 0.843346
0.501967 0.845806
0.510648 0.849023
0.517200 0.851210
0.526465 0.854354
0.536064 0.857526
0.543304 0.859746
0.549074 0.861467
0.554444 0.862991
0.562615 0.865412
0.571810 0.868310
0.576785 0.869801
0.580966 0.870967
0.585744 0.872384
0.593501 0.875059
0.601153 0.877762
0.605598 0.879317
0.609260 0.880522
0.612716 0.881683
0.619567 0.884534
0.627388 0.887998
0.630871 0.889427
0.632839 0.890232
0.637903 0.892709
0.645135 0.896251
0.651815 0.899789
0.653737 0.900828
0.653489 0.900784
0.658515 0.903596
0.665236 0.907608
0.669703 0.910521
0.670299 0.910901
0.670494 0.911087
0.674810 0.913871
0.681843 0.918696
0.685821 0.921603
0.685614 0.921532
0.684975 0.921200
0.690006 0.924836
0.695630 0.929260
0.698887 0.931784
0.698349 0.931406
0.697520 0.930653
0.703425 0.935641
0.708207 0.939596
0.709902 0.941019
0.709663 0.940757
0.710950 0.941806
0.715217 0.945556
0.719368 0.949242
0.719926 0.949640
0.720461 0.949944
0.722088 0.951321
0.725589 0.954528
0.728969 0.957641
0.729922 0.958297
0.730609 0.958693
0.732919 0.960750
0.735709 0.963328
0.738198 0.965666
0.739340 0.966467
0.740423 0.967223
0.742237 0.968711
0.745708 0.972135
0.748479 0.974768
0.749134 0.974902
0.748189 0.973151
0.751795 0.976803
0.756139 0.981314
0.758721 0.983706
0.757569 0.981902
0.756704 0.980097
0.760726 0.984300
0.765158 0.989030
0.766035 0.989612
0.765337 0.987812
0.765096 0.986636
0.769628 0.991847
0.773188 0.995982
0.773624 0.995817
0.773523 0.994677
0.774473 0.995011
0.778520 0.999679
0.782441 1.004173
0.782733 1.003687
0.782219 1.002105
0.783660 1.003354
0.786435 1.006397
0.788684 1.008883
0.789116 1.008467
0.790037 1.008717
0.791548 1.009855
0.794140 1.012855
0.796283 1.015083
0.797124 1.015264
0.797866 1.015149
0.799889 1.017211
0.803825 1.021812
0.804558 1.022389
0.805031 1.021990
0.804206 1.018529
0.807557 1.022803
0.811430 1.028000
0.813854 1.030494
0.812789 1.027670
0.811595 1.024721
