0.214872 0.323667
0.217440 0.326373
0.220002 0.329077
0.222734 0.331970
0.225674 0.335089
0.228486 0.338068
0.230944 0.340663
0.233407 0.343261
0.236191 0.346196
0.239173 0.349327
0.241893 0.352173
0.244359 0.354738
0.246936 0.357400
0.249778 0.360324
0.252675 0.363276
0.255534 0.366162
0.258141 0.368767
0.260671 0.371273
0.263756 0.374289
0.266875 0.377288
0.269829 0.380090
0.272328 0.382423
0.275197 0.385057
0.278250 0.387810
0.281488 0.390672
0.284545 0.393319
0.287322 0.395674
0.290329 0.398170
0.293779 0.400962
0.297144 0.403615
0.300372 0.406096
0.303690 0.408581
0.306967 0.410971
0.310702 0.413614
0.314478 0.416204
0.318103 0.418614
0.321779 0.420989
0.325734 0.423461
0.329916 0.425985
0.334231 0.428502
0.338322 0.430810
0.342528 0.433099
0.346904 0.435406
0.351563 0.437776
0.356322 0.440118
0.360702 0.442194
0.365573 0.444436
0.370814 0.446773
0.376283 0.449124
0.381829 0.451442
0.386764 0.453444
0.392067 0.455556
0.398461 0.458034
0.404963 0.460518
0.410672 0.462645
0.416358 0.464751
0.421848 0.466773
0.429113 0.469454
0.436472 0.472205
0.442613 0.474486
0.448737 0.476804
0.455241 0.479326
0.462669 0.482291
0.469918 0.485293
0.476580 0.488122
0.483377 0.491141
0.490439 0.494420
0.497774 0.497998
0.504921 0.501677
0.511977 0.505503
0.518869 0.509460
0.525702 0.513612
0.532228 0.517816
0.539024 0.522461
0.545898 0.527470
0.552586 0.532641
0.558827 0.537790
0.565289 0.543481
0.571545 0.549339
0.577322 0.555103
0.582872 0.561005
0.588590 0.567443
0.594075 0.574035
0.599126 0.580480
0.604161 0.587289
0.608642 0.593717
0.613504 0.601070
0.618172 0.608599
0.622535 0.616047
0.626626 0.623432
0.630209 0.630158
0.633779 0.637182
0.637430 0.644726
0.640820 0.652078
0.644087 0.659392
0.647505 0.667572
0.650298 0.674276
0.653396 0.682243
0.655749 0.688144
0.657926 0.693588
0.660492 0.700503
0.663245 0.708119
0.665974 0.715977
0.667983 0.721736
0.669673 0.726284
0.672203 0.733721
0.674784 0.741596
0.677155 0.748793
0.678778 0.753257
0.680369 0.757764
0.682575 0.764347
0.684948 0.771623
0.687287 0.778728
0.688767 0.782713
0.689840 0.785462
0.692007 0.791855
0.694606 0.799286
0.696305 0.803795
0.697217 0.806395
0.698166 0.809027
0.700675 0.815693
0.703930 0.823860
0.705355 0.827525
0.705985 0.829217
0.707472 0.832746
0.710460 0.839780
0.713589 0.846777
0.715017 0.850060
0.715243 0.850717
0.716714 0.853883
0.719969 0.860556
0.723553 0.867524
0.724472 0.869471
0.725095 0.870604
0.726732 0.873786
0.730220 0.880112
0.733818 0.886515
0.734139 0.886862
0.735003 0.888345
0.737286 0.892168
0.740678 0.897723
0.743223 0.901744
0.744213 0.903158
0.745143 0.904467
0.748031 0.908859
0.750917 0.913179
0.753217 0.916454
0.754554 0.918186
0.755854 0.919838
0.758466 0.923506
0.761152 0.927188
0.763062 0.929633
0.764543 0.931400
0.766249 0.933410
0.768761 0.936671
0.771229 0.939790
0.773257 0.942270
0.774318 0.943223
0.775751 0.944724
0.778326 0.947984
0.781969 0.952736
0.782875 0.953371
0.783292 0.953285
0.784724 0.954727
0.788425 0.959265
0.791816 0.963536
0.792360 0.963594
0.792676 0.963270
0.795009 0.965744
0.798410 0.970073
0.801429 0.973741
0.801573 0.972934
0.802184 0.972669
0.804776 0.975586
0.807655 0.979134
0.809873 0.981589
0.810266 0.981079
0.810592 0.980484
0.813192 0.983489
0.816184 0.987109
0.818106 0.988886
0.819017 0.989163
0.820399 0.989999
0.822800 0.992801
0.824868 0.995094
0.826554 0.996736
0.827569 0.997026
0.828829 0.997838
0.830791 1.000006
0.832943 1.002575
0.834220 1.003461
0.834241 1.002471
0.836315 1.004388
0.838487 1.007015
0.841230 1.011699
0.841626 1.010943
0.841707 1.009526
0.842453 1.009845
0.845584 1.014335
0.848580 1.018698
