0.147345 0.002518 0.168097
0.149230 -0.006195 0.198287
0.143273 0.022300 0.104190
0.109955 0.042198 0.059237
0.094811 0.041969 0.109404
0.116063 0.003747 0.198957
0.086015 0.053836 0.077985
0.139147 0.094428 0.052177
0.147844 0.079264 0.128357
0.072680 0.070941 0.132941
0.051939 0.039053 0.169257
0.047880 0.057073 0.119322
0.135019 0.106713 0.129379
0.208869 0.069819 0.218048
0.055523 0.074404 0.152420
0.054862 0.080754 0.101475
0.054220 0.059613 0.098644
0.055612 0.054552 0.090714
0.053980 0.006480 0.193754
0.778996 -0.602052 0.534746
0.050047 -0.058197 0.223477
0.057711 0.052226 0.123798
0.054669 0.064332 0.145805
0.064507 0.067746 0.064320
0.087194 0.071618 0.148586
0.239473 0.018511 0.329981
0.097682 0.092797 0.198966
0.058808 0.037364 0.120204
0.054552 0.029876 0.165933
0.093636 0.066048 0.108106
0.144024 0.099171 0.104944
0.113821 0.075676 0.044260
0.065263 0.006123 0.014906
0.132987 -0.031059 0.115426
