0.273757
0.319462
-0.458289
-0.232375
0.660315
1.667573
-0.345978
0.778856
-0.018637
0.133613
-0.655603
5.732084
-0.132298
-0.257200
0.606347
0.153607
-0.081303
-0.214396
0.407630
0.220160
-0.071723
-0.197369
-1.243728
-0.913748
0.213670
0.075847
-0.213565
-0.474875
-0.050513
-0.987914
-0.062103
-0.251892
-1.684425
0.769507
0.733750
0.424638
-0.132091
1.432252
-0.197549
0.527657
-0.160290
-0.814076
-0.975371
-0.259852
1.548813
1.128045
-1.348892
0.143101
-2.414883
0.886381
0.573129
0.567852
-0.025804
-0.390304
-0.179718
-0.422259
-0.299153
-0.182726
0.417968
0.964517
-0.490552
-0.079171
-1.109965
5.022220
0.912982
-0.671131
-0.104839
0.139539
-0.356985
0.521518
0.355856
0.098726
-0.841547
-0.580547
-0.087062
-2.226871
0.577328
-0.189055
0.037139
-0.924955
5.846428
2.141338
1.049221
0.100122
-2.351914
-0.031888
-0.774696
0.304000
-0.131398
-0.196945
0.303852
0.102415
0.474017
-0.051163
-0.781869
-0.454310
0.889794
0.643500
0.200292
-0.179896
-0.643500
-0.037837
-1.189125
-0.074072
-0.527499
-0.047713
-1.496473
0.475094
-1.375066
0.202633
-1.417518
-0.866622
-0.115804
1.003095
-0.866449
-0.204714
0.362147
1.573162
-0.027087
-0.931362
0.483497
0.989824
0.632410
0.089714
-0.830197
-0.955150
0.019435
-0.234399
0.523487
0.351454
0.990644
-0.486255
-1.190440
0.841499
0.869419
0.361260
-0.199010
-0.004217
-0.449166
0.399222
0.001104
-1.365218
-0.928960
0.732097
0.201134
-1.011371
-1.506900
0.294308
-1.723952
0.144056
0.397500
0.021274
0.743936
0.356910
0.408823
-0.201448
-0.784021
-0.236815
-1.261146
0.382768
0.042019
0.319960
-1.040185
0.869585
0.435580
0.416480
0.589821
-0.026285
-0.018257
0.438962
0.766842
0.443464
-0.970360
-0.765984
0.299642
1.705817
-0.213308
0.169099
0.499120
-0.969906
-0.144630
0.789381
0.510002
0.326486
0.700075
0.171795
-0.195349
0.010294
0.944943
-0.995771
-0.017660
-0.167718
0.075782
-0.779260
-0.578420
0.039643
-0.967958
0.074667
0.172235
0.390974
