0.826668 1.022369
0.826668 1.022369
0.826668 1.022369
0.826668 1.022369
0.826668 1.022369
0.826668 1.022369
0.826668 1.022369
0.826668 1.022369
0.826668 1.022369
0.826668 1.022369
0.475201 0.726380
0.486977 0.737030
0.498613 0.746673
0.510898 0.756082
0.523648 0.765166
0.535359 0.773025
0.547166 0.780611
0.558839 0.787907
0.570501 0.795163
0.580643 0.801419
0.598835 0.621202
0.605664 0.631992
0.611782 0.642193
0.617522 0.652327
0.622884 0.662237
0.628689 0.673503
0.633748 0.683735
0.639007 0.694928
0.643089 0.703427
0.647323 0.712716
0.560946 0.642632
0.564176 0.646854
0.567178 0.650809
0.570115 0.654735
0.573165 0.658873
0.576228 0.663063
0.579166 0.667140
0.581973 0.671042
0.584718 0.674905
0.587457 0.678771
0.769523 0.983806
0.773463 0.988351
0.775794 0.990423
0.775791 0.989479
0.780422 0.995082
0.780315 0.993693
0.783310 0.996855
0.786074 0.999688
0.785568 0.997909
0.790524 1.003842
0.706359 0.968568
0.711632 0.972138
0.710982 0.971593
0.708092 0.969382
0.711041 0.971355
0.715178 0.974357
0.718046 0.976373
0.717082 0.975288
0.716843 0.974818
0.722161 0.978883
0.658347 0.765661
0.662572 0.774206
0.665628 0.780088
0.669307 0.787503
0.673374 0.795856
0.675985 0.800900
0.679454 0.807915
0.683115 0.815161
0.685174 0.819234
0.688732 0.826267
0.762860 0.981670
0.766672 0.985905
0.768910 0.987920
0.769004 0.987081
0.775048 0.994199
0.772609 0.989922
0.777197 0.995393
0.778378 0.995820
0.780306 0.997433
0.784042 1.001571
0.488533 0.630168
0.491778 0.633934
0.495023 0.637705
0.498288 0.641503
0.501525 0.645264
0.504827 0.649105
0.508100 0.652905
0.511383 0.656708
0.514669 0.660506
0.517923 0.664248
0.439427 0.622493
0.444807 0.629568
0.450171 0.636544
0.455835 0.643843
0.461506 0.651017
0.467282 0.658183
0.473149 0.665294
0.479196 0.672433
0.485334 0.679492
0.491528 0.686396
0.216226 0.322130
0.216226 0.322130
0.216226 0.322130
0.216226 0.322130
0.216226 0.322130
0.216226 0.322130
0.216226 0.322130
0.216226 0.322130
0.216226 0.322130
0.216226 0.322130
0.166058 0.610626
0.166058 0.610626
0.166058 0.610626
0.166058 0.610626
0.166058 0.610626
0.166058 0.610626
0.166058 0.610626
0.166058 0.610626
0.166058 0.610626
0.166058 0.610626
0.520698 0.628028
0.524680 0.632647
0.528559 0.637196
0.532449 0.641806
0.536225 0.646314
0.540092 0.650973
0.543898 0.655591
0.547611 0.660126
0.551318 0.664673
0.555084 0.669332
0.562912 0.636760
0.566730 0.641775
0.570505 0.646818
0.574247 0.651916
0.577954 0.657065
0.581713 0.662373
0.585219 0.667367
0.588605 0.672266
0.591847 0.676973
0.595118 0.681825
0.787108 0.999160
0.789710 1.001107
0.790965 1.001156
0.794525 1.004640
0.798289 1.008481
0.800650 1.009929
0.803468 1.012238
0.807222 1.016054
0.810345 1.018943
0.811538 1.018055
0.338463 0.498909
0.346895 0.509059
0.355541 0.519563
0.364436 0.530483
0.373564 0.541844
0.382891 0.553685
0.392493 0.566116
0.402382 0.579186
0.412516 0.592818
0.423011 0.607091
0.487537 0.607946
0.492696 0.613631
0.497867 0.619407
0.503055 0.625276
0.508190 0.631147
0.513274 0.637015
0.518448 0.643034
0.523572 0.649032
0.528638 0.654990
0.533716 0.660976
0.214332 0.343259
0.223103 0.352051
0.231995 0.361047
0.240903 0.370099
0.249886 0.379226
0.258914 0.388343
0.268258 0.397668
0.277920 0.407138
0.287901 0.416671
0.298185 0.426186
0.772221 0.978483
0.776627 0.983634
0.776785 0.982734
0.781108 0.987713
0.781308 0.986897
0.784869 0.990959
0.785745 0.990932
0.789476 0.995147
0.790098 0.994851
0.793710 0.998889
0.564654 0.773190
0.583649 0.786889
0.601034 0.799710
0.617309 0.812403
0.632423 0.825120
0.646100 0.837538
0.658959 0.850106
0.670720 0.862270
0.680856 0.873299
0.690279 0.883872
0.701901 0.876244
0.708335 0.885252
0.714563 0.893807
0.720645 0.901976
0.726527 0.909698
0.732158 0.916878
0.737731 0.923801
0.743229 0.930434
0.748521 0.936632
0.753957 0.942855
0.528190 0.614756
0.533954 0.621379
0.539578 0.628011
0.545127 0.634705
0.550636 0.641510
0.555939 0.648177
0.561302 0.655051
0.566680 0.662070
0.571876 0.668950
0.576928 0.675731
0.748974 0.864268
0.753683 0.874919
0.760267 0.888293
0.766476 0.899673
0.769807 0.904725
0.773063 0.909466
0.779596 0.919393
0.785900 0.928199
0.791051 0.934824
0.793869 0.937894
0.222829 0.315427
0.222829 0.315427
0.222829 0.315427
0.222829 0.315427
0.222829 0.315427
0.222829 0.315427
0.222829 0.315427
0.222829 0.315427
0.222829 0.315427
0.222829 0.315427
0.791927 0.991078
0.794397 0.993318
0.796106 0.994441
0.798883 0.997172
0.801455 0.999662
0.803242 1.000853
0.805534 1.002868
0.808016 1.005238
0.810192 1.007066
0.812280 1.008748
0.447507 0.613424
0.453257 0.620546
0.459019 0.627676
0.464959 0.634992
0.470928 0.642289
0.476962 0.649585
0.483115 0.656921
0.489358 0.664238
0.495660 0.671482
0.501988 0.678596
0.531092 0.612737
0.534900 0.617092
0.538648 0.621463
0.542416 0.625942
0.546155 0.630459
0.549750 0.634874
0.553387 0.639413
0.557002 0.643994
0.560522 0.648513
0.563974 0.652996
0.650002 0.713965
0.655368 0.726095
0.661803 0.741865
0.666746 0.753486
0.671813 0.765898
0.677039 0.778737
0.681309 0.788837
0.686592 0.801767
0.690501 0.810737
0.694219 0.819466
0.274949 0.413098
0.282806 0.421133
0.290871 0.429319
0.299116 0.437598
0.307637 0.446045
0.316425 0.454614
0.325512 0.463313
0.334915 0.472138
0.344696 0.481138
0.354860 0.490316
0.224818 0.313629
0.224818 0.313629
0.224818 0.313629
0.224818 0.313629
0.224818 0.313629
0.224818 0.313629
0.224818 0.313629
0.224818 0.313629
0.224818 0.313629
0.224818 0.313629
0.610974 0.756552
0.614059 0.760159
0.617090 0.763730
0.620058 0.767257
0.622873 0.770598
0.625686 0.773975
0.628585 0.777507
0.631391 0.780948
0.634240 0.784496
0.636961 0.787903
0.712374 0.877515
0.715914 0.882960
0.719838 0.888906
0.723169 0.893882
0.725670 0.897477
0.728793 0.901941
0.732623 0.907311
0.735776 0.911617
0.738393 0.915082
0.741484 0.919137
0.245348 0.299512
0.245348 0.299512
0.245348 0.299512
0.245348 0.299512
0.245348 0.299512
0.245348 0.299512
0.245348 0.299512
0.245348 0.299512
0.245348 0.299512
0.245348 0.299512
0.210519 0.389165
0.221450 0.399602
0.232005 0.410517
0.242146 0.422007
0.251963 0.434397
0.261497 0.447943
0.270687 0.462800
0.279318 0.478716
0.287684 0.496331
0.296047 0.516416
0.759551 0.978382
0.764334 0.983452
0.763922 0.981930
0.765128 0.982208
0.770673 0.988594
0.771938 0.989220
0.771896 0.987817
0.776401 0.992937
0.780615 0.997422
0.780584 0.996068
0.502321 0.772859
0.514041 0.780306
0.525250 0.786976
0.535760 0.792890
0.546487 0.798723
0.557741 0.804814
0.567656 0.810013
0.577854 0.815516
0.587016 0.820467
0.596078 0.825538
0.519652 0.626893
0.524683 0.632721
0.529632 0.638536
0.534541 0.644368
0.539422 0.650235
0.544279 0.656126
0.549103 0.662030
0.553850 0.667876
0.558542 0.673690
0.563244 0.679546
0.244892 0.472274
0.247822 0.479528
0.250602 0.487267
0.252690 0.493763
0.254896 0.501315
0.257142 0.509828
0.259498 0.519991
0.261809 0.531160
0.263755 0.541505
0.265529 0.551838
0.691224 0.848551
0.696091 0.856352
0.700862 0.863953
0.705048 0.870493
0.708789 0.876275
0.712521 0.881947
0.716504 0.887857
0.721071 0.894469
0.725521 0.900772
0.729610 0.906422
0.775381 0.986096
0.778669 0.989071
0.780851 0.990810
0.784036 0.993677
0.786793 0.996046
0.789612 0.998484
0.792382 1.000928
0.794610 1.002617
0.797068 1.004653
0.799618 1.006718
0.528785 0.627862
0.534466 0.634557
0.540047 0.641247
0.545641 0.648069
0.551008 0.654705
0.556547 0.661641
0.561984 0.668549
0.567279 0.675323
0.572422 0.681954
0.577472 0.688514
0.220220 0.317934
0.220220 0.317934
0.220220 0.317934
0.220220 0.317934
0.220220 0.317934
0.220220 0.317934
0.220220 0.317934
0.220220 0.317934
0.220220 0.317934
0.220220 0.317934
0.458424 0.440281
0.471069 0.443501
0.484636 0.447270
0.498905 0.451672
0.513577 0.456800
0.527970 0.462536
0.542192 0.469018
0.555170 0.475778
0.568453 0.483599
0.581537 0.492418
0.677692 0.817654
0.685168 0.830940
0.690856 0.841086
0.699221 0.855279
0.704570 0.864324
0.711895 0.876068
0.718012 0.885601
0.724231 0.894869
0.731095 0.904719
0.736507 0.912097
0.729065 0.980408
0.726588 0.977804
0.729344 0.979967
0.734336 0.984241
0.732565 0.982054
0.735416 0.984368
0.742486 0.990626
0.737271 0.984768
0.741119 0.988175
0.748349 0.995127
0.753438 0.986383
0.754478 0.986881
0.753818 0.985035
0.755408 0.985567
0.761707 0.992616
0.764022 0.994648
0.763866 0.993000
0.765084 0.993438
0.770329 0.999362
0.775253 1.004519
0.235057 0.305690
0.235057 0.305690
0.235057 0.305690
0.235057 0.305690
0.235057 0.305690
0.235057 0.305690
0.235057 0.305690
0.235057 0.305690
0.235057 0.305690
0.235057 0.305690
0.785989 0.983017
0.790208 0.987304
0.793304 0.989847
0.797038 0.993388
0.800383 0.996356
0.803504 0.999001
0.806934 1.002153
0.810008 1.004707
0.813450 1.007936
0.816392 1.010320
0.285383 0.310364
0.289567 0.315350
0.291716 0.317779
0.293728 0.319951
0.296787 0.322968
0.296954 0.323187
0.298395 0.324472
0.300313 0.325950
0.300352 0.326010
0.302225 0.327200
0.773769 0.996226
0.773481 0.994574
0.774527 0.994602
0.779682 1.000424
0.784033 1.005116
0.783997 1.003770
0.784557 1.003286
0.788130 1.007235
0.790980 1.010106
0.792383 1.010518
0.768847 0.981843
0.773005 0.985480
0.777603 0.989647
0.781311 0.992811
0.786094 0.997165
0.790424 1.000993
0.793792 1.003712
0.797250 1.006437
0.801369 1.010051
0.805625 1.013907
0.307361 0.509017
0.311368 0.517247
0.315429 0.525863
0.319482 0.534726
0.323487 0.543792
0.327355 0.552822
0.331407 0.562488
0.335591 0.572682
0.339649 0.582733
0.343927 0.593423
0.435382 0.569391
0.442799 0.577054
0.450292 0.584969
0.457834 0.593106
0.465447 0.601485
0.473074 0.610024
0.480806 0.618814
0.488539 0.627698
0.496348 0.636743
0.504135 0.645784
0.590870 0.631147
0.594704 0.636925
0.598641 0.643051
0.602282 0.648899
0.605573 0.654265
0.608746 0.659539
0.611833 0.664811
0.615125 0.670555
0.618587 0.676781
0.621924 0.682914
0.581247 0.687267
0.588417 0.696926
0.595488 0.706517
0.602299 0.715876
0.609097 0.725359
0.615329 0.734014
0.621558 0.742877
0.627362 0.751141
0.633008 0.759324
0.638571 0.767520
0.602666 0.638891
0.609564 0.650332
0.615788 0.661136
0.622444 0.673360
0.628835 0.685679
0.634471 0.696853
0.639605 0.707186
0.645060 0.718766
0.649990 0.729241
0.654991 0.740235
0.581770 0.648275
0.584913 0.652820
0.587957 0.657283
0.590871 0.661606
0.593661 0.665811
0.596437 0.670024
0.599388 0.674631
0.602012 0.678696
0.604586 0.682747
0.607447 0.687352
0.509523 0.599087
0.515464 0.605426
0.521388 0.611923
0.527186 0.618462
0.532957 0.625135
0.538663 0.631888
0.544225 0.638619
0.549772 0.645454
0.555173 0.652234
0.560653 0.659220
0.684745 0.891923
0.685853 0.893135
0.690725 0.897944
0.695683 0.902898
0.696631 0.903904
0.701917 0.909341
0.705896 0.913416
0.706858 0.914384
0.712452 0.920273
0.715256 0.923178
0.303436 0.590696
0.304865 0.596645
0.306332 0.602729
0.308104 0.610000
0.310043 0.618064
0.312000 0.625862
0.313734 0.632483
0.315549 0.639216
0.317715 0.647049
0.320092 0.655272
0.374775 0.458012
0.381476 0.461215
0.387659 0.464078
0.394766 0.467309
0.401687 0.470383
0.408645 0.473434
0.415856 0.476568
0.422874 0.479591
0.430972 0.483128
0.437998 0.486186
0.710903 0.888271
0.713593 0.891984
0.716619 0.896105
0.719382 0.899832
0.722249 0.903648
0.725008 0.907280
0.727723 0.910803
0.730505 0.914377
0.733099 0.917653
0.735902 0.921164
0.228178 0.310793
0.228178 0.310793
0.228178 0.310793
0.228178 0.310793
0.228178 0.310793
0.228178 0.310793
0.228178 0.310793
0.228178 0.310793
0.228178 0.310793
0.228178 0.310793
0.169260 0.576595
0.169260 0.576595
0.169260 0.576595
0.169260 0.576595
0.169260 0.576595
0.169260 0.576595
0.169260 0.576595
0.169260 0.576595
0.169260 0.576595
0.169260 0.576595
0.478015 0.837622
0.493371 0.844136
0.508227 0.849664
0.522994 0.854639
0.541738 0.860678
0.554276 0.864297
0.569627 0.868842
0.580868 0.872183
0.593055 0.876063
0.605154 0.880239
0.631753 0.611494
0.634917 0.617418
0.637806 0.623075
0.640517 0.628576
0.643081 0.633950
0.645845 0.640036
0.648826 0.646974
0.651702 0.653998
0.654443 0.660997
0.656542 0.666326
0.597711 0.730374
0.600736 0.734136
0.603496 0.737502
0.606112 0.740694
0.608902 0.744165
0.611722 0.747677
0.614656 0.751414
0.617108 0.754432
0.619667 0.757662
0.622234 0.760913
0.293003 0.444318
0.298360 0.450440
0.303687 0.456566
0.309138 0.462862
0.314631 0.469234
0.320228 0.475739
0.325970 0.482446
0.331848 0.489325
0.337761 0.496264
0.343824 0.503393
0.616442 0.683799
0.628193 0.705054
0.638251 0.723763
0.647419 0.741306
0.657068 0.760629
0.665708 0.778174
0.674047 0.795251
0.681070 0.809371
0.687511 0.822333
0.694551 0.836250
0.274298 0.448422
0.281305 0.458588
0.288025 0.468948
0.294934 0.480202
0.301772 0.492022
0.308570 0.504465
0.315299 0.517442
0.322258 0.531573
0.328911 0.545718
0.335469 0.560184
0.789721 0.992907
0.792955 0.996476
0.794422 0.997475
0.796260 0.999086
0.798586 1.001401
0.799524 1.001526
0.802087 1.004345
0.803492 1.005135
0.805735 1.007383
0.807584 1.008961
0.446804 0.620205
0.450631 0.625057
0.454457 0.629881
0.458393 0.634840
0.462348 0.639780
0.466309 0.644688
0.470308 0.649596
0.474369 0.654526
0.478498 0.659477
0.482673 0.664414
0.220931 0.317233
0.220931 0.317233
0.227797 0.324796
0.234547 0.332184
0.242126 0.340417
0.249461 0.348231
0.256387 0.355418
0.264419 0.363443
0.271674 0.370349
0.279441 0.377315
0.655011 0.692429
0.661670 0.710054
0.667965 0.727679
0.673808 0.744422
0.679197 0.759879
0.684212 0.774074
0.689170 0.788086
0.693753 0.800584
0.697703 0.810995
0.702149 0.822580
0.302427 0.438377
0.313612 0.449067
0.325319 0.459950
0.337549 0.470971
0.350486 0.482272
0.364111 0.493851
0.378597 0.505924
0.393703 0.518431
0.409583 0.531724
0.426049 0.545921
0.263357 0.291868
0.265287 0.294500
0.270303 0.301227
0.273887 0.305876
0.278645 0.311876
0.283463 0.317626
0.286073 0.320579
0.288939 0.323663
0.292500 0.327197
0.295139 0.329581
0.789524 1.000605
0.792101 1.002633
0.793616 1.003261
0.795879 1.004862
0.798515 1.006890
0.801723 1.009981
0.805268 1.013581
0.808469 1.016667
0.810927 1.018591
0.812647 1.018911
0.838138 1.020467
0.838138 1.020467
0.838138 1.020467
0.838138 1.020467
0.838138 1.020467
0.838138 1.020467
0.838138 1.020467
0.838138 1.020467
0.838138 1.020467
0.838138 1.020467
0.460271 0.616037
0.464772 0.621405
0.469387 0.626930
0.474010 0.632455
0.478621 0.637948
0.483327 0.643543
0.488048 0.649120
0.492776 0.654661
0.497591 0.660263
0.502417 0.665815
0.223127 0.315152
0.223127 0.315152
0.223127 0.315152
0.223127 0.315152
0.223127 0.315152
0.223127 0.315152
0.223127 0.315152
0.223127 0.315152
0.223127 0.315152
0.223127 0.315152
0.165458 0.615912
0.165458 0.615912
0.165458 0.615912
0.165458 0.615912
0.165458 0.615912
0.165458 0.615912
0.165458 0.615912
0.165458 0.615912
0.165458 0.615912
0.165458 0.615912
0.636776 0.962892
0.652904 0.965444
0.657761 0.966433
0.657242 0.966283
0.665440 0.968109
0.681320 0.972637
0.679335 0.972124
0.674882 0.970908
0.686942 0.974971
0.698826 0.980129
0.750695 0.980265
0.756184 0.985204
0.764219 0.993336
0.762585 0.989813
0.765656 0.991844
0.772467 0.999318
0.776511 1.002610
0.776784 1.001013
0.782794 1.007382
0.786267 1.010571
0.784548 0.980464
0.789721 0.985462
0.794264 0.989444
0.798894 0.993585
0.803653 0.997987
0.808018 1.001753
0.812293 1.005417
0.816800 1.009540
0.821063 1.013306
0.824892 1.016281
0.300787 0.328799
0.303502 0.330351
0.307324 0.332100
0.313473 0.334276
0.321233 0.336340
0.332165 0.338441
0.345161 0.340119
0.363496 0.341579
0.383983 0.342612
0.408430 0.343657
0.497861 0.636374
0.501323 0.640391
0.504764 0.644383
0.508280 0.648471
0.511747 0.652498
0.515230 0.656538
0.518713 0.660574
0.522182 0.664579
0.525662 0.668588
0.529148 0.672591
0.219209 0.318952
0.219209 0.318952
0.219209 0.318952
0.219209 0.318952
0.219209 0.318952
0.219209 0.318952
0.219209 0.318952
0.219209 0.318952
0.219209 0.318952
0.219209 0.318952
0.822001 1.020487
0.822595 1.019971
0.825042 1.022656
0.826444 1.023903
0.825928 1.022488
0.825928 1.022488
0.825928 1.022488
0.825928 1.022488
0.825928 1.022488
0.825928 1.022488
0.611464 0.740950
0.617914 0.749405
0.624054 0.757509
0.630149 0.765755
0.635904 0.773608
0.641348 0.781128
0.646585 0.788498
0.651623 0.795687
0.656559 0.802867
0.661467 0.810113
0.652380 0.785329
0.657434 0.793362
0.662486 0.801521
0.667115 0.809017
0.671674 0.816487
0.676066 0.823659
0.680254 0.830572
0.684599 0.837721
0.688721 0.844517
0.692996 0.851432
0.393849 0.611743
0.396934 0.616941
0.400099 0.622238
0.403278 0.627508
0.406550 0.632875
0.409942 0.638362
0.413395 0.643830
0.416985 0.649455
0.420545 0.654895
0.424182 0.660300
0.524715 0.710924
0.532947 0.718898
0.541329 0.726789
0.549671 0.734436
0.557814 0.741741
0.565762 0.748745
0.573606 0.755595
0.581358 0.762342
0.589168 0.769188
0.596422 0.775555
0.800806 1.006186
0.802413 1.007580
0.804286 1.009431
0.806370 1.011638
0.807808 1.012713
0.808834 1.013171
0.810555 1.014715
0.812511 1.016858
0.814458 1.018878
0.815097 1.018472
0.793828 0.984251
0.795835 0.986029
0.798102 0.988194
0.800040 0.989861
0.802315 0.992038
0.804120 0.993518
0.806413 0.995723
0.808320 0.997323
0.810502 0.999381
0.812405 1.000992
0.219392 0.318766
0.219392 0.318766
0.219392 0.318766
0.219392 0.318766
0.219392 0.318766
0.219392 0.318766
0.219392 0.318766
0.219392 0.318766
0.219392 0.318766
0.219392 0.318766
0.562032 0.575160
0.569546 0.583499
0.576628 0.591930
0.583381 0.600528
0.589957 0.609458
0.596072 0.618281
0.602270 0.627806
0.608185 0.637442
0.613400 0.646331
0.618571 0.655587
0.761435 0.983413
0.765406 0.987493
0.770352 0.993085
0.772260 0.994374
0.772191 0.992962
0.775437 0.996078
0.780528 1.001796
0.782866 1.003713
0.782875 1.002421
0.785063 1.004219
0.750855 0.967924
0.754732 0.970969
0.758534 0.974096
0.765281 0.980628
0.771217 0.986539
0.774235 0.988464
0.777287 0.990269
0.782619 0.995283
0.788926 1.001721
0.792819 1.005034
0.328114 0.492067
0.341304 0.508929
0.355025 0.526839
0.369364 0.546045
0.384233 0.566629
0.399755 0.588813
0.416253 0.612763
0.434005 0.638162
0.453170 0.663867
0.474227 0.689213
0.543218 0.638355
0.546412 0.642269
0.549536 0.646134
0.552607 0.649965
0.555750 0.653935
0.558715 0.657698
0.561788 0.661648
0.564888 0.665658
0.567877 0.669550
0.570871 0.673479
0.215929 0.322461
0.215929 0.322461
0.215929 0.322461
0.215929 0.322461
0.215929 0.322461
0.215929 0.322461
0.215929 0.322461
0.215929 0.322461
0.215929 0.322461
0.215929 0.322461
0.480283 0.614188
0.485766 0.620408
0.491260 0.626693
0.496800 0.633077
0.502321 0.639469
0.507865 0.645904
0.513400 0.652337
0.518951 0.658780
0.524479 0.665180
0.530022 0.671572
0.230414 0.309037
0.230414 0.309037
0.230414 0.309037
0.230414 0.309037
0.230414 0.309037
0.234875 0.314240
0.239647 0.319763
0.245282 0.326235
0.249410 0.330877
0.254735 0.336775
0.513984 0.640355
0.518722 0.645878
0.523482 0.651447
0.528191 0.656972
0.532909 0.662518
0.537549 0.667973
0.542254 0.673519
0.546879 0.678954
0.551551 0.684452
0.556191 0.689902
0.240727 0.354534
0.247614 0.361634
0.254582 0.368704
0.261545 0.375617
0.268738 0.382561
0.276316 0.389616
0.283824 0.396321
0.291699 0.403021
0.300072 0.409759
0.308663 0.416267
0.482751 0.613684
0.489462 0.621268
0.496204 0.628974
0.502933 0.636733
0.509681 0.644558
0.516415 0.652390
0.523108 0.660173
0.529859 0.668014
0.536582 0.675789
0.543190 0.683388
0.239496 0.302832
0.239496 0.302832
0.239496 0.302832
0.239496 0.302832
0.239496 0.302832
0.239496 0.302832
0.239496 0.302832
0.239496 0.302832
0.239496 0.302832
0.239496 0.302832
0.780536 0.989116
0.782103 0.990459
0.782767 0.990351
0.784685 0.992091
0.787922 0.995751
0.789732 0.997364
0.790145 0.996974
0.791905 0.998525
0.794685 1.001676
0.796114 1.002803
0.235834 0.305167
0.235834 0.305167
0.235834 0.305167
0.235834 0.305167
0.235834 0.305167
0.235834 0.305167
0.235834 0.305167
0.235834 0.305167
0.235834 0.305167
0.235834 0.305167
0.356348 0.529001
0.363195 0.538178
0.369911 0.547301
0.376671 0.556615
0.383864 0.566698
0.391157 0.577078
0.398410 0.587551
0.405927 0.598487
0.413749 0.609913
0.421768 0.621560
0.268787 0.340687
0.273378 0.345318
0.277645 0.349400
0.281823 0.353180
0.285279 0.356128
0.289084 0.359177
0.293272 0.362313
0.297860 0.365474
0.302603 0.368452
0.307045 0.371011
0.346108 0.417439
0.353306 0.420353
0.361035 0.423249
0.369532 0.426192
0.378246 0.429003
0.387494 0.431793
0.396520 0.434355
0.406605 0.437090
0.416790 0.439761
0.426739 0.442323
0.519544 0.632349
0.524259 0.637844
0.528968 0.643389
0.533570 0.648853
0.538241 0.654448
0.542812 0.659947
0.547412 0.665525
0.551942 0.671041
0.556432 0.676528
0.560932 0.682040
0.623830 0.894095
0.628617 0.895928
0.637980 0.900064
0.639951 0.900891
0.645283 0.903387
0.654601 0.907833
0.653697 0.907514
0.657049 0.909229
0.666712 0.914558
0.665453 0.913981
0.221581 0.316604
0.221581 0.316604
0.221581 0.316604
0.221581 0.316604
0.221581 0.316604
0.221581 0.316604
0.221581 0.316604
0.221581 0.316604
0.221581 0.316604
0.221581 0.316604
0.484986 0.568890
0.494430 0.577535
0.503798 0.586566
0.513046 0.595948
0.522189 0.605693
0.531062 0.615605
0.539853 0.625856
0.548378 0.636193
0.556659 0.646575
0.564888 0.657223
0.802135 1.004465
0.804772 1.006547
0.807493 1.008715
0.810714 1.011840
0.814600 1.015800
0.816671 1.017323
0.818738 1.018281
0.820840 1.019465
0.824135 1.023060
0.824509 1.022715
0.236808 0.467142
0.239862 0.474147
0.243143 0.482832
0.246134 0.492170
0.249105 0.503012
0.251791 0.514544
0.254583 0.528714
0.257121 0.543742
0.259430 0.559557
0.261748 0.576759
0.353192 0.491632
0.361128 0.498961
0.369349 0.506498
0.377746 0.514172
0.386406 0.522101
0.395311 0.530307
0.404396 0.538788
0.413740 0.547667
0.423235 0.556893
0.432902 0.566538
0.247369 0.341579
0.253571 0.348162
0.259339 0.354121
0.265114 0.359887
0.271038 0.365562
0.277798 0.371695
0.283965 0.376955
0.290512 0.382187
0.296888 0.386921
0.304495 0.392122
0.357669 0.599503
0.361167 0.607231
0.364629 0.614881
0.368422 0.623143
0.371973 0.630717
0.375988 0.639128
0.380044 0.647320
0.384293 0.655691
0.388857 0.664272
0.393686 0.672910
0.244131 0.437549
0.248034 0.443100
0.251537 0.448443
0.255524 0.454965
0.259546 0.462066
0.263075 0.468846
0.266515 0.475951
0.270102 0.483991
0.273632 0.492621
0.276633 0.500543
0.801785 1.012300
0.804682 1.014829
0.807072 1.016690
0.809614 1.018811
0.811327 1.019108
0.813910 1.020967
0.815956 1.022368
0.817967 1.023739
0.817967 1.023739
0.817967 1.023739
0.482456 0.661008
0.493511 0.673803
0.504828 0.686361
0.516341 0.698567
0.527972 0.710356
0.539600 0.721656
0.551217 0.732538
0.562509 0.742819
0.573585 0.752720
0.584416 0.762345
0.284972 0.382530
0.291085 0.387431
0.298348 0.392861
0.305932 0.398109
0.312916 0.402577
0.321202 0.407443
0.330383 0.412349
0.339583 0.416804
0.349358 0.421092
0.360372 0.425461
0.656998 0.584551
0.660817 0.592153
0.664332 0.599655
0.667719 0.607405
0.670655 0.614496
0.673874 0.622902
0.676994 0.631748
0.679574 0.639397
0.682263 0.648118
0.684298 0.654994
0.483306 0.637306
0.487707 0.642490
0.492132 0.647685
0.496554 0.652846
0.501052 0.658073
0.505545 0.663251
0.510051 0.668401
0.514585 0.673533
0.519125 0.678620
0.523665 0.683648
0.673592 0.814309
0.686158 0.835820
0.698161 0.856111
0.709753 0.874792
0.720998 0.891851
0.731998 0.907432
0.743237 0.922306
0.753772 0.935315
0.764325 0.947567
0.774426 0.958661
0.784517 0.993774
0.788180 0.997030
0.791954 1.000467
0.794682 1.002539
0.798009 1.005511
0.801168 1.008075
0.804818 1.011456
0.807789 1.013741
0.811677 1.017667
0.813525 1.017711
0.480796 0.739939
0.484699 0.743246
0.488949 0.746748
0.493280 0.750200
0.497016 0.753080
0.501246 0.756260
0.505709 0.759543
0.510009 0.762606
0.514554 0.765773
0.518837 0.768664
0.296807 0.571243
0.298334 0.577813
0.300043 0.585224
0.301626 0.591972
0.303025 0.597992
0.304421 0.603954
0.305897 0.610059
0.307772 0.618122
0.309679 0.625964
0.311615 0.633638
0.387422 0.464391
0.397049 0.468775
0.406702 0.473048
0.416563 0.477362
0.427516 0.482135
0.438515 0.486980
0.449709 0.492022
0.461032 0.497328
0.472663 0.503051
0.484126 0.509053
0.230451 0.309008
0.230451 0.309008
0.230451 0.309008
0.230451 0.309008
0.230451 0.309008
0.230451 0.309008
0.230451 0.309008
0.230451 0.309008
0.230451 0.309008
0.230451 0.309008
0.747836 0.972233
0.755222 0.978853
0.760447 0.983278
0.765994 0.987745
0.770475 0.991265
0.775683 0.995496
0.781596 1.000517
0.786564 1.004500
0.791425 1.008439
0.796531 1.012503
0.723810 0.951723
0.727269 0.954754
0.730033 0.957058
0.733181 0.959813
0.735559 0.961702
0.739101 0.964908
0.742041 0.967388
0.745808 0.970868
0.749282 0.973899
0.752690 0.976871
0.391196 0.626340
0.398654 0.639515
0.406710 0.653112
0.415356 0.666907
0.424514 0.680434
0.434218 0.693579
0.444699 0.706464
0.455956 0.718966
0.467830 0.730813
0.480321 0.742020
0.607637 0.717925
0.612153 0.724348
0.616892 0.731200
0.621297 0.737596
0.625706 0.744078
0.630161 0.750736
0.633981 0.756406
0.638696 0.763714
0.642187 0.768931
0.646427 0.775598
0.767226 0.959889
0.770430 0.963165
0.773598 0.966355
0.776685 0.969406
0.779827 0.972495
0.782842 0.975395
0.785917 0.978343
0.788900 0.981155
0.791812 0.983857
0.794775 0.986608
0.211315 0.327981
0.211315 0.327981
0.211315 0.327981
0.220875 0.337833
0.233536 0.350961
0.246146 0.363949
0.259538 0.377428
0.272889 0.390312
0.287308 0.403371
0.302550 0.416060
0.471584 0.744015
0.480015 0.751050
0.488908 0.757962
0.497741 0.764371
0.507297 0.770926
0.516688 0.776986
0.525795 0.782570
0.534626 0.787761
0.543176 0.792621
0.552663 0.797975
0.511802 0.664064
0.522384 0.676090
0.532967 0.687881
0.543531 0.699417
0.554035 0.710663
0.564355 0.721506
0.574430 0.731944
0.584313 0.742126
0.593855 0.751951
0.603052 0.761494
0.235541 0.305363
0.235541 0.305363
0.235541 0.305363
0.235541 0.305363
0.235541 0.305363
0.235541 0.305363
0.235541 0.305363
0.235541 0.305363
0.235541 0.305363
0.235541 0.305363
0.702879 0.745845
0.705538 0.758937
0.707763 0.769435
0.709244 0.775774
0.711092 0.783623
0.713394 0.793574
0.716446 0.805834
0.720183 0.819123
0.721908 0.825113
0.722687 0.828128
0.713770 0.936830
0.719629 0.942358
0.720719 0.943266
0.723488 0.945759
0.727263 0.949397
0.728774 0.950588
0.732529 0.954145
0.735835 0.957249
0.736414 0.957381
0.740688 0.961681
0.702152 0.896202
0.713429 0.909366
0.723948 0.921478
0.734884 0.933796
0.745351 0.945229
0.754510 0.954755
0.763400 0.963549
0.772981 0.973105
0.781485 0.981099
0.789389 0.988049
0.225455 0.313072
0.225455 0.313072
0.225455 0.313072
0.225455 0.313072
0.225455 0.313072
0.225455 0.313072
0.225455 0.313072
0.225455 0.313072
0.225455 0.313072
0.225455 0.313072
0.265221 0.332590
0.268389 0.336005
0.270595 0.338327
0.274330 0.342120
0.277378 0.345093
0.279174 0.346795
0.283182 0.350403
0.286049 0.352845
0.288309 0.354679
0.291642 0.357244
0.619703 0.824317
0.623522 0.827188
0.627305 0.830084
0.631234 0.833190
0.635151 0.836335
0.639195 0.839729
0.643383 0.843340
0.647645 0.847057
0.650771 0.849838
0.653884 0.852656
0.246606 0.298859
0.246606 0.298859
0.246606 0.298859
0.246606 0.298859
0.246606 0.298859
0.246606 0.298859
0.246606 0.298859
0.246606 0.298859
0.246606 0.298859
0.246606 0.298859
0.369476 0.534877
0.374453 0.541014
0.379070 0.546742
0.384163 0.553144
0.389019 0.559293
0.394166 0.565893
0.399118 0.572292
0.404452 0.579289
0.409570 0.586032
0.414964 0.593239
0.780202 0.986131
0.782599 0.988145
0.785497 0.990722
0.788198 0.993062
0.790814 0.995296
0.793494 0.997606
0.795938 0.999635
0.798557 1.001865
0.801304 1.004362
0.803954 1.006709
0.427428 0.573430
0.434302 0.581022
0.441257 0.588837
0.448298 0.596873
0.455421 0.605114
0.462613 0.613522
0.469890 0.622094
0.477236 0.630778
0.484661 0.639549
0.492162 0.648367
0.303913 0.532366
0.307204 0.541496
0.310553 0.551179
0.313742 0.560648
0.317121 0.571097
0.320527 0.581764
0.323978 0.592772
0.327462 0.603857
0.331249 0.615745
0.335088 0.627514
0.605912 0.822779
0.612353 0.827092
0.616728 0.829938
0.623350 0.834702
0.627855 0.837894
0.632582 0.841378
0.637997 0.845617
0.641594 0.848337
0.648034 0.853718
0.651662 0.856782
0.776032 0.982901
0.778740 0.984980
0.782082 0.987905
0.786743 0.992691
0.788461 0.993239
0.793861 0.999134
0.795779 1.000046
0.799039 1.002971
0.802366 1.005953
0.805204 1.008094
0.565346 0.658938
0.573866 0.670262
0.581803 0.681010
0.589501 0.691599
0.597077 0.702202
0.604431 0.712618
0.611701 0.723106
0.618291 0.732608
0.624807 0.742190
0.630975 0.751320
0.219447 0.318710
0.219447 0.318710
0.219447 0.318710
0.219447 0.318710
0.219447 0.318710
0.219447 0.318710
0.219447 0.318710
0.219447 0.318710
0.219447 0.318710
0.219447 0.318710
0.494065 0.568458
0.501125 0.574856
0.508108 0.581456
0.515018 0.588266
0.521936 0.595372
0.528581 0.602482
0.535211 0.609859
0.541699 0.617348
0.548121 0.625028
0.554311 0.632675
0.705565 0.636801
0.713484 0.674476
0.719133 0.711892
0.723011 0.740593
0.727594 0.775930
0.729070 0.785644
0.736521 0.822677
0.739448 0.834575
0.746793 0.856837
0.754517 0.875540
0.412680 0.670132
0.415512 0.674477
0.418507 0.678939
0.421744 0.683632
0.424840 0.687979
0.427978 0.692236
0.431378 0.696740
0.434925 0.701250
0.438305 0.705419
0.441829 0.709597
0.395021 0.543566
0.407093 0.556479
0.419566 0.570217
0.432316 0.584687
0.445390 0.599945
0.458797 0.615908
0.472524 0.632373
0.486572 0.649099
0.500962 0.665844
0.515625 0.682309
0.418920 0.658059
0.422945 0.664069
0.427272 0.670378
0.431744 0.676653
0.436166 0.682616
0.440786 0.688639
0.445598 0.694642
0.450575 0.700585
0.455660 0.706412
0.460899 0.712137
0.226244 0.312395
0.226244 0.312395
0.226244 0.312395
0.226244 0.312395
0.226244 0.312395
0.226244 0.312395
0.226244 0.312395
0.226244 0.312395
0.226244 0.312395
0.226244 0.312395
0.759478 0.981646
0.765598 0.987773
0.769579 0.991394
0.770382 0.990466
0.778104 0.999159
0.780310 1.000233
0.782943 1.001929
0.788827 1.008516
0.789756 1.007750
0.793669 1.011357
0.795191 1.000798
0.797378 1.002455
0.799939 1.004644
0.802621 1.006940
0.805218 1.009183
0.808083 1.011835
0.810602 1.013957
0.813202 1.016287
0.815650 1.018348
0.818239 1.020226
0.470244 0.747113
0.476214 0.752068
0.482309 0.756869
0.488609 0.761599
0.495075 0.766221
0.501965 0.770942
0.508757 0.775390
0.515178 0.779420
0.521304 0.783115
0.528045 0.787099
0.776524 0.988890
0.778957 0.990537
0.783976 0.995656
0.786203 0.996840
0.791623 1.002592
0.792808 1.002399
0.797100 1.006891
0.799550 1.008264
0.803993 1.012983
0.806139 1.013836
0.478073 0.615534
0.483261 0.621462
0.488452 0.627432
0.493719 0.633526
0.498956 0.639601
0.504172 0.645659
0.509470 0.651816
0.514748 0.657933
0.519986 0.663980
0.525298 0.670088
0.410269 0.546231
0.414553 0.550400
0.418902 0.554684
0.423279 0.559042
0.427701 0.563499
0.432155 0.568046
0.436638 0.572682
0.441149 0.577407
0.445658 0.582186
0.450253 0.587131
0.766731 0.975285
0.770247 0.978602
0.773201 0.981364
0.776230 0.984289
0.779039 0.986932
0.781767 0.989308
0.784111 0.991205
0.786914 0.993626
0.789485 0.995776
0.791972 0.997825
0.783690 1.000549
0.786317 1.002331
0.789813 1.005560
0.792375 1.007365
0.795959 1.010595
0.799129 1.013129
0.802743 1.016437
0.806089 1.019445
0.808493 1.020417
0.812722 1.024511
0.612136 0.837320
0.619545 0.842021
0.623928 0.844701
0.630963 0.849558
0.635686 0.852732
0.642092 0.857434
0.647365 0.861400
0.651846 0.864911
0.658890 0.870585
0.660976 0.872402
0.224343 0.314049
0.224343 0.314049
0.224343 0.314049
0.224343 0.314049
0.224343 0.314049
0.224343 0.314049
0.224343 0.314049
0.224343 0.314049
0.224343 0.314049
0.224343 0.314049
0.218987 0.319180
0.218987 0.319180
0.218987 0.319180
0.218987 0.319180
0.218987 0.319180
0.218987 0.319180
0.218987 0.319180
0.218987 0.319180
0.218987 0.319180
0.218987 0.319180
0.325867 0.501848
0.331383 0.509928
0.336961 0.518234
0.342510 0.526620
0.347967 0.535027
0.353580 0.543797
0.359462 0.553151
0.365561 0.563041
0.371718 0.573203
0.377824 0.583378
0.721846 0.980308
0.724122 0.981687
0.723954 0.981060
0.725515 0.981840
0.728398 0.983650
0.734057 0.988248
0.740900 0.993809
0.744715 0.996752
0.744219 0.995370
0.742514 0.992658
0.523018 0.603859
0.528537 0.609943
0.534024 0.616169
0.539471 0.622521
0.544867 0.628980
0.550083 0.635374
0.555280 0.641890
0.560381 0.648418
0.565476 0.655070
0.570358 0.661549
0.615518 0.803503
0.624544 0.811301
0.633750 0.819703
0.642317 0.827847
0.650012 0.835436
0.658444 0.844231
0.665546 0.851848
0.672274 0.859288
0.679471 0.867417
0.684674 0.873498
0.776308 0.985709
0.780103 0.989210
0.783076 0.991526
0.787785 0.996365
0.789616 0.997050
0.794834 1.002769
0.796036 1.002478
0.800389 1.007106
0.802938 1.008696
0.806946 1.012796
0.231157 0.321740
0.234897 0.325924
0.238201 0.329594
0.241903 0.333688
0.246027 0.338205
0.249832 0.342315
0.253099 0.345792
0.256784 0.349649
0.260871 0.353836
0.265013 0.357972
0.520081 0.623127
0.524084 0.627733
0.528066 0.632373
0.532048 0.637070
0.536008 0.641793
0.539871 0.646442
0.543753 0.651158
0.547554 0.655812
0.551448 0.660628
0.555277 0.665395
0.771891 0.989999
0.777257 0.995697
0.779580 0.996874
0.784914 1.002411
0.786841 1.003388
0.790281 1.006474
0.793196 1.008661
0.796814 1.011927
0.800200 1.014865
0.803579 1.017834
0.267081 0.437792
0.272219 0.444704
0.277423 0.451984
0.282435 0.459323
0.287666 0.467299
0.292547 0.475050
0.297620 0.483467
0.302621 0.492078
0.307660 0.501140
0.312985 0.511062
0.375012 0.586261
0.381258 0.597215
0.387791 0.608655
0.394566 0.620487
0.401565 0.632432
0.409112 0.644925
0.417049 0.657463
0.425283 0.669761
0.434150 0.682110
0.443479 0.694135
0.766130 0.982987
0.770336 0.987585
0.771268 0.987679
0.772696 0.988174
0.774420 0.989252
0.778351 0.993491
0.782905 0.998410
0.785152 1.000181
0.786195 1.000271
0.787416 1.000728
0.311548 0.468624
0.316796 0.474934
0.322136 0.481382
0.327588 0.488009
0.333083 0.494731
0.338678 0.501605
0.344342 0.508603
0.350137 0.515813
0.355954 0.523093
0.361976 0.530724
0.549035 0.640207
0.577853 0.677632
0.603856 0.713566
0.627004 0.746922
0.647273 0.777580
0.665286 0.806235
0.681170 0.832292
0.696490 0.857191
0.710787 0.879444
0.723899 0.898599
0.450111 0.595557
0.459059 0.605793
0.468079 0.616256
0.477272 0.627025
0.486535 0.637908
0.495901 0.648877
0.505357 0.659851
0.514887 0.670750
0.524446 0.681476
0.534074 0.692076
0.693561 0.929876
0.701795 0.936300
0.703574 0.937825
0.704027 0.938056
0.711460 0.944333
0.712788 0.945369
0.714559 0.946817
0.720179 0.951775
0.720813 0.952110
0.723301 0.954200
0.695237 0.683621
0.696676 0.690394
0.698117 0.698028
0.698707 0.700126
0.699260 0.702221
0.700446 0.708348
0.701758 0.715496
0.703042 0.722951
0.703870 0.726955
0.704334 0.728936
0.572936 0.725400
0.592456 0.746125
0.610639 0.765654
0.627304 0.784224
0.642485 0.802063
0.656322 0.819259
0.668918 0.835667
0.680501 0.851268
0.691453 0.866228
0.701866 0.880413
0.528333 0.624819
0.532302 0.629454
0.536300 0.634193
0.540217 0.638896
0.544121 0.643649
0.547985 0.648402
0.551725 0.653045
0.555605 0.657923
0.559415 0.662754
0.563185 0.667576
0.430166 0.592076
0.434045 0.596810
0.437974 0.601631
0.441946 0.606527
0.445930 0.611441
0.449995 0.616484
0.454066 0.621528
0.458138 0.626558
0.462322 0.631729
0.466532 0.636899
0.241156 0.342497
0.246489 0.348155
0.252594 0.354528
0.258761 0.360799
0.264295 0.366271
0.270585 0.372266
0.277022 0.378122
0.283182 0.383456
0.289854 0.388919
0.296922 0.394334
0.225840 0.336377
0.232633 0.343538
0.239490 0.350732
0.246353 0.357852
0.253371 0.365023
0.260447 0.372088
0.267829 0.379241
0.275495 0.386377
0.283368 0.393376
0.291333 0.400089
0.476929 0.636812
0.507706 0.672681
0.539494 0.706974
0.570714 0.738088
0.599712 0.766167
0.625426 0.792125
0.647743 0.816670
0.667226 0.840080
0.684465 0.862048
0.700149 0.882471
0.683146 0.646932
0.691355 0.677685
0.697190 0.702730
0.703298 0.733839
0.709024 0.764237
0.713134 0.782929
0.715836 0.795544
0.723090 0.822769
0.730609 0.845635
0.734317 0.855669
0.439119 0.602684
0.443671 0.608294
0.448293 0.614005
0.452931 0.619743
0.457586 0.625491
0.462343 0.631368
0.467152 0.637268
0.471962 0.643123
0.476874 0.649063
0.481830 0.654983
0.469856 0.674724
0.479918 0.686338
0.490334 0.697666
0.501085 0.708650
0.511882 0.719047
0.522748 0.728930
0.533941 0.738626
0.545209 0.747970
0.555722 0.756385
0.566175 0.764577
0.779426 0.985508
0.782567 0.987837
0.785851 0.990321
0.790802 0.995257
0.795641 1.000066
0.798674 1.002432
0.802035 1.005066
0.805320 1.007546
0.809487 1.011551
0.814147 1.016225
