0.211035
0.167332
0.165322
0.137100
0.167017
0.161151
0.140036
0.149676
0.242772
0.179613
0.238175
1.076416
0.159107
0.217728
0.196066
0.188587
0.156386
0.172246
0.169206
0.252862
0.130388
0.186410
0.177243
0.245268
0.163587
0.195951
0.212225
0.134352
0.184978
0.249905
0.170951
0.191917
0.211915
0.174862
0.170256
0.154650
0.169508
0.171594
0.130689
0.143617
0.127780
0.147649
0.249537
0.151134
0.117832
0.120116
0.140710
0.152011
0.131537
0.187843
0.174956
0.158523
0.172015
0.158976
0.209673
0.185699
0.201116
0.140715
0.153856
0.195560
0.143431
0.172576
0.172059
0.557194
0.240735
0.152899
0.160743
0.196836
0.177901
0.206656
0.175672
0.167889
0.163062
0.132046
0.218076
0.155745
0.126263
0.254463
0.172309
0.170653
1.033411
0.160370
0.228461
0.178100
0.215109
0.177945
0.158350
0.225170
0.168206
0.180104
0.187075
0.192765
0.171011
0.163672
0.185487
0.144714
0.173222
0.148642
0.258968
0.158495
0.191062
0.183311
0.164460
0.120545
0.258814
0.179049
0.216560
0.185678
0.172836
0.131205
0.172888
0.244085
0.168494
0.206075
0.208340
0.145574
0.215510
0.211978
0.186158
0.182942
0.305909
0.167426
0.211236
0.115411
0.205893
0.171829
0.147070
0.220921
0.153139
0.208222
0.165378
0.235018
0.163471
0.142771
0.192258
0.239097
0.204830
0.171982
0.218123
0.181904
0.124258
0.118193
0.185273
0.117268
0.237693
0.165941
0.181125
0.131077
0.178318
0.124009
0.125928
0.111116
0.172541
0.158223
0.119520
0.204677
0.195201
0.174800
0.257911
0.184450
0.265307
0.192514
0.188642
0.142485
0.140220
0.133097
0.197083
0.181466
0.167053
0.169636
0.186436
0.193518
0.174589
0.233079
0.234443
0.151151
0.172918
0.213423
0.164601
0.168482
0.197550
0.162935
0.104078
0.216653
0.237661
0.209503
0.406934
0.234870
0.116737
0.168414
0.174202
0.210632
0.160665
0.173185
0.142639
0.220326
0.246722
0.150249
0.128259
0.114609
