1.311120
-2.115637
0.402517
-0.078669
-0.741755
-0.683859
0.868878
-0.237247
0.552360
-1.148487
-2.414926
-0.304769
-0.343661
-0.556653
0.462768
0.654941
-0.992295
-0.147586
-1.188014
-0.065262
0.574233
1.904027
-1.123627
-0.526292
-0.201069
-0.903694
1.120592
-2.181343
-0.232424
-1.266623
1.106273
1.233163
0.801347
-1.031867
0.233217
1.742502
1.067243
-0.931019
1.516432
0.858934
1.460019
0.647482
1.127757
0.923839
1.349601
1.046912
-0.652218
-0.412067
0.806976
-0.288180
-0.609457
-0.737177
0.289365
0.520975
0.356706
-2.190194
-0.080507
-0.637293
-1.422064
-1.303359
0.906873
0.654576
-1.896199
-0.540056
0.019114
-1.036970
1.082393
0.704219
0.253626
0.149893
1.989436
-0.919995
1.465415
0.274876
-0.455939
0.802838
-1.676779
-0.165007
-0.179073
1.376944
0.848161
-1.020272
-0.693733
0.165744
-0.007057
-0.130623
0.072221
-0.856225
1.818101
-0.210535
0.720768
-1.820054
-1.144671
0.757735
-0.487351
0.862291
0.065203
0.683457
-0.393919
0.769687
