0.603941
0.305859
0.323610
-0.617862
-0.617862
-0.617862
-0.617862
0.206953
-0.617862
0.426665
0.212483
-0.617862
0.485154
0.319960
0.418444
0.544648
-0.617862
0.421467
0.506655
0.105753
0.413420
0.541129
0.535512
-0.617862
0.462255
0.200708
0.409895
0.266036
-0.617862
-0.617862
-0.617862
0.036619
-0.617862
0.213765
-0.617862
0.569644
-0.617862
0.373154
0.441840
-0.617862
-0.617862
0.451482
0.295972
-0.617862
0.477315
0.581720
0.396270
-0.617862
-0.617862
-0.617862
-0.617862
0.418191
0.473418
0.525539
0.487424
0.351108
-0.168954
-0.617862
-0.010734
0.359397
-0.617862
-0.617862
-0.617862
-0.617862
-0.617862
-0.617862
0.473307
-0.617862
-0.617862
-0.617862
-0.617862
0.455025
0.405735
0.466785
0.418862
0.486293
-0.617862
0.385552
-0.617862
0.526781
-0.005777
0.377098
-0.617862
0.444671
-0.617862
0.334954
0.442028
0.462925
-0.617862
0.388858
0.242677
0.421980
0.628518
0.523343
0.041305
0.512851
-0.617862
0.509099
0.292500
0.259670
