0.067681
0.005227
0.241773
-0.028295
-0.017296
-0.203279
-0.094151
-0.091747
0.080504
-0.062888
0.378822
0.399808
-0.300425
0.078389
-0.269970
0.014182
-0.084732
-0.121143
0.224225
-0.098172
-0.042055
0.075020
0.726576
0.627482
-0.370133
-0.006548
0.218755
0.319142
0.093103
-0.011447
-0.082930
-0.001179
-0.035554
0.047697
0.325654
0.181997
0.026415
0.092982
0.042078
-0.033358
0.004579
-0.055518
0.091923
0.211872
0.148267
-0.071893
0.416254
0.033306
0.027921
0.051358
-0.080183
0.063616
0.588834
-0.029731
-0.169829
-0.080806
0.077221
0.345461
-0.039460
-0.118965
0.002272
0.554483
0.299872
-0.047276
0.304368
-0.533084
0.022837
0.067333
0.339189
-0.401712
0.016092
0.038117
-0.062092
-0.090785
0.276115
0.045153
0.367177
-0.069877
0.442745
0.269885
-0.405234
0.006182
-0.134777
0.163000
0.093555
-0.143252
-0.077930
-0.276641
-0.080887
0.198356
-0.161536
-0.038051
-0.228365
0.036258
0.016806
-0.002920
0.334430
-0.076140
-0.162487
0.074086
