0.259865 0.077230
0.260162 0.080711
0.260565 0.084489
0.260959 0.088184
0.261475 0.092223
0.262066 0.096382
0.262732 0.100721
0.263233 0.104582
0.263689 0.108242
0.264187 0.111879
0.264827 0.115879
0.265643 0.120235
0.266432 0.124408
0.267288 0.128720
0.267917 0.132383
0.268579 0.136042
0.269333 0.139805
0.270332 0.143999
0.271358 0.148147
0.272488 0.152391
0.273400 0.156100
0.274379 0.159816
0.275463 0.163621
0.276676 0.167494
0.277968 0.171427
0.279352 0.175355
0.280705 0.179069
0.282047 0.182688
0.283394 0.186153
0.284870 0.189632
0.286611 0.193333
0.288437 0.197016
0.290344 0.200583
0.292096 0.203830
0.293951 0.207036
0.295764 0.210080
0.297923 0.213244
0.300178 0.216356
0.302495 0.219358
0.304730 0.222149
0.307043 0.224786
0.309362 0.227300
0.311902 0.229822
0.314846 0.232369
0.317822 0.234782
0.320857 0.237073
0.323691 0.239054
0.326769 0.240967
0.329819 0.242759
0.333181 0.244467
0.336898 0.246132
0.340696 0.247629
0.344297 0.248944
0.347757 0.250052
0.351274 0.251044
0.355267 0.251980
0.359800 0.252858
0.364514 0.253620
0.369141 0.254209
0.373518 0.254692
0.378079 0.255060
0.382823 0.255328
0.388358 0.255578
0.394180 0.255745
0.399767 0.255824
0.405713 0.255862
0.412138 0.255912
0.418717 0.255943
0.425863 0.255961
0.432850 0.256028
0.440160 0.256187
0.448139 0.256405
0.456915 0.256811
0.466271 0.257431
0.476189 0.258318
0.485638 0.259297
0.495740 0.260619
0.506165 0.262259
0.517787 0.264380
0.529678 0.266929
0.541583 0.269853
0.552705 0.272836
0.564710 0.276426
0.576508 0.280344
0.588479 0.284636
0.600147 0.289244
0.612017 0.294319
0.623381 0.299527
0.634514 0.305084
0.645260 0.310838
0.655534 0.316718
0.665620 0.322971
0.675592 0.329595
0.685143 0.336477
0.694209 0.343468
0.702790 0.350568
0.710794 0.357722
0.718862 0.365456
0.726502 0.373332
0.733676 0.381331
0.740363 0.389297
0.746680 0.397371
0.752680 0.405599
0.758356 0.413927
0.763812 0.422505
0.768998 0.431255
0.773778 0.439869
0.778248 0.448463
0.782478 0.457166
0.786361 0.465688
0.789995 0.474176
0.793424 0.482732
0.796519 0.490959
0.799361 0.498956
0.801972 0.506773
0.804423 0.514597
0.806655 0.522136
0.808754 0.529697
0.810699 0.537183
0.812440 0.544278
0.814131 0.551682
0.815672 0.558923
0.817109 0.566192
0.818299 0.572514
0.819381 0.578672
0.820435 0.585216
0.821438 0.591971
0.822334 0.598579
0.823093 0.604630
0.823780 0.610555
0.824432 0.616926
0.824997 0.623118
0.825476 0.628934
0.825887 0.634571
0.826238 0.640221
0.826539 0.646082
0.826796 0.652687
0.826975 0.658862
0.827088 0.664789
0.827149 0.670448
0.827161 0.675486
0.827111 0.681129
0.826977 0.687939
0.826791 0.694173
0.826531 0.700607
0.826210 0.707018
0.825822 0.713477
0.825353 0.720107
0.824799 0.726964
0.824175 0.733850
0.823486 0.740657
0.822661 0.748102
0.821888 0.754444
0.820922 0.761854
0.819952 0.768708
0.818781 0.776553
0.817580 0.784032
0.816226 0.792011
0.814775 0.800102
0.813286 0.807936
0.811890 0.814828
0.810357 0.822128
0.808488 0.830800
0.806692 0.838698
0.804731 0.847030
0.802744 0.855128
0.800925 0.862162
0.798946 0.869634
0.796787 0.877608
0.794620 0.885338
0.792202 0.893810
0.790490 0.899303
0.788437 0.905948
0.786361 0.912496
0.784036 0.919812
0.781849 0.926455
0.779622 0.933085
0.777496 0.939236
0.775508 0.944800
0.773646 0.949825
0.771627 0.955307
0.769363 0.961548
0.767288 0.967069
0.765200 0.972565
0.763430 0.976980
0.761722 0.981142
0.760077 0.985063
0.758143 0.989925
0.756267 0.994575
0.754747 0.998047
0.752930 1.002496
0.751240 1.006537
0.749682 1.010143
0.748213 1.013481
0.746760 1.016788
0.745631 1.019014
0.744488 1.021292
0.742954 1.024941
0.741382 1.028781
0.739757 1.032851
