69.451354
68.121151
66.694705
69.410117
66.155996
65.371582
66.223234
79.648271
71.768868
72.140042
63.148469
67.814799
71.713451
65.356234
67.572952
74.609856
66.347314
80.701648
64.413994
76.218978
74.668471
72.605003
71.319579
65.844236
68.412066
76.086757
82.355058
55.766241
65.718341
62.891919
63.125664
73.699872
73.589701
73.348528
71.207723
74.114529
74.191819
74.795232
75.553462
74.169914
74.450565
70.423417
72.510273
69.771972
65.299679
68.126211
74.796490
74.715230
73.304700
74.678015
72.845312
66.531385
75.781042
70.393238
78.300101
66.278769
59.437625
74.068608
58.358097
72.799769
68.800456
71.139798
74.034759
64.632258
70.401012
71.810736
68.510123
64.758326
80.930956
77.987051
69.689772
73.027771
67.903624
72.363203
78.319433
65.825183
71.685835
62.472013
71.450290
79.641197
69.072005
70.565819
73.126015
69.741578
69.436498
73.423939
71.149838
69.669923
68.532482
73.859434
72.623407
77.114079
78.650985
77.366336
67.702432
66.217867
61.920257
68.238825
71.679477
64.903954
