0.383387 0.657528
0.390817 0.663868
0.398218 0.670193
0.405586 0.676498
0.413047 0.683000
0.618240 0.774042
0.622475 0.778115
0.626700 0.782202
0.630921 0.786302
0.635134 0.790414
0.452675 0.672241
0.459057 0.677613
0.465348 0.682881
0.471635 0.688177
0.477917 0.693500
0.726776 0.878279
0.730562 0.882392
0.734331 0.886504
0.737936 0.890428
0.741670 0.894532
0.242199 0.582441
0.247881 0.586646
0.253608 0.590969
0.259354 0.595349
0.265148 0.599851
0.695447 0.871173
0.699561 0.875396
0.703393 0.879278
0.707342 0.883325
0.711411 0.887538
0.395275 0.661012
0.403058 0.667607
0.410850 0.674258
0.418649 0.680962
0.426452 0.687716
0.252090 0.497808
0.256386 0.500488
0.260737 0.503279
0.265046 0.505992
0.269410 0.508816
0.414915 0.666157
0.423550 0.673445
0.432187 0.680792
0.440825 0.688194
0.449461 0.695648
0.339251 0.560681
0.345720 0.565204
0.352197 0.569763
0.358647 0.574304
0.365138 0.578934
0.437185 0.670634
0.444501 0.676762
0.451816 0.682930
0.459126 0.689133
0.466432 0.695373
0.611078 0.767045
0.616090 0.771829
0.621094 0.776634
0.626090 0.781458
0.630954 0.786149
0.244511 0.509522
0.248422 0.512059
0.252340 0.514611
0.256264 0.517182
0.260169 0.519717
0.485729 0.694200
0.491260 0.698907
0.496787 0.703636
0.502309 0.708385
0.507824 0.713153
0.653060 0.781215
0.658239 0.786495
0.663407 0.791799
0.668563 0.797127
0.673705 0.802477
0.215860 0.384992
0.218203 0.386140
0.220559 0.387316
0.222900 0.388462
0.225240 0.389606
0.212619 0.378417
0.216169 0.380131
0.219701 0.381812
0.223258 0.383549
0.226798 0.385253
0.482654 0.688715
0.487576 0.692829
0.492662 0.697201
0.497555 0.701321
0.502635 0.705730
0.365616 0.630706
0.372027 0.635907
0.378486 0.641218
0.384915 0.646506
0.391311 0.651767
0.634466 0.810242
0.638593 0.814244
0.642584 0.818094
0.646812 0.822262
0.650781 0.826117
0.570965 0.723875
0.576407 0.728810
0.581845 0.733779
0.587166 0.738641
0.592707 0.743814
0.367677 0.652008
0.375473 0.658578
0.383367 0.665362
0.391194 0.672070
0.399119 0.678991
0.490013 0.674412
0.497456 0.680579
0.504895 0.686799
0.512328 0.693072
0.519658 0.699265
0.422216 0.655360
0.429103 0.661016
0.435990 0.666708
0.442876 0.672438
0.449761 0.678202
0.418352 0.659988
0.425438 0.665877
0.432525 0.671807
0.439613 0.677774
0.446699 0.683779
0.384284 0.657213
0.391804 0.663622
0.399294 0.670016
0.406752 0.676392
0.414302 0.682965
0.408430 0.664058
0.415189 0.669762
0.421994 0.675576
0.428760 0.681355
0.435526 0.687169
0.300076 0.539679
0.304349 0.542558
0.308655 0.545504
0.312996 0.548520
0.317282 0.551448
0.227111 0.479735
0.232326 0.482890
0.237573 0.486115
0.242853 0.489412
0.248122 0.492688
0.651682 0.832213
0.655075 0.835541
0.658459 0.838868
0.661709 0.842035
0.665205 0.845524
0.600260 0.711631
0.606230 0.717325
0.611964 0.722797
0.617939 0.728608
0.623669 0.734183
0.210824 0.345089
0.212647 0.345886
0.214467 0.346681
0.216273 0.347447
0.218088 0.348236
0.534522 0.726050
0.540178 0.731096
0.545618 0.735882
0.551258 0.740970
0.556785 0.745935
0.338493 0.573029
0.343186 0.576383
0.347950 0.579870
0.352686 0.583321
0.357392 0.586736
0.229245 0.447086
0.232303 0.448821
0.235363 0.450560
0.238426 0.452304
0.241490 0.454054
0.708124 0.883171
0.711815 0.887003
0.715358 0.890660
0.718748 0.894139
0.722400 0.897960
0.657239 0.794394
0.662448 0.799728
0.667515 0.804920
0.672568 0.810129
0.677606 0.815356
0.221299 0.389108
0.224489 0.390698
0.227648 0.392225
0.230819 0.393781
0.233990 0.395334
0.553826 0.689500
0.559337 0.694341
0.564958 0.699357
0.570474 0.704292
0.575991 0.709272
0.734876 0.908714
0.737264 0.911233
0.739644 0.913749
0.741874 0.916083
0.744239 0.918592
0.441081 0.651214
0.447178 0.656180
0.453188 0.661050
0.459198 0.665950
0.465205 0.670879
0.210233 0.354003
0.212345 0.354963
0.214452 0.355910
0.216555 0.356855
0.218644 0.357771
0.441317 0.665474
0.446191 0.669502
0.450975 0.673413
0.455934 0.677611
0.460804 0.681692
0.632299 0.784425
0.637331 0.789321
0.642474 0.794388
0.647605 0.799473
0.652850 0.804732
0.761221 0.961122
0.763251 0.963193
0.765274 0.965259
0.767148 0.967146
0.769247 0.969312
0.680756 0.827666
0.685529 0.832620
0.690285 0.837582
0.695024 0.842551
0.699606 0.847353
0.490848 0.693011
0.495531 0.696984
0.500211 0.700974
0.504887 0.704979
0.509559 0.709000
0.410329 0.657981
0.419272 0.665467
0.428178 0.672951
0.437085 0.680496
0.445991 0.688098
0.548983 0.706646
0.554388 0.711443
0.559687 0.716142
0.564876 0.720738
0.570168 0.725500
0.661900 0.812323
0.666033 0.816480
0.670285 0.820806
0.674658 0.825305
0.678887 0.829648
0.310009 0.603185
0.315808 0.607732
0.321623 0.612326
0.327450 0.616968
0.333292 0.621657
0.685673 0.811178
0.690484 0.816312
0.695419 0.821636
0.700055 0.826623
0.704959 0.831976
0.225230 0.450364
0.230217 0.453253
0.235191 0.456116
0.240173 0.458994
0.245162 0.461887
0.571714 0.708636
0.579542 0.715699
0.587590 0.723120
0.595525 0.730492
0.603454 0.737947
0.687191 0.848558
0.689690 0.851096
0.692452 0.853971
0.694938 0.856510
0.697688 0.859387
0.270950 0.499228
0.274489 0.501447
0.278031 0.503675
0.281576 0.505913
0.285125 0.508159
0.762665 0.972227
0.764157 0.973715
0.765504 0.975029
0.767128 0.976681
0.768609 0.978160
0.548539 0.734530
0.555076 0.740377
0.561605 0.746256
0.568116 0.752157
0.574616 0.758087
0.212013 0.354028
0.214124 0.354975
0.216233 0.355920
0.218338 0.356862
0.220429 0.357774
0.361412 0.558511
0.364742 0.560807
0.368007 0.563011
0.371308 0.565274
0.374644 0.567596
0.430764 0.654222
0.435081 0.657735
0.439398 0.661263
0.443715 0.664806
0.448031 0.668363
0.226766 0.450295
0.229935 0.452109
0.233088 0.453889
0.236283 0.455755
0.239461 0.457588
0.636702 0.728945
0.643005 0.735379
0.649172 0.741720
0.655197 0.747959
0.661486 0.754578
0.332998 0.566562
0.338164 0.570245
0.343336 0.573952
0.348513 0.577683
0.353662 0.581383
0.411729 0.652777
0.417973 0.657881
0.424303 0.663152
0.430507 0.668252
0.436882 0.673655
0.252991 0.504050
0.257051 0.506616
0.261166 0.509293
0.265262 0.511938
0.269339 0.514550
0.532854 0.720988
0.537754 0.725249
0.542754 0.729665
0.547848 0.734239
0.552729 0.738553
0.231525 0.419646
0.234777 0.421362
0.238029 0.423080
0.241282 0.424799
0.244536 0.426519
0.442242 0.666908
0.448248 0.671884
0.454251 0.676888
0.460252 0.681918
0.466250 0.686973
0.218925 0.389416
0.221308 0.390592
0.223676 0.391736
0.226072 0.392941
0.228452 0.394115
0.588246 0.724089
0.594462 0.729863
0.600790 0.735829
0.607001 0.741706
0.613205 0.747631
0.496550 0.692909
0.502335 0.697818
0.508017 0.702618
0.513887 0.707712
0.519655 0.712698
0.543742 0.722202
0.548597 0.726451
0.553549 0.730855
0.558602 0.735419
0.563436 0.739725
0.643980 0.780886
0.649335 0.786250
0.654678 0.791639
0.660008 0.797051
0.665325 0.802485
0.227721 0.514375
0.233399 0.518097
0.239094 0.521859
0.244805 0.525663
0.250507 0.529455
0.626780 0.750877
0.632178 0.756196
0.637570 0.761550
0.642955 0.766938
0.648331 0.772360
0.615976 0.787586
0.619838 0.791275
0.623692 0.794971
0.627539 0.798674
0.631257 0.802229
0.576359 0.715658
0.583329 0.722054
0.590072 0.728241
0.597039 0.734766
0.603770 0.741069
0.365253 0.644934
0.371335 0.650017
0.377427 0.655143
0.383528 0.660311
0.389598 0.665447
0.733220 0.901142
0.735975 0.904074
0.738577 0.906824
0.741313 0.909749
0.744183 0.912852
0.222979 0.396294
0.225910 0.397784
0.228826 0.399243
0.231742 0.400700
0.234656 0.402156
0.291611 0.561215
0.296702 0.564876
0.301803 0.568569
0.306913 0.572293
0.312033 0.576048
0.302805 0.615963
0.307672 0.619839
0.312584 0.623820
0.317541 0.627908
0.322443 0.631899
0.370196 0.608479
0.376121 0.613002
0.382126 0.617681
0.388061 0.622270
0.394077 0.627016
0.362395 0.639710
0.370237 0.646211
0.378056 0.652713
0.385929 0.659353
0.393857 0.666130
0.742254 0.914082
0.746061 0.918169
0.749705 0.922068
0.753331 0.925960
0.756937 0.929844
0.513074 0.703431
0.519447 0.708919
0.525816 0.714436
0.532173 0.719985
0.538421 0.725428
0.478370 0.679709
0.484961 0.685169
0.491713 0.690900
0.498366 0.696534
0.505013 0.702202
0.510205 0.703990
0.515455 0.708456
0.520797 0.713078
0.526135 0.717723
0.531567 0.722524
0.735445 0.916390
0.737855 0.918899
0.740396 0.921582
0.742791 0.924086
0.745033 0.926408
0.341467 0.645242
0.348873 0.651554
0.356265 0.657873
0.363679 0.664268
0.371113 0.670736
0.524191 0.714298
0.530328 0.719600
0.536556 0.725070
0.542878 0.730705
0.549088 0.736229
0.329796 0.638390
0.336841 0.644257
0.343944 0.650270
0.351108 0.656431
0.358256 0.662593
0.558284 0.721377
0.564603 0.727031
0.570916 0.732725
0.577112 0.738319
0.583409 0.744090
0.415304 0.656402
0.422047 0.661978
0.428834 0.667659
0.435580 0.673308
0.442326 0.678991
0.363949 0.660167
0.371951 0.667075
0.379975 0.674064
0.387977 0.681054
0.396080 0.688268
0.325535 0.535701
0.328400 0.537564
0.331325 0.539530
0.334223 0.541454
0.337091 0.543335
0.667831 0.830454
0.672867 0.835568
0.677757 0.840524
0.682629 0.845485
0.687348 0.850281
0.511338 0.703777
0.516607 0.708307
0.521771 0.712724
0.527026 0.717297
0.532277 0.721891
0.660239 0.791349
0.664582 0.795780
0.669047 0.800389
0.673636 0.805179
0.678080 0.809819
