0.296566
-0.158906
0.180781
-0.198943
0.065632
-0.160752
0.353734
-0.125860
0.468465
0.246656
0.318541
0.007395
-0.242775
0.060780
0.043302
-0.583962
-0.160146
-0.039028
0.172297
-0.172718
0.080502
0.350647
0.377474
0.261176
0.281002
0.309658
0.220301
-0.159416
0.079379
-0.355630
0.147864
-0.767218
0.082386
-0.083063
-0.411241
-0.261790
0.031372
-0.281647
0.094444
-0.631177
0.146458
-0.639000
-0.078327
0.042408
-0.732631
-0.010995
-0.100228
0.504147
0.051723
-0.133715
0.073124
-0.016122
0.066438
0.458510
-0.591868
-0.317451
-1.030089
0.251596
-0.635461
-0.408246
-0.196891
-0.381658
0.190793
0.010167
0.163590
-0.189645
-0.020098
-0.303183
0.129818
-0.571761
0.214743
0.115950
-0.022840
0.078207
0.119991
0.074767
-0.249573
0.312613
0.103636
-0.495045
-0.377991
-0.020579
-0.109182
0.128716
0.361539
-0.194554
0.218308
0.253536
0.040260
-0.615093
0.282574
0.197982
0.245156
0.226964
0.232792
0.360556
-0.533806
0.017722
0.026019
-0.097934
