0.160642
0.259999
0.273705
-0.841952
-0.026646
0.378486
0.460708
0.419649
0.398618
0.308796
-0.473123
-0.841952
0.127529
0.464193
-0.841952
0.344981
0.549215
0.184383
-0.841952
0.379450
0.347999
0.278073
0.271021
-0.841952
0.385952
0.101396
0.574731
-0.243090
0.314417
0.336130
-0.841952
0.460193
0.370871
-0.426873
0.119686
-0.841952
0.391995
0.281003
-0.841952
0.325512
0.276674
0.312759
0.355981
-0.841952
0.347854
0.097856
-0.841952
0.338974
0.028726
-0.356123
-0.841952
0.417915
0.343242
0.234827
0.272107
0.170941
-0.841952
-0.841952
-0.841952
0.399261
0.289209
0.435122
-0.260914
0.197738
0.279286
0.220657
0.311211
-0.841952
0.369328
-0.841952
0.456588
-0.841952
-0.841952
0.442962
0.322744
0.371006
-0.206429
0.522595
0.192595
-0.841952
0.208278
0.223507
0.520780
0.323359
-0.841952
0.012445
-0.841952
-0.236773
0.084481
0.106572
0.427602
-0.841952
-0.841952
0.094637
0.571850
0.416780
0.533564
0.361228
0.237696
0.194585
