0.443716 1.081586
0.448764 1.085018
0.453824 1.088365
0.458413 1.091375
0.463035 1.094347
0.467469 1.097171
0.471976 1.099954
0.476187 1.102538
0.480368 1.105061
0.484302 1.107429
0.488236 1.109742
0.492054 1.111939
0.372926 0.137572
0.380504 0.136722
0.390237 0.135664
0.400881 0.134596
0.412048 0.133572
0.423030 0.132668
0.434895 0.131845
0.447847 0.131156
0.462452 0.130605
0.477619 0.130352
0.493715 0.130426
0.511725 0.130965
0.497670 0.838263
0.503697 0.845872
0.509428 0.853280
0.514771 0.860414
0.520000 0.867501
0.524992 0.874478
0.529755 0.881350
0.534340 0.888103
0.538710 0.894785
0.542757 0.901180
0.546696 0.907589
0.550352 0.913816
0.436152 0.909830
0.438361 0.911880
0.440567 0.913924
0.442662 0.915875
0.444799 0.917833
0.446970 0.919820
0.449072 0.921751
0.451035 0.923539
0.453053 0.925388
0.455130 0.927254
0.457274 0.929178
0.459288 0.931004
0.565253 1.034663
0.567272 1.037649
0.569455 1.040727
0.571437 1.043693
0.573424 1.046694
0.575304 1.049624
0.576949 1.052393
0.578761 1.055271
0.580249 1.057929
0.581715 1.060500
0.583101 1.063089
0.584597 1.065725
0.134340 0.786078
0.143770 0.804791
0.154418 0.824638
0.165642 0.844190
0.177902 0.864309
0.190642 0.883970
0.203931 0.903321
0.218004 0.922762
0.232338 0.941524
0.247429 0.960347
0.262246 0.977948
0.277561 0.995350
0.975726 0.394167
0.990849 0.420896
1.004247 0.448649
1.014651 0.474932
1.022167 0.499337
1.027273 0.522502
1.030124 0.543598
1.031227 0.563710
1.030814 0.583137
1.028951 0.603093
1.026032 0.621619
1.021897 0.640941
0.677022 0.931640
0.674909 0.937216
0.672900 0.942636
0.671161 0.946947
0.669413 0.951737
0.667671 0.956963
0.666011 0.962177
0.664631 0.965954
0.663374 0.969099
0.661858 0.974862
0.660499 0.980019
0.659441 0.982860
1.050781 0.629886
1.046179 0.648190
1.040253 0.667881
1.033406 0.687910
1.025739 0.708455
1.016273 0.732068
1.005329 0.757844
0.992454 0.786504
0.978450 0.815966
0.963018 0.846720
0.945977 0.878785
0.928370 0.909999
0.579608 0.152003
0.602853 0.155560
0.627097 0.160345
0.651718 0.166408
0.675988 0.173644
0.700267 0.182227
0.725864 0.192824
0.751083 0.204983
0.775770 0.218632
0.799652 0.233655
0.823302 0.250546
0.847087 0.269770
0.908905 0.867213
0.896203 0.889205
0.882668 0.911579
0.870527 0.930721
0.858923 0.948272
0.847439 0.964964
0.837143 0.979336
0.829012 0.990267
0.818094 1.004564
0.811170 1.013205
0.803730 1.022308
0.796555 1.030918
0.345965 0.696237
0.351615 0.704103
0.357409 0.712052
0.363312 0.719951
0.369517 0.728176
0.375939 0.736493
0.382490 0.744861
0.389189 0.753228
0.396080 0.761719
0.403086 0.770175
0.410157 0.778593
0.417291 0.786945
0.339969 0.194693
0.345538 0.194029
0.351186 0.193300
0.357115 0.192492
0.363233 0.191618
0.370765 0.190531
0.378490 0.189395
0.386591 0.188202
0.395223 0.186944
0.404205 0.185665
0.413856 0.184349
0.423916 0.183049
0.267216 0.745232
0.271946 0.753503
0.277258 0.762561
0.282919 0.771907
0.288439 0.780629
0.294413 0.789792
0.300749 0.799182
0.307309 0.808581
0.313857 0.817591
0.320952 0.827061
0.328281 0.836499
0.335655 0.845693
0.572855 0.542232
0.581409 0.547613
0.589758 0.553425
0.597841 0.559690
0.605323 0.566123
0.612531 0.573046
0.619662 0.580746
0.625911 0.588339
0.631983 0.596690
0.637383 0.605145
0.642135 0.613686
0.646532 0.622754
0.515187 0.832078
0.519936 0.838871
0.524348 0.845449
0.528691 0.852025
0.532825 0.858518
0.536817 0.864919
0.540604 0.871221
0.544176 0.877403
0.547675 0.883550
0.550955 0.889585
0.554124 0.895530
0.557101 0.901382
0.184438 0.686438
0.188003 0.695910
0.191690 0.705247
0.195666 0.714912
0.200384 0.725889
0.205391 0.736997
0.210751 0.748333
0.216452 0.759828
0.222360 0.771222
0.228651 0.782749
0.235422 0.794671
0.242774 0.807013
0.580311 1.183697
0.581778 1.184651
0.583185 1.185625
0.584637 1.186544
0.586188 1.187592
0.587481 1.188498
0.588029 1.189052
0.588535 1.189673
0.589742 1.190506
0.591379 1.191640
0.593046 1.192719
0.593454 1.193251
0.410149 1.093444
0.413327 1.095779
0.416090 1.097786
0.419277 1.100066
0.422072 1.102061
0.425232 1.104260
0.427390 1.105792
0.430746 1.108069
0.433181 1.109736
0.436326 1.111842
0.438934 1.113578
0.441868 1.115484
0.140021 0.645807
0.143676 0.658833
0.147763 0.672321
0.152109 0.685530
0.158026 0.702333
0.163559 0.716735
0.170425 0.733436
0.178022 0.750631
0.186138 0.767694
0.196135 0.787332
0.205856 0.805018
0.217419 0.824778
0.583182 0.779208
0.583860 0.781466
0.584495 0.783684
0.585090 0.785863
0.585725 0.788110
0.586318 0.790317
0.586872 0.792482
0.587466 0.794716
0.587991 0.796871
0.588560 0.799095
0.589089 0.801276
0.589579 0.803415
1.086077 0.662012
1.079278 0.680459
1.071161 0.700288
1.061640 0.722072
1.050941 0.745524
1.038781 0.771589
1.024567 0.801389
1.008425 0.834388
0.990418 0.869845
0.969621 0.908785
0.949359 0.944448
0.929523 0.977119
0.492636 0.564854
0.501478 0.569695
0.510349 0.574865
0.519125 0.580332
0.527777 0.586131
0.536239 0.592268
0.544459 0.598752
0.552409 0.605613
0.560015 0.612821
0.567255 0.620398
0.574265 0.628539
0.580720 0.636893
0.791884 0.360420
0.808657 0.375384
0.824995 0.392341
0.839829 0.410387
0.853260 0.429666
0.864479 0.448872
0.874285 0.469200
0.882284 0.489955
0.888639 0.511582
0.893132 0.533429
0.895800 0.555253
0.896779 0.577506
1.038993 0.534299
1.041156 0.559546
1.040939 0.582140
1.038775 0.604789
1.035139 0.625984
1.029902 0.648199
1.022865 0.672330
1.014457 0.697175
1.004307 0.724109
0.991545 0.755142
0.977329 0.787006
0.960867 0.821342
0.577075 1.067330
0.578095 1.068785
0.578987 1.070212
0.579719 1.071414
0.580394 1.072606
0.581024 1.073800
0.581922 1.075168
0.583012 1.076821
0.583992 1.078328
0.584870 1.079711
0.585542 1.080930
0.585998 1.081929
0.374913 0.711053
0.381289 0.719195
0.387810 0.727385
0.394548 0.735734
0.401457 0.744215
0.408452 0.752660
0.415593 0.761194
0.422329 0.769166
0.429584 0.777670
0.436880 0.786160
0.444267 0.794685
0.451427 0.802923
0.679393 0.601787
0.680468 0.604548
0.681610 0.607595
0.682588 0.610393
0.683598 0.613404
0.684492 0.616273
0.685436 0.619408
0.686261 0.622379
0.687072 0.625461
0.687765 0.628349
0.688541 0.631649
0.689097 0.634412
0.665982 0.443965
0.679131 0.451593
0.691589 0.459983
0.703473 0.469332
0.714468 0.479393
0.725571 0.491348
0.734752 0.503013
0.742831 0.515172
0.749947 0.527986
0.756173 0.541613
0.761364 0.555836
0.765359 0.570095
0.373149 0.872522
0.375434 0.874981
0.377684 0.877380
0.380146 0.879985
0.382506 0.882460
0.385008 0.885054
0.387321 0.887443
0.389622 0.889796
0.391858 0.892071
0.394217 0.894448
0.396331 0.896571
0.398862 0.899077
0.259614 0.872638
0.271103 0.888042
0.282617 0.902709
0.294894 0.917651
0.307176 0.931909
0.318643 0.944668
0.331188 0.958047
0.344240 0.971377
0.357297 0.984127
0.369840 0.995874
0.382400 1.007148
0.394505 1.017578
0.564077 1.108789
0.566355 1.110701
0.568315 1.112485
0.570548 1.114445
0.572614 1.116326
0.574451 1.118092
0.575847 1.119646
0.577436 1.121248
0.578668 1.122719
0.579988 1.124169
0.581355 1.125749
0.582245 1.126929
1.054745 0.531889
1.055817 0.539439
1.056388 0.544343
1.057041 0.551416
1.057395 0.556848
1.057659 0.563159
1.057748 0.568931
1.057706 0.574528
1.057558 0.579651
1.057239 0.585659
1.056863 0.590686
1.056367 0.595971
0.500040 0.491774
0.502996 0.492543
0.505580 0.493187
0.508579 0.494002
0.511180 0.494672
0.514356 0.495581
0.516744 0.496204
0.520023 0.497181
0.522499 0.497872
0.525784 0.498893
0.528110 0.499555
0.531430 0.500645
0.956048 0.558410
0.956293 0.573679
0.955833 0.587445
0.954706 0.602273
0.952939 0.617106
0.950483 0.632345
0.947140 0.648952
0.943275 0.664962
0.938774 0.681146
0.933249 0.698764
0.927499 0.715326
0.920750 0.733092
0.893991 0.405519
0.904208 0.422543
0.913173 0.439600
0.921634 0.458297
0.928374 0.476058
0.933977 0.494109
0.938333 0.512100
0.941577 0.530595
0.943536 0.548398
0.944389 0.565976
0.944181 0.584998
0.942954 0.602704
0.406114 0.602230
0.412520 0.607395
0.419006 0.612659
0.425605 0.618101
0.432255 0.623631
0.438988 0.629360
0.445729 0.635183
0.452515 0.641214
0.459256 0.647337
0.466012 0.653687
0.472714 0.660183
0.479316 0.666806
0.927983 0.304963
0.954129 0.337344
0.979994 0.373756
1.001561 0.408839
1.018992 0.442408
1.032430 0.474466
1.041543 0.503335
1.047135 0.529646
1.049847 0.553988
1.050206 0.576560
1.048620 0.598316
1.045534 0.618780
0.573833 1.051880
0.575384 1.054159
0.576524 1.056110
0.577898 1.058256
0.579022 1.060175
0.580363 1.062274
0.581283 1.064008
0.582596 1.066150
0.583543 1.067928
0.584930 1.070216
0.585454 1.071564
0.586746 1.073740
0.412667 0.942167
0.415414 0.944623
0.417574 0.946572
0.420191 0.948876
0.422430 0.950865
0.424911 0.953024
0.427381 0.955166
0.429747 0.957216
0.432124 0.959246
0.434565 0.961320
0.436914 0.963318
0.439117 0.965170
0.381991 0.418940
0.389639 0.419817
0.398364 0.420732
0.407765 0.421610
0.417151 0.422340
0.426658 0.422963
0.437045 0.423609
0.447800 0.424215
0.459067 0.424835
0.470961 0.425514
0.483582 0.426314
0.496441 0.427224
0.392127 0.974688
0.404832 0.985801
0.416544 0.995682
0.428388 1.005290
0.439778 1.014183
0.450588 1.022362
0.460551 1.029699
0.470025 1.036519
0.478994 1.042823
0.487468 1.048667
0.495403 1.054053
0.502927 1.059120
0.377772 0.309885
0.386106 0.309019
0.393866 0.308094
0.403401 0.306944
0.414347 0.305620
0.425219 0.304255
0.436217 0.302862
0.448133 0.301418
0.461538 0.299884
0.475325 0.298439
0.490010 0.297095
0.505918 0.295935
0.501201 0.025207
0.519307 0.029974
0.539032 0.035569
0.562396 0.042697
0.585871 0.050372
0.609400 0.058589
0.635262 0.068287
0.662988 0.079568
0.689644 0.091372
0.716580 0.104412
0.745038 0.119618
0.772947 0.136120
0.279384 0.645946
0.282068 0.651035
0.284617 0.655738
0.287331 0.660686
0.290298 0.666110
0.292793 0.670446
0.296018 0.676161
0.298943 0.681186
0.302025 0.686442
0.305457 0.692243
0.308568 0.697308
0.312189 0.703230
0.450836 0.943842
0.453214 0.945898
0.455300 0.947694
0.457496 0.949579
0.459436 0.951273
0.461600 0.953103
0.463508 0.954761
0.465632 0.956547
0.467558 0.958192
0.469453 0.959824
0.471303 0.961387
0.473244 0.963044
0.156531 0.744583
0.162750 0.758517
0.169093 0.771937
0.175467 0.784721
0.182242 0.797677
0.190476 0.812733
0.198919 0.827310
0.207195 0.840936
0.216171 0.855073
0.225529 0.869132
0.235581 0.883551
0.245658 0.897400
0.072840 0.633946
0.075506 0.645661
0.078400 0.657222
0.081743 0.669508
0.085414 0.681955
0.090029 0.696491
0.095225 0.711615
0.101028 0.727297
0.106852 0.741977
0.113370 0.757420
0.120743 0.773857
0.128765 0.790677
0.442782 1.029961
0.453904 1.038101
0.464011 1.045296
0.474008 1.052182
0.482912 1.058213
0.491410 1.063850
0.499403 1.069069
0.506784 1.073848
0.513756 1.078358
0.520087 1.082451
0.526160 1.086369
0.531393 1.089805
0.133290 0.672210
0.137221 0.684583
0.141566 0.697346
0.146252 0.710219
0.151476 0.723675
0.157746 0.738919
0.164531 0.754326
0.171992 0.770217
0.179944 0.786109
0.188600 0.802451
0.197793 0.818748
0.207819 0.835583
0.049454 0.623473
0.051244 0.632443
0.053229 0.641659
0.055343 0.650663
0.057903 0.660816
0.060656 0.670920
0.063328 0.680149
0.067097 0.692424
0.070826 0.703758
0.074420 0.714042
0.079785 0.728691
0.083688 0.738684
0.540586 1.002552
0.543878 1.006064
0.546778 1.009339
0.549094 1.012219
0.552028 1.015547
0.554836 1.018844
0.556959 1.021651
0.559398 1.024709
0.562088 1.027973
0.563780 1.030494
0.565499 1.033017
0.567819 1.036059
0.766419 0.947601
0.760786 0.955352
0.755953 0.961864
0.751867 0.967082
0.746711 0.974124
0.741662 0.981110
0.738288 0.985306
0.734299 0.990676
0.731069 0.994799
0.727959 0.998733
0.724848 1.002801
0.721162 1.008008
0.953240 0.580073
0.952107 0.599078
0.949791 0.618994
0.946134 0.640159
0.941186 0.662066
0.935065 0.684147
0.927974 0.705983
0.919206 0.729848
0.909944 0.752414
0.899754 0.775182
0.888164 0.799087
0.876464 0.821612
0.235463 0.450040
0.235463 0.450040
0.235463 0.450040
0.235463 0.450040
0.235463 0.450040
0.236332 0.451702
0.237403 0.453792
0.238761 0.456305
0.240137 0.458814
0.241289 0.460940
0.242979 0.463884
0.244159 0.466004
1.052149 0.518442
1.054447 0.530739
1.056099 0.542738
1.057149 0.554580
1.057608 0.566103
1.057539 0.576645
1.057010 0.587304
1.056120 0.597168
1.054710 0.607992
1.053032 0.617905
1.051114 0.627405
1.048827 0.637277
0.463987 1.029849
0.466175 1.031407
0.468181 1.032854
0.470262 1.034357
0.472273 1.035773
0.474562 1.037370
0.476169 1.038553
0.478467 1.040119
0.480058 1.041261
0.482463 1.042893
0.483914 1.043959
0.485910 1.045310
0.501540 1.051154
0.503207 1.052271
0.504637 1.053273
0.506190 1.054367
0.507671 1.055367
0.509142 1.056409
0.510712 1.057454
0.512076 1.058407
0.513512 1.059422
0.514950 1.060387
0.516435 1.061400
0.517703 1.062319
0.621702 0.855020
0.621674 0.860955
0.621681 0.867038
0.621606 0.872694
0.621613 0.878645
0.621499 0.884000
0.621502 0.889725
0.621402 0.894910
0.621368 0.900288
0.621270 0.905296
0.621245 0.910484
0.621192 0.915382
0.292581 0.288138
0.295216 0.288753
0.299138 0.289490
0.303166 0.290123
0.305984 0.290522
0.308771 0.290870
0.312439 0.291200
0.317200 0.291507
0.321680 0.291692
0.325033 0.291765
0.328630 0.291773
0.333974 0.291700
0.622175 0.882125
0.622078 0.889498
0.621946 0.896594
0.621852 0.903580
0.621736 0.910328
0.621680 0.917045
0.621599 0.923499
0.621557 0.929818
0.621526 0.935997
0.621496 0.941950
0.621488 0.947777
0.621489 0.953469
0.596268 0.713546
0.599053 0.722134
0.601564 0.730797
0.603777 0.739428
0.605732 0.748062
0.607509 0.756794
0.609049 0.765451
0.610354 0.773969
0.611510 0.782463
0.612522 0.790928
0.613360 0.799204
0.614057 0.807334
0.768235 0.742911
0.763645 0.755450
0.758845 0.767877
0.754006 0.779745
0.749238 0.790962
0.744310 0.802332
0.739784 0.812240
0.734983 0.822872
0.730379 0.832806
0.726261 0.841234
0.721868 0.850616
0.717363 0.860350
0.405491 0.770935
0.411689 0.778284
0.418330 0.786064
0.424600 0.793322
0.431238 0.800922
0.437888 0.808449
0.444308 0.815682
0.450960 0.823103
0.457331 0.830204
0.463804 0.837374
0.469854 0.844135
0.476028 0.850995
0.103512 0.504228
0.103516 0.505859
0.103531 0.507497
0.103597 0.511112
0.103749 0.517009
0.103940 0.522684
0.104035 0.525033
0.104163 0.527336
0.104312 0.530151
0.104659 0.536263
0.105093 0.542836
0.105444 0.547236
0.841176 0.264057
0.863636 0.283918
0.885871 0.306051
0.909944 0.333278
0.930688 0.360060
0.950416 0.389271
0.966681 0.417297
0.981309 0.447471
0.992106 0.475388
0.999924 0.502351
1.004845 0.527714
1.007294 0.551922
0.328209 0.573436
0.333385 0.579082
0.338642 0.584751
0.344118 0.590594
0.349736 0.596522
0.355561 0.602617
0.361609 0.608932
0.367584 0.615065
0.373841 0.621495
0.380367 0.628209
0.386878 0.634850
0.393520 0.641639
0.465033 0.624249
0.472482 0.630429
0.479910 0.636855
0.487220 0.643456
0.494399 0.650251
0.501474 0.657325
0.508333 0.664563
0.515031 0.672072
0.521469 0.679748
0.527632 0.687592
0.533587 0.695700
0.539230 0.703943
0.271763 0.895782
0.285950 0.913535
0.300459 0.930725
0.314648 0.946669
0.329568 0.962620
0.345149 0.978437
0.360380 0.993120
0.375540 1.007008
0.390119 1.019719
0.404538 1.031675
0.418128 1.042422
0.431531 1.052517
0.187479 0.617598
0.189962 0.626024
0.192785 0.635191
0.195795 0.644578
0.199237 0.654819
0.202769 0.664736
0.206662 0.675203
0.211335 0.687275
0.215807 0.698089
0.221124 0.710388
0.226696 0.722618
0.232858 0.735449
0.098737 0.697971
0.103526 0.711789
0.109108 0.726806
0.114430 0.740193
0.120087 0.753629
0.127189 0.769607
0.134892 0.785915
0.142827 0.801741
0.151020 0.817231
0.160541 0.834336
0.170730 0.851607
0.180742 0.867728
0.388489 0.429134
0.391613 0.429562
0.394926 0.429995
0.398601 0.430483
0.402299 0.430950
0.405929 0.431380
0.409533 0.431787
0.413053 0.432143
0.416664 0.432508
0.420411 0.432869
0.424108 0.433208
0.428222 0.433601
0.713875 0.255120
0.734656 0.264135
0.754962 0.274385
0.774859 0.285893
0.793957 0.298523
0.812612 0.312507
0.830273 0.327520
0.847175 0.343742
0.864032 0.362111
0.879064 0.380744
0.893209 0.400809
0.905486 0.420910
0.428755 0.929282
0.431097 0.931385
0.433408 0.933456
0.435673 0.935486
0.437885 0.937443
0.440209 0.939488
0.442408 0.941432
0.444552 0.943301
0.446586 0.945096
0.448851 0.947041
0.451046 0.948932
0.453224 0.950813
0.358035 0.475237
0.362758 0.477134
0.368190 0.479297
0.373703 0.481409
0.379067 0.483357
0.384923 0.485450
0.390898 0.487515
0.396845 0.489481
0.403097 0.491508
0.409574 0.493563
0.416092 0.495565
0.422889 0.497630
0.983089 0.351832
1.013342 0.397596
1.036243 0.439110
1.053659 0.479286
1.063765 0.511788
1.069384 0.541145
1.071366 0.568041
1.070458 0.592651
1.067264 0.616077
1.062539 0.637528
1.056077 0.659957
1.047754 0.684225
0.333664 0.762471
0.340164 0.771517
0.346963 0.780734
0.353951 0.789876
0.361213 0.799123
0.368662 0.808288
0.376279 0.817406
0.383391 0.825677
0.391140 0.834452
0.399151 0.843289
0.407382 0.852135
0.415136 0.860290
0.968824 0.799779
0.954486 0.828978
0.939604 0.857582
0.924193 0.885485
0.908796 0.911911
0.892850 0.937879
0.878992 0.959209
0.864760 0.980104
0.853299 0.996152
0.842430 1.010699
0.830999 1.025364
0.821146 1.037496
0.601052 0.444230
0.614294 0.448611
0.627261 0.453619
0.639932 0.459310
0.652392 0.465814
0.664142 0.472901
0.675538 0.480857
0.686111 0.489383
0.696199 0.498798
0.706021 0.509520
0.714420 0.520286
0.721902 0.531558
0.342111 0.951613
0.344981 0.954544
0.348143 0.957744
0.351139 0.960742
0.354362 0.963927
0.357260 0.966771
0.360198 0.969621
0.362996 0.972315
0.366000 0.975173
0.368633 0.977662
0.371864 0.980671
0.374510 0.983125
0.460477 0.958425
0.462430 0.960097
0.464566 0.961871
0.466537 0.963530
0.468419 0.965133
0.470350 0.966735
0.472259 0.968348
0.474093 0.969870
0.475961 0.971427
0.477753 0.972944
0.479624 0.974477
0.481557 0.976067
1.041958 0.614383
1.040960 0.619911
1.039957 0.625019
1.038814 0.630444
1.037584 0.635797
1.036272 0.641233
1.034863 0.646664
1.033349 0.652244
1.031701 0.658070
1.029947 0.663929
1.028168 0.669703
1.026127 0.676020
0.583416 0.886706
0.584785 0.891837
0.586050 0.896776
0.587382 0.901839
0.588510 0.906574
0.589694 0.911436
0.590761 0.916087
0.591817 0.920763
0.592823 0.925313
0.593814 0.929836
0.594810 0.934338
0.595694 0.938644
0.077088 0.540221
0.077454 0.547242
0.077755 0.551451
0.078088 0.555575
0.078647 0.562379
0.079456 0.571015
0.080428 0.579852
0.081374 0.587134
0.082349 0.593986
0.083509 0.601378
0.085083 0.610607
0.086910 0.620369
0.722350 0.711557
0.721757 0.714651
0.721105 0.718437
0.720459 0.721544
0.719754 0.725334
0.719094 0.728086
0.718341 0.731897
0.717599 0.735168
0.716857 0.738392
0.716051 0.741921
0.715270 0.745118
0.714483 0.748288
0.540709 0.744096
0.541880 0.746141
0.542965 0.748101
0.544125 0.750172
0.545187 0.752146
0.546306 0.754207
0.547384 0.756241
0.548424 0.758255
0.549484 0.760301
0.550527 0.762354
0.551511 0.764355
0.552546 0.766432
0.364725 0.623026
0.370664 0.629441
0.376799 0.636059
0.383066 0.642799
0.389340 0.649506
0.395833 0.656508
0.402468 0.663662
0.409227 0.670964
0.416064 0.678420
0.422996 0.686008
0.429947 0.693689
0.437040 0.701633
0.579594 0.760848
0.582961 0.771285
0.585989 0.781680
0.588705 0.791996
0.591108 0.802163
0.593284 0.812240
0.595231 0.822160
0.596980 0.831915
0.598578 0.841524
0.599992 0.850892
0.601273 0.860060
0.602411 0.868976
0.826269 0.744693
0.820092 0.759095
0.812986 0.774849
0.806131 0.789159
0.799698 0.801911
0.792730 0.815317
0.786295 0.827199
0.779492 0.839617
0.773023 0.851063
0.767521 0.860316
0.761118 0.871422
0.755363 0.881107
0.245339 0.988061
0.249380 0.992794
0.253271 0.997280
0.257285 1.001867
0.261512 1.006651
0.265224 1.010788
0.269271 1.015260
0.273091 1.019445
0.277350 1.024038
0.281082 1.028037
0.283949 1.031072
0.288531 1.035879
0.567402 1.040435
0.569700 1.043658
0.571860 1.046713
0.573853 1.049730
0.575864 1.052714
0.577598 1.055506
0.579153 1.058147
0.580771 1.060870
0.582317 1.063544
0.583842 1.066216
0.585394 1.068982
0.586568 1.071278
0.423505 0.515603
0.425604 0.516381
0.427666 0.517135
0.429803 0.517925
0.431869 0.518675
0.434084 0.519499
0.436108 0.520223
0.438421 0.521094
0.440452 0.521818
0.442859 0.522735
0.444823 0.523424
0.447341 0.524398
0.138422 0.579329
0.139684 0.586581
0.140765 0.592212
0.142194 0.599461
0.144104 0.608722
0.146058 0.617407
0.147999 0.625468
0.150340 0.634754
0.153131 0.645160
0.156255 0.656045
0.159459 0.666470
0.163298 0.678243
0.305648 0.367825
0.309134 0.368955
0.312360 0.369941
0.315510 0.370819
0.319636 0.371887
0.322412 0.372541
0.327404 0.373637
0.329861 0.374098
0.335193 0.375081
0.338256 0.375534
0.343117 0.376237
0.347394 0.376764
0.381124 0.385519
0.387285 0.385772
0.392241 0.385861
0.397290 0.385910
0.403793 0.386006
0.408892 0.385955
0.415220 0.385933
0.421482 0.385861
0.427432 0.385746
0.434270 0.385617
0.440990 0.385462
0.448029 0.385299
0.783127 0.840345
0.774729 0.855080
0.767296 0.867669
0.760091 0.879591
0.753338 0.890653
0.747287 0.900244
0.741175 0.910080
0.735534 0.919121
0.730446 0.927084
0.725212 0.935578
0.720619 0.942970
0.716790 0.948819
0.610174 0.269491
0.614630 0.270044
0.620674 0.270922
0.624471 0.271487
0.630819 0.272545
0.634816 0.273256
0.641272 0.274500
0.644801 0.275209
0.651334 0.276659
0.655451 0.277575
0.661110 0.278993
0.665860 0.280201
0.979758 0.561185
0.979844 0.566266
0.979827 0.572896
0.979719 0.577751
0.979473 0.583835
0.979192 0.588584
0.978792 0.594118
0.978305 0.599384
0.977688 0.605180
0.977048 0.610423
0.976208 0.616426
0.975407 0.621629
0.446522 0.411894
0.455242 0.412151
0.463954 0.412388
0.473147 0.412669
0.482937 0.413035
0.492038 0.413359
0.502469 0.413904
0.513642 0.414634
0.523639 0.415336
0.534925 0.416370
0.546588 0.417689
0.557649 0.419130
0.704706 0.322323
0.720909 0.329496
0.736106 0.337231
0.751757 0.346353
0.766592 0.356164
0.780733 0.366785
0.793819 0.377852
0.806483 0.389925
0.819187 0.403672
0.829965 0.416903
0.840625 0.431845
0.849761 0.446574
0.079668 0.517559
0.079774 0.525136
0.079818 0.525638
0.080047 0.534282
0.080089 0.533724
0.080469 0.543059
0.080548 0.543338
0.081070 0.552187
0.081230 0.553762
0.081862 0.561951
0.082220 0.565473
0.082971 0.572996
0.515440 0.595592
0.521006 0.599703
0.526358 0.603836
0.531704 0.608194
0.536974 0.612731
0.542024 0.617319
0.546996 0.622110
0.551822 0.627048
0.556497 0.632135
0.561073 0.637444
0.565456 0.642879
0.569607 0.648387
0.194672 0.774019
0.202108 0.788253
0.210380 0.803251
0.219103 0.818212
0.228130 0.832884
0.237800 0.847818
0.248184 0.863072
0.258669 0.877684
0.269955 0.892711
0.281256 0.907033
0.293248 0.921579
0.305349 0.935601
0.338724 0.255964
0.343186 0.255565
0.346841 0.255205
0.349460 0.254886
0.353546 0.254415
0.358696 0.253814
0.362983 0.253237
0.365935 0.252802
0.370243 0.252209
0.376315 0.251350
0.381072 0.250636
0.384891 0.250040
1.116507 0.689238
1.108930 0.705950
1.100529 0.723308
1.090542 0.743152
1.079907 0.763948
1.068541 0.786209
1.055157 0.812570
1.039869 0.842792
1.022780 0.876344
1.004679 0.910993
0.983006 0.950606
0.962003 0.986664
0.317590 0.546139
0.319470 0.548112
0.321359 0.550080
0.323206 0.551980
0.325057 0.553868
0.326925 0.555761
0.328830 0.557683
0.330813 0.559682
0.332825 0.561692
0.334873 0.563747
0.336912 0.565758
0.338952 0.567771
0.470775 0.656826
0.475596 0.661565
0.480354 0.666373
0.485087 0.671281
0.489731 0.676249
0.494328 0.681322
0.498868 0.686500
0.503230 0.691633
0.507538 0.696887
0.511804 0.702277
0.515945 0.707712
0.520023 0.713262
0.281684 0.457589
0.284403 0.460228
0.287363 0.463026
0.290289 0.465724
0.293198 0.468340
0.296402 0.471151
0.299660 0.473939
0.302831 0.476579
0.306222 0.479334
0.309797 0.482174
0.313294 0.484875
0.316907 0.487596
0.893884 0.691649
0.886471 0.713644
0.878217 0.735303
0.869123 0.756807
0.859594 0.777418
0.849519 0.797762
0.839414 0.816929
0.829272 0.835197
0.819730 0.851618
0.810060 0.867617
0.801095 0.881990
0.792437 0.895461
0.076073 0.552080
0.076461 0.557033
0.076991 0.563253
0.077616 0.569660
0.078505 0.577916
0.079629 0.587037
0.080889 0.595960
0.082268 0.604634
0.083968 0.614323
0.085740 0.623417
0.087909 0.633649
0.090380 0.644316
0.865453 0.355051
0.881431 0.374473
0.896291 0.395143
0.909148 0.415734
0.920257 0.436453
0.930171 0.458447
0.938085 0.480066
0.944230 0.501693
0.948659 0.523382
0.951367 0.544892
0.952461 0.566057
0.952067 0.587637
0.536807 1.104408
0.540498 1.106825
0.543851 1.109017
0.547087 1.111217
0.550372 1.113379
0.553389 1.115486
0.556409 1.117571
0.559243 1.119541
0.561733 1.121388
0.564174 1.123225
0.566548 1.125043
0.568403 1.126644
0.430115 0.267078
0.437411 0.266021
0.445829 0.264885
0.454271 0.263787
0.463392 0.262677
0.472398 0.261657
0.482466 0.260611
0.492599 0.259681
0.503154 0.258851
0.514059 0.258152
0.525765 0.257617
0.537175 0.257264
0.767699 0.738736
0.762351 0.753638
0.756835 0.768061
0.751111 0.782227
0.745588 0.795201
0.739992 0.807969
0.734579 0.819877
0.729219 0.831589
0.724120 0.842416
0.719092 0.853153
0.714189 0.863670
0.709636 0.873331
0.273064 0.482763
0.275645 0.485933
0.278403 0.489263
0.281184 0.492565
0.283920 0.495740
0.286731 0.498953
0.289780 0.502376
0.292920 0.505841
0.295998 0.509169
0.299124 0.512485
0.302443 0.515955
0.305904 0.519519
0.993582 0.835571
0.983013 0.856431
0.971123 0.879170
0.959116 0.901241
0.946753 0.923193
0.935264 0.942749
0.924204 0.960904
0.912949 0.978689
0.901906 0.995457
0.891246 1.011000
0.882006 1.023957
0.872201 1.037249
0.060821 0.679321
0.065614 0.694851
0.070527 0.709487
0.075700 0.723825
0.081667 0.739320
0.089102 0.757400
0.097577 0.776611
0.106506 0.795519
0.115774 0.813931
0.125809 0.832724
0.137254 0.852940
0.149542 0.873318
0.091251 0.641174
0.093978 0.652226
0.096913 0.663222
0.100380 0.675291
0.104346 0.688117
0.108570 0.700821
0.113040 0.713397
0.118103 0.726826
0.124305 0.742261
0.131062 0.758029
0.138349 0.773995
0.145915 0.789607
0.282829 0.494848
0.286290 0.498826
0.289871 0.502851
0.293687 0.507047
0.297633 0.511300
0.301717 0.515616
0.305808 0.519830
0.310029 0.524088
0.314416 0.528421
0.319069 0.532953
0.323867 0.537536
0.328755 0.542116
0.602534 0.796016
0.603921 0.804899
0.605089 0.813539
0.606178 0.822161
0.607097 0.830551
0.607949 0.838852
0.608674 0.846941
0.609362 0.854940
0.609943 0.862710
0.610505 0.870371
0.611004 0.877846
0.611471 0.885180
0.925500 0.377123
0.929478 0.383032
0.933553 0.389305
0.937476 0.395569
0.941223 0.401761
0.944754 0.407819
0.948017 0.413633
0.951367 0.419821
0.954729 0.426308
0.958009 0.432918
0.961092 0.439435
0.964007 0.445910
0.632690 0.532059
0.641348 0.539689
0.649566 0.547950
0.657711 0.557409
0.664640 0.566727
0.670886 0.576515
0.676269 0.586418
0.681228 0.597196
0.685398 0.608178
0.688864 0.619445
0.691651 0.630965
0.693757 0.642590
1.067972 0.627990
1.064262 0.642826
1.059586 0.658657
1.053962 0.675392
1.047477 0.692921
1.040047 0.711690
1.032181 0.730580
1.022444 0.753074
1.011638 0.777049
0.999635 0.802739
0.986319 0.830119
0.971733 0.858806
0.311376 0.430757
0.316067 0.433178
0.320943 0.435560
0.325824 0.437808
0.330766 0.439953
0.336048 0.442122
0.341463 0.444212
0.347188 0.446296
0.353016 0.448281
0.359216 0.450272
0.365834 0.452276
0.372704 0.454223
0.430525 0.553034
0.433038 0.554312
0.435738 0.555723
0.438334 0.557061
0.440912 0.558395
0.443653 0.559844
0.446296 0.561227
0.448911 0.562601
0.451672 0.564083
0.454357 0.565518
0.457035 0.566962
0.459803 0.568479
1.111794 0.543589
1.114694 0.571395
1.114243 0.596062
1.111404 0.618197
1.106816 0.638734
1.100478 0.659450
1.093225 0.679022
1.084507 0.699780
1.074041 0.722863
1.062679 0.746952
1.049229 0.774894
1.032538 0.809197
1.056901 0.548806
1.057344 0.554610
1.057655 0.560773
1.057810 0.566599
1.057816 0.572369
1.057708 0.577509
1.057460 0.583346
1.057112 0.588561
1.056644 0.593954
1.056129 0.598813
1.055286 0.605332
1.054626 0.609789
0.664254 0.388129
0.679200 0.394203
0.693387 0.400973
0.707364 0.408695
0.720462 0.417077
0.733481 0.426680
0.745483 0.436868
0.756839 0.448013
0.767524 0.460154
0.777008 0.472691
0.785709 0.486171
0.792857 0.499316
0.188802 0.647734
0.192280 0.658232
0.196055 0.669090
0.200192 0.680334
0.204678 0.691859
0.209953 0.704800
0.214982 0.716343
0.221390 0.730389
0.227533 0.743053
0.234992 0.757646
0.242524 0.771557
0.251321 0.786912
0.250146 0.527656
0.251301 0.529867
0.253326 0.533753
0.254567 0.536086
0.256294 0.539339
0.258167 0.542848
0.259390 0.545027
0.261564 0.549086
0.263049 0.551731
0.264832 0.554937
0.266887 0.558626
0.268280 0.561002
0.289359 0.559441
0.292929 0.564506
0.296671 0.569745
0.300828 0.575586
0.305006 0.581342
0.309237 0.587075
0.313653 0.593001
0.318245 0.599086
0.323039 0.605407
0.327886 0.611690
0.332980 0.618247
0.338096 0.624731
0.250278 0.421405
0.250278 0.421405
0.250278 0.421405
0.250278 0.421405
0.250278 0.421405
0.250278 0.421405
0.250278 0.421405
0.250278 0.421405
0.250278 0.421405
0.250278 0.421405
0.250278 0.421405
0.250278 0.421405
0.739403 0.554311
0.743927 0.566725
0.747481 0.579070
0.750271 0.591789
0.752303 0.604847
0.753585 0.618202
0.754106 0.631398
0.753968 0.645123
0.753167 0.657989
0.751811 0.671208
0.749927 0.684599
0.747554 0.698155
0.676852 0.200277
0.699397 0.207901
0.721909 0.216805
0.744417 0.227167
0.766666 0.238899
0.788289 0.251918
0.809482 0.266342
0.830210 0.282281
0.850006 0.299421
0.869374 0.318254
0.889118 0.339945
0.907088 0.362312
0.293273 0.368837
0.296229 0.370161
0.298608 0.371196
0.302562 0.372747
0.304586 0.373539
0.308646 0.374954
0.311515 0.375910
0.314960 0.376958
0.319050 0.378117
0.321805 0.378833
0.326879 0.380068
0.329738 0.380679
0.280990 0.748529
0.287744 0.759836
0.294604 0.770787
0.301905 0.781948
0.309704 0.793400
0.317833 0.804839
0.326620 0.816703
0.335511 0.828170
0.344641 0.839458
0.353958 0.850541
0.363516 0.861467
0.373132 0.872062
0.375245 0.898537
0.377992 0.901347
0.380326 0.903728
0.382862 0.906283
0.385146 0.908575
0.387759 0.911164
0.389945 0.913324
0.392689 0.915995
0.394926 0.918170
0.397687 0.920812
0.399992 0.923017
0.402586 0.925462
0.524219 0.716896
0.525599 0.718891
0.526973 0.720908
0.528266 0.722847
0.529656 0.724932
0.530916 0.726881
0.532274 0.728977
0.533520 0.730959
0.534827 0.733041
0.536068 0.735063
0.537284 0.737084
0.538524 0.739151
0.589460 0.748929
0.592348 0.759101
0.594939 0.769304
0.597260 0.779499
0.599268 0.789532
0.601021 0.799436
0.602593 0.809255
0.603962 0.818907
0.605156 0.828359
0.606185 0.837591
0.607146 0.846735
0.607979 0.855635
0.390076 0.220529
0.400578 0.218907
0.410209 0.217411
0.421096 0.215796
0.433102 0.214113
0.446026 0.212442
0.459644 0.210870
0.473854 0.209432
0.489601 0.208134
0.506251 0.207141
0.523423 0.206542
0.543212 0.206462
0.784302 0.717089
0.778756 0.733870
0.772895 0.750035
0.766878 0.765320
0.760522 0.780630
0.754377 0.794634
0.748085 0.808481
0.742120 0.821119
0.736148 0.833661
0.730436 0.845341
0.724762 0.857009
0.719687 0.867188
0.609787 0.794808
0.610619 0.802151
0.611337 0.809386
0.611996 0.816594
0.612586 0.823714
0.613091 0.830703
0.613513 0.837534
0.613893 0.844267
0.614263 0.850979
0.614574 0.857533
0.614831 0.863929
0.615082 0.870222
0.392970 0.800821
0.400272 0.809310
0.407359 0.817371
0.414724 0.825579
0.422137 0.833686
0.429351 0.841457
0.436635 0.849185
0.443837 0.856726
0.450897 0.864052
0.457931 0.871293
0.464895 0.878413
0.471550 0.885221
0.111506 0.711420
0.112613 0.714408
0.114276 0.718940
0.115451 0.722031
0.117137 0.726437
0.118407 0.729646
0.120186 0.734163
0.121683 0.737859
0.123429 0.742089
0.125078 0.746050
0.126835 0.750178
0.128621 0.754312
0.585500 1.130675
0.586119 1.131644
0.586256 1.132258
0.588357 1.134368
0.588940 1.135279
0.588933 1.135773
0.591377 1.138208
0.591578 1.138861
0.591106 1.138943
0.593955 1.141769
0.593886 1.142175
0.592175 1.141190
0.621957 0.474412
0.632545 0.479728
0.642502 0.485381
0.651989 0.491462
0.661636 0.498503
0.670373 0.505709
0.678709 0.513496
0.687015 0.522392
0.694010 0.530942
0.700928 0.540673
0.706839 0.550326
0.711906 0.559983
0.914405 0.548745
0.915598 0.570808
0.915135 0.593863
0.912986 0.617163
0.909127 0.641409
0.903656 0.665953
0.896728 0.690430
0.888127 0.715881
0.878153 0.741537
0.867868 0.765044
0.856148 0.789567
0.844595 0.811921
0.351633 0.710533
0.356822 0.717637
0.362258 0.724995
0.367831 0.732359
0.373605 0.739891
0.379598 0.747597
0.385743 0.755319
0.391853 0.762878
0.398195 0.770610
0.404445 0.778078
0.410822 0.785608
0.417189 0.793011
0.956765 0.353882
0.975920 0.382083
0.992288 0.409315
1.005949 0.435389
1.017921 0.462427
1.026408 0.486064
1.032638 0.508570
1.036781 0.529926
1.039037 0.549969
1.039702 0.568416
1.039060 0.586484
1.037109 0.605183
1.052090 0.425961
1.070941 0.463649
1.084375 0.498138
1.092165 0.526310
1.096404 0.551737
1.097770 0.574039
1.096930 0.595593
1.094357 0.615083
1.090260 0.634246
1.085438 0.651381
1.079327 0.669454
1.072241 0.687986
0.235243 0.693849
0.238210 0.700497
0.240617 0.705628
0.243340 0.711351
0.246624 0.718168
0.249723 0.724381
0.252755 0.730266
0.256257 0.736978
0.259912 0.743789
0.263393 0.750078
0.267289 0.756972
0.271504 0.764240
0.476467 0.623580
0.482704 0.628750
0.488906 0.634102
0.494986 0.639553
0.500995 0.645196
0.506916 0.651031
0.512681 0.656999
0.518300 0.663123
0.523746 0.669397
0.529024 0.675832
0.534112 0.682409
0.538998 0.689122
1.129915 0.656107
1.123652 0.673603
1.116724 0.690318
1.108901 0.707455
1.100261 0.725223
1.090099 0.745317
1.079159 0.766663
1.066972 0.790508
1.053477 0.817072
1.037674 0.848316
1.019651 0.883601
0.999831 0.921173
0.164394 0.741533
0.168079 0.749770
0.173484 0.761565
0.178035 0.770988
0.183669 0.782239
0.189183 0.792792
0.195286 0.804029
0.201647 0.815269
0.208132 0.826280
0.215018 0.837556
0.222077 0.848656
0.229524 0.859941
0.549971 0.922325
0.550823 0.923794
0.551778 0.925321
0.552532 0.926694
0.553416 0.928154
0.554181 0.929518
0.555042 0.931024
0.555756 0.932310
0.556643 0.933825
0.557221 0.935028
0.558247 0.936680
0.558842 0.937879
0.805406 0.986194
0.799460 0.993807
0.793723 1.001104
0.788741 1.007202
0.785089 1.011561
0.780783 1.016698
0.776390 1.021902
0.772545 1.026354
0.769564 1.029661
0.766207 1.033444
0.761888 1.038411
0.758607 1.042123
0.166037 0.772217
0.173005 0.786214
0.180513 0.800540
0.188856 0.815651
0.197970 0.831312
0.207268 0.846487
0.216967 0.861502
0.227384 0.876888
0.238137 0.892052
0.248975 0.906621
0.260276 0.921197
0.271978 0.935645
0.588876 0.926237
0.590372 0.932120
0.591748 0.937791
0.592988 0.943240
0.594240 0.948640
0.595429 0.953992
0.596607 0.959276
0.597743 0.964426
0.598763 0.969399
0.599814 0.974341
0.600759 0.979075
0.601648 0.983662
0.219106 0.819478
0.228427 0.834567
0.238507 0.850069
0.249187 0.865615
0.260115 0.880767
0.271471 0.895726
0.283345 0.910671
0.295536 0.925291
0.307711 0.939265
0.320418 0.953232
0.333061 0.966531
0.346137 0.979697
1.052613 0.476128
1.064170 0.512856
1.070076 0.545614
1.071527 0.574695
1.069735 0.600837
1.065327 0.626431
1.059121 0.650488
1.050505 0.676956
1.039977 0.704915
1.026669 0.737143
1.011014 0.772656
0.991817 0.813559
0.961596 0.535608
0.963307 0.556993
0.963455 0.578895
0.962118 0.600207
0.959307 0.622391
0.954957 0.645643
0.948907 0.670268
0.941521 0.694973
0.932603 0.720483
0.922055 0.747181
0.910515 0.773364
0.897950 0.799554
1.026385 0.611287
1.021387 0.637198
1.013819 0.665943
1.004524 0.694794
0.991957 0.728658
0.977020 0.764529
0.959110 0.803503
0.938582 0.844270
0.916933 0.883753
0.896084 0.918922
0.875531 0.951184
0.856476 0.979107
0.933210 0.690067
0.925421 0.713270
0.916552 0.736522
0.906703 0.759861
0.896243 0.782588
0.884903 0.805523
0.873576 0.826933
0.862031 0.847556
0.850162 0.867831
0.839260 0.885512
0.828317 0.902660
0.818195 0.917928
0.848661 0.454913
0.855804 0.469049
0.862541 0.484710
0.867858 0.499642
0.872340 0.515193
0.875895 0.531203
0.878457 0.547446
0.879997 0.563379
0.880628 0.579617
0.880327 0.597104
0.879159 0.613008
0.877126 0.629737
0.182356 0.761434
0.188911 0.774818
0.195986 0.788452
0.203566 0.802383
0.211419 0.816066
0.219524 0.829491
0.228286 0.843384
0.237413 0.857164
0.247070 0.871078
0.257241 0.885117
0.267802 0.899023
0.278410 0.912417
0.605272 1.066510
0.605272 1.066510
0.605272 1.066510
0.605272 1.066510
0.605272 1.066510
0.605272 1.066510
0.605272 1.066510
0.605272 1.066510
0.605272 1.066510
0.605272 1.066510
0.605272 1.066510
0.605272 1.066510
0.221220 0.853157
0.231136 0.867953
0.241467 0.882693
0.252118 0.897172
0.263222 0.911632
0.274922 0.926228
0.286807 0.940403
0.298916 0.954270
0.309743 0.966194
0.322134 0.979327
0.334486 0.991897
0.347425 1.004529
0.424775 0.687308
0.431355 0.694569
0.438086 0.702113
0.444728 0.709606
0.451476 0.717349
0.458136 0.725089
0.464465 0.732571
0.470966 0.740392
0.477485 0.748393
0.483867 0.756391
0.490064 0.764346
0.496101 0.772299
0.332190 0.398349
0.337352 0.399634
0.341764 0.400606
0.346038 0.401462
0.351549 0.402501
0.357756 0.403578
0.363101 0.404360
0.368191 0.404992
0.374206 0.405696
0.381053 0.406431
0.387435 0.406983
0.393542 0.407400
0.247596 0.894265
0.261666 0.912713
0.276418 0.931016
0.291807 0.949113
0.306780 0.965811
0.321887 0.981866
0.338033 0.998162
0.353905 1.013366
0.369268 1.027351
0.384471 1.040494
0.399019 1.052445
0.413531 1.063747
0.526213 0.923772
0.528029 0.926086
0.529856 0.928419
0.531741 0.930813
0.533484 0.933094
0.535319 0.935472
0.537081 0.937821
0.538869 0.940151
0.540459 0.942340
0.541957 0.944483
0.543711 0.946817
0.545177 0.948926
0.504636 1.019125
0.510158 1.023418
0.515595 1.027695
0.520869 1.031811
0.525524 1.035605
0.529914 1.039185
0.533922 1.042603
0.537995 1.046016
0.541623 1.049203
0.544977 1.052240
0.548239 1.055241
0.551434 1.058262
0.598149 0.669930
0.601854 0.678121
0.605198 0.686430
0.608239 0.694916
0.610974 0.703538
0.613354 0.712138
0.615451 0.720811
0.617239 0.729418
0.618783 0.738057
0.620134 0.746788
0.621263 0.755457
0.622163 0.763966
0.431718 0.940223
0.440699 0.948089
0.449314 0.955475
0.457818 0.962650
0.465950 0.969393
0.473393 0.975549
0.480778 0.981583
0.487777 0.987285
0.494097 0.992498
0.500557 0.997731
0.506613 1.002716
0.512056 1.007239
0.135870 0.631852
0.138589 0.642627
0.141785 0.654363
0.145126 0.665715
0.149145 0.678465
0.153407 0.691099
0.158430 0.705020
0.164385 0.720424
0.169948 0.733769
0.176554 0.748771
0.184461 0.765607
0.192351 0.781286
0.445358 0.539382
0.447636 0.540391
0.449688 0.541267
0.451969 0.542283
0.454092 0.543207
0.456353 0.544218
0.458494 0.545161
0.460763 0.546185
0.462954 0.547168
0.465194 0.548186
0.467424 0.549205
0.469669 0.550241
0.417458 0.677813
0.424121 0.685093
0.430799 0.692446
0.437546 0.699956
0.444254 0.707508
0.451134 0.715382
0.457847 0.723156
0.464349 0.730821
0.470966 0.738774
0.477527 0.746815
0.483996 0.754923
0.490256 0.762965
0.492507 0.386353
0.506660 0.386378
0.523369 0.386820
0.539935 0.387599
0.556705 0.388845
0.575332 0.390967
0.592550 0.393545
0.611073 0.397284
0.629236 0.401983
0.647412 0.407869
0.665366 0.415035
0.682310 0.423265
0.096885 0.634012
0.100159 0.647820
0.103783 0.661542
0.108176 0.676682
0.113148 0.692376
0.119584 0.710964
0.125358 0.726185
0.133586 0.746400
0.141907 0.765195
0.151429 0.785148
0.162413 0.806528
0.173654 0.826853
0.509279 0.659364
0.515328 0.665967
0.521185 0.672739
0.526826 0.679656
0.532307 0.686800
0.537532 0.694064
0.542521 0.701464
0.547239 0.708950
0.551729 0.716576
0.555995 0.724326
0.559960 0.732083
0.563731 0.739970
1.094515 0.740131
1.082464 0.763565
1.069385 0.789046
1.054067 0.819110
1.036319 0.854159
1.015842 0.893981
0.993873 0.935129
0.970084 0.977010
0.947714 1.013472
0.926869 1.044761
0.907892 1.071033
0.890654 1.093035
0.607245 0.419857
0.620853 0.423729
0.634581 0.428397
0.648110 0.433771
0.660921 0.439716
0.673731 0.446615
0.685960 0.454227
0.697800 0.462792
0.708705 0.471876
0.719087 0.481918
0.728648 0.492657
0.737419 0.504169
0.311198 0.319080
0.315540 0.319681
0.319918 0.320170
0.324791 0.320591
0.329677 0.320892
0.334802 0.321092
0.340172 0.321186
0.345412 0.321165
0.351386 0.321047
0.357405 0.320816
0.363899 0.320473
0.370581 0.320021
0.357319 0.847937
0.366539 0.858471
0.375894 0.868770
0.385446 0.878921
0.395047 0.888801
0.404564 0.898293
0.414122 0.907545
0.423642 0.916509
0.432638 0.924800
0.441787 0.933034
0.450480 0.940728
0.459158 0.948264
0.190326 0.715362
0.194782 0.725814
0.199697 0.736832
0.205006 0.748179
0.210727 0.759824
0.216908 0.771874
0.223652 0.784342
0.230801 0.796991
0.238614 0.810143
0.246601 0.822918
0.255058 0.835878
0.264039 0.848973
0.648932 0.962115
0.647960 0.966958
0.647052 0.972538
0.646210 0.976699
0.645415 0.980620
0.644665 0.984250
0.643978 0.988726
0.643374 0.993969
0.642803 0.998535
0.642290 1.003217
0.641718 1.005575
0.641211 1.008590
0.316804 0.669421
0.321623 0.676863
0.326724 0.684628
0.332032 0.692563
0.337620 0.700773
0.343528 0.709295
0.349588 0.717838
0.355736 0.726307
0.362201 0.735063
0.368879 0.743862
0.375749 0.752755
0.382801 0.761666
0.077566 0.679127
0.082401 0.694616
0.087931 0.710887
0.094060 0.727533
0.100785 0.744466
0.108505 0.762609
0.116960 0.781144
0.126529 0.800788
0.136941 0.820712
0.148171 0.840909
0.160263 0.861274
0.172727 0.881077
0.142530 0.801958
0.153126 0.821862
0.164365 0.841633
0.176206 0.861229
0.188473 0.880318
0.201611 0.899682
0.215212 0.918631
0.229380 0.937406
0.243968 0.955794
0.259038 0.973892
0.274430 0.991544
0.288654 1.007157
0.322665 0.651437
0.324191 0.653791
0.324984 0.654835
0.326476 0.657125
0.327416 0.658430
0.328841 0.660548
0.329851 0.661977
0.331251 0.664050
0.332308 0.665527
0.333713 0.667570
0.334833 0.669157
0.336222 0.671170
0.512803 0.541274
0.524699 0.546839
0.536740 0.553089
0.548394 0.559812
0.559902 0.567293
0.570704 0.575223
0.581266 0.584101
0.590991 0.593493
0.600151 0.603756
0.608536 0.614733
0.615850 0.626028
0.622342 0.637949
0.091589 0.549252
0.092071 0.555193
0.092658 0.561601
0.093406 0.569010
0.094265 0.576381
0.095347 0.584727
0.096600 0.593343
0.097991 0.601925
0.099617 0.611048
0.101518 0.620779
0.103773 0.631344
0.106225 0.641792
0.546256 1.128227
0.549684 1.130269
0.553032 1.132309
0.556382 1.134355
0.559280 1.136205
0.561747 1.137906
0.564132 1.139506
0.566663 1.141258
0.569115 1.142912
0.571293 1.144526
0.573365 1.146026
0.575321 1.147561
0.144673 0.648096
0.146834 0.655818
0.148904 0.662788
0.151374 0.670811
0.153926 0.678683
0.156469 0.686199
0.159866 0.695954
0.162626 0.703400
0.166607 0.713853
0.169454 0.720851
0.174023 0.731904
0.177422 0.739679
1.071314 0.642486
1.064478 0.664698
1.055836 0.688546
1.045030 0.715360
1.032555 0.744342
1.017695 0.777287
1.000184 0.814293
0.979198 0.856285
0.956465 0.898843
0.933459 0.938893
0.911636 0.974136
0.890486 1.005784
0.762180 0.533542
0.768918 0.551580
0.773752 0.569612
0.777093 0.588628
0.778774 0.607506
0.779050 0.627477
0.777899 0.646179
0.775543 0.665744
0.772065 0.685371
0.767630 0.704840
0.762539 0.723283
0.756799 0.741646
0.534883 0.892399
0.536970 0.895529
0.538952 0.898545
0.540923 0.901598
0.542804 0.904606
0.544641 0.907534
0.546473 0.910507
0.548224 0.913441
0.549887 0.916272
0.551640 0.919193
0.553361 0.922129
0.554890 0.924872
0.314212 0.441504
0.318700 0.443923
0.323332 0.446301
0.328162 0.448663
0.333200 0.451007
0.338401 0.453307
0.343876 0.455610
0.349468 0.457837
0.355326 0.460055
0.361338 0.462207
0.367542 0.464310
0.373988 0.466383
0.510815 0.951815
0.512091 0.953148
0.513535 0.954564
0.514935 0.955998
0.516244 0.957313
0.517538 0.958644
0.518770 0.959955
0.520054 0.961257
0.521286 0.962575
0.522610 0.963912
0.523741 0.965129
0.525000 0.966475
0.268303 0.291899
0.268303 0.291899
0.268303 0.291899
0.268303 0.291899
0.268303 0.291899
0.268303 0.291899
0.268303 0.291899
0.268303 0.291899
0.268303 0.291899
0.268303 0.291899
0.268303 0.291899
0.268303 0.291899
