0.094874
0.914292
-0.059905
0.749100
1.630619
-1.946412
0.562693
-0.247449
-0.223141
1.534478
-0.169183
-0.834516
0.048798
-0.855502
-0.361434
-0.405567
-1.626215
0.547197
-0.013419
-0.023825
-0.046832
0.175896
0.763879
-0.223750
-0.322664
-1.007234
-0.804832
0.145498
-0.317090
-2.831563
1.237114
1.104727
-1.413671
1.293328
0.939048
0.345069
-0.235906
-0.605567
-2.755934
-1.845623
-1.296149
-0.608461
0.073968
1.353211
-1.243310
-0.192025
0.479092
-0.863616
-1.235784
0.239739
-0.669418
1.061750
-0.206610
1.892412
-0.885325
0.255234
-1.777748
0.864879
-0.428815
-0.000214
1.192829
-1.219400
-1.895036
0.341404
-1.110086
0.637517
-2.147171
0.754229
0.428228
-1.109888
1.042498
0.440845
1.271210
0.521716
0.972814
0.548187
-0.643472
-0.216447
-0.058714
0.891413
-0.544595
1.247899
-0.206775
-0.210223
-0.879627
-0.329635
0.715538
-0.788325
0.372623
0.599154
0.207838
1.263644
-0.120828
-1.495708
1.144426
0.064749
-0.968646
1.515046
0.508314
1.438212
0.003144
0.419349
-1.310588
0.596228
-0.021144
1.389102
-0.616701
1.165913
-0.374604
1.444828
0.681990
-1.410543
-1.153042
0.745302
1.533906
-1.835567
1.022488
0.184633
-1.705610
0.391237
0.141050
-0.807041
-0.049375
-0.187973
0.868011
-0.615061
-0.074047
0.298569
1.399780
-1.458725
-0.637252
1.037338
-1.440679
0.692252
0.548863
-0.973775
1.353129
-0.079438
0.807308
-0.513548
0.710123
-1.035352
1.399232
-0.488908
1.435703
0.221524
-0.613268
-0.688031
-1.195390
-0.027866
-1.116262
-0.459088
0.172872
0.464454
-1.503804
-0.932854
-1.393394
0.487806
0.444676
0.763012
1.068515
0.056820
0.531970
2.187691
-1.119119
-1.576748
-1.853032
-0.274704
0.547041
-1.170372
0.643766
-1.780151
0.603309
-1.069277
-0.334190
0.380953
0.188602
1.131693
2.363613
0.594381
-0.010056
-0.675116
-0.123663
-0.427365
-0.637268
1.531877
0.873501
-1.732992
2.703075
-0.579965
-0.428576
-2.833541
0.118715
-1.419594
-0.782437
0.420865
-2.110730
-1.762789
-0.025900
-1.540364
0.923442
1.712036
0.486749
-0.209293
0.688660
-0.993449
0.387526
1.186888
0.219291
0.815398
0.231219
0.252773
2.046830
-0.248541
0.335013
-0.570878
-1.691596
-0.694669
-0.682967
-0.806773
-2.232783
0.590840
-0.701772
0.068686
-0.853237
-0.825781
-1.036604
1.393973
-0.157819
2.437816
-1.269523
0.512296
-0.072326
-0.325803
0.208733
-1.010659
-2.495455
1.719278
-0.218621
-0.825382
0.559717
0.291851
0.195275
1.599668
0.767139
-0.923869
0.251965
2.407800
-0.696652
0.008263
0.842336
0.155514
1.912397
0.225926
1.350760
1.382610
-0.187614
-1.156107
2.383216
0.993546
0.221244
-2.958851
-1.765575
-0.772563
1.021561
1.157962
1.479924
1.959588
1.679721
-0.020198
1.485511
-1.214807
-0.301422
-0.525546
1.331802
-0.697579
1.770629
0.582718
1.485986
2.361729
1.569064
0.002941
-0.676546
1.346382
-0.721788
-0.157036
0.525304
0.453417
-0.871126
-0.266270
0.859797
-0.249485
-1.132733
-0.877394
0.005533
-0.037981
0.073048
0.529194
0.619938
-0.431173
1.317211
-1.809045
-0.525061
-0.038511
1.102556
1.682966
0.440318
0.250483
0.514024
0.490388
1.000010
-0.779289
0.121700
0.087529
-1.251158
-0.634747
0.310424
-2.092119
0.232184
1.435690
-0.104505
1.077879
0.622642
1.790555
0.556699
-0.205330
1.800564
-0.156870
0.092112
1.312662
0.039458
-0.130497
-0.101525
1.572908
-0.909231
2.375774
-1.600078
2.258084
0.454940
2.230980
-0.986207
0.541285
0.591959
1.061601
-0.529665
2.239148
-0.922652
0.160319
0.253529
-1.080954
0.808046
0.323014
0.381128
-0.480665
-0.352917
-1.413425
-1.313378
-0.639671
-0.684592
-0.093400
1.132722
-0.221067
-0.379240
0.852760
0.059863
0.487964
-0.186961
1.424889
0.056064
0.975659
0.038057
-0.109727
0.657465
0.583896
0.736781
-0.949601
1.093562
-0.165154
-1.924124
-0.805284
-1.332563
1.342261
-0.280117
1.242556
1.617177
-1.146723
0.437489
1.485760
0.509786
0.430690
-1.972111
-0.701835
0.764247
0.431488
1.654716
0.827970
-1.566364
1.226790
0.522326
-1.294716
2.499230
0.238485
0.297949
-1.459387
0.157729
-0.430987
0.005482
0.543717
3.482254
0.060669
0.000133
-1.268371
-0.131461
0.064101
-2.050338
-0.304017
-0.269782
-0.594156
-2.927755
0.846594
-0.205357
0.473712
-0.829802
-0.098942
0.195729
-0.084190
0.470606
0.129222
0.359825
0.879723
-0.507641
-0.168154
-0.444750
-0.006045
-0.706180
-1.221150
-0.135440
-1.856013
0.982961
0.554792
-1.968809
-0.048350
0.545537
-0.747246
0.385235
-1.181653
0.173000
0.331983
-0.275721
-1.142857
0.214179
0.014435
-0.553760
0.028924
-0.580890
0.105932
-0.002811
-0.549704
-0.283531
0.377235
0.315106
-1.151495
0.349817
-0.241523
-0.309641
0.044976
0.553059
-0.003387
-0.335175
0.501046
-0.911099
0.774719
1.083425
-1.236625
0.038300
0.436633
1.513963
-0.807734
-0.327073
1.019737
0.120560
0.871480
-0.527054
-0.456968
-0.192537
-0.449164
0.642445
-0.035358
0.652817
-1.882897
0.412751
0.565558
0.570622
-0.186367
0.822464
0.280147
0.352629
-0.565915
-0.550321
1.614931
-0.937423
-0.033692
0.085988
-0.638674
2.237922
-1.815316
0.303036
-0.181428
1.238559
-1.882485
-0.172237
-1.883454
1.201031
0.695326
0.153618
-0.604777
-0.225355
-0.539199
-1.100693
-0.295438
0.625190
0.233869
0.998584
0.306550
1.622089
-1.022893
-0.183286
-1.684866
0.125401
1.068882
-0.774581
0.122305
0.003010
-0.033857
-0.695678
1.175523
0.734576
-0.257925
-1.645133
-2.200942
0.842640
0.620064
-1.658265
0.239838
-0.709599
-1.674825
-1.467992
-0.721178
0.308205
-0.716596
0.339545
0.563473
0.417743
-0.375718
-0.144064
-2.349891
-0.592471
0.238274
-0.103041
-0.918131
-0.496086
-0.856638
0.483986
0.067009
1.432711
-1.448156
0.435998
-0.196447
0.392938
-0.121760
-1.452395
-0.241325
-0.668187
0.610194
0.046619
-0.696750
0.445134
0.167971
0.523107
0.080698
-1.034151
0.298196
0.997425
-0.361634
-0.121262
-0.380711
-0.419016
-0.773160
-0.932756
0.685833
0.092905
-0.348806
-0.880632
0.296146
-0.109050
0.401795
-0.109535
1.539990
1.593629
-1.121797
-0.505051
-1.171264
-0.561755
0.445222
-0.308381
-0.775582
0.296531
-0.034574
-0.560983
-1.613245
-0.938202
-0.305907
-0.923734
-0.138100
-0.882850
1.798200
-1.166725
0.540485
0.623863
2.483519
0.075288
0.332882
-1.584825
-0.650011
0.191954
-0.675606
1.721726
-1.597334
0.101152
-1.748953
0.610429
-0.049353
-1.133327
-0.387665
0.649026
0.094919
-1.570394
0.239450
-0.213968
-1.354914
0.514867
-1.595445
-0.849800
0.578778
0.517314
0.121581
-0.074344
-0.233190
-1.447641
0.062905
-1.134813
-0.618157
-0.983148
0.922141
0.454809
-0.266496
1.151978
0.873666
-0.264927
0.169880
1.112187
1.230644
1.766392
2.067396
-0.594301
0.584175
0.633751
-1.496643
-0.078594
-0.513615
-0.584134
-0.423630
0.336910
2.406292
0.669376
-1.392533
-1.111258
1.394308
0.924867
-0.005080
-0.308275
0.095253
0.991684
1.809890
-0.708877
0.954195
-0.631325
0.286791
1.982944
-0.931907
1.049977
0.400136
0.440468
0.346116
-0.511191
-0.267426
-1.108442
-0.337647
