0.077523 0.114831 0.028469
0.079319 0.116973 0.031382
0.081157 0.119169 0.034199
0.083026 0.121356 0.037087
0.084932 0.123570 0.039950
0.086873 0.125795 0.042816
0.088850 0.128023 0.045726
0.090873 0.130298 0.048567
0.092922 0.132541 0.051522
0.095032 0.134855 0.054362
0.097170 0.137139 0.057307
0.099359 0.139469 0.060192
0.101590 0.141804 0.063113
0.103864 0.144152 0.066045
0.106184 0.146529 0.068942
0.108546 0.148897 0.071917
0.110958 0.151311 0.074796
0.113415 0.153711 0.077785
0.115917 0.156145 0.080695
0.118475 0.158590 0.083665
0.121076 0.161052 0.086618
0.123725 0.163532 0.089564
0.126428 0.166024 0.092560
0.129169 0.168539 0.095482
0.131983 0.171069 0.098514
0.134834 0.173628 0.101442
0.137750 0.176198 0.104455
0.140709 0.178792 0.107428
0.143724 0.181407 0.110419
0.146790 0.184038 0.113430
0.149902 0.186697 0.116398
0.153081 0.189375 0.119447
0.156295 0.192080 0.122400
0.159600 0.194816 0.125458
0.162911 0.197564 0.128436
0.166294 0.200341 0.131465
0.169725 0.203147 0.134485
0.173204 0.205983 0.137483
0.176740 0.208844 0.140537
0.180308 0.211737 0.143517
0.183961 0.214671 0.146590
0.187636 0.217632 0.149585
0.191371 0.220629 0.152632
0.195141 0.223657 0.155651
0.198954 0.226723 0.158670
0.202814 0.229825 0.161720
0.206721 0.232984 0.164709
0.210671 0.236170 0.167785
0.214640 0.239397 0.170750
0.218673 0.242672 0.173821
0.222733 0.246003 0.176808
0.226838 0.249382 0.179838
0.230971 0.252809 0.182861
0.235113 0.256272 0.185850
0.239318 0.259812 0.188894
0.243526 0.263386 0.191862
0.247781 0.267036 0.194903
0.252034 0.270725 0.197867
0.256329 0.274485 0.200870
0.260632 0.278300 0.203851
0.264947 0.282174 0.206812
0.269295 0.286123 0.209811
0.273625 0.290119 0.212724
0.278011 0.294209 0.215750
0.282366 0.298336 0.218642
0.286754 0.302547 0.221624
0.291117 0.306804 0.224537
0.295498 0.311145 0.227463
0.299862 0.315538 0.230394
0.304228 0.320010 0.233268
0.308597 0.324552 0.236228
0.312941 0.329149 0.239042
0.317302 0.333826 0.241995
0.321635 0.338559 0.244820
0.325966 0.343367 0.247707
0.330284 0.348243 0.250561
0.334566 0.353163 0.253399
0.338861 0.358179 0.256270
0.343104 0.363211 0.259062
0.347346 0.368331 0.261928
0.351546 0.373468 0.264698
0.355765 0.378707 0.267527
0.359928 0.383957 0.270306
0.364077 0.389268 0.273107
0.368214 0.394637 0.275889
0.372299 0.400013 0.278657
0.376406 0.405488 0.281421
0.380425 0.410898 0.284188
0.384449 0.416374 0.286952
0.388469 0.421911 0.289707
0.392465 0.427472 0.292464
0.396413 0.433028 0.295185
0.400322 0.438581 0.297909
0.404240 0.444197 0.300647
0.408073 0.449733 0.303361
0.411937 0.455340 0.306108
0.415741 0.460889 0.308837
0.419542 0.466462 0.311578
0.423306 0.472005 0.314281
0.427052 0.477552 0.317008
0.430795 0.483117 0.319735
0.434440 0.488549 0.322450
0.438187 0.494179 0.325222
0.441716 0.499431 0.327903
0.445418 0.504987 0.330664
0.448967 0.510302 0.333355
0.452525 0.515663 0.336114
0.456047 0.520974 0.338846
0.459530 0.526258 0.341580
0.463010 0.531532 0.344353
0.466383 0.536652 0.347043
0.469810 0.541891 0.349829
0.473144 0.546979 0.352531
0.476476 0.552112 0.355311
0.479752 0.557203 0.358082
0.482973 0.562201 0.360841
0.486162 0.567209 0.363620
0.489293 0.572152 0.366341
0.492386 0.577100 0.369152
0.495461 0.582067 0.371874
0.498428 0.586885 0.374705
0.501385 0.591748 0.377450
0.504282 0.596587 0.380252
0.507132 0.601408 0.383035
0.509943 0.606226 0.385796
0.512656 0.610968 0.388646
0.515387 0.615813 0.391383
0.517972 0.620473 0.394297
0.520575 0.625222 0.397016
0.523076 0.629909 0.399896
0.525556 0.634621 0.402697
0.527975 0.639311 0.405526
0.530347 0.644034 0.408406
0.532649 0.648633 0.411137
0.534903 0.653297 0.414074
0.537138 0.657960 0.416811
0.539265 0.662555 0.419740
0.541410 0.667245 0.422531
0.543454 0.671805 0.425397
0.545476 0.676419 0.428269
0.547465 0.681029 0.431089
0.549395 0.685632 0.434042
0.551317 0.690231 0.436783
0.553152 0.694821 0.439809
0.555006 0.699410 0.442556
0.556787 0.703990 0.445522
0.558550 0.708556 0.448350
0.560276 0.713121 0.451250
0.561974 0.717677 0.454145
0.563691 0.722316 0.457009
0.565354 0.726887 0.459934
0.566956 0.731371 0.462745
0.568589 0.735983 0.465693
0.570146 0.740465 0.468554
0.571727 0.745027 0.471449
0.573307 0.749622 0.474349
0.574811 0.754074 0.477190
0.576346 0.758630 0.480123
0.577827 0.763085 0.482957
0.579351 0.767667 0.485925
0.580798 0.772096 0.488743
0.582321 0.776709 0.491693
0.583750 0.781135 0.494530
0.585220 0.785659 0.497411
0.586684 0.790180 0.500290
0.588110 0.794641 0.503152
0.589578 0.799183 0.505999
0.590961 0.803589 0.508889
0.592439 0.808185 0.511791
0.593823 0.812615 0.514677
0.595268 0.817157 0.517518
0.596701 0.821690 0.520385
0.598086 0.826132 0.523187
0.599558 0.830752 0.526076
0.600892 0.835122 0.528844
0.602373 0.839793 0.531766
0.603723 0.844213 0.534535
0.605143 0.848793 0.537413
0.606539 0.853325 0.540228
0.607893 0.857806 0.543016
0.609289 0.862372 0.545829
0.610617 0.866824 0.548586
0.612049 0.871481 0.551346
0.613305 0.875840 0.554120
0.614788 0.880630 0.556905
0.616026 0.884995 0.559613
0.617391 0.889609 0.562343
0.618702 0.894147 0.565058
0.619998 0.898674 0.567760
0.621329 0.903293 0.570449
0.622553 0.907734 0.573120
0.623902 0.912432 0.575780
0.625080 0.916840 0.578419
0.626392 0.921524 0.581048
0.627583 0.926005 0.583646
0.628823 0.930605 0.586227
0.630094 0.935289 0.588821
0.631174 0.939648 0.591343
0.632470 0.944446 0.593882
0.633427 0.948622 0.596403
