0.131126 0.072582 0.022539
0.133693 0.074134 0.025708
0.136319 0.075820 0.028577
0.138999 0.077427 0.031662
0.141736 0.079079 0.034661
0.144521 0.080728 0.037667
0.147362 0.082329 0.040801
0.150289 0.084052 0.043725
0.153243 0.085617 0.046991
0.156308 0.087366 0.049900
0.159404 0.088972 0.053130
0.162588 0.090678 0.056174
0.165843 0.092356 0.059324
0.169164 0.094029 0.062507
0.172554 0.095756 0.065578
0.176015 0.097403 0.068889
0.179530 0.099156 0.071898
0.183140 0.100813 0.075257
0.186789 0.102546 0.078363
0.190548 0.104252 0.081651
0.194358 0.105973 0.084891
0.198233 0.107711 0.088104
0.202207 0.109425 0.091478
0.206189 0.111193 0.094615
0.210347 0.112922 0.098099
0.214498 0.114723 0.101257
0.218782 0.116491 0.104680
0.223100 0.118296 0.107978
0.227507 0.120112 0.111334
0.231981 0.121928 0.114753
0.236498 0.123794 0.118037
0.241148 0.125642 0.121578
0.245775 0.127552 0.124817
0.250597 0.129450 0.128375
0.255355 0.131398 0.131709
0.260227 0.133348 0.135192
0.265149 0.135336 0.138646
0.270113 0.137367 0.142035
0.275168 0.139406 0.145603
0.280200 0.141506 0.148937
0.285414 0.143633 0.152569
0.290572 0.145809 0.155957
0.295827 0.148016 0.159510
0.301079 0.150268 0.162981
0.306365 0.152568 0.166451
0.311707 0.154908 0.170025
0.317088 0.157353 0.173412
0.322518 0.159803 0.177076
0.327876 0.162326 0.180392
0.333354 0.164893 0.184048
0.338819 0.167565 0.187443
0.344335 0.170297 0.190979
0.349851 0.173097 0.194501
0.355296 0.175941 0.197919
0.360870 0.178906 0.201517
0.366322 0.181899 0.204863
0.371906 0.185035 0.208483
0.377367 0.188203 0.211849
0.382890 0.191482 0.215347
0.388369 0.194839 0.218781
0.393818 0.198282 0.222161
0.399308 0.201843 0.225668
0.404684 0.205464 0.228911
0.410173 0.209236 0.232522
0.415505 0.213046 0.235717
0.420889 0.216987 0.239203
0.426153 0.220980 0.242484
0.431432 0.225112 0.245815
0.436626 0.229306 0.249169
0.441794 0.233628 0.252355
0.446934 0.238053 0.255817
0.451977 0.242552 0.258836
0.457022 0.247175 0.262291
0.461975 0.251876 0.265360
0.466894 0.256698 0.268628
0.471757 0.261627 0.271803
0.476508 0.266603 0.274932
0.481268 0.271761 0.278174
0.485857 0.276876 0.281154
0.490457 0.282213 0.284412
0.494909 0.287508 0.287359
0.499385 0.293021 0.290487
0.503705 0.298513 0.293468
0.507967 0.304120 0.296517
0.512178 0.309840 0.299511
0.516244 0.315547 0.302463
0.520339 0.321479 0.305401
0.524184 0.327228 0.308350
0.528004 0.333111 0.311274
0.531796 0.339141 0.314166
0.535488 0.345197 0.317041
0.539086 0.351306 0.319852
0.542554 0.357377 0.322646
0.546008 0.363629 0.325476
0.549252 0.369683 0.328229
0.552513 0.375963 0.331072
0.555605 0.382073 0.333827
0.558677 0.388374 0.336659
0.561637 0.394583 0.339346
0.564521 0.400850 0.342091
0.567365 0.407223 0.344826
0.569985 0.413274 0.347521
0.572749 0.419905 0.350338
0.575102 0.425616 0.352937
0.577722 0.432233 0.355722
0.580054 0.438213 0.358295
0.582357 0.444406 0.361057
0.584583 0.450520 0.363727
0.586717 0.456571 0.366365
0.588830 0.462790 0.369154
0.590771 0.468548 0.371670
0.592761 0.474762 0.374450
0.594625 0.480584 0.376974
0.596456 0.486625 0.379713
0.598191 0.492538 0.382390
0.599864 0.498359 0.385078
0.601478 0.504213 0.387787
0.603040 0.509917 0.390317
0.604518 0.515706 0.393097
0.606023 0.521528 0.395579
0.607350 0.527095 0.398433
0.608720 0.532763 0.400993
0.609999 0.538406 0.403710
0.611244 0.544025 0.406364
0.612474 0.549667 0.408941
0.613543 0.555104 0.411774
0.614725 0.560806 0.414230
0.615657 0.566117 0.417266
0.616750 0.571628 0.419682
0.617647 0.576974 0.422568
0.618597 0.582404 0.425205
0.619482 0.587773 0.427918
0.620306 0.593177 0.430733
0.621163 0.598320 0.433173
0.621883 0.603621 0.436169
0.622722 0.608889 0.438568
0.623351 0.613950 0.441521
0.624113 0.619219 0.444017
0.624753 0.624222 0.446796
0.625392 0.629311 0.449546
0.626053 0.634365 0.452127
0.626606 0.639397 0.455090
0.627293 0.644377 0.457415
0.627743 0.649254 0.460527
0.628438 0.654259 0.462885
0.628944 0.659146 0.465835
0.629527 0.663957 0.468370
0.630066 0.668754 0.471101
0.630604 0.673504 0.473804
0.631221 0.678419 0.476365
0.631803 0.683274 0.479177
0.632338 0.687722 0.481605
0.632936 0.692589 0.484424
0.633458 0.697002 0.486978
0.634062 0.701671 0.489623
0.634685 0.706340 0.492235
0.635259 0.710702 0.494753
0.635890 0.715312 0.497493
0.636472 0.719573 0.499940
0.637153 0.724245 0.502777
0.637744 0.728402 0.505173
0.638483 0.733068 0.507915
0.639133 0.737292 0.510413
0.639873 0.741743 0.513003
0.640635 0.746179 0.515592
0.641347 0.750418 0.518136
0.642198 0.754917 0.520645
0.642865 0.758982 0.523295
0.643805 0.763653 0.525990
0.644545 0.767796 0.528653
0.645481 0.772296 0.531199
0.646417 0.776773 0.533842
0.647266 0.780963 0.536306
0.648328 0.785637 0.539005
0.649152 0.789698 0.541460
0.650347 0.794633 0.544352
0.651237 0.798778 0.546811
0.652340 0.803437 0.549624
0.653374 0.807863 0.552224
0.654416 0.812310 0.554875
0.655557 0.816950 0.557581
0.656547 0.821235 0.560149
0.657863 0.826176 0.562758
0.658711 0.830192 0.565438
0.660196 0.835481 0.568145
0.661111 0.839627 0.570754
0.662374 0.844475 0.573413
0.663518 0.849093 0.576065
0.664648 0.853694 0.578714
0.665918 0.858591 0.581363
0.666908 0.862944 0.583998
0.668295 0.868117 0.586639
0.669221 0.872390 0.589259
0.670574 0.877552 0.591893
0.671605 0.882085 0.594473
0.672815 0.887014 0.597048
0.674098 0.892129 0.599648
0.674955 0.896419 0.602184
0.676433 0.902034 0.604765
0.676940 0.905677 0.607329
