0.630968 0.821186 0.542527
0.635939 0.839957 0.553855
0.640900 0.858677 0.565013
0.651033 0.897291 0.587007
0.465604 0.403809 0.309037
0.476187 0.421266 0.317179
0.486212 0.438782 0.325252
0.495653 0.456170 0.333241
0.521273 0.507419 0.357124
0.250446 0.389607 0.237657
0.259765 0.402519 0.244433
0.288802 0.442271 0.264705
0.309283 0.469214 0.278370
0.501864 0.488670 0.344679
0.509483 0.503638 0.351794
0.516778 0.518410 0.358922
0.523737 0.532974 0.366083
0.542553 0.575101 0.387650
0.570056 0.357448 0.332827
0.580266 0.378407 0.342231
0.589594 0.399737 0.351500
0.605220 0.441957 0.369828
0.073779 0.632183 0.250961
0.087511 0.646175 0.258720
0.102518 0.659349 0.266771
0.136246 0.683222 0.283506
0.174617 0.703871 0.301190
0.204219 0.192512 0.143618
0.211730 0.197404 0.149360
0.219403 0.202397 0.155109
0.235217 0.212741 0.166619
0.251594 0.223651 0.178117
0.119412 0.271840 0.148428
0.126386 0.283423 0.156485
0.133592 0.295451 0.164518
0.164702 0.348302 0.196247
0.037282 0.151299 0.034564
0.043250 0.165070 0.048699
0.049637 0.179563 0.062842
0.056488 0.194833 0.076974
0.071727 0.227973 0.105118
0.089143 0.265177 0.132971
0.098681 0.285594 0.146741
0.119454 0.330687 0.173893
0.293581 0.096368 0.128041
0.307532 0.100874 0.137883
0.321730 0.105719 0.147452
0.351097 0.116442 0.167147
0.103151 0.226163 0.118165
0.108504 0.234200 0.124916
0.114041 0.242453 0.131659
0.125664 0.259675 0.145101
0.137990 0.277925 0.158475
0.150993 0.297326 0.171767
0.164636 0.317956 0.184965
0.178914 0.339890 0.198066
0.193844 0.363113 0.211084
0.209513 0.387551 0.224050
0.074792 0.307243 0.147430
0.091373 0.359212 0.175051
0.100779 0.387824 0.188694
0.111440 0.418062 0.202321
0.139022 0.481671 0.230133
0.183451 0.292342 0.181608
0.191711 0.302517 0.188594
0.200142 0.313036 0.195571
0.235331 0.358614 0.223166
0.159374 0.458669 0.229775
0.164895 0.468784 0.234367
0.170722 0.478913 0.239016
0.183414 0.499082 0.248460
0.197634 0.518959 0.258151
0.339580 0.650587 0.339519
0.369795 0.668034 0.355449
0.398156 0.685089 0.371310
0.423996 0.702129 0.386986
0.447223 0.719543 0.402597
0.485945 0.756047 0.433083
0.528244 0.814969 0.477703
0.549261 0.856383 0.506536
0.558368 0.877542 0.520738
0.167748 0.364071 0.202783
0.174605 0.376207 0.209130
0.196594 0.414222 0.228168
0.212756 0.440545 0.240936
0.230490 0.467209 0.253892
0.157598 0.678362 0.288868
0.175552 0.688186 0.297126
0.194570 0.697444 0.305753
0.273348 0.727875 0.340867
0.327551 0.341126 0.247552
0.338298 0.353335 0.254630
0.348966 0.365954 0.261748
0.359469 0.378887 0.268729
0.369832 0.392143 0.275700
0.390052 0.419347 0.289499
0.570117 0.764921 0.479338
0.576014 0.781460 0.490050
0.581695 0.797918 0.500678
0.592690 0.830920 0.521854
0.055980 0.130155 0.028551
0.059845 0.136418 0.035936
0.063889 0.142838 0.043310
0.082030 0.169983 0.073060
0.103800 0.199703 0.103017
0.116201 0.215685 0.118032
0.144117 0.250412 0.148027
0.159565 0.269430 0.162953
0.139940 0.247814 0.145074
0.146188 0.255610 0.151364
0.152612 0.263626 0.157633
0.165939 0.280335 0.170146
0.179869 0.298029 0.182583
0.201788 0.326579 0.201100
0.232724 0.368501 0.225496
0.071390 0.122123 0.031035
0.099306 0.156206 0.072325
0.127742 0.186221 0.105934
0.144291 0.202329 0.122927
0.182036 0.237441 0.157000
0.203027 0.256868 0.174015
0.347739 0.315766 0.246349
0.358810 0.327303 0.253425
0.369727 0.339289 0.260568
0.380405 0.351656 0.267596
0.191356 0.346422 0.204574
0.199957 0.359328 0.211832
0.208770 0.372614 0.219068
0.227107 0.400212 0.233514
0.246570 0.428878 0.247989
0.267431 0.458116 0.262592
0.109618 0.269800 0.143566
0.116644 0.282368 0.152240
0.131452 0.309069 0.169466
0.147294 0.338022 0.186525
0.101016 0.415782 0.198259
0.104685 0.426318 0.202854
0.108580 0.436982 0.207469
0.117166 0.458616 0.216739
0.074764 0.313643 0.150268
0.078653 0.326164 0.157179
0.082672 0.339129 0.164061
0.091195 0.366381 0.177718
0.100613 0.395356 0.191284
0.111394 0.425879 0.204848
0.124174 0.457518 0.218568
0.224788 0.310528 0.203207
0.233291 0.320294 0.209617
0.241883 0.330352 0.215973
0.277019 0.373530 0.241197
0.313163 0.420665 0.266143
0.331633 0.445110 0.278583
0.128057 0.276867 0.154153
0.133951 0.286247 0.160640
0.139995 0.295909 0.167098
0.152545 0.316163 0.179966
0.179451 0.360352 0.205397
0.193953 0.384277 0.218028
0.209328 0.409218 0.230652
0.098486 0.933554 0.345852
0.121748 0.941437 0.356783
0.188669 0.959767 0.387021
0.264730 0.977014 0.421440
0.533252 0.408566 0.332897
0.541470 0.425674 0.340402
0.548918 0.442292 0.347811
0.573879 0.507602 0.377205
0.658841 0.584107 0.449771
0.660104 0.601606 0.458445
0.661137 0.618503 0.467080
0.661951 0.634889 0.475761
0.663511 0.666184 0.492921
0.090689 0.508973 0.223118
0.097986 0.524024 0.229515
0.106229 0.538939 0.236074
0.125873 0.568040 0.249763
0.149854 0.595364 0.264244
0.178256 0.620405 0.279519
0.636679 0.503676 0.404289
0.640826 0.526085 0.414659
0.644175 0.548026 0.425131
0.648869 0.590137 0.446200
0.497824 0.442858 0.330224
0.507215 0.460957 0.338489
0.516114 0.479020 0.346762
0.532196 0.513765 0.363017
0.575423 0.673671 0.441811
0.579950 0.689571 0.451311
0.584270 0.705352 0.460792
0.588500 0.721061 0.470231
0.088156 0.222503 0.109387
0.091668 0.228534 0.114420
0.095274 0.234697 0.119452
0.102750 0.247377 0.129476
0.110590 0.260616 0.139467
0.123017 0.281605 0.154373
0.131738 0.296425 0.164244
0.140797 0.311944 0.174054
0.155031 0.336597 0.188665
0.164977 0.353960 0.198344
0.090762 0.315620 0.157177
0.093913 0.324107 0.161965
0.097139 0.332809 0.166732
0.103813 0.350808 0.176208
0.110854 0.369627 0.185636
0.001700 0.770434 0.264557
0.013144 0.779072 0.270645
0.025311 0.787486 0.276775
0.051749 0.803434 0.289879
0.079999 0.817457 0.303317
0.109318 0.829541 0.316391
0.139872 0.839916 0.329827
0.170689 0.848651 0.343322
0.049337 0.560866 0.224765
0.058193 0.577017 0.231799
0.068458 0.592996 0.239055
0.092994 0.623268 0.254443
0.245284 0.738722 0.334591
0.269759 0.746464 0.345428
0.293471 0.753691 0.356308
0.316472 0.760875 0.366718
0.338238 0.767942 0.377359
0.378043 0.782769 0.397698
0.412167 0.798863 0.417495
0.188902 0.457048 0.238359
0.200472 0.475539 0.247101
0.213082 0.493913 0.256005
0.241804 0.529775 0.274408
0.387664 0.647386 0.355023
0.149762 0.234774 0.142604
0.155476 0.240990 0.148036
0.167313 0.253842 0.158882
0.173430 0.260498 0.164291
0.192492 0.281453 0.180468
0.205746 0.296336 0.191198
0.219372 0.312006 0.201865
0.498202 0.313906 0.295740
0.534386 0.370245 0.323064
0.549419 0.399370 0.336162
0.562751 0.428968 0.349124
0.584125 0.486380 0.374429
0.599719 0.540893 0.399915
0.610874 0.592725 0.425400
0.092339 0.455616 0.208060
0.097735 0.470203 0.214130
0.103747 0.484896 0.220253
0.110494 0.499630 0.226535
0.117976 0.514251 0.232872
0.135650 0.543068 0.246026
0.157245 0.570682 0.259910
0.182846 0.596391 0.274459
0.218132 0.375699 0.223079
0.226337 0.387771 0.229473
0.234734 0.400090 0.235873
0.243345 0.412635 0.242286
0.290144 0.476835 0.274635
0.310877 0.502323 0.287891
0.183950 0.213993 0.146242
0.192724 0.221021 0.153364
0.201738 0.228239 0.160506
0.220482 0.243367 0.174798
0.240053 0.259572 0.189069
0.260202 0.276976 0.203182
0.280760 0.295766 0.217209
0.301424 0.315996 0.231083
0.130145 0.417141 0.208054
0.135291 0.429063 0.213404
0.140748 0.441138 0.218815
0.152782 0.465577 0.229755
0.200828 0.537930 0.264248
0.221568 0.560469 0.276571
0.244612 0.581642 0.289318
0.269514 0.601223 0.302420
0.296000 0.619508 0.315967
0.136425 0.527376 0.242033
0.145841 0.541348 0.248617
0.156177 0.555020 0.255394
0.179660 0.581045 0.269424
0.206865 0.605079 0.284139
0.237294 0.626816 0.299517
0.393093 0.502452 0.313280
0.408605 0.522382 0.323845
0.423953 0.541778 0.334469
0.438971 0.560520 0.345111
0.453559 0.578794 0.355845
0.480774 0.614086 0.377419
0.504654 0.648322 0.399245
0.524993 0.682115 0.421178
0.542220 0.715860 0.443241
0.173602 0.426394 0.224647
0.179516 0.437155 0.229700
0.185702 0.447993 0.234782
0.198987 0.469772 0.245042
0.213661 0.491459 0.255506
0.229943 0.512880 0.266245
0.257298 0.543701 0.282867
0.267186 0.553545 0.288551
0.390324 0.289806 0.252451
0.406917 0.306448 0.263006
0.422878 0.324071 0.273408
0.438135 0.342608 0.283565
0.452665 0.361995 0.293551
0.479178 0.402403 0.313026
0.502403 0.443852 0.332000
0.104485 0.252160 0.132680
0.109848 0.261305 0.139508
0.121067 0.280450 0.153080
0.132924 0.300823 0.166553
0.158567 0.345631 0.193198
0.172446 0.370099 0.206389
0.487026 0.216063 0.263538
0.502464 0.230879 0.274020
0.531402 0.263338 0.294157
0.544759 0.280826 0.303878
0.569113 0.317898 0.322664
0.589926 0.356721 0.340517
0.200938 0.533183 0.262992
0.210388 0.544177 0.268811
0.220390 0.554921 0.274723
0.230934 0.565385 0.280724
0.241946 0.575468 0.286826
0.265430 0.594736 0.299329
0.290250 0.612591 0.312151
0.341522 0.644865 0.338397
0.450390 0.541190 0.343046
0.462834 0.558637 0.352651
0.474819 0.575684 0.362347
0.486259 0.592380 0.372062
0.497085 0.608744 0.381785
0.516734 0.640930 0.401439
0.554791 0.719679 0.451216
0.583208 0.797665 0.501487
0.085165 0.613750 0.249580
0.097804 0.627474 0.256988
0.111818 0.640704 0.264668
0.143072 0.664616 0.280604
0.178696 0.685543 0.297387
0.217484 0.703508 0.314915
0.253374 0.198773 0.167359
0.263452 0.204726 0.174181
0.273638 0.210867 0.180996
0.305133 0.230878 0.201649
0.102349 0.281168 0.146089
0.108487 0.293637 0.154204
0.114836 0.306615 0.162298
0.128166 0.334099 0.178318
0.142473 0.363704 0.194214
0.158045 0.395312 0.210000
0.554481 0.695286 0.440623
0.561326 0.713134 0.451790
0.573906 0.748761 0.474304
0.579756 0.766369 0.485581
0.602062 0.836617 0.530225
0.612871 0.872031 0.552112
0.623087 0.907396 0.573327
0.482267 0.365642 0.304263
0.492834 0.382387 0.312142
0.502705 0.399219 0.319927
0.520773 0.433426 0.335331
0.184727 0.605356 0.277456
0.201312 0.618402 0.286027
0.218722 0.630491 0.294715
0.256242 0.652662 0.312742
0.295346 0.672276 0.331255
0.165968 0.789149 0.323058
0.189968 0.796286 0.333615
0.213932 0.802789 0.343531
0.341876 0.834480 0.402001
0.375456 0.845930 0.419658
0.122351 0.161150 0.087332
0.128973 0.167229 0.094559
0.135909 0.173422 0.101828
0.150722 0.186163 0.116455
0.166811 0.199448 0.131206
0.184122 0.213384 0.145996
0.202580 0.228103 0.160783
0.222050 0.243770 0.175559
0.174732 0.555586 0.261149
0.184997 0.566982 0.267288
0.195993 0.578060 0.273555
0.219774 0.598854 0.286408
0.245874 0.618004 0.299731
0.330863 0.666685 0.341551
0.416241 0.417457 0.297138
0.426498 0.432606 0.304426
0.436379 0.447683 0.311683
0.455449 0.477921 0.326196
0.473454 0.507538 0.340641
0.116716 0.755766 0.297313
0.140260 0.765819 0.307799
0.164610 0.774750 0.318410
0.214392 0.789715 0.339865
0.622950 0.631009 0.448931
0.627576 0.668222 0.469372
0.629842 0.686250 0.479312
0.632079 0.703593 0.489186
0.636980 0.737117 0.508808
0.098173 0.101989 0.029684
0.116091 0.117883 0.052664
0.137185 0.134429 0.076234
0.161826 0.151648 0.100297
0.157770 0.532740 0.249889
0.164347 0.541626 0.254257
0.171306 0.550376 0.258696
0.186348 0.567356 0.267793
0.202896 0.583549 0.277099
0.220847 0.598840 0.286736
0.240143 0.613279 0.296602
0.270762 0.633123 0.311818
0.302516 0.651142 0.327328
0.460759 0.375790 0.299976
0.472455 0.393806 0.308534
0.483436 0.411939 0.317001
0.493721 0.430145 0.325368
0.503565 0.448589 0.333728
0.111912 0.111936 0.045740
0.116540 0.115821 0.051368
0.121353 0.119743 0.057023
0.126367 0.123709 0.062708
0.131582 0.127712 0.068426
0.148451 0.139916 0.085765
0.160809 0.148246 0.097539
0.181069 0.161142 0.115405
0.548848 0.398137 0.335636
0.559075 0.420359 0.345385
0.568302 0.442452 0.354917
0.576505 0.464148 0.364528
0.583873 0.485544 0.374042
0.596210 0.527060 0.393097
0.605791 0.566802 0.412224
0.138938 0.144946 0.084523
0.146015 0.150247 0.091626
0.153431 0.155612 0.098853
0.177657 0.172290 0.120542
0.186414 0.178067 0.127831
0.204817 0.189982 0.142509
0.245102 0.215915 0.172060
0.401153 0.313496 0.263159
0.416655 0.330867 0.273300
0.431515 0.349099 0.283231
0.445699 0.368105 0.292974
0.459069 0.387605 0.302602
0.483606 0.427768 0.321411
0.515041 0.487785 0.348961
0.540878 0.544857 0.376444
0.415129 0.449799 0.305582
0.430552 0.472779 0.316776
0.445435 0.495360 0.327929
0.473779 0.539235 0.350370
0.499512 0.580721 0.372938
0.195454 0.462488 0.241906
0.203563 0.475155 0.247932
0.212148 0.487757 0.254024
0.221265 0.500270 0.260195
0.230924 0.512653 0.266479
0.286887 0.570447 0.299247
0.035103 0.160869 0.040847
0.038418 0.169245 0.049116
0.041852 0.177875 0.057412
0.084280 0.281952 0.139282
0.295660 0.452438 0.269610
0.307797 0.468286 0.277662
0.320247 0.484064 0.285758
0.346056 0.515000 0.302159
0.372812 0.309393 0.252568
0.386362 0.323602 0.261301
0.399557 0.338492 0.269973
0.424629 0.369926 0.286776
0.436425 0.386321 0.295039
0.375405 0.670188 0.358109
0.382869 0.674621 0.362287
0.390189 0.679073 0.366391
0.397389 0.683529 0.370485
0.404357 0.687943 0.374633
0.655151 0.479501 0.406203
0.660893 0.512448 0.421223
0.667559 0.574802 0.451060
0.669267 0.603842 0.465646
0.671335 0.656836 0.493906
0.673934 0.703138 0.519829
0.679171 0.747208 0.544929
0.168356 0.314313 0.184870
0.176215 0.325914 0.192036
0.184260 0.337900 0.199173
0.200923 0.363018 0.213375
0.218424 0.389555 0.227512
0.236944 0.417281 0.241658
0.277946 0.474412 0.270271
0.300835 0.502765 0.284955
0.325245 0.530177 0.299941
0.383829 0.602127 0.339438
0.403282 0.618509 0.351148
0.421981 0.634466 0.362896
0.439668 0.650159 0.374652
0.456163 0.665746 0.386389
0.134493 0.428518 0.212991
0.141326 0.443619 0.219762
0.148722 0.458862 0.226544
0.165595 0.489534 0.240431
0.185783 0.519794 0.254810
0.209675 0.548837 0.269858
0.237317 0.576007 0.285558
0.268172 0.600846 0.301892
0.138557 0.309792 0.172361
0.145362 0.321614 0.179546
0.152347 0.333808 0.186692
0.166930 0.359430 0.200915
0.182453 0.386586 0.215071
0.199167 0.415042 0.229228
0.551184 0.536669 0.377749
0.579784 0.623130 0.422405
0.586857 0.650539 0.437675
0.598978 0.703724 0.468422
0.610270 0.754543 0.499007
0.045483 0.282708 0.123761
0.047800 0.292792 0.129843
0.050170 0.303198 0.135880
0.055087 0.325031 0.147854
0.069030 0.385700 0.177204
0.079655 0.426104 0.194712
0.369617 0.420320 0.283440
0.381444 0.436496 0.291522
0.393109 0.452743 0.299533
0.404599 0.468955 0.307585
0.415917 0.485036 0.315587
0.438140 0.516669 0.331688
0.226616 0.226106 0.169447
0.237152 0.233821 0.177003
0.247954 0.241859 0.184630
0.258915 0.250201 0.192230
0.270003 0.258887 0.199751
0.292530 0.277421 0.214756
0.315179 0.297614 0.229603
0.337610 0.319538 0.244174
0.173050 0.255184 0.161730
0.182275 0.264997 0.169682
0.191768 0.275186 0.177604
0.211430 0.296722 0.193382
0.231859 0.319960 0.209018
0.269820 0.149854 0.148957
0.298584 0.162683 0.168268
0.313407 0.169658 0.177954
0.328436 0.177091 0.187630
0.389185 0.212541 0.225841
0.447230 0.259137 0.262319
0.295802 0.455608 0.270531
0.321418 0.488312 0.287272
0.334727 0.504396 0.295753
0.348332 0.520147 0.304291
0.404192 0.579247 0.339225
0.125268 0.603376 0.258958
0.138790 0.616626 0.266497
0.153472 0.629174 0.274304
0.169300 0.641054 0.282324
0.185934 0.652032 0.290448
0.222043 0.672126 0.307356
0.334990 0.719618 0.360003
0.598184 0.473767 0.376397
0.602852 0.489537 0.383427
0.607042 0.504959 0.390541
0.610870 0.520241 0.397460
0.614242 0.535146 0.404621
0.620024 0.564564 0.418839
0.628240 0.620474 0.447319
0.631237 0.646974 0.461651
0.382130 0.535001 0.319050
0.396992 0.551647 0.328616
0.426283 0.583554 0.347954
0.466794 0.628671 0.377296
0.120308 0.433614 0.210109
0.125889 0.446998 0.215926
0.131919 0.460530 0.221857
0.145586 0.487707 0.233839
0.161841 0.514721 0.246242
0.181107 0.541035 0.259141
0.203483 0.565999 0.272592
0.228977 0.589325 0.286616
0.403189 0.219336 0.233414
0.413483 0.226983 0.239841
0.423682 0.235009 0.246254
0.462580 0.270757 0.271324
0.497598 0.311989 0.295014
0.541090 0.381373 0.328377
0.157505 0.177034 0.114151
0.167157 0.184383 0.122823
0.177296 0.191913 0.131635
0.198862 0.207642 0.149194
0.222034 0.224460 0.166804
0.246573 0.242661 0.184447
0.272088 0.262589 0.201997
0.434761 0.260600 0.258580
0.446534 0.271945 0.266016
0.457968 0.283836 0.273478
0.479665 0.309111 0.288038
0.055253 0.146748 0.041458
0.058936 0.153233 0.048543
0.062773 0.159867 0.055641
0.070943 0.173604 0.069866
0.079827 0.187991 0.084116
0.099921 0.218939 0.112630
0.111192 0.235661 0.126858
0.123291 0.253360 0.141040
0.136191 0.272157 0.155156
0.283714 0.317455 0.225625
0.293635 0.327932 0.232328
0.303567 0.338767 0.239060
0.313468 0.349946 0.245693
0.323304 0.361448 0.252266
0.342853 0.385396 0.265390
0.362066 0.410308 0.278323
0.380927 0.435880 0.291193
0.399397 0.461716 0.303954
0.103239 0.557543 0.240172
0.237613 0.669607 0.311630
0.295003 0.695211 0.338179
0.313848 0.702978 0.347036
0.378447 0.380341 0.275100
0.404531 0.415526 0.292951
0.429111 0.451659 0.310485
0.452379 0.487824 0.327988
0.474118 0.522740 0.345429
0.151385 0.255016 0.153138
0.158816 0.263955 0.160197
0.166449 0.273169 0.167243
0.198873 0.313190 0.195183
0.216062 0.335242 0.208990
0.233821 0.358687 0.222700
0.252135 0.383440 0.236331
0.410203 0.252878 0.247439
0.421294 0.262619 0.254339
0.432176 0.272808 0.261322
0.442813 0.283489 0.268244
0.453155 0.294570 0.274973
0.472763 0.317906 0.288128
0.443911 0.758837 0.416033
0.462530 0.773799 0.429534
0.479031 0.789394 0.443104
0.493509 0.805525 0.456295
0.506341 0.822211 0.469339
0.480827 0.330469 0.294286
0.498998 0.356896 0.307503
0.515585 0.384435 0.320300
0.530335 0.412263 0.332871
0.543545 0.440309 0.345284
0.565518 0.494897 0.369659
0.582489 0.546788 0.394169
0.595273 0.596169 0.419072
0.604810 0.643116 0.444226
0.572566 0.853083 0.518937
0.580064 0.873589 0.532191
0.587196 0.894206 0.545248
0.600390 0.935490 0.570487
0.506812 0.324291 0.301472
0.526259 0.354361 0.316168
0.535199 0.369901 0.323260
0.543454 0.385401 0.330287
0.558527 0.417052 0.344221
0.571477 0.448490 0.358002
0.360244 0.349014 0.260393
0.370905 0.361660 0.267420
0.391765 0.388124 0.281433
0.401829 0.401739 0.288342
0.095252 0.522053 0.228157
0.103842 0.537941 0.235087
0.113622 0.553642 0.242244
0.136862 0.583805 0.257265
0.198186 0.636495 0.289952
0.234867 0.658223 0.307535
0.071473 0.391760 0.180219
0.075044 0.405663 0.186333
0.078927 0.419899 0.192411
0.087885 0.449212 0.204704
0.098963 0.479286 0.217184
0.121073 0.524558 0.236637
0.140529 0.553909 0.250391
0.392864 0.357483 0.273217
0.406583 0.374961 0.282442
0.419777 0.392891 0.291555
0.432513 0.411321 0.300562
0.444672 0.429946 0.309437
0.467571 0.467407 0.327125
0.488536 0.504089 0.344711
0.507666 0.539426 0.362250
0.465159 0.259414 0.268780
0.481895 0.277165 0.279882
0.550839 0.379412 0.331368
0.571008 0.423381 0.350672
0.076203 0.606586 0.244991
0.088443 0.621052 0.252499
0.102100 0.635002 0.260241
0.133104 0.660462 0.276399
0.168666 0.682613 0.293440
0.355395 0.265548 0.232472
0.369783 0.277746 0.241592
0.383928 0.290679 0.250495
0.411218 0.318710 0.268025
0.454545 0.587481 0.359005
0.469428 0.606086 0.370494
0.483431 0.624378 0.382031
0.508349 0.660306 0.405354
0.139285 0.737599 0.299411
0.190123 0.757323 0.321701
0.216301 0.765578 0.333025
0.242427 0.773059 0.344170
0.292347 0.786353 0.366461
0.337962 0.799250 0.388198
0.377658 0.813180 0.408470
0.270307 0.317926 0.221287
0.288805 0.338080 0.234028
0.298061 0.348613 0.240304
0.307327 0.359456 0.246588
0.325768 0.381948 0.259064
0.406625 0.490380 0.314157
0.353793 0.465273 0.290869
0.368059 0.483886 0.300358
0.382417 0.502285 0.309905
0.396800 0.520323 0.319506
0.411136 0.537929 0.329167
0.439170 0.571702 0.348646
0.064473 0.310861 0.145074
0.067533 0.322048 0.151232
0.070676 0.333565 0.157353
0.077296 0.357735 0.169529
0.084526 0.383328 0.181636
0.092641 0.410266 0.193715
0.102057 0.438377 0.205812
0.113307 0.467264 0.218065
0.270275 0.390841 0.244261
0.275474 0.397787 0.247939
0.280670 0.404765 0.251594
0.285925 0.411815 0.255242
0.291207 0.418915 0.258887
0.301925 0.433266 0.266210
0.312807 0.447702 0.273538
0.323910 0.462236 0.280916
0.335150 0.476686 0.288287
0.411148 0.642707 0.361772
0.430602 0.658507 0.374182
0.448704 0.674239 0.386543
0.465316 0.690025 0.398889
0.480475 0.705970 0.411200
0.506689 0.738547 0.435610
0.510278 0.453350 0.337334
0.520392 0.474080 0.346784
0.538507 0.514409 0.365606
0.546598 0.534007 0.375105
0.560914 0.571924 0.394077
0.572901 0.608591 0.413415
0.467310 0.793519 0.439299
0.478918 0.804793 0.449126
0.489504 0.816437 0.458736
0.499122 0.828356 0.468167
0.516099 0.853179 0.486902
0.262142 0.401022 0.244734
0.271279 0.413575 0.251217
0.299770 0.452058 0.270760
0.340519 0.503394 0.297258
0.269504 0.328957 0.224690
0.281895 0.342954 0.233312
0.294316 0.357508 0.241871
0.319178 0.388121 0.258771
0.343985 0.420351 0.275525
0.368663 0.453443 0.292192
0.654544 0.511281 0.417233
0.656761 0.525631 0.423667
0.658615 0.539696 0.430190
0.661369 0.566886 0.443574
0.342299 0.865921 0.412733
0.359899 0.871514 0.422221
0.375850 0.877580 0.430531
0.390537 0.883993 0.439101
0.403366 0.890578 0.447049
0.425872 0.905037 0.462304
0.444386 0.920903 0.476483
0.459718 0.937957 0.490251
0.102825 0.325380 0.165736
0.105971 0.333195 0.170054
0.109179 0.341186 0.174359
0.115811 0.357605 0.182920
0.122775 0.374675 0.191462
0.130152 0.392350 0.199979
0.138044 0.410573 0.208510
0.146575 0.429266 0.217058
0.155888 0.448289 0.225665
0.166150 0.467503 0.234383
0.177521 0.486729 0.243260
0.539381 0.464782 0.350805
0.546783 0.482188 0.358663
0.553726 0.499531 0.366601
0.560117 0.516570 0.374690
0.566081 0.533237 0.382533
0.087276 0.517217 0.224365
0.095022 0.532670 0.230976
0.103755 0.547856 0.237750
0.124666 0.577391 0.251884
0.150305 0.604993 0.266921
0.232651 0.661901 0.307861
0.218990 0.207179 0.157282
0.230515 0.214911 0.165773
0.266817 0.240135 0.191022
0.292007 0.258974 0.207760
0.317492 0.279765 0.224276
0.342764 0.302654 0.240513
0.367447 0.327761 0.256405
0.210295 0.207506 0.153910
0.219842 0.214123 0.161037
0.229649 0.220957 0.168215
0.239651 0.227993 0.175445
0.249872 0.235314 0.182560
0.285212 0.670738 0.327523
0.303395 0.679232 0.336056
0.321386 0.687414 0.344834
0.355959 0.703256 0.362111
0.395844 0.239236 0.237697
0.410684 0.251206 0.247100
0.425191 0.263980 0.256201
0.439273 0.277526 0.265170
0.452921 0.291889 0.274159
0.478433 0.322524 0.291337
0.140032 0.257827 0.149966
0.149603 0.270437 0.159574
0.159541 0.283597 0.169144
0.180449 0.311729 0.188156
0.202619 0.342444 0.206971
0.409681 0.371445 0.282450
0.425919 0.393653 0.293706
0.441392 0.416531 0.304760
0.456010 0.439672 0.315733
0.469887 0.462915 0.326603
0.148511 0.367486 0.197556
0.158005 0.386331 0.207068
0.168077 0.405818 0.216582
0.178853 0.425822 0.226126
0.149345 0.106224 0.061453
0.155482 0.109905 0.067513
0.161862 0.113598 0.073618
0.168496 0.117295 0.079833
0.182591 0.124798 0.092410
0.190036 0.128603 0.098769
0.324572 0.729830 0.359692
0.339480 0.735454 0.366894
0.353900 0.741108 0.374016
0.367690 0.746788 0.381036
0.380857 0.752545 0.388176
0.456270 0.291945 0.275285
0.469426 0.307226 0.284071
0.493986 0.339844 0.301195
0.505180 0.356811 0.309558
0.168858 0.383107 0.209544
0.175238 0.394785 0.215367
0.181844 0.406669 0.221200
0.195860 0.430967 0.232939
0.211166 0.455698 0.244779
0.278176 0.540386 0.288316
0.313190 0.573102 0.308174
0.562903 0.408722 0.343573
0.570242 0.425881 0.351114
0.577110 0.443301 0.358672
0.583222 0.459990 0.365960
0.295126 0.372318 0.246590
0.316378 0.399306 0.261108
0.337716 0.427316 0.275520
0.359132 0.455858 0.289923
0.228475 0.501524 0.262711
0.240170 0.516107 0.270208
0.252594 0.530375 0.277834
0.308727 0.583070 0.309602
0.158933 0.469693 0.232797
0.176292 0.498820 0.246242
0.196829 0.527383 0.260191
0.247888 0.580076 0.289895
0.341265 0.644345 0.338145
0.506812 0.776500 0.451087
0.554281 0.862171 0.511897
0.109435 0.476167 0.219495
0.116828 0.492402 0.226401
0.125141 0.508600 0.233484
0.144955 0.540432 0.248108
0.148827 0.264667 0.156639
0.155182 0.272856 0.162800
0.161695 0.281281 0.168956
0.175149 0.298862 0.181213
0.189141 0.317477 0.193386
0.203640 0.337174 0.205485
0.218620 0.357943 0.217497
0.234100 0.379731 0.229463
0.075221 0.384884 0.179051
0.080013 0.402724 0.186966
0.085321 0.421140 0.194896
0.098041 0.459318 0.210949
0.136964 0.537017 0.244814
0.183163 0.590865 0.273086
0.222459 0.622015 0.293510
0.299138 0.556708 0.299240
0.311854 0.568249 0.306392
0.324820 0.579394 0.313622
0.338001 0.590215 0.320924
0.377595 0.620785 0.343099
0.388449 0.490867 0.308606
0.402123 0.508813 0.317925
0.415682 0.526332 0.327230
0.429113 0.543484 0.336664
0.131018 0.122790 0.064405
0.138014 0.127873 0.071974
0.161207 0.143599 0.094678
0.178600 0.154460 0.110105
0.111247 0.569426 0.245724
0.122906 0.584328 0.253222
0.165660 0.625516 0.277031
0.199883 0.649127 0.294023
0.098551 0.384376 0.186771
0.102681 0.396661 0.192393
0.107065 0.409227 0.198032
0.116719 0.435064 0.209429
0.156811 0.514895 0.244771
0.175436 0.540827 0.257382
0.157842 0.600417 0.267984
0.172123 0.613057 0.275685
0.187606 0.625153 0.283656
0.221140 0.647104 0.300063
0.283550 0.307948 0.222353
0.296988 0.321634 0.231426
0.310399 0.335971 0.240423
0.336953 0.366484 0.258073
0.362888 0.399131 0.275483
0.322715 0.363406 0.252666
0.333100 0.376026 0.259665
0.343393 0.388923 0.266546
0.353628 0.402119 0.273446
0.383744 0.442784 0.293919
0.531938 0.507476 0.361018
0.542520 0.532143 0.372825
0.552072 0.556125 0.384858
0.560786 0.579689 0.396696
0.568435 0.602576 0.409034
0.492934 0.395390 0.315643
0.504921 0.416704 0.325454
0.516061 0.438138 0.335006
0.526333 0.459449 0.344620
0.535772 0.480353 0.354110
0.350161 0.484780 0.295095
0.365701 0.504132 0.305222
0.381438 0.523114 0.315445
0.397198 0.541510 0.325722
0.412878 0.559373 0.336090
0.443252 0.593542 0.357007
0.255228 0.273792 0.200226
0.264015 0.281617 0.206290
0.272863 0.289708 0.212319
0.290691 0.306710 0.224358
0.308520 0.324820 0.236291
0.563318 0.227586 0.297777
0.590717 0.264900 0.318840
0.614604 0.304875 0.338874
0.634699 0.346542 0.358169
0.126865 0.476345 0.224907
0.133521 0.489702 0.230742
0.140786 0.503014 0.236665
0.157442 0.529306 0.248873
0.177157 0.554682 0.261636
0.200086 0.578714 0.274966
0.053791 0.497121 0.208349
0.059870 0.514058 0.215123
0.066936 0.530874 0.221956
0.084613 0.564032 0.236317
0.064907 0.585199 0.235925
0.075248 0.600046 0.242963
0.086803 0.614355 0.250240
0.145523 0.665306 0.281523
0.116517 0.267553 0.145244
0.124696 0.281162 0.154818
0.133201 0.295388 0.164346
0.151164 0.325805 0.183236
0.170461 0.358965 0.201937
0.347779 0.366112 0.261414
0.361172 0.382689 0.270335
0.374314 0.399754 0.279213
0.399873 0.434910 0.296760
0.081064 0.422610 0.193987
0.084627 0.434554 0.199033
0.088492 0.446645 0.204109
0.097294 0.471189 0.214277
0.107875 0.495989 0.224677
0.613120 0.640266 0.447428
0.615736 0.657485 0.456950
0.618250 0.674388 0.466435
0.623213 0.707269 0.485177
0.095487 0.617118 0.253596
0.109966 0.631756 0.261764
0.125768 0.645452 0.270190
0.161435 0.670258 0.287835
0.521888 0.542347 0.368442
0.530630 0.560908 0.377916
0.538767 0.579099 0.387492
0.546334 0.597056 0.397106
0.553276 0.614603 0.406817
0.565571 0.649173 0.426404
0.305464 0.731090 0.353195
0.327609 0.738921 0.363672
0.348648 0.746719 0.373913
0.368539 0.754585 0.384334
0.387075 0.762736 0.394268
0.114149 0.288916 0.154258
0.118949 0.298017 0.160113
0.123861 0.307379 0.165969
0.134039 0.326913 0.177597
0.144705 0.347500 0.189132
0.155936 0.369172 0.200612
0.180661 0.415405 0.223524
0.217089 0.254938 0.178528
0.229258 0.265733 0.187591
0.241682 0.277020 0.196583
0.254315 0.288844 0.205536
0.318728 0.356750 0.249437
0.381317 0.437234 0.291682
0.387371 0.490954 0.308296
0.399011 0.506196 0.316197
0.410618 0.521210 0.324152
0.433429 0.550222 0.340125
0.193343 0.117943 0.093060
0.214284 0.127582 0.109906
0.237087 0.137628 0.127050
0.287523 0.159799 0.162055
0.342166 0.186760 0.197379
0.397831 0.221447 0.232241
0.450455 0.265756 0.265613
0.496982 0.319844 0.296900
0.528382 0.158218 0.262630
0.545120 0.173784 0.275033
0.561328 0.190614 0.287282
0.576846 0.208570 0.299215
0.233890 0.234237 0.175953
0.245772 0.243186 0.184367
0.257858 0.252508 0.192763
0.270145 0.262274 0.201155
0.282533 0.272491 0.209429
0.307530 0.294456 0.225888
0.511324 0.684895 0.416164
0.525271 0.707954 0.431774
0.537679 0.731132 0.447439
0.548843 0.754456 0.463101
0.559013 0.777880 0.478732
0.151023 0.405820 0.211132
0.157338 0.418760 0.217182
0.171047 0.445184 0.229438
0.204216 0.498610 0.254618
0.259515 0.561586 0.288407
0.110656 0.238907 0.128357
0.115539 0.246231 0.134241
0.120563 0.253742 0.140116
0.125720 0.261439 0.145978
0.131013 0.269340 0.151827
0.291684 0.538599 0.291954
0.304761 0.551558 0.299546
0.318264 0.564137 0.307239
0.374100 0.610519 0.338770
0.401384 0.631895 0.354787
0.394354 0.710050 0.378495
0.404787 0.716039 0.384529
0.414831 0.722104 0.390569
0.433613 0.734480 0.402513
0.666016 0.353276 0.376943
0.677377 0.386622 0.391956
0.686453 0.419899 0.407034
0.693330 0.452056 0.421709
0.705184 0.569584 0.477293
0.707722 0.693523 0.543428
0.708960 0.709943 0.552864
0.723715 0.789638 0.595299
0.479331 0.436776 0.322471
0.489892 0.455739 0.331169
0.499867 0.474573 0.339874
0.509216 0.492900 0.348467
0.518048 0.510915 0.357058
0.236634 0.796519 0.349697
0.251617 0.800198 0.356292
0.266268 0.803734 0.362772
0.294657 0.810633 0.375582
0.321352 0.817513 0.388168
0.739964 0.276261 0.431088
0.749420 0.302495 0.445406
0.757751 0.329083 0.459650
0.771249 0.382991 0.487887
0.221053 0.475390 0.253304
0.231071 0.489331 0.260172
0.241697 0.503147 0.267146
0.264718 0.530041 0.281414
0.113171 0.304659 0.160839
0.118094 0.314832 0.166967
0.123145 0.325307 0.173063
0.128331 0.336105 0.179159
0.133656 0.347205 0.185222
0.055109 0.881691 0.314408
0.078403 0.891831 0.325518
0.102330 0.900925 0.336512
0.150120 0.915659 0.358259
0.196226 0.926986 0.378458
0.124872 0.205737 0.116221
0.130989 0.212557 0.122806
0.137304 0.219513 0.129364
0.150604 0.233956 0.142536
0.164730 0.249157 0.155657
0.187364 0.273622 0.175300
0.203310 0.291215 0.188341
0.219773 0.309900 0.201228
0.308646 0.808163 0.379883
0.325922 0.812802 0.388262
0.342114 0.817615 0.395968
0.357607 0.822627 0.403702
0.372000 0.827755 0.411493
0.398049 0.838824 0.426121
0.107297 0.362395 0.181759
0.111942 0.374799 0.187854
0.139155 0.441132 0.218309
0.152868 0.468977 0.230742
0.187934 0.524327 0.256684
0.224417 0.255028 0.181316
0.237839 0.266688 0.191104
0.279511 0.305460 0.220175
0.293594 0.319725 0.229689
0.175880 0.835154 0.340959
0.206468 0.842687 0.354088
0.236347 0.849359 0.366625
0.264683 0.855330 0.379197
0.291508 0.861054 0.391661
0.076444 0.611776 0.246441
0.085188 0.621982 0.251760
0.094649 0.631938 0.257198
0.138691 0.667798 0.280105
0.177834 0.690469 0.298493
0.205964 0.703525 0.311168
0.234979 0.715150 0.324003
0.064936 0.151446 0.050532
0.069508 0.158710 0.058433
0.074304 0.166149 0.066367
0.084615 0.181589 0.082256
0.095950 0.197823 0.098182
0.108382 0.214949 0.114129
0.121931 0.233079 0.130063
0.136596 0.252370 0.145954
0.118496 0.594407 0.254544
0.135605 0.612217 0.264392
0.154634 0.628803 0.274559
0.198112 0.658232 0.295921
0.419508 0.353329 0.280546
0.429108 0.365840 0.287076
0.438369 0.378612 0.293537
0.447361 0.391642 0.299946
0.456047 0.404891 0.306253
0.472405 0.431605 0.318801
0.487575 0.458391 0.331161
0.514594 0.510647 0.355738
0.732820 0.577998 0.507552
0.732925 0.596514 0.517554
0.732991 0.613772 0.526858
0.733241 0.629367 0.534720
0.407903 0.449345 0.303201
0.417456 0.463267 0.310040
0.426811 0.477062 0.316793
0.436024 0.490788 0.323590
0.445111 0.504409 0.330400
0.173079 0.335893 0.194630
0.178987 0.345189 0.199977
0.185006 0.354700 0.205310
0.197407 0.374349 0.215946
0.210353 0.394772 0.226563
0.652735 0.691438 0.497587
0.654208 0.707058 0.506517
0.655890 0.722307 0.515355
0.657911 0.737451 0.524113
0.660167 0.752411 0.533061
0.108335 0.425975 0.203919
0.113663 0.440071 0.209973
0.119457 0.454356 0.216165
0.132749 0.483201 0.228646
0.427679 0.500014 0.323520
0.436898 0.513155 0.330254
0.446030 0.526212 0.337092
0.454991 0.539056 0.343940
0.463722 0.551617 0.350737
0.443346 0.323660 0.279974
0.456157 0.339837 0.288683
0.468448 0.356673 0.297254
0.479989 0.373874 0.305701
0.490913 0.391479 0.313954
0.510838 0.427354 0.330291
0.345422 0.429222 0.278431
0.356684 0.444268 0.286023
0.367895 0.459323 0.293568
0.379105 0.474371 0.301148
0.401448 0.504066 0.316360
0.423523 0.532818 0.331678
0.445023 0.560433 0.347113
0.465503 0.586963 0.362680
0.545905 0.522834 0.371168
0.554634 0.545128 0.381983
0.562556 0.566981 0.392837
0.569660 0.588353 0.403959
0.581784 0.629951 0.426219
0.236895 0.308944 0.206806
0.244136 0.316915 0.212104
0.273550 0.350834 0.233073
0.318522 0.407365 0.264050
0.333661 0.427310 0.274275
0.251100 0.316410 0.214285
0.260229 0.326483 0.220816
0.269410 0.336869 0.227281
0.278631 0.347572 0.233691
0.306487 0.381475 0.252869
0.445116 0.143574 0.221177
0.464741 0.156118 0.234297
0.483983 0.170013 0.247311
0.502657 0.185248 0.260023
0.520668 0.201814 0.272510
0.569970 0.259264 0.308553
0.610140 0.325469 0.341528
0.630962 0.371948 0.362438
0.081066 0.220595 0.105048
0.085848 0.229387 0.112309
0.090810 0.238450 0.119578
0.101261 0.257392 0.134023
0.124261 0.299162 0.162623
0.136790 0.322234 0.176739
0.150040 0.346876 0.190742
0.143752 0.186636 0.113599
0.149626 0.191796 0.119300
0.155703 0.197053 0.125001
0.161935 0.202385 0.130701
0.168362 0.207826 0.136411
0.195816 0.230754 0.159318
0.210509 0.243037 0.170796
0.225763 0.255998 0.182249
0.163494 0.392646 0.210897
0.169749 0.404559 0.216716
0.176264 0.416670 0.222531
0.190207 0.441359 0.234233
0.205614 0.466340 0.246093
0.222784 0.491259 0.258201
0.241960 0.515749 0.270652
0.263131 0.539364 0.283462
0.033935 0.495946 0.201808
0.039627 0.514315 0.208915
0.046515 0.532813 0.216275
0.064226 0.569104 0.231513
0.213578 0.520754 0.263446
0.217288 0.525289 0.265784
0.221072 0.529788 0.268157
0.228919 0.538707 0.272934
0.237108 0.547471 0.277770
0.245624 0.556064 0.282669
0.263497 0.572559 0.292632
0.125528 0.372922 0.191770
0.129467 0.382208 0.196313
0.133541 0.391671 0.200854
0.142135 0.411041 0.209947
0.151459 0.430924 0.219083
0.184160 0.481944 0.243941
0.194175 0.497146 0.251177
0.205039 0.512179 0.258541
0.229325 0.541282 0.273752
0.237294 0.911140 0.387982
0.257905 0.915364 0.397039
0.277372 0.919322 0.406411
0.295690 0.923453 0.414702
0.385466 0.394550 0.281242
0.399992 0.414391 0.291232
0.414079 0.434574 0.301095
0.427710 0.454869 0.310938
0.440922 0.475095 0.320721
0.466080 0.514695 0.340313
0.489393 0.552607 0.360029
0.296332 0.621583 0.316669
0.309437 0.629851 0.323295
0.322595 0.637851 0.329974
0.335723 0.645640 0.336663
0.348703 0.653235 0.343418
0.373954 0.668034 0.356924
0.397802 0.682576 0.370324
0.419913 0.697118 0.383662
0.440161 0.711871 0.396929
0.233044 0.333076 0.213951
0.244510 0.347273 0.222498
0.256148 0.362006 0.230983
0.279906 0.392943 0.247910
0.381807 0.523966 0.315800
0.191393 0.510124 0.253886
0.201701 0.523783 0.260684
0.224586 0.550146 0.274706
0.250418 0.574858 0.289244
0.278684 0.597620 0.304282
0.379829 0.751916 0.387499
0.400051 0.761588 0.398918
0.418521 0.771638 0.410103
0.435361 0.782149 0.421102
0.450616 0.793127 0.431842
0.350301 0.767730 0.381884
0.376267 0.777707 0.395495
0.421020 0.799657 0.421352
0.439671 0.811567 0.433814
0.364152 0.193623 0.208930
0.387254 0.207969 0.223349
0.410095 0.223994 0.237692
0.492735 0.305055 0.291411
0.553917 0.406649 0.339733
0.591986 0.509087 0.385254
0.071424 0.178096 0.073226
0.075935 0.185583 0.080585
0.080643 0.193260 0.087950
0.090670 0.209212 0.102676
0.119456 0.253140 0.139363
0.125852 0.262741 0.146658
0.139255 0.282899 0.161179
0.153439 0.304444 0.175596
0.527038 0.155128 0.261181
0.543665 0.170388 0.273650
0.559774 0.186848 0.285552
0.589897 0.222893 0.308631
0.175325 0.607767 0.275233
0.188978 0.618734 0.282375
0.203600 0.629302 0.289698
0.234657 0.648597 0.304739
0.267587 0.665890 0.320282
0.300878 0.681484 0.335896
0.364366 0.710197 0.367454
0.502383 0.554477 0.365257
0.510224 0.568742 0.372922
0.517703 0.582787 0.380566
0.531518 0.610383 0.396038
0.235625 0.379412 0.229849
0.242982 0.389777 0.235357
0.250456 0.400311 0.240864
0.265817 0.421819 0.251895
0.281771 0.443720 0.262962
0.298411 0.465760 0.274117
0.315750 0.487713 0.285384
0.333758 0.509304 0.296808
0.161137 0.336548 0.190756
0.167164 0.346693 0.196507
0.173324 0.357083 0.202241
0.186097 0.378614 0.213661
0.199566 0.401031 0.225078
0.229246 0.447739 0.248050
0.263887 0.495061 0.271655
0.609592 0.757272 0.499831
0.613939 0.775309 0.510861
0.618453 0.793341 0.522068
0.623170 0.811395 0.533040
0.627971 0.829416 0.544082
0.366271 0.786400 0.394679
0.391198 0.796741 0.408161
0.413490 0.807812 0.421154
0.433060 0.819517 0.433917
0.131782 0.880361 0.340122
0.160901 0.888503 0.353004
0.189589 0.895488 0.365315
0.243161 0.906884 0.388413
0.704292 0.515789 0.452585
0.705903 0.539545 0.464502
0.706879 0.562388 0.476016
0.707886 0.603951 0.496687
0.133781 0.285322 0.160170
0.138872 0.293431 0.165622
0.144068 0.301745 0.171058
0.154777 0.319019 0.181880
0.177503 0.356248 0.203344
0.189590 0.376167 0.213998
0.202255 0.396861 0.224638
0.215613 0.418198 0.235299
0.154407 0.448657 0.225314
0.159853 0.459161 0.230068
0.165606 0.469657 0.234838
0.171693 0.480162 0.239668
0.178148 0.490645 0.244538
0.295103 0.299276 0.223327
0.307874 0.311665 0.231806
0.333240 0.338185 0.248490
0.358004 0.366863 0.264842
0.381943 0.397386 0.280924
0.404904 0.429143 0.296758
0.426793 0.461359 0.312451
0.447676 0.493232 0.328037
0.364193 0.441840 0.287666
0.376638 0.458737 0.296090
0.388995 0.475565 0.304549
0.413543 0.508780 0.321518
0.437473 0.540658 0.338571
0.386959 0.493129 0.308768
0.398637 0.508329 0.316688
0.421869 0.537952 0.332651
0.433285 0.552299 0.340704
0.630167 0.428476 0.377250
0.636298 0.449706 0.386581
0.641535 0.470547 0.395889
0.649721 0.511033 0.414162
0.259517 0.213211 0.176527
0.268939 0.219186 0.182911
0.278476 0.225372 0.189288
0.288085 0.231765 0.195588
0.104836 0.392943 0.191855
0.118906 0.430933 0.208841
0.143087 0.483779 0.231984
0.158497 0.510207 0.244000
0.222197 0.583974 0.283105
0.226501 0.297351 0.198937
0.234846 0.306309 0.205165
0.251793 0.325058 0.217491
0.268998 0.344931 0.229747
0.295093 0.376757 0.247886
0.330267 0.422257 0.271844
0.347997 0.445787 0.283773
0.758315 0.418191 0.475959
0.761668 0.439256 0.486649
0.764845 0.459834 0.495791
0.769169 0.498487 0.514526
0.265333 0.567597 0.291828
0.275882 0.576770 0.297594
0.286717 0.585658 0.303421
0.320410 0.610714 0.321240
0.156456 0.267834 0.161051
0.163060 0.276087 0.167226
0.169810 0.284572 0.173383
0.183758 0.302312 0.185684
0.198204 0.321068 0.197860
0.213155 0.340932 0.209986
0.200165 0.138918 0.110480
0.209303 0.143487 0.117657
0.218761 0.148153 0.124860
0.238711 0.157773 0.139668
0.259752 0.167976 0.154371
0.180949 0.267030 0.170057
0.189281 0.276121 0.177069
0.206465 0.295203 0.191016
0.224290 0.315618 0.204871
0.242605 0.337408 0.218615
0.261330 0.360573 0.232209
0.349994 0.476553 0.292785
0.571525 0.274904 0.313028
0.585185 0.296125 0.323934
0.597836 0.318148 0.334417
0.619568 0.363393 0.354978
0.472679 0.588464 0.365780
0.521463 0.662960 0.411986
0.534356 0.687244 0.427560
0.556227 0.735770 0.458937
0.533242 0.342812 0.315617
0.545804 0.364663 0.325664
0.557143 0.386755 0.335684
0.567453 0.409062 0.345334
0.576661 0.431295 0.355068
0.592051 0.474503 0.374079
0.604054 0.516129 0.393037
0.613214 0.556129 0.412076
0.620061 0.594827 0.431440
0.534633 0.377050 0.324939
0.545346 0.397845 0.334317
0.555204 0.418902 0.343506
0.572125 0.460485 0.361772
0.585782 0.500390 0.379720
0.202474 0.354133 0.210917
0.210786 0.366351 0.217699
0.219286 0.378893 0.224456
0.275212 0.458837 0.265155
0.318659 0.512724 0.293117
0.366451 0.562841 0.322076
0.297074 0.736818 0.352093
0.319548 0.744409 0.362518
0.340878 0.751890 0.372825
0.380036 0.767296 0.393058
0.414038 0.783899 0.412872
0.697348 0.323796 0.392760
0.705256 0.345974 0.403250
0.712080 0.368070 0.413923
0.722967 0.410934 0.434046
0.588947 0.514855 0.385890
0.595997 0.540330 0.397883
0.602049 0.565351 0.409948
0.607117 0.589611 0.422312
0.611497 0.613359 0.434423
0.224500 0.302005 0.199992
0.236248 0.315028 0.208758
0.248157 0.328605 0.217473
0.272389 0.357451 0.234819
0.011863 0.886600 0.300779
0.029634 0.896598 0.310223
0.124997 0.935840 0.356188
0.162973 0.946594 0.373631
0.199357 0.955500 0.389620
0.264517 0.844548 0.375855
0.292613 0.850773 0.388371
0.318723 0.857073 0.400481
0.342610 0.863719 0.411965
0.096312 0.357835 0.176244
0.101040 0.371659 0.183039
0.105999 0.385859 0.189748
0.116889 0.415463 0.203239
0.129508 0.446262 0.216843
0.587607 0.512272 0.384469
0.592990 0.531065 0.393202
0.605871 0.585449 0.419791
0.617290 0.653368 0.455948
0.385420 0.270905 0.244655
0.393770 0.278374 0.249918
0.402001 0.286093 0.255149
0.418081 0.302299 0.265453
0.425927 0.310787 0.270554
0.561021 0.385940 0.336895
0.577544 0.423472 0.353291
0.584858 0.442521 0.361515
0.591337 0.461041 0.369655
0.487271 0.198471 0.258075
0.505616 0.215186 0.270466
0.523194 0.233267 0.282663
0.539866 0.252606 0.294524
0.583695 0.317033 0.328307
0.522732 0.290788 0.298251
0.538127 0.312557 0.309505
0.552209 0.335062 0.320527
0.565062 0.358257 0.331127
0.603967 0.452321 0.372346
0.277990 0.413091 0.253151
0.290273 0.429712 0.261649
0.302841 0.446516 0.270161
0.328864 0.480195 0.287327
0.355998 0.513222 0.304738
0.628015 0.444264 0.380874
0.633618 0.464831 0.389904
0.638385 0.485008 0.399041
0.642460 0.504749 0.407914
0.139424 0.543985 0.247399
0.160150 0.570123 0.260633
0.184448 0.594525 0.274445
0.212165 0.616866 0.288962
0.274960 0.655043 0.319470
0.226073 0.423303 0.240049
0.236509 0.438934 0.247771
0.247439 0.454701 0.255560
0.270959 0.486198 0.271376
0.252217 0.509553 0.272067
0.259143 0.517720 0.276380
0.266275 0.525778 0.280729
0.281143 0.541516 0.289528
0.296734 0.556695 0.298494
0.385387 0.217116 0.226072
0.413571 0.237987 0.243667
0.440585 0.261510 0.260788
0.466110 0.287769 0.277419
0.489637 0.316450 0.293485
0.529982 0.379254 0.323891
0.560908 0.444722 0.352812
0.583552 0.507890 0.381217
0.599679 0.567409 0.409552
0.219036 0.503993 0.260535
0.233889 0.522491 0.270048
0.250003 0.540447 0.279775
0.267300 0.557690 0.289724
0.285656 0.574154 0.299904
0.490138 0.243685 0.273064
0.503485 0.257904 0.282270
0.516089 0.272650 0.290903
0.539746 0.304367 0.308001
0.560666 0.338019 0.324372
0.248272 0.244546 0.185922
0.256723 0.251054 0.191769
0.265275 0.257776 0.197615
0.273892 0.264713 0.203429
0.282562 0.271879 0.209220
0.695123 0.531390 0.451832
0.696778 0.560042 0.466158
0.697623 0.586819 0.479839
0.698054 0.611851 0.492786
0.674539 0.300345 0.371771
0.682877 0.319789 0.381003
0.690560 0.339912 0.390534
0.697270 0.359324 0.399522
0.658139 0.497785 0.414373
0.661378 0.518364 0.423825
0.663942 0.538606 0.433314
0.667409 0.577226 0.452054
0.182826 0.294036 0.182059
0.188969 0.301676 0.187294
0.195204 0.309506 0.192511
0.201529 0.317530 0.197714
0.207941 0.325753 0.202900
0.221012 0.342794 0.213232
0.234399 0.360612 0.223507
0.248104 0.379162 0.233739
0.262144 0.398366 0.243946
0.276547 0.418092 0.254141
0.248242 0.558725 0.284181
0.262281 0.571618 0.291995
0.276890 0.583922 0.299904
0.307685 0.607129 0.316125
0.370499 0.648544 0.349406
0.427054 0.686990 0.382796
0.525675 0.373935 0.321002
0.535056 0.391316 0.328885
0.543915 0.409160 0.336789
0.551979 0.426647 0.344509
0.559515 0.444271 0.352182
0.141482 0.396952 0.205208
0.147489 0.409960 0.211304
0.153818 0.423193 0.217454
0.222383 0.530846 0.268837
0.245958 0.555978 0.282747
0.182018 0.319000 0.191470
0.192507 0.333776 0.200506
0.225712 0.381659 0.227385
0.275063 0.451773 0.263156
0.332490 0.522421 0.300029
0.491492 0.537742 0.356018
0.500234 0.553066 0.364050
0.508564 0.568070 0.372097
0.516511 0.582829 0.380108
0.426962 0.473838 0.315933
0.438132 0.490544 0.324191
0.449029 0.506987 0.332400
0.459713 0.523255 0.340749
0.470030 0.539043 0.349026
0.049862 0.295435 0.131984
0.051825 0.303842 0.136822
0.053827 0.312463 0.141636
0.057950 0.330362 0.151225
0.062286 0.349160 0.160760
0.071965 0.389476 0.179587
0.077577 0.410891 0.188934
0.083992 0.433125 0.198348
0.100247 0.479109 0.217532
0.453991 0.691299 0.394837
0.466813 0.703397 0.404534
0.478734 0.715683 0.414188
0.489763 0.728118 0.423783
0.544781 0.495105 0.361888
0.553115 0.516037 0.371622
0.560665 0.536278 0.381378
0.567554 0.556178 0.391194
0.584538 0.613876 0.421120
0.593287 0.650474 0.441166
0.600791 0.686094 0.461416
0.469682 0.711189 0.408661
0.485541 0.728036 0.421938
0.499765 0.745221 0.435099
0.512519 0.762734 0.448246
0.534411 0.798727 0.474234
0.107836 0.450198 0.211303
0.113685 0.464709 0.217431
0.120153 0.479377 0.223719
0.135209 0.508566 0.236510
0.153650 0.537252 0.249862
0.148133 0.447559 0.223034
0.156238 0.463492 0.230215
0.165057 0.479429 0.237433
0.185320 0.511070 0.252321
0.244926 0.364987 0.228306
0.251341 0.373513 0.233029
0.257819 0.382185 0.237744
0.284393 0.418090 0.256557
0.153599 0.264318 0.158333
0.161999 0.274805 0.166274
0.170653 0.285684 0.174163
0.227093 0.359915 0.220914
0.247474 0.388078 0.236259
0.268717 0.417577 0.251573
0.291022 0.447917 0.266948
0.314534 0.478458 0.282486
0.398384 0.542097 0.326276
0.412408 0.558097 0.335552
0.426228 0.573678 0.344874
0.439729 0.588898 0.354263
0.452753 0.603768 0.363683
0.498517 0.661396 0.401634
0.385975 0.410697 0.285862
0.398240 0.427765 0.294338
0.410226 0.444945 0.302716
0.421930 0.462183 0.311150
0.433344 0.479239 0.319470
0.657940 0.730678 0.520833
0.660054 0.745625 0.529630
0.662621 0.760871 0.538494
0.668865 0.791977 0.556534
0.113101 0.302855 0.160020
0.118828 0.314599 0.167138
0.130805 0.339323 0.181255
0.157335 0.393622 0.209223
0.180685 0.437832 0.230264
0.620317 0.493766 0.392948
0.624495 0.511729 0.400927
0.628055 0.529239 0.409248
0.631115 0.546506 0.417559
0.228437 0.816533 0.353462
0.253613 0.822389 0.364092
0.300498 0.833179 0.385026
0.342364 0.844283 0.405348
0.285429 0.551842 0.293675
0.296751 0.562413 0.300078
0.344341 0.601660 0.326316
0.368524 0.619743 0.339745
0.392056 0.637042 0.353195
0.248586 0.372439 0.231827
0.256708 0.383360 0.237747
0.273277 0.405813 0.249596
0.281733 0.417295 0.255515
0.299024 0.440574 0.267358
0.335349 0.487479 0.291298
0.344767 0.499048 0.297365
0.312546 0.200702 0.191821
0.343037 0.219120 0.211133
0.373470 0.240180 0.230028
0.403155 0.264157 0.248604
0.481831 0.353585 0.300869
0.522234 0.422853 0.332942
0.575654 0.556750 0.394839
0.592023 0.617790 0.426293
0.626800 0.389414 0.364949
0.633761 0.409269 0.373592
0.639775 0.428401 0.381911
0.649642 0.466723 0.399036
0.656888 0.503424 0.415512
0.529544 0.599883 0.391326
0.540628 0.623891 0.404902
0.550539 0.647512 0.418702
0.559369 0.670744 0.432626
0.608067 0.828192 0.530459
0.415921 0.519375 0.325316
0.429908 0.537629 0.335185
0.443608 0.555396 0.345102
0.456924 0.572741 0.355104
0.469712 0.589624 0.365094
0.493362 0.622528 0.385255
0.531781 0.686519 0.426072
0.619031 0.685256 0.471908
0.622276 0.706453 0.484173
0.625617 0.726954 0.496094
0.629259 0.747348 0.508306
0.633106 0.767076 0.520155
0.642282 0.807477 0.544323
0.652646 0.848664 0.568670
0.156729 0.180271 0.115727
0.166665 0.187982 0.124709
0.177057 0.195897 0.133680
0.199272 0.212464 0.151821
0.223137 0.230245 0.169951
0.248340 0.249560 0.187994
0.301269 0.294277 0.223730
0.338974 0.256576 0.223665
0.353874 0.268496 0.232974
0.368606 0.281161 0.242246
0.397215 0.308770 0.260433
0.093940 0.352920 0.173544
0.097946 0.364782 0.179445
0.102113 0.376946 0.185286
0.111077 0.402216 0.197039
0.121156 0.428539 0.208792
0.162562 0.510371 0.245267
0.472067 0.606852 0.371700
0.486266 0.625728 0.383642
0.499401 0.644367 0.395623
0.511453 0.662869 0.407580
0.522442 0.681341 0.419700
0.266161 0.368041 0.236067
0.280168 0.386124 0.245969
0.294356 0.404767 0.255830
0.308749 0.423855 0.265678
0.383878 0.520131 0.315373
0.199905 0.653827 0.295300
0.215356 0.662536 0.302542
0.231380 0.670822 0.309970
0.247748 0.678625 0.317543
0.264178 0.685964 0.325087
0.297011 0.699681 0.340217
0.328865 0.712525 0.355497
0.358942 0.725142 0.370392
0.360802 0.698994 0.362421
0.385743 0.711612 0.375902
0.408783 0.724477 0.389123
0.429765 0.737709 0.402138
0.480814 0.780327 0.440332
0.527022 0.843571 0.488851
0.340835 0.414442 0.272923
0.359120 0.438807 0.285275
0.368239 0.451137 0.291427
0.386348 0.475679 0.303756
0.404392 0.499993 0.316128
0.308403 0.952661 0.429568
0.330428 0.959147 0.440253
0.348975 0.965874 0.449704
0.364364 0.972655 0.458416
0.282888 0.352944 0.236793
0.291317 0.363078 0.242589
0.299750 0.373441 0.248373
0.350540 0.439382 0.282802
0.367519 0.462110 0.294210
0.384448 0.484714 0.305669
0.401316 0.506933 0.317139
0.387488 0.215560 0.226278
0.408865 0.231060 0.239577
0.429690 0.248085 0.252779
0.468803 0.286777 0.278050
0.503530 0.331117 0.302112
0.284599 0.449312 0.265379
0.298102 0.467104 0.274391
0.312072 0.484826 0.283477
0.371808 0.552347 0.320746
0.402590 0.583247 0.339909
0.517461 0.424550 0.331769
0.539406 0.471308 0.352699
0.548983 0.494257 0.363201
0.557650 0.516720 0.373728
0.139594 0.111640 0.060606
0.145101 0.115272 0.066290
0.150822 0.118931 0.072002
0.156749 0.122603 0.077752
0.175878 0.133788 0.095231
0.197128 0.145344 0.113028
0.220482 0.157405 0.131147
0.507686 0.259400 0.284143
0.522529 0.277256 0.294557
0.536522 0.296014 0.304669
0.549501 0.315359 0.314537
0.572739 0.356017 0.333496
0.349685 0.345429 0.255930
0.374041 0.374560 0.272073
0.397363 0.405317 0.287932
0.488390 0.546111 0.357572
0.513081 0.589062 0.381048
0.286371 0.467241 0.270864
0.297050 0.480931 0.277854
0.319278 0.507819 0.291959
0.330829 0.520951 0.299112
0.354624 0.546371 0.313612
0.447903 0.190713 0.240187
0.463077 0.202304 0.249954
0.477878 0.214729 0.259902
0.492235 0.227983 0.269191
0.506167 0.242128 0.278742
0.532239 0.272656 0.296921
0.555729 0.305855 0.314460
0.576407 0.341040 0.331169
0.594020 0.377332 0.347429
0.620360 0.449396 0.378802
0.317795 0.502502 0.290050
0.324619 0.510476 0.294325
0.331507 0.518319 0.298595
0.345596 0.533770 0.307238
0.119971 0.203946 0.112973
0.126766 0.211755 0.120488
0.133844 0.219767 0.128019
0.148831 0.236467 0.143068
0.164884 0.254181 0.158093
0.509706 0.342705 0.307401
0.530932 0.378223 0.323949
0.540408 0.396396 0.332193
0.549116 0.414427 0.340096
0.564649 0.450792 0.356050
0.577568 0.485834 0.371624
0.588337 0.519864 0.387242
0.124739 0.214105 0.120921
0.133768 0.224606 0.130591
0.143248 0.235489 0.140257
0.163515 0.258561 0.159557
0.185377 0.283650 0.178760
0.208590 0.311082 0.197800
0.232906 0.341081 0.216616
0.258122 0.373620 0.235224
0.356930 0.543222 0.313444
0.368657 0.555282 0.320592
0.380441 0.567073 0.327807
0.392156 0.578514 0.335025
0.200834 0.336355 0.204253
0.213169 0.353564 0.214266
0.225856 0.371496 0.224234
0.238914 0.390087 0.234170
0.252401 0.409259 0.244111
0.280811 0.448653 0.264041
0.379203 0.563047 0.326225
0.567337 0.367542 0.334397
0.576952 0.387751 0.343336
0.585616 0.407904 0.352126
0.593388 0.427859 0.360653
0.376495 0.756792 0.388001
0.393175 0.764401 0.397322
0.408763 0.772321 0.406400
0.423174 0.780503 0.415338
0.504192 0.145712 0.247670
0.522245 0.160431 0.260694
0.539773 0.176497 0.273560
0.556700 0.193905 0.286087
0.616135 0.274389 0.333025
0.639883 0.319212 0.354615
0.271171 0.820696 0.370088
0.292448 0.825668 0.379616
0.312832 0.830620 0.389308
0.331946 0.835804 0.398137
0.349729 0.841000 0.407504
0.381773 0.852625 0.424369
0.646479 0.298489 0.353788
0.659037 0.325645 0.366725
0.670151 0.353586 0.379516
0.679433 0.380949 0.392015
0.687117 0.407674 0.404116
0.161768 0.178257 0.116807
0.174693 0.187849 0.128157
0.188344 0.197759 0.139552
0.217839 0.218850 0.162509
0.249735 0.242167 0.185454
0.300271 0.282847 0.219414
0.334219 0.314613 0.241458
0.541077 0.184463 0.276267
0.554580 0.198572 0.286319
0.567549 0.213395 0.295981
0.580062 0.229039 0.305573
0.613892 0.279472 0.333023
0.633163 0.315414 0.350283
0.649496 0.352342 0.367171
0.160425 0.500712 0.241964
0.170497 0.516158 0.249255
0.181640 0.531434 0.256712
0.206953 0.560682 0.272214
0.236253 0.587717 0.288418
0.476357 0.511672 0.342860
0.486479 0.528824 0.351521
0.496243 0.545775 0.360205
0.505511 0.562233 0.368981
0.514317 0.578441 0.377795
0.306677 0.316900 0.233091
0.320318 0.331147 0.242158
0.347179 0.361528 0.259860
0.360348 0.377612 0.268646
0.637510 0.567865 0.429539
0.639819 0.586749 0.438997
0.641729 0.605031 0.448343
0.644704 0.640161 0.467042
0.194674 0.398259 0.222663
0.198418 0.404494 0.225783
0.202227 0.410779 0.228892
0.206103 0.417105 0.232006
0.214099 0.429907 0.238272
0.222406 0.442785 0.244547
0.240163 0.468722 0.257248
0.249668 0.481654 0.263689
0.259629 0.494508 0.270214
0.746135 0.443959 0.467708
0.749734 0.470886 0.480810
0.752337 0.496859 0.493540
0.755464 0.544076 0.516828
0.169629 0.503084 0.245404
0.175663 0.512122 0.249710
0.188808 0.530003 0.258483
0.195878 0.538738 0.262969
0.209323 0.297718 0.193014
0.217550 0.307071 0.199433
0.225890 0.316717 0.205805
0.260222 0.358279 0.231115
0.295767 0.404179 0.256099
0.313986 0.428313 0.268527
0.431127 0.526547 0.332314
0.442578 0.541994 0.340678
0.453747 0.557062 0.349026
0.475114 0.586352 0.365954
0.377276 0.804799 0.405483
0.403919 0.816725 0.420493
0.426980 0.829585 0.435106
0.463832 0.858187 0.462684
0.312239 0.267467 0.218054
0.320926 0.274605 0.223626
0.338201 0.289602 0.234664
0.346745 0.297464 0.240125
0.181069 0.226271 0.151213
0.192078 0.235847 0.160271
0.203464 0.245802 0.169289
0.215226 0.256180 0.178354
0.227279 0.267010 0.187382
0.252103 0.290179 0.205252
0.313198 0.363426 0.249662
0.324573 0.377284 0.257332
0.335892 0.391516 0.264950
0.347145 0.406071 0.272540
0.402139 0.480939 0.310126
0.423505 0.510462 0.325204
0.444322 0.539024 0.340357
0.464265 0.566489 0.355639
0.252879 0.490313 0.267027
0.261741 0.501437 0.272738
0.270946 0.512413 0.278512
0.280483 0.523215 0.284343
0.290351 0.533835 0.290243
0.332419 0.573812 0.314429
0.354390 0.592323 0.326818
0.376369 0.609985 0.339365
0.077643 0.232350 0.110335
0.083239 0.243759 0.119205
0.089074 0.255618 0.128031
0.101448 0.280789 0.145549
0.114755 0.308106 0.162897
0.128287 0.597279 0.258268
0.143420 0.612365 0.266780
0.159938 0.626502 0.275559
0.197017 0.652100 0.293954
0.238024 0.674069 0.313042
0.280741 0.693009 0.332640
0.078964 0.457176 0.204284
0.082661 0.468268 0.208814
0.095920 0.501828 0.222674
0.106954 0.524155 0.232256
0.120050 0.546067 0.242166
0.135512 0.567423 0.252491
0.153322 0.587709 0.263264
0.173584 0.606835 0.274448
0.299265 0.621455 0.317569
0.332750 0.642112 0.334642
0.365528 0.661457 0.351843
0.396301 0.680142 0.369002
0.437258 0.708290 0.394390
0.460734 0.727647 0.411149
0.165405 0.423073 0.221071
0.172881 0.437168 0.227636
0.180838 0.451416 0.234274
0.198399 0.480028 0.247723
0.218572 0.508327 0.261574
0.267314 0.561543 0.290784
0.367623 0.578393 0.326997
0.390729 0.598923 0.340759
0.413218 0.618657 0.354636
0.434556 0.637839 0.368555
0.454375 0.656731 0.382479
0.488836 0.694455 0.410273
0.692060 0.631390 0.497719
0.692428 0.650302 0.507779
0.692876 0.667286 0.516859
0.694437 0.699504 0.534937
0.083033 0.215011 0.102622
0.088759 0.224993 0.111106
0.094743 0.235327 0.119568
0.107468 0.257068 0.136414
0.121202 0.280478 0.153145
0.382512 0.639907 0.350809
0.414101 0.662603 0.369511
0.433492 0.677575 0.381943
0.451400 0.692652 0.394311
0.258679 0.194419 0.167408
0.271382 0.201712 0.175912
0.284378 0.209345 0.184603
0.297488 0.217349 0.193100
0.310845 0.225821 0.201730
0.087696 0.167130 0.073978
0.093953 0.175308 0.082714
0.100554 0.183698 0.091477
0.114852 0.201177 0.109002
0.130660 0.219686 0.126603
0.147969 0.239405 0.144176
0.166718 0.260561 0.161726
0.186765 0.283404 0.179167
0.546225 0.596957 0.397030
0.555179 0.619890 0.409906
0.563287 0.642518 0.422526
0.570486 0.664713 0.435522
0.577097 0.686720 0.448495
0.197595 0.352875 0.208874
0.206016 0.365446 0.215842
0.214637 0.378357 0.222796
0.232552 0.405082 0.236685
0.251526 0.432725 0.250613
0.526878 0.342938 0.313409
0.536932 0.359880 0.321284
0.546283 0.377085 0.329104
0.554859 0.394258 0.336786
0.577057 0.446444 0.359566
0.598490 0.512663 0.389213
0.131464 0.239155 0.137238
0.136475 0.245500 0.142513
0.146859 0.258609 0.153039
0.186714 0.309642 0.189572
0.198982 0.325880 0.199887
0.560385 0.501003 0.369634
0.567608 0.521195 0.379108
0.574146 0.540918 0.388515
0.580064 0.560215 0.397977
0.585396 0.579237 0.407525
0.121441 0.207327 0.115596
0.130617 0.217901 0.125596
0.140283 0.228855 0.135597
0.161048 0.252077 0.155577
0.183573 0.277352 0.175457
0.232846 0.335482 0.214696
0.259016 0.368643 0.233978
0.099440 0.213282 0.109125
0.105592 0.222222 0.117030
0.112007 0.231432 0.124930
0.125622 0.250738 0.140686
0.140248 0.271360 0.156368
0.375266 0.371554 0.271608
0.414337 0.424450 0.298414
0.510802 0.580819 0.377271
0.534895 0.627892 0.404023
0.150138 0.147892 0.092083
0.160307 0.154956 0.101656
0.171109 0.162168 0.111372
0.194472 0.177137 0.130879
0.247754 0.210213 0.170439
0.316733 0.287885 0.226797
0.327756 0.297932 0.233925
0.338698 0.308401 0.241029
0.349522 0.319278 0.247946
0.360233 0.330594 0.254899
0.391176 0.366792 0.275292
0.112911 0.409589 0.200081
0.136545 0.465839 0.224822
0.169859 0.522847 0.250857
0.191427 0.550165 0.264711
0.216449 0.575827 0.279137
0.244667 0.599453 0.294225
0.275436 0.620977 0.309843
0.348722 0.249454 0.224561
0.366292 0.263259 0.235556
0.383566 0.278098 0.246393
0.400396 0.293974 0.257033
0.416705 0.310910 0.267519
0.086384 0.219998 0.107122
0.090639 0.227347 0.113286
0.095038 0.234894 0.119458
0.104232 0.250533 0.131737
0.113967 0.267023 0.143965
0.213412 0.837265 0.354969
0.235284 0.842186 0.364220
0.256557 0.846815 0.373183
0.276717 0.851063 0.382535
0.314433 0.859834 0.399554
0.347474 0.868909 0.416335
0.159672 0.448889 0.227020
0.167444 0.463336 0.233580
0.175843 0.477842 0.240276
0.184905 0.492272 0.247035
0.194712 0.506576 0.253923
0.216721 0.534517 0.268121
0.241872 0.560971 0.282850
0.269890 0.585535 0.298184
0.203920 0.654606 0.296738
0.224912 0.666121 0.306595
0.246348 0.676628 0.316487
0.268214 0.686441 0.326494
0.344236 0.198116 0.203020
0.360712 0.207996 0.213388
0.377069 0.218633 0.223626
0.393253 0.230088 0.233607
0.409165 0.242389 0.243531
0.104288 0.261070 0.137116
0.108811 0.269179 0.142939
0.113449 0.277499 0.148747
0.123065 0.294835 0.160280
0.133130 0.313136 0.171755
0.143655 0.332450 0.183136
0.166263 0.374156 0.205716
0.178539 0.396437 0.216946
0.630031 0.509101 0.402790
0.634279 0.531208 0.413183
0.637743 0.552918 0.423664
0.640518 0.574110 0.434245
0.642872 0.594743 0.444384
0.646370 0.634029 0.464568
0.516465 0.312600 0.301756
0.527194 0.328405 0.309743
0.537370 0.344736 0.317595
0.555643 0.378080 0.332773
0.095352 0.424757 0.199313
0.114249 0.474668 0.220536
0.141003 0.525085 0.242789
0.158315 0.549497 0.254559
0.201582 0.594551 0.279678
0.124190 0.137933 0.072134
0.129761 0.142519 0.078239
0.135557 0.147157 0.084362
0.147845 0.156588 0.096723
0.161149 0.166282 0.109276
0.190671 0.186631 0.134510
0.676967 0.536095 0.441118
0.678786 0.558037 0.451628
0.680077 0.579164 0.461879
0.680924 0.599256 0.471972
0.444158 0.485227 0.324627
0.459031 0.508410 0.336127
0.473218 0.530837 0.347593
0.486798 0.552770 0.359136
0.499582 0.574014 0.370757
0.564267 0.617534 0.412964
0.577346 0.660110 0.437039
0.583072 0.680997 0.449033
0.588335 0.701560 0.461414
0.598437 0.741920 0.485713
0.063442 0.661803 0.255452
0.076351 0.673448 0.262482
0.090431 0.684663 0.269753
0.105637 0.695314 0.277206
0.121253 0.704941 0.284755
0.155432 0.722538 0.300314
0.192084 0.737521 0.316564
0.229675 0.750247 0.332772
0.266885 0.761275 0.349292
0.071106 0.307580 0.146143
0.073798 0.316419 0.151158
0.076547 0.325485 0.156126
0.082243 0.344286 0.165983
0.088278 0.364017 0.175784
0.583395 0.585986 0.409243
0.587814 0.603059 0.418269
0.591852 0.619854 0.427194
0.598949 0.652642 0.444981
0.361363 0.406172 0.276972
0.374143 0.423300 0.285660
0.386769 0.440710 0.294287
0.399172 0.458118 0.302895
0.411345 0.475452 0.311487
0.575383 0.357655 0.334948
0.584084 0.375735 0.343050
0.592260 0.394436 0.351103
0.599394 0.412327 0.359009
0.606033 0.430673 0.366893
0.617122 0.466090 0.382316
0.512208 0.479657 0.345589
0.522703 0.501569 0.355858
0.541456 0.543903 0.376352
0.557365 0.584515 0.397182
0.328810 0.864145 0.406875
0.350448 0.870551 0.417622
0.370009 0.877347 0.428309
0.387629 0.884757 0.438251
0.402818 0.892463 0.447499
0.428599 0.909460 0.465070
0.449143 0.928326 0.481564
0.408583 0.274731 0.253843
0.427610 0.293451 0.266047
0.445726 0.313455 0.277892
0.462829 0.334694 0.289466
0.478843 0.356955 0.300792
0.531188 0.450967 0.343948
0.283615 0.291277 0.216645
0.297989 0.304858 0.226222
0.340726 0.349929 0.254403
0.354629 0.366331 0.263637
0.303176 0.782005 0.369172
0.322642 0.787657 0.377937
0.358634 0.799159 0.395980
0.375068 0.805273 0.404670
0.404598 0.818410 0.421227
0.645861 0.182444 0.332963
0.658915 0.202340 0.345370
0.671417 0.223224 0.357585
0.693913 0.266553 0.381134
0.537735 0.661673 0.418695
0.547605 0.683708 0.432256
0.556518 0.705592 0.446037
0.564752 0.727455 0.459861
0.572405 0.749138 0.473617
0.586714 0.792229 0.501217
0.553559 0.659907 0.425161
0.561084 0.680130 0.437461
0.568044 0.700222 0.449590
0.574562 0.720282 0.462026
0.580687 0.739997 0.474268
0.024924 0.419228 0.174254
0.026835 0.431849 0.179290
0.029032 0.444734 0.184285
0.034480 0.471122 0.194482
0.041705 0.498079 0.204906
0.219565 0.306553 0.199940
0.236283 0.325883 0.212563
0.306209 0.414128 0.262159
0.324363 0.438175 0.274437
0.342824 0.462487 0.286749
0.361523 0.486663 0.299107
0.225735 0.400151 0.233064
0.232337 0.410023 0.238087
0.239088 0.420006 0.243116
0.246002 0.430083 0.248159
0.253088 0.440226 0.253217
0.267821 0.460610 0.263400
0.283373 0.480970 0.273711
0.325712 0.530333 0.300128
0.353037 0.558093 0.316447
0.301857 0.435447 0.266797
0.315053 0.452918 0.275663
0.328564 0.470455 0.284573
0.342308 0.487850 0.293530
0.356274 0.504996 0.302549
0.384817 0.538270 0.320831
0.413333 0.569718 0.339362
0.342529 0.358792 0.257616
0.356481 0.375724 0.266912
0.370202 0.393204 0.276109
0.422186 0.466190 0.312332
0.632827 0.164466 0.320871
0.642754 0.178225 0.330152
0.652428 0.192500 0.339036
0.670395 0.221756 0.356601
0.701747 0.284444 0.390274
0.714548 0.316741 0.406698
0.725301 0.348835 0.422485
0.082083 0.163547 0.068572
0.086724 0.169914 0.075421
0.101866 0.189799 0.095990
0.113053 0.203786 0.109730
0.125150 0.218435 0.123504
0.077616 0.154450 0.059665
0.081751 0.160191 0.066040
0.086064 0.166052 0.072403
0.095211 0.178086 0.085188
0.105103 0.190583 0.098008
0.127273 0.217176 0.123733
0.109125 0.491791 0.223875
0.116851 0.507561 0.230682
0.125520 0.523187 0.237606
0.146118 0.553732 0.252026
0.171279 0.582521 0.267292
0.081629 0.198478 0.091767
0.086015 0.205621 0.098312
0.090560 0.212932 0.104854
0.100146 0.228098 0.117924
0.110394 0.244053 0.130959
0.112175 0.187665 0.099524
0.117340 0.193526 0.105557
0.122685 0.199494 0.111597
0.133947 0.211798 0.123674
0.083372 0.679619 0.266260
0.099610 0.691596 0.274435
0.117448 0.703035 0.283098
0.155624 0.722937 0.300490
0.196986 0.739616 0.318604
0.057714 0.200747 0.081516
0.061378 0.208923 0.088598
0.065169 0.217325 0.095670
0.073150 0.234865 0.109759
0.081672 0.253479 0.123765
0.090740 0.273289 0.137667
0.327609 0.533381 0.301558
0.339572 0.545726 0.308718
0.351695 0.557707 0.315913
0.376249 0.580786 0.330501
0.412298 0.715791 0.387369
0.431466 0.728366 0.399503
0.448961 0.741323 0.411508
0.479108 0.768474 0.434947
-0.003337 0.875645 0.292274
0.041851 0.901464 0.315786
0.090930 0.922727 0.339822
0.188179 0.951380 0.384232
0.315741 0.267348 0.219264
0.330972 0.280040 0.228992
0.346074 0.293482 0.238652
0.375563 0.322759 0.257542
0.237206 0.421673 0.243019
0.254008 0.445936 0.255107
0.271925 0.470353 0.267331
0.354857 0.562883 0.318397
0.399487 0.603509 0.345127
0.202598 0.220384 0.157108
0.216350 0.230938 0.167594
0.230559 0.241987 0.178062
0.245179 0.253616 0.188506
0.260132 0.265897 0.198915
0.116827 0.386778 0.193709
0.122313 0.400760 0.200193
0.134359 0.429645 0.213288
0.148293 0.459363 0.226556
0.413504 0.602084 0.349445
0.420445 0.608678 0.353937
0.427276 0.615209 0.358433
0.440529 0.628106 0.367433
0.292754 0.382782 0.248946
0.300070 0.392177 0.253988
0.307420 0.401719 0.259016
0.322193 0.421136 0.269047
0.122209 0.239273 0.133430
0.132100 0.252724 0.144308
0.142481 0.266804 0.155148
0.153337 0.281581 0.165940
0.164636 0.297101 0.176679
0.247586 0.261150 0.192454
0.254154 0.266688 0.197055
0.260781 0.272364 0.201649
0.274141 0.284147 0.210797
0.287604 0.296530 0.219816
0.301091 0.309534 0.228784
0.273816 0.372671 0.239932
0.283265 0.384827 0.246559
0.292793 0.397250 0.253193
0.312075 0.422695 0.266375
0.351683 0.474794 0.292820
0.309844 0.355836 0.246286
0.316489 0.363701 0.250778
0.323139 0.371731 0.255258
0.336300 0.388134 0.264127
0.362308 0.422134 0.281679
0.267053 0.208909 0.177569
0.279998 0.216889 0.186153
0.293141 0.225261 0.194798
0.319763 0.243384 0.211915
0.372667 0.286105 0.245286
0.195150 0.427854 0.231796
0.205942 0.445602 0.240298
0.217486 0.463471 0.248897
0.243231 0.499012 0.266484
0.343795 0.536780 0.307522
0.360535 0.553986 0.317642
0.377460 0.570611 0.327885
0.410869 0.602142 0.348565
0.442281 0.632114 0.369426
0.494707 0.690499 0.411239
0.193982 0.402682 0.223818
0.209293 0.427898 0.236193
0.225917 0.453625 0.248700
0.244115 0.479426 0.261401
0.285867 0.529629 0.287727
0.167422 0.283974 0.172246
0.174555 0.293097 0.178664
0.181859 0.302520 0.185082
0.196846 0.322181 0.197799
0.212391 0.343054 0.210458
0.228441 0.365083 0.223014
0.063397 0.287125 0.133403
0.069341 0.306898 0.145126
0.075578 0.327869 0.156762
0.082187 0.350108 0.168297
0.089281 0.373586 0.179683
0.169072 0.578295 0.265506
0.182592 0.591525 0.273088
0.197128 0.604105 0.280892
0.228878 0.627270 0.297000
0.263434 0.647943 0.313694
0.238442 0.382692 0.231752
0.263315 0.417615 0.249917
0.289765 0.453710 0.268165
0.318072 0.489903 0.286688
0.348100 0.525005 0.305570
0.091581 0.630497 0.255897
0.104517 0.642873 0.263013
0.118539 0.654611 0.270397
0.149237 0.675821 0.285542
0.183784 0.694559 0.301519
0.228287 0.149778 0.130218
0.241355 0.155965 0.139830
0.254883 0.162409 0.149290
0.283238 0.176162 0.168608
0.312851 0.191511 0.187924
0.343086 0.208879 0.207036
0.178570 0.178045 0.124283
0.187385 0.183999 0.131658
0.196498 0.190094 0.138963
0.215642 0.202758 0.153740
0.235862 0.216206 0.168461
0.257002 0.230600 0.183259
0.084444 0.666839 0.263228
0.100105 0.679232 0.271280
0.153563 0.711258 0.296623
0.193199 0.728429 0.314219
0.184410 0.307620 0.187976
0.192451 0.318240 0.194830
0.200646 0.329198 0.201643
0.234937 0.376401 0.228694
0.188788 0.192608 0.137035
0.199669 0.200183 0.145672
0.210997 0.208009 0.154436
0.234694 0.224517 0.171860
0.259596 0.242446 0.189256
0.285379 0.262158 0.206573
0.203994 0.499139 0.254695
0.212371 0.510439 0.260279
0.240262 0.543157 0.277559
0.261121 0.563693 0.289477
0.283599 0.583076 0.301740
0.135850 0.153442 0.088818
0.140359 0.157042 0.093453
0.145003 0.160686 0.098066
0.154690 0.168096 0.107331
0.175756 0.183445 0.126189
0.180892 0.582215 0.270107
0.196709 0.596682 0.278767
0.213741 0.610349 0.287664
0.250806 0.635234 0.306088
0.122867 0.190990 0.106588
0.128190 0.196594 0.112399
0.133696 0.202305 0.118209
0.145242 0.214053 0.129829
0.157488 0.226279 0.141467
0.170434 0.239062 0.153136
0.324164 0.396677 0.262773
0.346845 0.426416 0.278087
0.369445 0.456771 0.293348
0.414232 0.516683 0.324016
0.457141 0.572649 0.355150
0.495048 0.624690 0.386662
0.229153 0.406108 0.235929
0.238650 0.420205 0.243039
0.248472 0.434485 0.250176
0.269214 0.463307 0.264568
0.016488 0.317052 0.129040
0.017332 0.326062 0.133689
0.018197 0.335276 0.138293
0.022117 0.374536 0.156451
0.024546 0.395586 0.165471
0.397372 0.509620 0.316655
0.408183 0.523409 0.324003
0.418812 0.536780 0.331309
0.439776 0.562883 0.346100
0.148843 0.238724 0.144195
0.156575 0.247366 0.151568
0.164553 0.256279 0.158919
0.181203 0.274990 0.173586
0.198684 0.295006 0.188168
0.216876 0.316453 0.202634
0.314362 0.643462 0.328938
0.347032 0.661793 0.345532
0.378199 0.679308 0.362155
0.432994 0.714226 0.394921
0.476328 0.751147 0.426830
0.295579 0.416137 0.259446
0.306522 0.430728 0.266911
0.317607 0.445418 0.274375
0.340292 0.474950 0.289382
0.363535 0.504046 0.304529
0.387201 0.532234 0.319866
0.216575 0.481319 0.253587
0.238874 0.510879 0.268397
0.264004 0.539256 0.283698
0.291762 0.565943 0.299512
0.321477 0.590715 0.315800
0.138127 0.217332 0.128545
0.146369 0.226152 0.136753
0.154947 0.235247 0.144960
0.173062 0.254360 0.161354
0.192354 0.274881 0.177695
0.084503 0.171352 0.075278
0.087402 0.175382 0.079488
0.090376 0.179464 0.083702
0.096566 0.187791 0.092162
0.103073 0.196341 0.100629
0.079272 0.266338 0.129454
0.083122 0.275607 0.135722
0.087073 0.285162 0.141937
0.095284 0.305151 0.154321
0.103920 0.326376 0.166547
0.113050 0.348902 0.178693
0.175139 0.335357 0.195141
0.183463 0.348304 0.202579
0.192007 0.361668 0.209995
0.209827 0.389558 0.224777
0.228815 0.418743 0.239563
0.249289 0.448752 0.254457
0.128377 0.150793 0.083303
0.136659 0.157686 0.092026
0.145413 0.164711 0.100818
0.164389 0.179226 0.118573
0.185297 0.194466 0.136525
0.208038 0.210656 0.154523
0.263261 0.311125 0.216587
0.270137 0.318349 0.221375
0.277042 0.325756 0.226140
0.297805 0.348999 0.240339
0.217271 0.621895 0.291894
0.236863 0.634695 0.301532
0.257503 0.646791 0.311486
0.299739 0.668599 0.331600
0.182238 0.212527 0.144747
0.195236 0.222933 0.155328
0.208779 0.233790 0.165902
0.237264 0.257112 0.186995
0.177471 0.335624 0.196036
0.183523 0.344928 0.201417
0.189685 0.354449 0.206785
0.202376 0.374136 0.217488
0.229442 0.415684 0.238857
0.253811 0.444714 0.254704
0.266460 0.462154 0.263413
0.279722 0.479566 0.272220
0.308064 0.513745 0.290157
0.338580 0.546314 0.308574
0.389301 0.542165 0.323376
0.406911 0.561683 0.334822
0.424219 0.580526 0.346325
0.456961 0.616631 0.369510
0.485928 0.651507 0.392878
0.140898 0.116717 0.065094
0.148928 0.122014 0.073233
0.157403 0.127356 0.081491
0.175720 0.138238 0.098180
0.195957 0.149491 0.115135
0.218071 0.161233 0.132336
0.153301 0.259302 0.155913
0.158133 0.265179 0.160491
0.163046 0.271168 0.165061
0.173125 0.283531 0.174176
0.183525 0.296429 0.183265
0.194219 0.309893 0.192312
0.385776 0.624256 0.346969
0.400528 0.635585 0.355693
0.414785 0.646745 0.364398
0.441386 0.668792 0.381805
0.135334 0.129303 0.071607
0.143392 0.135139 0.079868
0.151943 0.141033 0.088383
0.170398 0.153120 0.105368
0.190777 0.165677 0.122590
0.213013 0.178844 0.140003
0.120539 0.426859 0.208049
0.126890 0.442223 0.214829
0.133809 0.457755 0.221615
0.149764 0.489071 0.235499
0.160318 0.091745 0.055736
0.166719 0.095076 0.061944
0.173376 0.098423 0.068201
0.187511 0.105192 0.080850
0.219059 0.119134 0.106501
0.374774 0.276755 0.242928
0.390360 0.291111 0.252836
0.405540 0.306358 0.262507
0.434241 0.339238 0.281330
0.460461 0.374863 0.299631
0.483964 0.412314 0.317276
0.311521 0.762232 0.365435
0.329870 0.768030 0.374198
0.347364 0.773852 0.382938
0.379545 0.786102 0.399687
0.176573 0.268326 0.168968
0.182457 0.274924 0.174024
0.188437 0.281673 0.179071
0.200674 0.295662 0.189131
0.226114 0.325733 0.209079
0.233217 0.263522 0.188153
0.248507 0.277151 0.199111
0.264081 0.291585 0.209975
0.295640 0.323031 0.231427
0.315144 0.108746 0.146188
0.332370 0.114898 0.157883
0.349833 0.121570 0.169488
0.385426 0.136961 0.192728
0.220229 0.519281 0.265050
0.229225 0.529978 0.270663
0.238687 0.540489 0.276363
0.258908 0.560750 0.287992
0.353598 0.590256 0.325955
0.373284 0.606229 0.337186
0.392632 0.621629 0.348480
0.429103 0.651351 0.371155
0.509751 0.438462 0.332985
0.518993 0.457087 0.341446
0.527788 0.475794 0.349887
0.543516 0.512053 0.366735
0.226566 0.316832 0.206076
0.234213 0.325808 0.211834
0.241930 0.335020 0.217574
0.257561 0.354164 0.228982
0.289533 0.395108 0.251541
0.380080 0.327838 0.260509
0.403822 0.355563 0.276136
0.426163 0.385057 0.291417
0.466191 0.446933 0.320999
0.134652 0.340706 0.183123
0.140270 0.352067 0.189294
0.152013 0.375695 0.201536
0.164621 0.400473 0.213774
0.140634 0.333926 0.182640
0.147514 0.346954 0.189899
0.161961 0.374257 0.204341
0.177559 0.403102 0.218746
0.194686 0.433123 0.233206
0.243743 0.409841 0.241588
0.254912 0.425840 0.249686
0.266472 0.442039 0.257821
0.290914 0.474615 0.274262
0.317162 0.506732 0.291014
0.222376 0.441718 0.244234
0.232519 0.456836 0.251612
0.243208 0.471968 0.259070
0.266374 0.501934 0.274277
0.170141 0.157576 0.108011
0.178609 0.162978 0.115388
0.196523 0.174122 0.130042
0.236177 0.198042 0.159883
0.396022 0.577009 0.335845
0.415668 0.596322 0.348374
0.434556 0.614967 0.360914
0.469049 0.651238 0.386151
0.215878 0.197230 0.150981
0.226641 0.204124 0.158955
0.237696 0.211260 0.166913
0.260598 0.226389 0.182850
0.308366 0.260876 0.214320
0.036778 0.549570 0.217891
0.044750 0.566443 0.224873
0.054036 0.583088 0.232117
0.076867 0.615159 0.247441
0.121962 0.658015 0.272392
0.125464 0.146616 0.078912
0.131976 0.152097 0.085937
0.153374 0.169039 0.107302
0.186370 0.193123 0.136249
0.195363 0.178589 0.132141
0.202382 0.182985 0.137677
0.209577 0.187466 0.143223
0.224477 0.196709 0.154360
0.398242 0.450597 0.300537
0.421230 0.483606 0.316864
0.443556 0.516001 0.333270
0.484789 0.576874 0.366274
0.546549 0.688908 0.434064
0.074924 0.198497 0.088529
0.078915 0.205531 0.094894
0.083044 0.212725 0.101259
0.091733 0.227648 0.113946
0.180457 0.112821 0.082752
0.193422 0.119136 0.093885
0.207260 0.125591 0.105155
0.237482 0.139042 0.128136
0.306596 0.372185 0.250164
0.317331 0.385577 0.257475
0.328034 0.399257 0.264698
0.349402 0.427349 0.279138
0.391816 0.484535 0.307906
0.294553 0.348702 0.239218
0.306841 0.363200 0.247583
0.319082 0.378153 0.255849
0.343457 0.409336 0.272309
0.125302 0.344461 0.181280
0.131493 0.358051 0.188473
0.137915 0.372049 0.195601
0.151666 0.401268 0.209880
0.184485 0.463088 0.238734
0.229141 0.468197 0.253758
0.239500 0.482608 0.260879
0.250465 0.496923 0.268101
0.274131 0.524854 0.282860
0.327584 0.576364 0.313632
0.552856 0.357686 0.326442
0.562149 0.375594 0.334533
0.570883 0.394048 0.342664
0.585954 0.430350 0.358388
0.153055 0.474124 0.232270
0.163714 0.492791 0.240765
0.175620 0.511269 0.249462
0.203691 0.547101 0.267578
0.275692 0.609720 0.306739
0.099593 0.189825 0.094910
0.105112 0.196944 0.101952
0.110859 0.204226 0.108987
0.123072 0.219335 0.123095
0.150260 0.251991 0.151262
0.240394 0.342510 0.219559
0.251263 0.356174 0.227579
0.262271 0.370289 0.235518
0.284712 0.399737 0.251390
0.123982 0.356797 0.185426
0.129480 0.369426 0.191874
0.135186 0.382376 0.198247
0.147429 0.409261 0.211067
0.176615 0.465582 0.237045
0.590224 0.234203 0.311542
0.603269 0.252989 0.321938
0.615384 0.272320 0.332218
0.637273 0.312822 0.351845
0.061493 0.576949 0.232767
0.070315 0.590605 0.238986
0.080049 0.603838 0.245429
0.102668 0.629078 0.258874
0.159644 0.672551 0.287912
0.092306 0.113854 0.036260
0.098434 0.120075 0.044714
0.104931 0.126405 0.053241
0.119153 0.139395 0.070517
0.152983 0.166767 0.105723
0.315184 0.518830 0.293729
0.346676 0.551836 0.312663
0.379240 0.582677 0.332042
0.441251 0.639235 0.371473
0.305597 0.160394 0.170209
0.316678 0.165546 0.177382
0.327794 0.170907 0.184505
0.350341 0.182526 0.198798
0.395553 0.209811 0.227156
0.093498 0.677078 0.268733
0.132422 0.702592 0.287543
0.176537 0.723920 0.307500
0.270169 0.755759 0.348596
0.160045 0.304095 0.177850
0.168704 0.316869 0.185982
0.177603 0.330139 0.194079
0.196123 0.358150 0.210171
0.081103 0.621491 0.250399
0.093348 0.634463 0.257462
0.106686 0.646798 0.264722
0.206271 0.706133 0.312044
0.354043 0.224859 0.217429
0.365938 0.233102 0.224750
0.377847 0.241819 0.232213
0.401069 0.260546 0.246701
0.423506 0.281178 0.260973
0.444855 0.303649 0.274735
0.249146 0.217789 0.174469
0.260872 0.225555 0.182599
0.272722 0.233631 0.190526
0.296958 0.250981 0.206493
0.357705 0.302300 0.245320
0.322755 0.423866 0.269981
0.333880 0.438596 0.277476
0.345116 0.453474 0.284998
0.367692 0.483076 0.300022
0.413203 0.540166 0.330485
0.184508 0.439639 0.231968
0.192793 0.453723 0.238596
0.201595 0.467848 0.245295
0.220972 0.495942 0.258930
0.267537 0.549578 0.287575
0.199630 0.359966 0.211938
0.207535 0.371918 0.218442
0.215623 0.384155 0.224938
0.269185 0.461698 0.264115
0.286838 0.562116 0.296943
0.304697 0.577682 0.306806
0.360515 0.620270 0.337232
0.429995 0.671364 0.378427
0.182417 0.556505 0.263697
0.192822 0.567730 0.269840
0.203895 0.578615 0.276088
0.227831 0.599097 0.288945
0.362211 0.581154 0.326061
0.380024 0.596601 0.336493
0.397591 0.611562 0.347004
0.430960 0.640420 0.368123
0.486663 0.696904 0.410298
0.212321 0.193852 0.147747
0.221257 0.199538 0.154461
0.230402 0.205376 0.161126
0.249287 0.217608 0.174440
0.288929 0.244765 0.201132
0.098792 0.142256 0.062011
0.105921 0.149747 0.071144
0.113476 0.157381 0.080312
0.130017 0.173148 0.098884
0.169108 0.207191 0.136393
0.303620 0.216168 0.194957
0.316774 0.224476 0.203416
0.329907 0.233219 0.211665
0.356214 0.252269 0.228141
0.189613 0.230490 0.156743
0.199939 0.239337 0.164982
0.210552 0.248485 0.173247
0.232591 0.267913 0.189682
0.278795 0.311977 0.222118
0.652559 0.444888 0.393485
0.657084 0.464484 0.402440
0.660955 0.483566 0.410966
0.666838 0.520899 0.427992
0.126099 0.463069 0.220802
0.132900 0.477483 0.227077
0.140350 0.491872 0.233418
0.157556 0.520410 0.246514
0.202566 0.574246 0.274521
0.201240 0.357670 0.211699
0.206846 0.366033 0.216306
0.212540 0.374545 0.220906
0.224208 0.391980 0.230094
0.248857 0.428186 0.248494
0.218761 0.763030 0.333069
0.242515 0.769896 0.343301
0.265655 0.776177 0.353576
0.309870 0.788154 0.373582
0.421346 0.544035 0.334286
0.452375 0.582152 0.356489
0.480751 0.618409 0.378966
0.526391 0.688520 0.424381
0.547981 0.454677 0.350893
0.557767 0.478774 0.361762
0.566499 0.502212 0.372430
0.581235 0.547416 0.393847
0.601745 0.632398 0.437556
0.139026 0.413013 0.209577
0.144771 0.425628 0.215335
0.150859 0.438421 0.221169
0.164261 0.464306 0.232886
0.197424 0.515928 0.257265
0.147680 0.226225 0.137350
0.153848 0.232717 0.143253
0.160188 0.239361 0.149142
0.173345 0.253132 0.160899
0.201440 0.282918 0.184356
0.125763 0.225626 0.127707
0.133274 0.234852 0.135781
0.141081 0.244373 0.143833
0.157571 0.264401 0.159916
0.140525 0.241338 0.142097
0.146716 0.248765 0.148274
0.153071 0.256379 0.154445
0.166276 0.272237 0.166777
0.046166 0.267339 0.115927
0.048133 0.275085 0.120915
0.054232 0.299484 0.135739
0.062943 0.335059 0.155118
0.270391 0.134557 0.140618
0.279122 0.138071 0.146632
0.288037 0.141711 0.152673
0.306168 0.149316 0.164805
0.253888 0.208268 0.172029
0.262668 0.213721 0.178071
0.271617 0.219390 0.184056
0.326629 0.257773 0.219644
0.081113 0.226989 0.108805
0.085723 0.235756 0.115855
0.090494 0.244783 0.122880
0.100517 0.263676 0.136874
0.122463 0.305261 0.164550
0.161617 0.673688 0.288853
0.178649 0.683182 0.296729
0.196344 0.691976 0.304757
0.233425 0.707886 0.321416
0.170539 0.838177 0.339956
0.192151 0.843622 0.349399
0.213554 0.848629 0.358433
0.254492 0.857359 0.376341
0.292176 0.865453 0.393164
0.184238 0.098751 0.074271
0.194776 0.103574 0.083243
0.205981 0.108389 0.092643
0.230096 0.118375 0.111431
0.412535 0.425689 0.298188
0.424231 0.442953 0.306554
0.435589 0.460237 0.314912
0.457437 0.494577 0.331592
0.099558 0.579947 0.245001
0.108728 0.591665 0.250897
0.118739 0.603096 0.256925
0.141304 0.624814 0.269430
0.347485 0.418808 0.276174
0.357277 0.431875 0.282814
0.367059 0.445090 0.289435
0.424739 0.523177 0.329240
0.176489 0.447860 0.231896
0.184741 0.462120 0.238539
0.193556 0.476387 0.245241
0.213190 0.504715 0.258970
0.189426 0.710404 0.307773
0.202029 0.715666 0.313398
0.214736 0.720621 0.319036
0.240369 0.729861 0.330262
0.273164 0.785523 0.359201
0.293660 0.790824 0.368648
0.313435 0.796242 0.377417
0.350059 0.807160 0.395489
0.410240 0.832101 0.428821
0.128268 0.391905 0.199221
0.133776 0.404883 0.205272
0.139587 0.418106 0.211365
0.152327 0.445133 0.223617
0.169331 0.204974 0.135322
0.181242 0.214745 0.145485
0.193693 0.224886 0.155667
0.220055 0.246506 0.175992
0.205692 0.482613 0.250653
0.215572 0.496616 0.257488
0.226137 0.510471 0.264440
0.249265 0.537348 0.278713
0.300739 0.354970 0.243158
0.312157 0.368623 0.250865
0.323552 0.382692 0.258587
0.346181 0.411816 0.273842
0.390695 0.472080 0.304109
0.481289 0.515801 0.345751
0.492050 0.534365 0.355145
0.502309 0.552552 0.364622
0.521131 0.587720 0.383622
0.640886 0.751231 0.518195
0.643503 0.765363 0.526685
0.646475 0.779754 0.535209
0.652903 0.808321 0.552090
0.194011 0.393587 0.221003
0.203355 0.409011 0.228709
0.213116 0.424721 0.236446
0.234145 0.456677 0.252063
0.121530 0.263899 0.145489
0.125849 0.270652 0.150414
0.130257 0.277555 0.155327
0.139340 0.291840 0.165118
0.060374 0.728534 0.272006
0.080328 0.741241 0.281732
0.102433 0.753272 0.292100
0.149329 0.773356 0.313050
0.386221 0.694117 0.370012
0.406186 0.705842 0.381485
0.424714 0.717746 0.392877
0.457435 0.742489 0.415367
0.271525 0.349255 0.231934
0.281171 0.360910 0.238676
0.290866 0.372898 0.245423
0.310346 0.397689 0.258767
0.275648 0.419571 0.254287
0.282867 0.429413 0.259294
0.290205 0.439324 0.264313
0.305225 0.459225 0.274399
0.159187 0.473280 0.233911
0.165273 0.483944 0.238780
0.178631 0.505138 0.248679
0.185957 0.515604 0.253733
0.104835 0.304713 0.157710
0.110210 0.316693 0.164861
0.115744 0.329084 0.171917
0.127368 0.355168 0.185990
0.153640 0.412128 0.213965
0.312446 0.666606 0.335319
0.332005 0.676310 0.344936
0.351067 0.685750 0.354582
0.446878 0.742747 0.411174
0.331412 0.358352 0.253930
0.340904 0.369705 0.260283
0.350303 0.381324 0.266562
0.368792 0.405227 0.279004
0.175644 0.264965 0.167141
0.182031 0.272034 0.172640
0.188535 0.279280 0.178128
0.201874 0.294344 0.189048
0.390832 0.215542 0.227451
0.403792 0.224761 0.235617
0.416470 0.234480 0.243572
0.441105 0.255613 0.259237
0.163197 0.629208 0.277280
0.182036 0.642743 0.286691
0.202038 0.655202 0.296320
0.245153 0.677542 0.316366
0.164642 0.171217 0.113907
0.172078 0.176477 0.120486
0.179792 0.181842 0.127050
0.195912 0.192874 0.140180
0.225420 0.395311 0.231500
0.232653 0.406068 0.237010
0.240062 0.416983 0.242538
0.255410 0.439077 0.253603
0.288811 0.483710 0.276111
0.228312 0.260904 0.185234
0.235175 0.266954 0.190240
0.242117 0.273163 0.195237
0.256167 0.286058 0.205172
0.284748 0.313961 0.224837
0.158913 0.286057 0.169964
0.165059 0.294390 0.175721
0.171324 0.302944 0.181462
0.184211 0.320763 0.192896
0.026402 0.406979 0.170349
0.028208 0.419564 0.175510
0.030249 0.432372 0.180570
0.035304 0.458804 0.190887
0.050778 0.513456 0.212132
0.430060 0.667719 0.377191
0.452095 0.686496 0.392310
0.471888 0.705516 0.407395
0.505032 0.744630 0.437330
0.224324 0.519233 0.266271
0.230296 0.526350 0.270008
0.236487 0.533412 0.273786
0.249469 0.547250 0.281454
0.185958 0.173547 0.125001
0.199732 0.182286 0.136087
0.214212 0.191346 0.147221
0.245096 0.210722 0.169591
0.205279 0.306682 0.194978
0.211393 0.314034 0.199842
0.217580 0.321560 0.204692
0.230152 0.337130 0.214356
0.236441 0.534542 0.274080
0.248894 0.547768 0.281419
0.261982 0.560525 0.288872
0.289953 0.584694 0.304163
0.296391 0.329241 0.233685
0.308043 0.342039 0.241503
0.319664 0.355326 0.249302
0.342634 0.383176 0.264695
0.092660 0.139488 0.056670
0.097705 0.145102 0.063471
0.102977 0.150788 0.070344
0.114254 0.162435 0.084153
0.155411 0.139465 0.089006
0.166109 0.146352 0.098919
0.177469 0.153398 0.108857
0.202188 0.167995 0.129080
0.226145 0.323166 0.208202
0.237166 0.336527 0.216492
0.248347 0.350397 0.224754
0.271149 0.379582 0.241172
0.233293 0.610012 0.293607
0.242886 0.616766 0.298443
0.252797 0.623379 0.303383
0.273162 0.635965 0.313395
0.131084 0.165116 0.094216
0.137957 0.171102 0.101322
0.145158 0.177193 0.108538
0.160452 0.189737 0.122913
0.247299 0.150796 0.139534
0.256855 0.155146 0.146259
0.266647 0.159644 0.152978
0.286731 0.169080 0.166445
0.172608 0.360713 0.203247
0.179940 0.373257 0.209897
0.187499 0.386115 0.216543
0.203413 0.412654 0.229836
0.121581 0.221999 0.123917
0.125202 0.226522 0.127948
0.128898 0.231113 0.131978
0.136510 0.240512 0.140022
0.144950 0.336667 0.185190
0.150241 0.346497 0.190671
0.155655 0.356568 0.196131
0.166906 0.377401 0.207004
0.178826 0.399099 0.217887
0.122599 0.319604 0.170575
0.129053 0.332788 0.178121
0.135728 0.346462 0.185660
0.149814 0.375171 0.200628
0.182320 0.437337 0.230624
0.156705 0.435570 0.222137
0.164611 0.450851 0.229104
0.173158 0.466269 0.236181
0.192414 0.496985 0.250599
0.093304 0.386207 0.185646
0.097417 0.399040 0.191469
0.101806 0.412177 0.197297
0.111570 0.439198 0.209064
0.232708 0.210516 0.164551
0.241538 0.216328 0.170845
0.268843 0.234852 0.189584
0.287586 0.248305 0.202023
0.224697 0.322215 0.207364
0.233613 0.333005 0.214116
0.242631 0.344125 0.220826
0.260977 0.367344 0.234204
0.149182 0.335770 0.186330
0.155317 0.346833 0.192525
0.161610 0.358189 0.198694
0.174752 0.381803 0.211024
0.203895 0.431889 0.235691
0.113716 0.405684 0.199025
0.119777 0.421480 0.206130
0.126350 0.437581 0.213228
0.141442 0.470406 0.227675
0.159837 0.503299 0.242502
0.175229 0.220518 0.145927
0.185366 0.229309 0.154433
0.195857 0.238405 0.162949
0.217788 0.257653 0.179926
0.089000 0.190639 0.090333
0.093742 0.197487 0.096930
0.098665 0.204486 0.103531
0.109076 0.218977 0.116737
0.154934 0.182647 0.116301
0.163601 0.189540 0.124228
0.172628 0.196594 0.132159
0.191765 0.211274 0.148095
0.101636 0.226243 0.117543
0.107199 0.234720 0.124636
0.112964 0.243440 0.131720
0.125088 0.261673 0.145838
0.151610 0.301745 0.173822
0.434495 0.236552 0.250741
0.452926 0.252982 0.262513
0.470604 0.270701 0.274041
0.503210 0.309693 0.296346
0.531595 0.352457 0.317533
0.373450 0.168255 0.201964
0.384004 0.173964 0.208685
0.394442 0.179968 0.215330
0.415229 0.192965 0.228412
0.151466 0.519599 0.244446
0.162568 0.535616 0.252100
0.174821 0.551197 0.259985
0.202946 0.580759 0.276371
0.096542 0.297851 0.151526
0.102070 0.310782 0.159330
0.107767 0.324192 0.167050
0.119792 0.352574 0.182446
0.093496 0.452690 0.207498
0.097473 0.463618 0.212066
0.101777 0.474606 0.216663
0.111522 0.496687 0.226002
0.092427 0.294388 0.148344
0.096483 0.304123 0.154318
0.100640 0.314148 0.160233
0.109277 0.335080 0.171997
0.172167 0.188701 0.127533
0.180769 0.195079 0.134862
0.189697 0.201617 0.142245
0.208434 0.215243 0.156951
0.248899 0.245223 0.186430
0.120864 0.285208 0.155168
0.126836 0.295717 0.162089
0.132969 0.306566 0.168987
0.145737 0.329356 0.182688
0.159213 0.353622 0.196292
0.102778 0.363528 0.180633
0.105824 0.372034 0.184798
0.108961 0.380689 0.188955
0.115560 0.398435 0.197252
0.224078 0.270365 0.187564
0.231613 0.277449 0.193131
0.239233 0.284731 0.198675
0.254692 0.299932 0.209701
0.270365 0.316022 0.220650
0.453516 0.633426 0.373997
0.469542 0.650896 0.386219
0.484307 0.668281 0.398430
0.510049 0.703135 0.422914
0.052458 0.244219 0.105824
0.055784 0.254528 0.113106
0.059212 0.265184 0.120414
0.066347 0.287661 0.134839
0.119482 0.606023 0.257914
0.132824 0.619189 0.265373
0.147253 0.631608 0.273062
0.179302 0.654335 0.289007
0.196891 0.566402 0.270712
0.201954 0.571483 0.273598
0.207168 0.576508 0.276515
0.217929 0.586209 0.282408
0.063377 0.214263 0.092914
0.068282 0.225145 0.101849
0.073404 0.236439 0.110762
0.084298 0.260364 0.128490
0.061048 0.340106 0.156573
0.063993 0.352652 0.162786
0.067069 0.365578 0.168969
0.073770 0.392594 0.181294
0.103452 0.219080 0.114293
0.109931 0.228415 0.122382
0.116690 0.238050 0.130465
0.162733 0.303308 0.178508
0.194371 0.533592 0.261128
0.200437 0.540856 0.264927
0.206785 0.548072 0.268777
0.220201 0.562122 0.276602
0.611843 0.354508 0.349387
0.621611 0.377490 0.359405
0.630166 0.400440 0.369436
0.643803 0.444981 0.388978
0.120776 0.487484 0.226201
0.126159 0.498222 0.230883
0.131979 0.508947 0.235639
0.144973 0.530076 0.245357
0.393032 0.421254 0.290940
0.404640 0.437715 0.299016
0.416025 0.454262 0.307091
0.438002 0.487088 0.323178
0.564909 0.611976 0.411035
0.569698 0.626752 0.419083
0.574102 0.641360 0.427419
0.582161 0.670166 0.443741
0.618745 0.210776 0.321043
0.634214 0.233999 0.334427
0.648553 0.258132 0.347447
0.673477 0.308191 0.372352
0.215491 0.309761 0.199700
0.226038 0.322220 0.207827
0.236741 0.335150 0.215880
0.258609 0.362445 0.231922
0.143500 0.183694 0.111681
0.150709 0.189923 0.118682
0.158205 0.196291 0.125666
0.173983 0.209430 0.139660
0.015319 0.428442 0.174206
0.016853 0.439542 0.178522
0.020666 0.462346 0.187224
0.032139 0.509337 0.205155
0.257687 0.531477 0.279673
0.273197 0.547571 0.288756
0.289519 0.563015 0.298018
0.324143 0.592019 0.317022
0.636999 0.826407 0.548797
0.643120 0.849803 0.562647
0.649309 0.873508 0.576456
0.661042 0.921456 0.603208
0.123662 0.369077 0.189773
0.127650 0.378541 0.194440
0.131771 0.388188 0.199106
0.140472 0.407978 0.208448
0.512345 0.272500 0.289489
0.529232 0.294275 0.301543
0.544805 0.317067 0.313211
0.571976 0.365100 0.335540
0.593480 0.414021 0.357040
0.128857 0.622434 0.265023
0.145071 0.636221 0.273615
0.162456 0.648995 0.282386
0.200983 0.672050 0.300659
0.242783 0.691775 0.319724
0.545987 0.704674 0.440303
0.553545 0.722335 0.451745
0.560667 0.740065 0.463170
0.573694 0.775243 0.485963
0.041188 0.512716 0.208951
0.049637 0.535028 0.217822
0.060021 0.557114 0.227008
0.072638 0.578798 0.236580
0.227660 0.213371 0.163867
0.236061 0.219064 0.169920
0.244578 0.224895 0.175982
0.262059 0.237156 0.188008
0.116470 0.225570 0.123659
0.123155 0.234434 0.131297
0.130097 0.243567 0.138919
0.144730 0.262717 0.154128
0.178777 0.561725 0.263999
0.193094 0.576629 0.272299
0.208588 0.590822 0.280807
0.242698 0.616907 0.298424
0.158445 0.347076 0.193676
0.164764 0.358284 0.199787
0.171256 0.369779 0.205893
0.184827 0.393580 0.218055
0.267373 0.249626 0.195107
0.277205 0.257193 0.201735
0.287106 0.265046 0.208343
0.307027 0.281683 0.221306
0.150508 0.227059 0.138967
0.154826 0.231545 0.143064
0.159227 0.236102 0.147143
0.168263 0.245438 0.155308
0.008124 0.421487 0.169285
0.009524 0.433641 0.174005
0.011164 0.446091 0.178823
0.015422 0.471599 0.188567
0.436819 0.526072 0.334025
0.451233 0.545982 0.344779
0.465208 0.565418 0.355619
0.513818 0.638774 0.399339
0.282367 0.465009 0.269033
0.295455 0.481848 0.277620
0.308999 0.498457 0.286262
0.337452 0.530724 0.303864
0.089126 0.489182 0.216992
0.097513 0.508422 0.225043
0.107265 0.527493 0.233264
0.131582 0.564591 0.250561
0.483854 0.536665 0.353028
0.496234 0.557567 0.364041
0.507877 0.577939 0.375158
0.528774 0.617434 0.397494
0.042778 0.484893 0.201332
0.046802 0.498373 0.206544
0.051396 0.511964 0.211888
0.062597 0.539076 0.222918
0.232037 0.550261 0.276989
0.242885 0.561041 0.283178
0.254246 0.571501 0.289502
0.278270 0.591378 0.302388
0.209509 0.199869 0.149681
0.220276 0.207036 0.157752
0.231351 0.214433 0.165882
0.254357 0.230139 0.182080
0.216003 0.211454 0.158206
0.225073 0.217752 0.164944
0.234360 0.224260 0.171618
0.253448 0.237910 0.185027
0.298019 0.402572 0.256336
0.312695 0.421952 0.266358
0.327550 0.441622 0.276371
0.357847 0.481228 0.296480
0.361685 0.527821 0.310587
0.375735 0.543310 0.319396
0.403827 0.572938 0.337190
0.431143 0.601064 0.355207
0.153140 0.310075 0.177759
0.158172 0.318018 0.182696
0.163295 0.326146 0.187620
0.173809 0.342958 0.197428
0.048272 0.448535 0.191768
0.050371 0.457305 0.195263
0.052666 0.466166 0.198796
0.057855 0.484037 0.205785
0.207680 0.310069 0.197103
0.219144 0.324020 0.206106
0.230829 0.338561 0.215065
0.254819 0.369390 0.232874
0.024445 0.348755 0.146624
0.026047 0.362739 0.153090
0.027800 0.377300 0.159635
0.031943 0.407727 0.172549
0.115447 0.346074 0.178461
0.120871 0.359018 0.185178
0.126506 0.372351 0.191898
0.138561 0.400109 0.205282
0.127028 0.446783 0.216220
0.132821 0.459723 0.221896
0.139094 0.472731 0.227620
0.153244 0.498706 0.239238
0.250719 0.188850 0.161358
0.260970 0.194591 0.168423
0.271417 0.200558 0.175413
0.292795 0.213195 0.189524
0.397837 0.445863 0.299121
0.406051 0.457614 0.304897
0.414171 0.469309 0.310680
0.430109 0.492533 0.322201
0.367417 0.589220 0.330134
0.375624 0.596212 0.334921
0.383786 0.603095 0.339721
0.399860 0.616567 0.349356
0.554837 0.449982 0.352040
0.562908 0.470232 0.361098
0.570243 0.490088 0.370038
0.582844 0.528635 0.387984
0.272254 0.203962 0.177334
0.282395 0.209977 0.184089
0.292651 0.216232 0.190832
0.313351 0.229493 0.204108
0.401527 0.629508 0.354064
0.417473 0.642387 0.363919
0.432669 0.655107 0.373779
0.460452 0.680456 0.393400
0.349607 0.461637 0.288586
0.358508 0.473289 0.294502
0.367414 0.484862 0.300428
0.385414 0.507785 0.312368
0.352729 0.246163 0.224796
0.367385 0.257481 0.233901
0.381846 0.269493 0.243050
0.409898 0.295738 0.260721
0.369299 0.234966 0.226716
0.386730 0.248140 0.237552
0.403813 0.262332 0.248207
0.436481 0.293791 0.269067
0.635519 0.385625 0.368225
0.644260 0.411370 0.379379
0.651616 0.436943 0.390692
0.662495 0.486222 0.412783
0.399655 0.084394 0.173012
0.414445 0.090494 0.183208
0.429509 0.097246 0.193844
0.459214 0.112642 0.214727
0.071450 0.273005 0.129628
0.074163 0.280471 0.134489
0.076929 0.288113 0.139337
0.082631 0.303985 0.148961
0.145399 0.126139 0.074385
0.152862 0.131037 0.081817
0.160672 0.136006 0.089230
0.177402 0.146141 0.104208
0.489439 0.510874 0.347043
0.500665 0.531243 0.357188
0.511289 0.551191 0.367454
0.530483 0.589656 0.388047
0.092491 0.529388 0.229315
0.101418 0.545385 0.236361
0.111550 0.561091 0.243591
0.135500 0.591023 0.258788
0.111520 0.220210 0.118515
0.115414 0.225463 0.123142
0.119404 0.230808 0.127768
0.127668 0.241793 0.137010
0.133707 0.344937 0.184403
0.137961 0.353725 0.189113
0.142312 0.362694 0.193809
0.151348 0.381160 0.203174
0.217691 0.472582 0.251502
0.227863 0.486969 0.258561
0.238703 0.501258 0.265727
0.262278 0.529078 0.280413
0.160724 0.356698 0.197875
0.165451 0.365227 0.202416
0.170283 0.373917 0.206952
0.180282 0.391732 0.216014
0.122525 0.137424 0.070847
0.129840 0.143484 0.078933
0.137562 0.149646 0.087074
0.154251 0.162276 0.103498
0.570721 0.167402 0.285482
0.585491 0.183939 0.297289
0.599660 0.201487 0.308786
0.626013 0.239005 0.330672
0.307207 0.285347 0.222662
0.317694 0.294794 0.229528
0.328144 0.304614 0.236246
0.348794 0.325407 0.249633
0.039703 0.428729 0.182462
0.042748 0.443990 0.188556
0.046281 0.459532 0.194648
0.055160 0.491219 0.207095
0.041718 0.358174 0.156955
0.043363 0.368121 0.161560
0.045095 0.378280 0.166143
0.048896 0.399286 0.175295
0.450142 0.286405 0.271514
0.464977 0.303066 0.281393
0.479085 0.320600 0.291031
0.504837 0.357662 0.309665
0.397898 0.337638 0.269176
0.409872 0.352036 0.277075
0.421509 0.366980 0.284965
0.443471 0.397879 0.300396
0.420271 0.585378 0.346494
0.432216 0.597910 0.354564
0.454964 0.622334 0.370742
0.465662 0.634350 0.378821
0.031392 0.162931 0.040279
0.033440 0.168501 0.045776
0.035540 0.174206 0.051245
0.039882 0.185976 0.062165
0.118849 0.200013 0.110141
0.127221 0.209515 0.119418
0.136036 0.219323 0.128719
0.154935 0.239962 0.147309
0.466854 0.395381 0.307162
0.478347 0.414161 0.315944
0.489124 0.433013 0.324638
0.509077 0.470956 0.341950
0.587453 0.317918 0.330015
0.598479 0.338727 0.339609
0.608443 0.359766 0.349145
0.625599 0.402842 0.367930
0.276821 0.586291 0.300532
0.293503 0.599074 0.309338
0.310704 0.611345 0.318315
0.345337 0.634229 0.336436
0.282573 0.206687 0.182626
0.296642 0.215138 0.191877
0.310830 0.224055 0.200983
0.339382 0.243560 0.219084
0.217939 0.490801 0.256619
0.225461 0.500925 0.261638
0.233314 0.510941 0.266736
0.250009 0.530472 0.277079
0.251436 0.317715 0.214858
0.258733 0.325789 0.220072
0.266071 0.334069 0.225263
0.280836 0.351236 0.235590
0.606501 0.354123 0.346960
0.614834 0.373094 0.355269
0.622474 0.392486 0.363741
0.635137 0.430221 0.380100
0.080257 0.371794 0.175959
0.082334 0.379184 0.179376
0.084481 0.386663 0.182794
0.089003 0.401997 0.189710
0.431015 0.334830 0.279089
0.445115 0.352868 0.288649
0.458455 0.371461 0.298058
0.483009 0.410182 0.316383
0.311413 0.355337 0.246637
0.323892 0.370209 0.255056
0.336232 0.385511 0.263355
0.360653 0.417267 0.279809
0.173202 0.167551 0.115687
0.179634 0.171810 0.121178
0.186253 0.176133 0.126687
0.200025 0.184980 0.137752
0.134220 0.154006 0.088407
0.139800 0.158523 0.094143
0.145587 0.163102 0.099901
0.157790 0.172454 0.111476
0.281098 0.535303 0.287824
0.288922 0.543303 0.292399
0.296939 0.551176 0.297024
0.313441 0.566440 0.306381
0.145349 0.307431 0.173871
0.150553 0.315962 0.179178
0.155848 0.324680 0.184449
0.166760 0.342789 0.194966
0.045453 0.367598 0.162105
0.047597 0.379703 0.167558
0.049900 0.392115 0.172963
0.055111 0.417878 0.183929
0.096398 0.269867 0.138277
0.101117 0.279448 0.144782
0.105964 0.289323 0.151288
0.116050 0.310009 0.164184
