0.019521 0.154248 0.026207
0.020357 0.156883 0.028799
0.021186 0.159513 0.031488
0.022030 0.162192 0.034113
0.022877 0.164889 0.036769
0.023732 0.167619 0.039426
0.024599 0.170397 0.042049
0.025460 0.173161 0.044736
0.026347 0.176006 0.047324
0.027222 0.178832 0.050023
0.028120 0.181731 0.052628
0.029016 0.184634 0.055292
0.029922 0.187574 0.057927
0.030837 0.190549 0.060554
0.031756 0.193545 0.063217
0.032691 0.196593 0.065810
0.033626 0.199662 0.068499
0.034578 0.202774 0.071080
0.035535 0.205916 0.073741
0.036501 0.209093 0.076349
0.037477 0.212308 0.078973
0.038461 0.215559 0.081606
0.039455 0.218848 0.084193
0.040459 0.222177 0.086851
0.041471 0.225537 0.089407
0.042491 0.228940 0.092059
0.043521 0.232381 0.094634
0.044562 0.235863 0.097246
0.045610 0.239384 0.099841
0.046671 0.242949 0.102417
0.047739 0.246555 0.105032
0.048818 0.250199 0.107572
0.049906 0.253899 0.110197
0.051000 0.257647 0.112735
0.052112 0.261422 0.115323
0.053231 0.265257 0.117873
0.054361 0.269139 0.120429
0.055500 0.273069 0.123001
0.056651 0.277046 0.125519
0.057813 0.281081 0.128100
0.058981 0.285150 0.130594
0.060163 0.289291 0.133152
0.061355 0.293475 0.135660
0.062561 0.297722 0.138186
0.063779 0.302023 0.140708
0.065011 0.306377 0.143196
0.066248 0.310773 0.145733
0.067505 0.315231 0.148186
0.068776 0.319773 0.150730
0.070060 0.324356 0.153172
0.071355 0.328994 0.155684
0.072667 0.333683 0.158150
0.073998 0.338433 0.160613
0.075353 0.343265 0.163099
0.076719 0.348118 0.165530
0.078113 0.353095 0.168033
0.079523 0.358043 0.170435
0.080963 0.363113 0.172911
0.082425 0.368218 0.175344
0.083920 0.373389 0.177789
0.085446 0.378620 0.180245
0.087001 0.383885 0.182660
0.088600 0.389234 0.185144
0.090227 0.394591 0.187520
0.091904 0.400053 0.190009
0.093622 0.405534 0.192411
0.095398 0.411094 0.194869
0.097221 0.416676 0.197311
0.099111 0.422319 0.199743
0.101055 0.427993 0.202224
0.103068 0.433694 0.204625
0.105153 0.439456 0.207155
0.107308 0.445231 0.209558
0.109547 0.451051 0.212078
0.111868 0.456879 0.214543
0.114278 0.462722 0.217040
0.116795 0.468604 0.219556
0.119395 0.474455 0.222045
0.122133 0.480405 0.224634
0.124947 0.486237 0.227121
0.127908 0.492156 0.229727
0.130960 0.498005 0.232289
0.134165 0.503885 0.234908
0.137494 0.509729 0.237521
0.140949 0.515531 0.240166
0.144569 0.521337 0.242840
0.148291 0.527041 0.245536
0.152226 0.532802 0.248247
0.156303 0.538503 0.250994
0.160505 0.544112 0.253770
0.164881 0.549704 0.256589
0.169378 0.555162 0.259414
0.174070 0.560612 0.262286
0.178873 0.565936 0.265165
0.183902 0.571262 0.268096
0.189018 0.576435 0.271017
0.194368 0.581618 0.274014
0.199763 0.586589 0.276967
0.205360 0.591532 0.280013
0.211081 0.596366 0.283061
0.216901 0.601073 0.286133
0.222962 0.605783 0.289250
0.228970 0.610251 0.292351
0.235346 0.614828 0.295533
0.241526 0.619070 0.298665
0.248024 0.623394 0.301908
0.254526 0.627564 0.305097
0.261123 0.631658 0.308336
0.267841 0.635705 0.311626
0.274458 0.639561 0.314826
0.281321 0.643473 0.318172
0.288021 0.647191 0.321420
0.294870 0.650921 0.324781
0.301630 0.654532 0.328065
0.308467 0.658135 0.331406
0.315216 0.661638 0.334703
0.321960 0.665108 0.338018
0.328709 0.668554 0.341403
0.335365 0.671946 0.344697
0.341981 0.675306 0.348120
0.348501 0.678650 0.351367
0.354948 0.681958 0.354738
0.361310 0.685255 0.358049
0.367580 0.688536 0.361379
0.373737 0.691795 0.364730
0.379852 0.695102 0.367990
0.385814 0.698357 0.371394
0.391675 0.701665 0.374546
0.397390 0.704933 0.377928
0.403034 0.708265 0.381140
0.408523 0.711574 0.384430
0.413904 0.714911 0.387684
0.419196 0.718288 0.390918
0.424333 0.721659 0.394228
0.429345 0.725066 0.397355
0.434229 0.728474 0.400682
0.439038 0.731971 0.403808
0.443709 0.735456 0.407106
0.448226 0.738967 0.410245
0.452646 0.742510 0.413409
0.456949 0.746076 0.416621
0.461139 0.749682 0.419689
0.465217 0.753299 0.422969
0.469255 0.757025 0.425989
0.473037 0.760647 0.429209
0.476791 0.764372 0.432237
0.480450 0.768122 0.435399
0.484006 0.771901 0.438481
0.487469 0.775711 0.441562
0.490836 0.779533 0.444707
0.494030 0.783320 0.447701
0.497263 0.787253 0.450843
0.500309 0.791110 0.453839
0.503364 0.795092 0.456915
0.506277 0.799029 0.459949
0.509150 0.803021 0.463011
0.511923 0.807025 0.466039
0.514611 0.811027 0.469010
0.517296 0.815129 0.472070
0.519827 0.819147 0.474987
0.522391 0.823308 0.478044
0.524829 0.827398 0.481004
0.527213 0.831531 0.483980
0.529533 0.835663 0.486946
0.531800 0.839813 0.489903
0.534054 0.844031 0.492867
0.536204 0.848192 0.495835
0.538396 0.852490 0.498747
0.540421 0.856634 0.501638
0.542509 0.860940 0.504530
0.544483 0.865159 0.507456
0.546426 0.869398 0.510342
0.548386 0.873733 0.513279
0.550258 0.877992 0.516164
0.552140 0.882343 0.519057
0.553869 0.886504 0.521833
0.555711 0.890907 0.524739
0.557437 0.895173 0.527522
0.559212 0.899569 0.530396
0.560890 0.903869 0.533182
0.562546 0.908174 0.535972
0.564243 0.912594 0.538795
0.565799 0.916830 0.541596
0.567510 0.921350 0.544358
0.569003 0.925553 0.547136
0.570614 0.929998 0.549862
0.572117 0.934294 0.552593
0.573647 0.938665 0.555311
0.575163 0.943047 0.558014
0.576612 0.947345 0.560702
0.578143 0.951808 0.563375
0.579515 0.956032 0.566031
0.581029 0.960523 0.568669
0.582374 0.964753 0.571286
0.583814 0.969169 0.573898
0.585173 0.973467 0.576491
0.586524 0.977766 0.579089
0.587927 0.982190 0.581612
0.589132 0.986282 0.584135
0.590654 0.990938 0.586634
