0.118710
0.130051
0.169980
0.152552
0.189275
0.413776
0.222275
0.183445
0.293662
0.094640
0.250600
0.132987
0.149552
0.149824
0.946733
0.135793
0.116204
0.305313
0.253960
0.326490
0.483512
0.297530
0.117965
0.248074
0.066783
0.214292
0.258727
0.170575
0.343681
0.131306
0.343918
0.140652
0.219124
0.213823
0.281531
0.136019
0.344602
0.134810
0.340613
0.044629
0.257938
0.189571
0.178975
0.439851
0.230020
0.217586
0.255332
0.542157
0.374971
0.880128
0.312985
0.319835
0.465356
0.202964
0.409231
0.285992
0.213504
0.196497
0.133296
0.463663
0.094942
0.375735
0.478376
0.222711
0.244207
0.261826
0.122854
0.428321
0.092461
0.504101
0.275000
0.278288
0.287898
0.214146
0.265241
0.342028
0.235567
0.146301
0.359951
0.117421
0.353461
0.388766
0.424969
0.187619
0.288374
0.188296
0.260731
0.184345
0.196915
0.212068
0.311784
0.162278
0.475740
0.274534
0.362194
0.239881
0.330033
0.198277
0.355615
0.160731
0.358096
0.477740
0.332667
0.272736
0.250007
0.558384
0.226718
0.471888
0.224813
0.532875
0.312429
0.263481
0.390850
0.238983
0.253623
0.117500
0.261927
0.310121
0.278992
0.381465
0.217885
0.345128
0.563120
0.238264
0.394651
0.657536
0.190770
0.123443
0.222693
0.257331
0.681783
0.365523
0.215750
0.215661
0.111744
0.156511
0.237848
0.205302
0.271426
0.141327
0.194850
0.257882
0.189529
0.198305
0.075951
0.100093
0.079949
0.418810
0.064113
0.228775
0.237013
0.238064
0.316751
0.195134
0.108028
0.122322
0.181108
0.148012
0.315417
0.453124
0.185264
0.173722
0.209714
0.231049
0.318936
0.132267
0.181855
0.129946
0.351951
0.141022
0.230790
0.146784
0.192842
0.295432
0.468640
0.285754
0.076519
0.524011
0.173952
0.410806
0.214953
0.153775
0.174237
0.252500
0.201449
0.692104
0.288277
0.166048
0.227126
0.073081
0.132445
0.181726
0.411112
0.228079
0.182308
0.074590
0.325144
0.377064
0.285827
0.255736
0.512841
0.243307
0.225425
0.304717
0.178445
0.078844
0.409739
0.226141
0.344374
0.538786
0.299303
0.105861
0.331538
0.251324
0.224662
0.177783
0.129332
0.401776
0.111226
0.122783
0.144135
0.386052
0.512869
0.208852
0.280331
0.252421
0.083918
0.280220
0.251108
0.399084
0.365246
0.277934
0.908553
0.196126
0.241770
0.306092
0.157618
0.241039
0.351722
0.144021
0.291638
0.122317
0.102222
0.242175
0.121673
0.292261
0.193299
0.141025
0.081517
0.223517
0.193478
0.570331
0.272927
0.151516
0.370304
0.394512
0.157120
0.343427
0.102507
0.102508
0.258397
0.246643
0.227324
0.101702
0.203921
0.207960
0.107399
0.440179
0.319022
0.118222
0.299701
0.318753
0.302514
0.111878
0.372927
0.106123
0.361241
0.133621
0.192054
0.088689
0.347023
0.268353
0.210851
0.163288
0.425945
0.119093
0.127171
0.118094
0.235244
0.116207
0.409813
0.216419
0.288694
0.230512
0.160132
0.203304
0.117372
0.244433
0.156122
0.240104
0.156717
0.217713
0.207655
0.260473
0.505822
0.288976
0.436944
0.744937
0.492523
0.296173
0.061588
0.224112
0.218787
0.154395
0.196915
0.202969
0.408477
0.097297
0.209340
0.199214
0.175125
0.390340
0.346967
0.139673
0.437320
0.287159
0.537950
0.143149
0.122113
0.413053
0.173909
0.231532
0.280596
0.262734
0.221546
0.310609
0.197275
0.256480
0.259638
0.383700
0.156369
0.179060
0.254709
0.124271
0.685233
0.177149
0.123116
0.585229
0.233944
0.302164
0.107933
0.153493
0.340007
0.346853
0.144724
0.509688
0.519834
0.304847
0.162600
0.337848
0.080222
0.099507
0.143606
0.168657
0.177827
0.299606
0.129474
0.715677
0.290743
0.268534
0.237745
0.243157
0.172130
0.208292
0.124692
0.401821
0.119236
0.217428
0.222906
0.315979
0.161859
0.377848
0.341907
0.355125
0.148044
0.176289
0.254126
0.307298
0.503401
0.191980
0.296483
0.193166
0.121456
0.390062
0.126130
0.126781
0.692103
0.252721
0.275429
0.265874
0.241003
0.304898
0.500407
0.122180
0.343054
0.424084
0.247523
0.201171
1.063591
0.129261
0.198470
0.294812
0.067336
0.061948
0.290814
0.108353
0.106377
0.245736
0.176927
0.155706
0.219236
0.172113
0.246662
0.112979
0.274649
0.109484
0.317145
0.167834
0.167038
0.250004
0.105052
0.165999
0.169066
0.307319
0.106363
0.106294
0.142073
0.214760
0.186368
0.146156
0.179626
0.090921
0.357813
0.250502
0.136890
0.115681
0.198244
0.385065
0.120743
0.287369
0.298336
0.508849
0.337861
0.329317
0.260138
0.112317
0.111150
0.399497
0.274255
0.187254
0.100136
0.255170
0.151615
0.095794
0.257122
0.297950
0.296897
0.140929
0.071947
0.250011
0.203210
0.218507
0.370402
0.184138
0.198337
0.067755
0.353974
0.533124
0.266761
0.124476
0.345288
0.573949
0.308043
0.190304
0.188825
0.210489
0.199541
0.319188
0.136318
0.102526
0.126387
0.106645
0.317703
0.093095
0.082088
0.236630
0.134772
0.147498
0.312681
0.153723
0.221616
0.138305
0.112173
0.111021
0.097560
0.124100
0.119979
0.151438
0.599054
0.151071
0.096182
0.295570
0.419051
0.399597
0.222463
0.130675
0.250770
0.159868
0.219819
0.177285
0.113326
0.116410
0.167008
0.308500
0.131558
0.180065
0.209304
0.204944
0.195224
0.167428
0.217035
0.173345
0.038851
0.310728
0.052422
0.175330
0.314366
0.122694
0.158466
0.318535
0.211925
0.267781
0.085531
0.152143
0.157938
0.161833
0.131119
0.200072
0.142777
0.221720
0.294649
0.118453
0.243981
0.237207
0.322131
0.187299
0.083775
0.427627
0.363422
0.145271
0.115177
0.169802
0.103623
0.192802
0.311612
0.127782
0.154930
0.490688
0.193791
0.199861
0.394408
0.295925
0.182499
0.098427
0.116134
0.214112
0.113303
0.086748
0.145975
0.204320
0.185904
0.034428
0.140177
0.165191
0.309366
0.221434
0.235603
0.116288
0.168230
0.164470
0.079674
0.248221
0.203837
0.117190
0.208800
0.137783
0.192500
0.249510
0.226180
0.078993
0.073241
0.137451
0.266321
0.099948
0.117535
0.095803
0.269301
0.118845
0.186289
0.091660
0.242002
0.053777
0.226053
0.191659
0.204849
0.151029
0.145243
0.270129
0.558062
0.196726
0.112824
0.161015
0.119428
0.592202
0.289731
0.137793
0.224265
0.181257
0.148254
0.154929
0.149091
0.075221
0.189227
0.149424
0.190246
0.081492
0.294583
0.130370
0.111026
0.095616
0.332680
0.170129
0.231791
0.141992
0.191581
0.169334
0.098533
0.118370
0.108216
0.196295
0.034989
0.091405
0.209224
0.315737
0.276047
0.073766
0.058817
0.202392
0.106164
0.433065
0.079778
0.187487
0.241852
0.247221
0.287776
0.086116
0.166684
0.090850
0.110914
0.113621
0.165679
0.094087
0.185431
0.110117
0.085419
0.044062
0.259362
0.187949
0.159718
0.099021
0.110780
0.082595
0.170048
0.326380
0.078165
0.113159
0.285270
0.259359
0.435105
0.122009
0.241138
0.184973
0.295190
0.132075
0.362320
0.056577
0.090299
0.192322
