0.435438
0.112834
-0.072628
0.000398
0.217819
-0.057876
-0.379544
0.108263
-0.024712
-0.011748
-0.094377
0.034512
-0.067501
-0.407335
0.603466
-0.097946
-0.094595
-0.069262
0.319345
-0.010425
-0.181964
0.075786
-0.088814
0.009221
0.189737
-0.358198
0.031116
-0.166218
-0.112705
-0.251532
0.034435
0.206765
-0.069958
0.357276
0.144106
0.226412
-0.376005
-0.350943
-0.547698
-0.021662
0.088460
0.212400
-0.349452
0.578324
-0.082198
-0.116023
-0.124333
-0.222631
-0.097216
0.348396
-0.315741
0.273931
-0.062728
0.137669
-0.264960
0.258699
-0.079963
-0.228387
0.140591
0.377862
0.063651
0.025673
-0.043240
-0.089863
-0.228688
0.002543
0.012001
0.342623
0.381810
-0.526100
0.150660
-0.340890
0.294655
-0.133180
0.254253
0.429381
-0.165483
0.142323
0.090286
0.100968
-0.741229
0.708485
-0.012245
0.369065
0.000190
0.009793
0.726516
-0.097156
0.093034
-0.080370
0.031051
0.046791
0.124677
-0.064522
-0.013430
0.227213
-0.131818
-0.316644
0.067181
-0.104534
-0.044146
-0.135786
-0.044659
0.185974
-0.069617
-0.189668
0.476702
0.546065
0.549735
-0.047771
-0.071099
-0.007638
-0.054293
0.201820
0.275605
-0.056047
0.088959
0.408505
0.093417
-0.184423
0.251217
-0.076040
-0.692725
0.408877
0.285413
0.162655
-0.113024
0.125524
-0.105678
0.015637
-0.457909
0.117357
-0.049351
0.008556
-0.148024
-0.051216
0.077446
0.252198
0.412054
-0.370736
-0.306591
-0.259474
0.091154
-0.174422
0.040321
-0.020757
0.007350
0.647529
0.023484
-0.192854
0.207226
-0.103802
0.228042
-0.082115
-0.018075
-0.151139
-0.053387
0.152178
-0.075229
0.514759
0.292823
0.306887
-0.269895
0.152589
-0.158065
0.015511
-0.074795
0.279524
0.176050
-0.252904
0.262966
0.002711
0.279381
0.095073
-0.189781
0.128897
0.064417
0.655401
0.181663
0.024576
0.685262
-0.115935
-0.228425
-0.024842
-0.372325
0.585399
0.191980
-0.464614
0.156221
-0.054908
-0.130418
-0.180819
-0.160112
-0.186310
-0.093286
0.203060
0.169327
-0.402260
0.056666
0.208795
-0.147572
0.360151
-0.071039
-0.291453
0.288525
-0.078465
-0.077171
0.117139
0.029617
0.426049
-0.363746
-0.157953
0.267036
-0.001904
-0.337939
-0.172773
0.087746
-1.157638
-0.395322
0.010824
-0.138557
0.300399
-0.253741
0.138432
-0.080660
0.224129
0.373372
0.465041
-0.009151
0.169103
-0.148839
0.046063
-0.272591
-0.210205
0.404036
0.391460
0.049919
0.397172
-0.283430
-0.370635
0.072407
0.140221
0.067051
0.226746
-0.294439
-0.154789
-0.209594
0.025123
-0.330398
-0.194175
-0.185216
-0.088991
0.252022
0.702274
0.286502
0.238471
-0.061326
0.085705
0.091884
0.528681
0.143158
-0.420678
0.219728
0.019230
0.217314
-0.453522
0.122562
0.289791
0.333897
0.152295
0.208971
-0.132636
0.079214
-0.556549
0.692413
0.244327
0.035084
-0.334902
0.616690
0.006086
0.251184
-0.355923
-0.018296
0.071889
-0.102030
0.214042
0.095674
0.125678
-0.315720
0.161964
0.318532
0.478590
-0.073151
0.042920
-0.439514
0.053980
0.197613
0.140544
0.289764
0.016380
0.130622
0.035239
-0.209349
-0.208641
0.779676
0.116790
0.609927
0.281605
0.525362
0.099565
0.118419
-0.120248
0.439970
0.294434
-0.205828
0.405623
-0.175488
0.285143
-0.252720
0.411314
0.205794
0.389587
-0.363011
0.202596
0.062147
-0.056406
0.056683
-0.568573
-0.022253
0.100077
0.233172
-0.079509
0.318398
0.176228
0.012213
0.224508
-0.054047
0.376063
0.327630
0.006565
0.016899
0.183475
0.151114
0.257880
-0.815557
0.348603
-0.514554
-0.166293
0.117858
0.522989
-0.387337
0.127276
0.023569
-0.261437
0.209666
0.057603
-0.364998
-0.007981
-0.046670
0.545356
0.441899
0.145443
-0.297343
-0.011958
0.136826
0.547744
-0.031165
0.045135
-0.357859
0.286408
0.264131
0.056698
0.591964
0.153279
-0.119075
-0.076872
0.267783
-0.172169
-0.135475
-0.046437
0.079554
0.133709
-0.213613
0.357073
0.014611
-0.220183
-0.269923
0.351640
0.457059
0.486422
-0.207692
-0.295932
0.205869
0.163019
0.068797
0.369490
0.174862
0.393334
-0.499149
-0.069461
0.088720
0.580605
0.478644
-0.210302
-0.178387
-0.353798
0.189771
0.210667
-0.248760
-0.103554
-0.174143
-0.009784
-0.124269
-0.248299
-0.089965
-0.017890
-0.077830
0.333502
-0.170562
0.172993
0.519045
-0.442058
-0.021659
-0.570484
-0.382144
-0.317799
-0.560993
-0.106705
-0.521124
0.002353
0.190481
0.268763
-0.128228
-0.149263
-0.140015
-0.044191
0.226378
-0.152086
0.068635
-0.127250
-0.099373
-0.075688
0.048174
-0.270674
-0.557818
0.073531
-0.294397
0.731170
-0.006893
-0.319043
-0.018816
-0.040250
0.639167
0.018138
0.008290
0.058901
-0.584449
-0.112869
0.037382
0.086677
-0.474214
0.118722
0.267499
-0.288459
0.182362
0.400228
-0.005420
-0.499762
0.053997
0.024365
0.011514
-0.306452
0.185828
-0.103394
-0.411027
0.319548
0.159787
-0.292403
0.323668
0.172712
-0.268748
0.014362
-0.117645
0.037433
0.116959
0.031842
-0.134014
0.463994
-0.059476
0.001451
-0.127270
-0.420410
0.804968
-0.145380
0.254763
-0.021610
0.103097
0.045357
-0.018178
0.081410
0.195881
-0.077250
0.076236
-0.056733
0.121966
-0.175504
0.088410
0.207773
-0.254750
0.029005
0.112073
-0.144306
-0.159041
-0.050015
0.020165
-0.054274
-0.096888
0.209489
-0.232418
0.264524
-0.234212
0.160474
-0.034490
0.032138
0.139632
-0.078833
-0.444676
0.003343
0.383755
0.415050
-0.156774
-0.273317
0.060882
-0.205253
-0.308635
-0.436559
-0.352655
-0.027912
-0.140710
-0.187691
0.056552
0.139555
-0.264530
-0.104153
-0.050176
-0.554766
-0.078088
-0.100931
0.232796
-0.057348
0.029999
0.262943
0.187962
0.091257
-0.394528
0.006151
0.275096
-0.102684
-0.373509
-0.360667
0.026418
0.071979
-0.176503
-0.330372
-0.099703
0.094097
-0.230123
-0.262135
-0.466183
-0.249335
-0.193973
0.605433
-0.697162
0.276594
-0.432952
-0.048727
0.023552
-0.123541
0.175584
0.105781
-0.551307
-0.111986
-0.292353
-0.056452
-0.633413
-0.246000
0.083643
0.017663
-0.113481
-0.294761
-0.101980
-0.125800
0.064410
0.064887
-0.129502
-0.023252
-0.043216
0.310054
-0.351205
0.050855
0.118415
-0.367845
-0.150954
-0.111373
-0.033246
-0.470920
-0.345387
0.431869
0.053481
-0.078079
-0.999305
0.219039
-0.043959
0.080494
-0.684587
0.257138
-0.383657
0.100872
0.104346
0.283368
0.076381
-0.138407
-0.353954
0.163248
0.655252
-0.369098
0.370430
0.023073
0.382860
-0.412800
-0.326544
0.014573
0.060624
-0.139160
-0.220646
-0.641273
-0.253116
0.372082
0.150396
0.172554
0.413102
-0.208714
-0.230313
-0.034902
-0.213724
0.310558
0.141901
-0.377156
-0.605032
0.186815
0.036250
-0.009292
-0.175480
-0.211404
-0.235629
-0.519703
0.234033
-0.257193
0.182348
-0.219879
0.079346
0.232712
0.378109
-0.037444
-0.351731
-0.113544
0.346186
-0.005250
-0.485754
-0.382495
-0.024271
-0.431968
0.009086
0.103613
-0.162135
-0.034767
-0.323564
0.192027
0.035374
0.032105
-0.266356
0.186301
0.188569
0.193418
0.068060
0.051238
-0.376105
-0.379408
0.089381
-0.636818
0.222052
0.106127
-0.416140
-0.338038
-0.523115
-0.302361
-0.148569
-0.084113
