60.742209
60.842279
60.942350
61.042420
61.142491
61.242561
61.342632
61.442702
61.542773
61.642844
61.742914
61.842985
61.943055
62.043126
62.143196
62.243267
62.343337
62.443408
62.543478
62.643549
62.743619
62.843690
62.943760
63.043831
63.143901
63.243972
63.344042
63.444113
63.544183
63.644254
63.744324
63.844395
63.944465
64.044536
64.144606
64.244677
64.344747
64.444818
64.544888
64.644959
64.745029
64.845100
64.945170
65.045241
65.145311
65.245382
65.345452
65.445523
65.545593
65.645664
65.745734
65.845805
65.945875
66.045946
66.146016
66.246087
66.346157
66.446228
66.546298
66.646369
66.746439
66.846510
66.946580
67.046651
67.146721
67.246792
67.346862
67.446933
67.547003
67.647074
67.747144
67.847215
67.947286
68.047356
68.147427
68.247497
68.347568
68.447638
68.547709
68.647779
68.747850
68.847920
68.947991
69.048061
69.148132
69.248202
69.348273
69.448343
69.548414
69.648484
69.748555
69.848625
69.948696
70.048766
70.148837
70.248907
70.348978
70.449048
70.549119
70.649189
70.749260
70.849330
70.949401
71.049471
71.149542
71.249612
71.349683
71.449753
71.549824
71.649894
71.749965
71.850035
71.950106
72.050176
72.150247
72.250317
72.350388
72.450458
72.550529
72.650599
72.750670
72.850740
72.950811
73.050881
73.150952
73.251022
73.351093
73.451163
73.551234
73.651304
73.751375
73.851445
73.951516
74.051586
74.151657
74.251727
74.351798
74.451869
74.551939
74.652010
74.752080
74.852151
74.952221
75.052292
75.152362
75.252433
75.352503
75.452574
75.552644
75.652715
75.752785
75.852856
75.952926
76.052997
76.153067
76.253138
76.353208
76.453279
76.553349
76.653420
76.753490
76.853561
76.953631
77.053702
77.153772
77.253843
77.353913
77.453984
77.554054
77.654125
77.754195
77.854266
77.954336
78.054407
78.154477
78.254548
78.354618
78.454689
78.554759
78.654830
78.754900
78.854971
78.955041
79.055112
79.155182
79.255253
79.355323
79.455394
79.555464
79.655535
79.755605
79.855676
79.955746
80.055817
80.155887
80.255958
80.356028
80.456099
80.556169
80.656240
