0.301850
0.115661
0.126303
0.175815
0.221395
0.311336
0.177874
0.141372
0.187490
0.344497
0.216780
0.115739
0.159184
0.113828
0.135379
0.285294
0.278216
0.131995
0.231173
0.283334
0.140415
0.233353
0.411080
0.243303
0.124643
0.274263
0.177378
0.134159
0.288508
0.152007
0.161523
0.273364
0.095124
0.146995
0.270526
0.340614
0.130325
0.247023
0.318532
0.110540
0.128814
0.310868
0.121751
0.158556
0.150470
0.380854
0.414873
0.143414
0.142348
0.260535
0.146469
0.141508
0.131946
0.214372
0.179290
0.132360
0.561493
0.131409
0.191700
0.216257
0.175779
0.384659
0.166422
0.116716
0.126313
0.360483
0.214398
0.110985
0.337928
0.211423
0.228184
0.219372
0.107644
0.216623
0.223292
0.146254
0.115424
0.153631
0.137195
0.180555
0.324012
0.207797
0.149109
0.112072
0.319496
0.310002
0.218498
0.164493
0.115783
0.119883
0.273326
0.190667
0.253936
0.135893
0.120324
0.348652
0.199382
0.160459
0.117976
0.158746
