0.730216 -0.054095
0.757098 -0.035709
0.735667 -0.050414
0.759610 -0.034212
0.742112 -0.046116
0.762994 -0.032131
0.747526 -0.042569
0.766257 -0.030147
0.752716 -0.039231
0.764490 -0.031546
0.756187 -0.037060
0.767182 -0.029922
0.760126 -0.034575
0.768949 -0.028955
0.765544 -0.031239
0.772043 -0.027111
0.769939 -0.028587
0.771823 -0.027445
0.774397 -0.025845
0.775576 -0.025216
0.780629 -0.022137
0.775107 -0.025642
0.784028 -0.020180
0.780858 -0.022200
0.792314 -0.015229
0.783519 -0.020696
0.795846 -0.013256
0.784212 -0.020395
0.801483 -0.010029
0.786895 -0.018886
0.807191 -0.006798
0.789590 -0.017379
0.811919 -0.004191
0.793450 -0.015197
0.818345 -0.000552
0.796793 -0.013256
0.822423 0.001693
0.803547 -0.009366
0.824126 0.002540
0.804901 -0.008623
0.822650 0.001547
0.810661 -0.005364
0.825964 0.003322
0.817673 -0.001468
0.828110 0.004374
0.823992 0.002001
0.830774 0.005789
0.827384 0.003854
0.833341 0.007150
0.833112 0.006976
0.836721 0.008945
0.838272 0.009752
0.838528 0.009835
0.841319 0.011320
0.840256 0.010687
0.847109 0.014413
0.846751 0.014200
0.854797 0.018573
0.850566 0.016213
0.860643 0.021686
0.851285 0.016531
0.865397 0.024188
0.854197 0.018056
0.869599 0.026367
0.857295 0.019663
0.873583 0.028440
0.861239 0.021742
0.876929 0.030173
0.865525 0.024070
0.879157 0.031384
0.871267 0.027122
0.883642 0.033762
0.879608 0.031561
0.888823 0.036516
0.884909 0.034377
0.893661 0.039094
0.889009 0.036569
0.897429 0.041109
0.896600 0.040640
0.903645 0.044459
0.902239 0.043668
0.907521 0.046537
0.908428 0.047016
0.913612 0.049842
0.912691 0.049315
0.915439 0.050814
0.917929 0.052173
0.920047 0.053333
0.921463 0.054105
0.923950 0.055477
0.927336 0.057356
0.928849 0.058198
0.933281 0.060678
0.935055 0.061673
0.935940 0.062173
0.937769 0.063145
0.945075 0.067307
0.952735 0.071740
0.953279 0.072055
0.962495 0.077501
0.962565 0.077527
0.969167 0.081500
0.957436 0.074497
0.974216 0.084575
0.967302 0.080356
0.971817 0.083091
0.966408 0.079851
0.978896 0.087431
0.978310 0.087085
0.989631 0.094208
0.983237 0.090187
0.994845 0.097557
0.990896 0.095034
1.002796 0.102781
1.003234 0.103127
1.009893 0.107551
1.011731 0.108825
1.018765 0.113698
1.024693 0.117900
1.026685 0.119350
1.035726 0.125892
1.030588 0.122126
1.045322 0.133045
1.035725 0.125882
1.057576 0.142592
1.039416 0.128574
1.069976 0.152685
1.046811 0.134090
1.080292 0.161341
1.043857 0.132008
1.091840 0.171674
1.047110 0.134425
1.101653 0.180632
1.045253 0.132996
1.114227 0.192677
1.057918 0.142766
1.116716 0.195260
1.068085 0.151024
1.115958 0.194423
1.081270 0.162128
1.118722 0.197206
1.087739 0.167916
1.124265 0.202908
1.102023 0.181074
1.129392 0.208350
1.111318 0.189939
1.136015 0.215676
1.124840 0.203551
1.137284 0.216832
1.134731 0.214019
1.137949 0.217600
1.142494 0.222653
1.137742 0.217446
1.152195 0.233732
1.141547 0.221505
1.162660 0.246461
1.143580 0.223715
1.171723 0.257514
1.148585 0.229214
1.179585 0.267841
1.145808 0.226233
1.190494 0.282917
1.149722 0.230463
1.198797 0.294837
1.158420 0.240444
1.206898 0.306967
1.149981 0.230674
1.217204 0.323724
1.158723 0.241108
1.215723 0.321248
1.168553 0.253400
1.216710 0.322975
1.178051 0.265843
1.217707 0.324710
1.189905 0.282151
1.222851 0.333717
1.197288 0.292731
1.220302 0.329139
1.209635 0.311825
1.228809 0.344017
1.222832 0.333324
1.232154 0.349729
1.232434 0.350250
1.234887 0.354464
1.238757 0.361719
1.237357 0.359100
1.245962 0.375867
1.238673 0.361883
1.254226 0.393174
1.245892 0.375219
1.259655 0.404390
1.245152 0.373537
1.266487 0.419811
1.248873 0.380756
1.272668 0.434562
1.250593 0.384080
1.277565 0.446481
1.253748 0.390276
1.281818 0.457176
1.255199 0.393033
