6.889945983886718750e+01
6.932896423339843750e+01
6.975847625732421875e+01
7.018798828125000000e+01
7.061750030517578125e+01
6.125040817260742188e+01
6.155010986328125000e+01
6.184981155395507812e+01
6.214951324462890625e+01
6.244921493530273438e+01
7.242792510986328125e+01
7.260164642333984375e+01
7.277536773681640625e+01
7.294908905029296875e+01
7.312281036376953125e+01
7.306095123291015625e+01
7.323580932617187500e+01
7.341066741943359375e+01
7.358552551269531250e+01
7.376039123535156250e+01
7.229325103759765625e+01
7.314360809326171875e+01
7.399395751953125000e+01
7.484431457519531250e+01
7.569467163085937500e+01
7.225736999511718750e+01
7.302701568603515625e+01
7.379666900634765625e+01
7.456631469726562500e+01
7.533596801757812500e+01
5.856598663330078125e+01
5.911671447753906250e+01
5.966744232177734375e+01
6.021817398071289062e+01
6.076890563964843750e+01
7.862538146972656250e+01
7.899654388427734375e+01
7.936771392822265625e+01
7.973887634277343750e+01
8.011004638671875000e+01
6.970288085937500000e+01
7.021041870117187500e+01
7.071795654296875000e+01
7.122549438476562500e+01
7.173303222656250000e+01
7.165382385253906250e+01
7.246015167236328125e+01
7.326647949218750000e+01
7.407279968261718750e+01
7.487912750244140625e+01
6.585936737060546875e+01
6.630397796630859375e+01
6.674858856201171875e+01
6.719319915771484375e+01
6.763780975341796875e+01
8.027063751220703125e+01
8.075555419921875000e+01
8.124047088623046875e+01
8.172538757324218750e+01
8.221031188964843750e+01
6.039340591430664062e+01
6.099526214599609375e+01
6.159712219238281250e+01
6.219898223876953125e+01
6.280083847045898438e+01
6.541593933105468750e+01
6.598946380615234375e+01
6.656298828125000000e+01
6.713652038574218750e+01
6.771004486083984375e+01
6.905040740966796875e+01
7.002223205566406250e+01
7.099404907226562500e+01
7.196586608886718750e+01
7.293769073486328125e+01
8.057656860351562500e+01
8.118872070312500000e+01
8.180087280273437500e+01
8.241303253173828125e+01
8.302518463134765625e+01
6.236114120483398438e+01
6.299325942993164062e+01
6.362538146972656250e+01
6.425749969482421875e+01
6.488961791992187500e+01
7.471260833740234375e+01
7.519023132324218750e+01
7.566786193847656250e+01
7.614549255371093750e+01
7.662312316894531250e+01
7.535929870605468750e+01
7.594550323486328125e+01
7.653170776367187500e+01
7.711791229248046875e+01
7.770411682128906250e+01
6.188326644897460938e+01
6.281935882568359375e+01
6.375545501708984375e+01
6.469154357910156250e+01
6.562763977050781250e+01
6.269348144531250000e+01
6.328282165527343750e+01
6.387215805053710938e+01
6.446150207519531250e+01
6.505084228515625000e+01
7.791049194335937500e+01
7.845475769042968750e+01
7.899902343750000000e+01
7.954328918457031250e+01
8.008755493164062500e+01
6.712024688720703125e+01
6.765652465820312500e+01
6.819281005859375000e+01
6.872908782958984375e+01
6.926536560058593750e+01
8.088333892822265625e+01
8.134539031982421875e+01
8.180744171142578125e+01
8.226949310302734375e+01
8.273154449462890625e+01
5.774895477294921875e+01
5.825059890747070312e+01
5.875223922729492188e+01
5.925387573242187500e+01
5.975551605224609375e+01
7.657521820068359375e+01
7.717581176757812500e+01
7.777640533447265625e+01
7.837699127197265625e+01
7.897758483886718750e+01
6.893539428710937500e+01
6.904511260986328125e+01
6.915483093261718750e+01
6.926455688476562500e+01
6.937427520751953125e+01
7.488963317871093750e+01
7.577107238769531250e+01
7.665250396728515625e+01
7.753393554687500000e+01
7.841536712646484375e+01
6.692000579833984375e+01
6.766605377197265625e+01
6.841210937500000000e+01
6.915816497802734375e+01
6.990421295166015625e+01
7.981366729736328125e+01
8.014946746826171875e+01
8.048526763916015625e+01
8.082106781005859375e+01
8.115686035156250000e+01
5.242199707031250000e+01
5.291151046752929688e+01
5.340102386474609375e+01
5.389053344726562500e+01
5.438004684448242188e+01
6.249675750732421875e+01
6.291667556762695312e+01
6.333659362792968750e+01
6.375651168823242188e+01
6.417642974853515625e+01
6.653309631347656250e+01
6.705860900878906250e+01
6.758412170410156250e+01
6.810962677001953125e+01
6.863513946533203125e+01
6.739603424072265625e+01
6.790963745117187500e+01
6.842324066162109375e+01
6.893683624267578125e+01
6.945043945312500000e+01
8.007048797607421875e+01
8.111803436279296875e+01
8.216558837890625000e+01
8.321313476562500000e+01
8.426068878173828125e+01
8.094444274902343750e+01
8.167153167724609375e+01
8.239862823486328125e+01
8.312571716308593750e+01
8.385280609130859375e+01
6.814920806884765625e+01
6.870477294921875000e+01
6.926034545898437500e+01
6.981591033935546875e+01
7.037147521972656250e+01
6.496224975585937500e+01
6.538101196289062500e+01
6.579978179931640625e+01
6.621855163574218750e+01
6.663731384277343750e+01
6.217068099975585938e+01
6.242842102050781250e+01
6.268615722656250000e+01
6.294389724731445312e+01
6.320163726806640625e+01
6.033168792724609375e+01
6.089870834350585938e+01
6.146572875976562500e+01
6.203274917602539062e+01
6.259976959228515625e+01
7.023236083984375000e+01
7.103189849853515625e+01
7.183143615722656250e+01
7.263097381591796875e+01
7.343051147460937500e+01
7.379885864257812500e+01
7.434667968750000000e+01
7.489450073242187500e+01
7.544232177734375000e+01
7.599014282226562500e+01
6.614047241210937500e+01
6.671138763427734375e+01
6.728229522705078125e+01
6.785321044921875000e+01
6.842411804199218750e+01
6.056019973754882812e+01
6.110363006591796875e+01
6.164706039428710938e+01
6.219049072265625000e+01
6.273391723632812500e+01
7.373367309570312500e+01
7.439268493652343750e+01
7.505170440673828125e+01
7.571071624755859375e+01
7.636973571777343750e+01
5.895298004150390625e+01
5.948644638061523438e+01
6.001991271972656250e+01
6.055337524414062500e+01
6.108684158325195312e+01
6.733735656738281250e+01
6.745357513427734375e+01
6.756980133056640625e+01
6.768602752685546875e+01
6.780224609375000000e+01
5.710324096679687500e+01
5.765370178222656250e+01
5.820415878295898438e+01
5.875461578369140625e+01
5.930507659912109375e+01
6.993037414550781250e+01
7.015792083740234375e+01
7.038547515869140625e+01
7.061302185058593750e+01
7.084057617187500000e+01
7.750053405761718750e+01
7.818627166748046875e+01
7.887200927734375000e+01
7.955773925781250000e+01
8.024347686767578125e+01
6.081270599365234375e+01
6.174573516845703125e+01
6.267876434326171875e+01
6.361179351806640625e+01
6.454482269287109375e+01
6.939569091796875000e+01
6.995127868652343750e+01
7.050686645507812500e+01
7.106246185302734375e+01
7.161804962158203125e+01
6.369060134887695312e+01
6.459509277343750000e+01
6.549958038330078125e+01
6.640406799316406250e+01
6.730855560302734375e+01
7.245040130615234375e+01
7.268885803222656250e+01
7.292731475830078125e+01
7.316577148437500000e+01
7.340422821044921875e+01
7.813004302978515625e+01
7.873434448242187500e+01
7.933864593505859375e+01
7.994294738769531250e+01
8.054724884033203125e+01
6.948770141601562500e+01
7.023839569091796875e+01
7.098908996582031250e+01
7.173979187011718750e+01
7.249048614501953125e+01
6.816378021240234375e+01
6.856246948242187500e+01
6.896116638183593750e+01
6.935986328125000000e+01
6.975856018066406250e+01
6.050131988525390625e+01
6.152099990844726562e+01
6.254067993164062500e+01
6.356035614013671875e+01
6.458003234863281250e+01
7.284915161132812500e+01
7.340187072753906250e+01
7.395458221435546875e+01
7.450729370117187500e+01
7.506000518798828125e+01
7.288572692871093750e+01
7.343248748779296875e+01
7.397924804687500000e+01
7.452600860595703125e+01
7.507276916503906250e+01
7.415746307373046875e+01
7.473789978027343750e+01
7.531833648681640625e+01
7.589878082275390625e+01
7.647921752929687500e+01
7.794337463378906250e+01
7.835527038574218750e+01
7.876717376708984375e+01
7.917906951904296875e+01
7.959097290039062500e+01
7.249739074707031250e+01
7.309428405761718750e+01
7.369116973876953125e+01
7.428805541992187500e+01
7.488494110107421875e+01
6.742416381835937500e+01
6.858757781982421875e+01
6.975099182128906250e+01
7.091440582275390625e+01
7.207781219482421875e+01
6.571096801757812500e+01
6.599868774414062500e+01
6.628639984130859375e+01
6.657411956787109375e+01
6.686183166503906250e+01
6.813717651367187500e+01
6.895935058593750000e+01
6.978152465820312500e+01
7.060369110107421875e+01
7.142586517333984375e+01
6.356499481201171875e+01
6.456297302246093750e+01
6.556095123291015625e+01
6.655892944335937500e+01
6.755690765380859375e+01
7.796019744873046875e+01
7.855917358398437500e+01
7.915814971923828125e+01
7.975712585449218750e+01
8.035609436035156250e+01
6.348915481567382812e+01
6.415972900390625000e+01
6.483030700683593750e+01
6.550088500976562500e+01
6.617146301269531250e+01
7.500452423095703125e+01
7.528145599365234375e+01
7.555839538574218750e+01
7.583532714843750000e+01
7.611226654052734375e+01
6.568312072753906250e+01
6.616824340820312500e+01
6.665335845947265625e+01
6.713848114013671875e+01
6.762359619140625000e+01
6.351673889160156250e+01
6.373318481445312500e+01
6.394962692260742188e+01
6.416607666015625000e+01
6.438252258300781250e+01
6.057894134521484375e+01
6.120198822021484375e+01
6.182503890991210938e+01
6.244808578491210938e+01
6.307113647460937500e+01
7.544258117675781250e+01
7.587590026855468750e+01
7.630921936035156250e+01
7.674253845214843750e+01
7.717585754394531250e+01
6.353335952758789062e+01
6.430153656005859375e+01
6.506970977783203125e+01
6.583788299560546875e+01
6.660605621337890625e+01
6.237857055664062500e+01
6.267362213134765625e+01
6.296867752075195312e+01
6.326373291015625000e+01
6.355878448486328125e+01
6.863525390625000000e+01
6.929371643066406250e+01
6.995218658447265625e+01
7.061064910888671875e+01
7.126911926269531250e+01
5.630115509033203125e+01
5.693075561523437500e+01
5.756035232543945312e+01
5.818994903564453125e+01
5.881954574584960938e+01
6.259942626953125000e+01
6.323840332031250000e+01
6.387737655639648438e+01
6.451634979248046875e+01
6.515532684326171875e+01
6.833944702148437500e+01
6.942352294921875000e+01
7.050759887695312500e+01
7.159166717529296875e+01
7.267574310302734375e+01
6.415808105468750000e+01
6.450235748291015625e+01
6.484664154052734375e+01
6.519091796875000000e+01
6.553520202636718750e+01
7.378903961181640625e+01
7.397182464599609375e+01
7.415460968017578125e+01
7.433739471435546875e+01
7.452017974853515625e+01
6.621334075927734375e+01
6.676690673828125000e+01
6.732047271728515625e+01
6.787403869628906250e+01
6.842761230468750000e+01
6.487362670898437500e+01
6.551640319824218750e+01
6.615917968750000000e+01
6.680194854736328125e+01
6.744472503662109375e+01
8.078009796142578125e+01
8.115457916259765625e+01
8.152906036376953125e+01
8.190354156494140625e+01
8.227802276611328125e+01
6.630625915527343750e+01
6.654735565185546875e+01
6.678845977783203125e+01
6.702955627441406250e+01
6.727066040039062500e+01
6.870910644531250000e+01
6.934875488281250000e+01
6.998840332031250000e+01
7.062804412841796875e+01
7.126768493652343750e+01
7.120005798339843750e+01
7.144779968261718750e+01
7.169554138183593750e+01
7.194328308105468750e+01
7.219102478027343750e+01
7.569244384765625000e+01
7.616143035888671875e+01
7.663041687011718750e+01
7.709940338134765625e+01
7.756838989257812500e+01
6.437561035156250000e+01
6.488888549804687500e+01
6.540216827392578125e+01
6.591544342041015625e+01
6.642872619628906250e+01
7.319205474853515625e+01
7.377957916259765625e+01
7.436711120605468750e+01
7.495463562011718750e+01
7.554216766357421875e+01
6.791038513183593750e+01
6.830632781982421875e+01
6.870227050781250000e+01
6.909822082519531250e+01
6.949417114257812500e+01
5.450118255615234375e+01
5.506275558471679688e+01
5.562432861328125000e+01
5.618590164184570312e+01
5.674747467041015625e+01
5.787250900268554688e+01
5.828992462158203125e+01
5.870734024047851562e+01
5.912475204467773438e+01
5.954216766357421875e+01
6.376618957519531250e+01
6.439102172851562500e+01
6.501585388183593750e+01
6.564068603515625000e+01
6.626551818847656250e+01
7.176588439941406250e+01
7.260710906982421875e+01
7.344834136962890625e+01
7.428956604003906250e+01
7.513079071044921875e+01
7.872088623046875000e+01
7.916867828369140625e+01
7.961647033691406250e+01
8.006426239013671875e+01
8.051205444335937500e+01
6.505778503417968750e+01
6.556795501708984375e+01
6.607812500000000000e+01
6.658830261230468750e+01
6.709847259521484375e+01
7.183663177490234375e+01
7.261208343505859375e+01
7.338752746582031250e+01
7.416297912597656250e+01
7.493843078613281250e+01
7.331160736083984375e+01
7.407598876953125000e+01
7.484037017822265625e+01
7.560475921630859375e+01
7.636914062500000000e+01
6.916543579101562500e+01
6.954911041259765625e+01
6.993279266357421875e+01
7.031646728515625000e+01
7.070014190673828125e+01
7.463834381103515625e+01
7.527188110351562500e+01
7.590541839599609375e+01
7.653894805908203125e+01
7.717248535156250000e+01
6.874519348144531250e+01
6.931568908691406250e+01
6.988617706298828125e+01
7.045666503906250000e+01
7.102716064453125000e+01
7.957141876220703125e+01
8.005940246582031250e+01
8.054738616943359375e+01
8.103536987304687500e+01
8.152335357666015625e+01
7.896973419189453125e+01
7.967281341552734375e+01
8.037589263916015625e+01
8.107897186279296875e+01
8.178205108642578125e+01
7.507826232910156250e+01
7.560613250732421875e+01
7.613400268554687500e+01
7.666187286376953125e+01
7.718975067138671875e+01
6.798367309570312500e+01
6.882266998291015625e+01
6.966166687011718750e+01
7.050066375732421875e+01
7.133965301513671875e+01
6.501117706298828125e+01
6.547000885009765625e+01
6.592883300781250000e+01
6.638766479492187500e+01
6.684649658203125000e+01
6.821537780761718750e+01
6.883213043212890625e+01
6.944887542724609375e+01
7.006562042236328125e+01
7.068236541748046875e+01
6.980094146728515625e+01
7.003025054931640625e+01
7.025956726074218750e+01
7.048887634277343750e+01
7.071818542480468750e+01
6.330242156982421875e+01
6.360899734497070312e+01
6.391556930541992188e+01
6.422214508056640625e+01
6.452871704101562500e+01
6.849611663818359375e+01
6.902629089355468750e+01
6.955647277832031250e+01
7.008665466308593750e+01
7.061682891845703125e+01
7.638778686523437500e+01
7.658470916748046875e+01
7.678163146972656250e+01
7.697855377197265625e+01
7.717546844482421875e+01
7.721345520019531250e+01
7.765277099609375000e+01
7.809207916259765625e+01
7.853138732910156250e+01
7.897069549560546875e+01
7.643012237548828125e+01
7.678106689453125000e+01
7.713200378417968750e+01
7.748294830322265625e+01
7.783389282226562500e+01
6.627965545654296875e+01
6.676851654052734375e+01
6.725737762451171875e+01
6.774623870849609375e+01
6.823509216308593750e+01
8.302174377441406250e+01
8.347510528564453125e+01
8.392846679687500000e+01
8.438183593750000000e+01
8.483519744873046875e+01
6.658036804199218750e+01
6.697229003906250000e+01
6.736421203613281250e+01
6.775613403320312500e+01
6.814805603027343750e+01
7.328926849365234375e+01
7.349998474121093750e+01
7.371070098876953125e+01
7.392141723632812500e+01
7.413212585449218750e+01
7.521207427978515625e+01
7.546860504150390625e+01
7.572513580322265625e+01
7.598167419433593750e+01
7.623820495605468750e+01
5.991082763671875000e+01
6.033171463012695312e+01
6.075260162353515625e+01
6.117348861694335938e+01
6.159437561035156250e+01
6.411052703857421875e+01
6.465811920166015625e+01
6.520570373535156250e+01
6.575329589843750000e+01
6.630088806152343750e+01
7.088950347900390625e+01
7.191564941406250000e+01
7.294179534912109375e+01
7.396794128417968750e+01
7.499408721923828125e+01
7.219935607910156250e+01
7.270841217041015625e+01
7.321746826171875000e+01
7.372652435302734375e+01
7.423558044433593750e+01
6.580686950683593750e+01
6.637158966064453125e+01
6.693630981445312500e+01
6.750102996826171875e+01
6.806575012207031250e+01
6.329534530639648438e+01
6.425540161132812500e+01
6.521545410156250000e+01
6.617551422119140625e+01
6.713556671142578125e+01
7.707580566406250000e+01
7.758868408203125000e+01
7.810155487060546875e+01
7.861443328857421875e+01
7.912730407714843750e+01
6.625128936767578125e+01
6.674951171875000000e+01
6.724773406982421875e+01
6.774596405029296875e+01
6.824418640136718750e+01
7.755521392822265625e+01
7.805065917968750000e+01
7.854611206054687500e+01
7.904155731201171875e+01
7.953700256347656250e+01
6.576007843017578125e+01
6.641304016113281250e+01
6.706600189208984375e+01
6.771896362304687500e+01
6.837192535400390625e+01
6.477828216552734375e+01
6.539878845214843750e+01
6.601929473876953125e+01
6.663980102539062500e+01
6.726030731201171875e+01
7.219079589843750000e+01
7.228150177001953125e+01
7.237220764160156250e+01
7.246291351318359375e+01
7.255361175537109375e+01
6.677974700927734375e+01
6.733551788330078125e+01
6.789128875732421875e+01
6.844705963134765625e+01
6.900282287597656250e+01
6.936834716796875000e+01
7.039017486572265625e+01
7.141200256347656250e+01
7.243382263183593750e+01
7.345565032958984375e+01
7.749845123291015625e+01
7.801739501953125000e+01
7.853633880615234375e+01
7.905528259277343750e+01
7.957422637939453125e+01
5.861427307128906250e+01
5.926166534423828125e+01
5.990906524658203125e+01
6.055645751953125000e+01
6.120385360717773438e+01
7.352844238281250000e+01
7.415532684326171875e+01
7.478221130371093750e+01
7.540908813476562500e+01
7.603597259521484375e+01
7.788462829589843750e+01
7.816587829589843750e+01
7.844712829589843750e+01
7.872837829589843750e+01
7.900962066650390625e+01
6.910402679443359375e+01
6.968313598632812500e+01
7.026223754882812500e+01
7.084133911132812500e+01
7.142044067382812500e+01
5.945440673828125000e+01
6.000776672363281250e+01
6.056112670898437500e+01
6.111448287963867188e+01
6.166783905029296875e+01
7.485431671142578125e+01
7.531967926025390625e+01
7.578504943847656250e+01
7.625041961669921875e+01
7.671578216552734375e+01
6.207600402832031250e+01
6.236036682128906250e+01
6.264472579956054688e+01
6.292908477783203125e+01
6.321344375610351562e+01
6.403173828125000000e+01
6.444834136962890625e+01
6.486494445800781250e+01
6.528154754638671875e+01
6.569815063476562500e+01
7.633642578125000000e+01
7.683392333984375000e+01
7.733141326904296875e+01
7.782891082763671875e+01
7.832640075683593750e+01
7.265602111816406250e+01
7.312933349609375000e+01
7.360264587402343750e+01
7.407595825195312500e+01
7.454927825927734375e+01
7.494824218750000000e+01
7.559383392333984375e+01
7.623941802978515625e+01
7.688500976562500000e+01
7.753059387207031250e+01
6.471540069580078125e+01
6.505403137207031250e+01
6.539265441894531250e+01
6.573128509521484375e+01
6.606990814208984375e+01
7.236153411865234375e+01
7.308806610107421875e+01
7.381459808349609375e+01
7.454113006591796875e+01
7.526766204833984375e+01
7.720549011230468750e+01
7.768314361572265625e+01
7.816080474853515625e+01
7.863845825195312500e+01
7.911611938476562500e+01
6.386931228637695312e+01
6.431718444824218750e+01
6.476506042480468750e+01
6.521292877197265625e+01
6.566080474853515625e+01
7.561705017089843750e+01
7.621733093261718750e+01
7.681760406494140625e+01
7.741787719726562500e+01
7.801815032958984375e+01
5.522236633300781250e+01
5.589516448974609375e+01
5.656795883178710938e+01
5.724075317382812500e+01
5.791355133056640625e+01
6.906124877929687500e+01
6.987797546386718750e+01
7.069470214843750000e+01
7.151142120361328125e+01
7.232814788818359375e+01
7.544261932373046875e+01
7.567057800292968750e+01
7.589853668212890625e+01
7.612649536132812500e+01
7.635444641113281250e+01
7.112504577636718750e+01
7.183872222900390625e+01
7.255239868164062500e+01
7.326607513427734375e+01
7.397975158691406250e+01
7.364356994628906250e+01
7.425408935546875000e+01
7.486460113525390625e+01
7.547511291503906250e+01
7.608563232421875000e+01
6.028556823730468750e+01
6.071231079101562500e+01
6.113905715942382812e+01
6.156580352783203125e+01
6.199254989624023438e+01
6.387591552734375000e+01
6.434498596191406250e+01
6.481404876708984375e+01
6.528311920166015625e+01
6.575218963623046875e+01
6.049523162841796875e+01
6.128828430175781250e+01
6.208133697509765625e+01
6.287439346313476562e+01
6.366744613647460938e+01
6.896138763427734375e+01
6.925952148437500000e+01
6.955765533447265625e+01
6.985579681396484375e+01
7.015393066406250000e+01
7.072657775878906250e+01
7.135808563232421875e+01
7.198960113525390625e+01
7.262111663818359375e+01
7.325262451171875000e+01
6.933913421630859375e+01
6.977577972412109375e+01
7.021242523193359375e+01
7.064907073974609375e+01
7.108571624755859375e+01
7.481776428222656250e+01
7.555530548095703125e+01
7.629284667968750000e+01
7.703038787841796875e+01
7.776792907714843750e+01
7.364946746826171875e+01
7.425971984863281250e+01
7.486997222900390625e+01
7.548022460937500000e+01
7.609047698974609375e+01
6.502651214599609375e+01
6.550004577636718750e+01
6.597358703613281250e+01
6.644712066650390625e+01
6.692066192626953125e+01
7.515681457519531250e+01
7.560767364501953125e+01
7.605854034423828125e+01
7.650939941406250000e+01
7.696025848388671875e+01
6.099770736694335938e+01
6.134327697753906250e+01
6.168884658813476562e+01
6.203441619873046875e+01
6.237998962402343750e+01
6.573293304443359375e+01
6.637500762939453125e+01
6.701708221435546875e+01
6.765915679931640625e+01
6.830123138427734375e+01
5.832009124755859375e+01
5.886058044433593750e+01
5.940107345581054688e+01
5.994156265258789062e+01
6.048205184936523438e+01
6.827044677734375000e+01
6.883489227294921875e+01
6.939933013916015625e+01
6.996377563476562500e+01
7.052821350097656250e+01
5.825048446655273438e+01
5.870452117919921875e+01
5.915855407714843750e+01
5.961258697509765625e+01
6.006662368774414062e+01
7.028444671630859375e+01
7.077908325195312500e+01
7.127371978759765625e+01
7.176835632324218750e+01
7.226300048828125000e+01
7.158297729492187500e+01
7.160337066650390625e+01
7.162376403808593750e+01
7.164415740966796875e+01
7.166454315185546875e+01
6.363286209106445312e+01
6.412547302246093750e+01
6.461808013916015625e+01
6.511068725585937500e+01
6.560329437255859375e+01
6.638776397705078125e+01
6.667057800292968750e+01
6.695339202880859375e+01
6.723619842529296875e+01
6.751901245117187500e+01
6.866749572753906250e+01
6.937078857421875000e+01
7.007408142089843750e+01
7.077737426757812500e+01
7.148067474365234375e+01
8.436917114257812500e+01
8.473115539550781250e+01
8.509313964843750000e+01
8.545512390136718750e+01
8.581710815429687500e+01
7.137724304199218750e+01
7.186119079589843750e+01
7.234513854980468750e+01
7.282908630371093750e+01
7.331304168701171875e+01
6.321643447875976562e+01
6.381801605224609375e+01
6.441960144042968750e+01
6.502118682861328125e+01
6.562276458740234375e+01
7.050276947021484375e+01
7.074472808837890625e+01
7.098668670654296875e+01
7.122864532470703125e+01
7.147061157226562500e+01
7.940156555175781250e+01
7.999160766601562500e+01
8.058165740966796875e+01
8.117169952392578125e+01
8.176174163818359375e+01
6.603054046630859375e+01
6.646200561523437500e+01
6.689347076416015625e+01
6.732493591308593750e+01
6.775640106201171875e+01
7.343932342529296875e+01
7.423608398437500000e+01
7.503283691406250000e+01
7.582959747314453125e+01
7.662635040283203125e+01
7.131471252441406250e+01
7.216135406494140625e+01
7.300800323486328125e+01
7.385465240478515625e+01
7.470129394531250000e+01
6.028277969360351562e+01
6.071921539306640625e+01
6.115565109252929688e+01
6.159208679199218750e+01
6.202851867675781250e+01
6.788959503173828125e+01
6.866075897216796875e+01
6.943193054199218750e+01
7.020310211181640625e+01
7.097427368164062500e+01
7.796656036376953125e+01
7.839134979248046875e+01
7.881614685058593750e+01
7.924093627929687500e+01
7.966573333740234375e+01
7.228682708740234375e+01
7.241131591796875000e+01
7.253579711914062500e+01
7.266028594970703125e+01
7.278476715087890625e+01
6.659949493408203125e+01
6.712341308593750000e+01
6.764733123779296875e+01
6.817124938964843750e+01
6.869516754150390625e+01
6.823521423339843750e+01
6.911322784423828125e+01
6.999123382568359375e+01
7.086924743652343750e+01
7.174725341796875000e+01
8.034271240234375000e+01
8.074647521972656250e+01
8.115025329589843750e+01
8.155401611328125000e+01
8.195778656005859375e+01
7.230508422851562500e+01
7.311927032470703125e+01
7.393346405029296875e+01
7.474765014648437500e+01
7.556184387207031250e+01
6.966767883300781250e+01
7.034476470947265625e+01
7.102185058593750000e+01
7.169893646240234375e+01
7.237602233886718750e+01
7.334249114990234375e+01
7.390870666503906250e+01
7.447492218017578125e+01
7.504113769531250000e+01
7.560734558105468750e+01
7.202935028076171875e+01
7.258724212646484375e+01
7.314512634277343750e+01
7.370301818847656250e+01
7.426090240478515625e+01
7.131027221679687500e+01
7.196362304687500000e+01
7.261697387695312500e+01
7.327032470703125000e+01
7.392368316650390625e+01
7.473018646240234375e+01
7.525272369384765625e+01
7.577526092529296875e+01
7.629779815673828125e+01
7.682033538818359375e+01
6.083615875244140625e+01
6.172562026977539062e+01
6.261508560180664062e+01
6.350454711914062500e+01
6.439400482177734375e+01
7.209638214111328125e+01
7.262733459472656250e+01
7.315828704833984375e+01
7.368923950195312500e+01
7.422019195556640625e+01
7.829068756103515625e+01
7.900830841064453125e+01
7.972592163085937500e+01
8.044354248046875000e+01
8.116116333007812500e+01
