0.183588 0.339351
0.186238 0.340731
0.188885 0.342113
0.191530 0.343495
0.194173 0.344878
0.196814 0.346261
0.199452 0.347643
0.202087 0.349026
0.204734 0.350436
0.207365 0.351817
0.209994 0.353197
0.212620 0.354575
0.215230 0.355923
0.217852 0.357298
0.220471 0.358671
0.223088 0.360042
0.225703 0.361411
0.228315 0.362777
0.230926 0.364140
0.233534 0.365500
0.236140 0.366857
0.238744 0.368212
0.241347 0.369563
0.243947 0.370910
0.246546 0.372254
0.249143 0.373595
0.251738 0.374931
0.254348 0.376292
0.256940 0.377621
0.259532 0.378946
0.262122 0.380268
0.264694 0.381560
0.267282 0.382874
0.269868 0.384185
0.272454 0.385491
0.275040 0.386794
0.277624 0.388094
0.280209 0.389390
0.282793 0.390682
0.285377 0.391971
0.287961 0.393257
0.290545 0.394540
0.293130 0.395820
0.295714 0.397096
0.298300 0.398371
0.300886 0.399643
0.303473 0.400913
0.306081 0.402205
0.308671 0.403471
0.311262 0.404735
0.313835 0.405975
0.316430 0.407238
0.319026 0.408499
0.321624 0.409761
0.324225 0.411023
0.326829 0.412284
0.329435 0.413547
0.332043 0.414810
0.334655 0.416075
0.337271 0.417341
0.339889 0.418610
0.342512 0.419881
0.345138 0.421155
0.347768 0.422432
0.350402 0.423713
0.353041 0.424999
0.355707 0.426311
0.358355 0.427606
0.361008 0.428907
0.363667 0.430214
0.366306 0.431505
0.368950 0.432803
0.371624 0.434131
0.374355 0.435512
0.377042 0.436857
0.379735 0.438211
0.382434 0.439575
0.385141 0.440948
0.387853 0.442333
0.390573 0.443729
0.393300 0.445136
0.395978 0.446510
0.398719 0.447942
0.401468 0.449388
0.404224 0.450848
0.407047 0.452369
0.409820 0.453859
0.412601 0.455364
0.415390 0.456886
0.418127 0.458376
0.420932 0.459931
0.423747 0.461504
0.426571 0.463096
0.429491 0.464774
0.432269 0.466354
0.435187 0.468056
0.437981 0.469676
0.440852 0.471368
0.443801 0.473134
0.446622 0.474817
0.449521 0.476575
0.452430 0.478357
0.455349 0.480162
0.458278 0.481992
0.461217 0.483846
0.464166 0.485725
0.467126 0.487630
0.470095 0.489561
0.473155 0.491580
0.476066 0.493503
0.479067 0.495515
0.482078 0.497555
0.485099 0.499623
0.488216 0.501786
0.491174 0.503846
0.494226 0.506001
0.497378 0.508256
0.500364 0.510402
0.503538 0.512720
0.506544 0.514925
0.509650 0.517233
0.512859 0.519649
0.515892 0.521943
0.519030 0.524347
0.522177 0.526783
0.525335 0.529251
0.528603 0.531836
0.531682 0.534286
0.534871 0.536854
0.538070 0.539456
0.541279 0.542090
0.544604 0.544851
0.547727 0.547461
0.550966 0.550198
0.554215 0.552969
0.557473 0.555774
0.560853 0.558714
0.564019 0.561487
0.567305 0.564395
0.570717 0.567445
0.573906 0.570316
0.577338 0.573438
0.580542 0.576374
0.583873 0.579455
0.587336 0.582687
0.590560 0.585719
0.593915 0.588902
0.597278 0.592120
0.600649 0.595372
0.604157 0.598786
0.607412 0.601977
0.610803 0.605329
0.614202 0.608715
0.617606 0.612134
0.621016 0.615585
0.624431 0.619069
0.627852 0.622585
0.631278 0.626133
0.634709 0.629712
0.638287 0.633475
0.641581 0.636964
0.645023 0.640636
0.648615 0.644498
0.651914 0.648069
0.655514 0.651995
0.658813 0.655619
0.662265 0.659436
0.665872 0.663454
0.669169 0.667152
0.672620 0.671051
0.676071 0.674975
0.679520 0.678925
0.683129 0.683085
0.686412 0.686898
0.689853 0.690920
0.693291 0.694965
0.696724 0.699032
0.700152 0.703120
0.703574 0.707229
0.706991 0.711359
0.710572 0.715714
0.713802 0.719674
0.717196 0.723859
0.720581 0.728061
0.723957 0.732279
0.727500 0.736732
0.730679 0.740760
0.734202 0.745246
0.737356 0.749296
0.740676 0.753583
0.744164 0.758113
0.747277 0.762189
0.750556 0.766506
0.753821 0.770833
0.757070 0.775167
0.760489 0.779753
0.763521 0.783856
0.766722 0.788209
0.769905 0.792566
0.773070 0.796927
