0.196888 0.555833
0.200236 0.558260
0.203590 0.560706
0.206950 0.563170
0.210316 0.565654
0.213688 0.568158
0.217067 0.570681
0.220452 0.573225
0.223867 0.575850
0.227265 0.578436
0.230669 0.581043
0.234080 0.583673
0.237471 0.586263
0.240894 0.588937
0.244324 0.591633
0.247761 0.594351
0.251204 0.597094
0.254655 0.599860
0.258112 0.602650
0.261577 0.605465
0.265048 0.608304
0.268528 0.611168
0.272014 0.614057
0.275508 0.616971
0.279010 0.619911
0.282520 0.622877
0.286037 0.625869
0.289595 0.628957
0.293129 0.632003
0.296671 0.635075
0.300222 0.638173
0.303747 0.641228
0.307315 0.644380
0.310891 0.647560
0.314475 0.650767
0.318069 0.654001
0.321672 0.657263
0.325283 0.660552
0.328904 0.663868
0.332534 0.667212
0.336174 0.670582
0.339822 0.673981
0.343480 0.677405
0.347148 0.680858
0.350824 0.684336
0.354510 0.687841
0.358205 0.691372
0.361951 0.695011
0.365666 0.698593
0.369389 0.702201
0.373079 0.705750
0.376820 0.709407
0.380570 0.713087
0.384329 0.716791
0.388096 0.720517
0.391872 0.724265
0.395656 0.728034
0.399448 0.731825
0.403248 0.735636
0.407055 0.739466
0.410869 0.743314
0.414691 0.747181
0.418519 0.751064
0.422353 0.754963
0.426193 0.758877
0.430038 0.762805
0.433940 0.766842
0.437795 0.770796
0.441655 0.774761
0.445519 0.778737
0.449333 0.782624
0.453149 0.786519
0.457020 0.790517
0.461000 0.794716
0.464875 0.798725
0.468750 0.802737
0.472625 0.806751
0.476500 0.810766
0.480373 0.814780
0.484245 0.818793
0.488114 0.822803
0.491866 0.826609
0.495727 0.830610
0.499585 0.834604
0.503437 0.838590
0.507402 0.842771
0.511243 0.846739
0.515077 0.850696
0.518904 0.854642
0.522604 0.858371
0.526413 0.862288
0.530214 0.866191
0.534004 0.870077
0.537949 0.874219
0.541597 0.877868
0.545478 0.881901
0.549101 0.885510
0.552833 0.889300
0.556677 0.893269
0.560258 0.896812
0.563950 0.900534
0.567626 0.904230
0.571286 0.907902
0.574931 0.911548
0.578560 0.915167
0.582171 0.918760
0.585766 0.922324
0.589344 0.925861
0.593029 0.929565
0.596444 0.932847
0.599967 0.936296
0.603471 0.939715
0.606955 0.943103
0.610547 0.946653
0.613867 0.949788
0.617292 0.953083
0.620825 0.956537
0.624084 0.959580
0.627576 0.962968
0.630794 0.965950
0.634118 0.969086
0.637548 0.972375
0.640704 0.975262
0.643965 0.978302
0.647206 0.981310
0.650426 0.984285
0.653751 0.987408
0.656802 0.990139
0.659959 0.993018
0.663095 0.995865
0.666210 0.998680
0.669430 1.001638
0.672377 1.004216
0.675430 1.006937
0.678462 1.009626
0.681473 1.012284
0.684589 1.015081
0.687435 1.017510
0.690385 1.020077
0.693440 1.022779
0.696226 1.025121
0.699241 1.027763
0.701988 1.030048
0.704840 1.032468
0.707797 1.035020
0.710486 1.037223
0.713281 1.039558
0.716057 1.041866
0.718814 1.044147
0.721677 1.046556
0.724274 1.048629
0.726977 1.050830
0.729663 1.053005
0.732330 1.055155
0.734981 1.057280
0.737615 1.059380
0.740231 1.061456
0.742831 1.063508
0.745414 1.065536
0.748104 1.067686
0.750532 1.069523
0.753066 1.071483
0.755709 1.073563
0.758088 1.075336
0.760700 1.077371
0.763050 1.079103
0.765507 1.080956
0.768074 1.082927
0.770379 1.084601
0.772793 1.086394
0.775192 1.088168
0.777578 1.089923
0.780073 1.091793
0.782307 1.093378
0.784651 1.095079
0.786981 1.096762
0.789298 1.098429
0.791602 1.100078
0.793893 1.101712
0.796170 1.103329
0.798560 1.105060
0.800687 1.106518
0.802927 1.108089
0.805154 1.109647
0.807369 1.111189
0.809696 1.112845
0.811761 1.114234
0.814066 1.115861
0.816106 1.117226
0.818260 1.118702
0.820530 1.120290
0.822534 1.121619
0.824653 1.123060
0.826761 1.124489
0.828857 1.125907
0.831071 1.127436
0.833017 1.128712
0.835079 1.130099
0.837130 1.131476
0.839171 1.132844
