-1.191585
1.239946
-0.210288
-0.426432
-0.422210
-1.785713
1.332837
0.276422
1.561585
1.160720
1.186959
-0.278342
1.011552
-0.562257
0.229034
-0.177888
-0.845398
-1.444175
-1.542616
-1.088803
-0.018985
2.048586
0.118895
0.633655
1.410011
-0.489616
-0.248174
0.268807
0.382842
-0.524354
-1.020972
-0.821022
1.562601
0.196418
0.856683
0.806056
-0.062121
1.495669
-0.440293
-0.577257
0.262261
-0.803764
0.549352
1.905340
-0.356397
-0.479008
-1.271051
-1.906098
-0.860760
-1.232600
-2.305661
-0.430260
0.676790
0.838390
-0.109925
1.560973
-0.766069
-0.742051
0.034267
0.602740
0.036772
0.042950
0.348687
-0.276043
-1.279126
1.161941
-0.123093
-0.020893
-1.047936
-0.672553
-1.775912
0.277885
0.819342
-0.496054
0.127062
1.698347
-0.398550
1.395779
0.353214
-0.929013
-0.495712
1.450781
-0.069953
-1.651123
0.224876
-0.057540
-0.147753
-0.013921
0.502390
-2.152144
-0.432113
0.089661
-0.968076
0.322656
0.329984
0.474218
0.651209
0.981465
0.302796
0.604064
-1.610696
0.093831
-1.050202
0.739398
2.635061
-0.082433
-0.058198
0.024977
0.661662
-1.670991
0.842428
-0.931624
0.663767
0.338484
-0.055607
1.866046
-2.351978
-1.645133
-0.057760
0.006445
1.050239
0.276881
1.730476
0.149638
0.051512
2.221145
1.563531
0.454273
-0.727769
-0.217076
-0.166943
0.028756
0.345592
0.991410
0.305789
-0.520185
-0.564728
-0.055138
0.004602
0.875895
0.366863
0.027364
-0.334177
-1.656493
-0.820473
0.329490
0.676635
-0.287103
1.402980
1.997020
-0.589625
-0.003954
2.645238
-1.180770
-0.195883
1.033769
-1.303798
-0.086940
-1.057431
1.691094
0.886872
1.308340
0.815763
0.585569
-1.100755
-0.224030
-1.215370
-0.150694
0.257188
-1.236275
-0.258732
-0.601187
0.102035
-0.522253
-1.096791
0.079519
-0.149076
0.394898
-1.542698
-0.011896
2.679174
0.385699
0.508735
-0.502729
-0.882411
0.184975
-0.299460
-2.026990
-1.783665
-0.236004
0.175759
-1.442549
-1.069061
-1.058698
1.796221
0.359850
-0.189132
0.125918
-0.355040
0.552538
