7.964808654785156250e+01
7.998498535156250000e+01
8.032187652587890625e+01
8.065876770019531250e+01
8.099565887451171875e+01
8.133255004882812500e+01
8.166944122314453125e+01
8.200633239746093750e+01
8.234323120117187500e+01
8.268012237548828125e+01
8.301701354980468750e+01
8.335390472412109375e+01
5.237360382080078125e+01
5.308870315551757812e+01
5.380380249023437500e+01
5.451890563964843750e+01
5.523400878906250000e+01
5.594910812377929688e+01
5.666420745849609375e+01
5.737931060791015625e+01
5.809440994262695312e+01
5.880950927734375000e+01
5.952461242675781250e+01
6.023971557617187500e+01
7.900242614746093750e+01
7.970167541503906250e+01
8.040093231201171875e+01
8.110018920898437500e+01
8.179943847656250000e+01
8.249869537353515625e+01
8.319795227050781250e+01
8.389720916748046875e+01
8.459646606445312500e+01
8.529571533203125000e+01
8.599497222900390625e+01
8.669422912597656250e+01
7.737932586669921875e+01
7.754800415039062500e+01
7.771668243408203125e+01
7.788536834716796875e+01
7.805404663085937500e+01
7.822273254394531250e+01
7.839141082763671875e+01
7.856008911132812500e+01
7.872877502441406250e+01
7.889745330810546875e+01
7.906613922119140625e+01
7.923481750488281250e+01
9.417452239990234375e+01
9.483306884765625000e+01
9.549160766601562500e+01
9.615016174316406250e+01
9.680870056152343750e+01
9.746724700927734375e+01
9.812579345703125000e+01
9.878433990478515625e+01
9.944288635253906250e+01
1.001014328002929688e+02
1.007599792480468750e+02
1.014185256958007812e+02
6.400774383544921875e+01
6.470536804199218750e+01
6.540299987792968750e+01
6.610063171386718750e+01
6.679826354980468750e+01
6.749588775634765625e+01
6.819351959228515625e+01
6.889115142822265625e+01
6.958877563476562500e+01
7.028640747070312500e+01
7.098403930664062500e+01
7.168166351318359375e+01
7.351805114746093750e+01
7.411923980712890625e+01
7.472043609619140625e+01
7.532162475585937500e+01
7.592282104492187500e+01
7.652400970458984375e+01
7.712519836425781250e+01
7.772639465332031250e+01
7.832758331298828125e+01
7.892877960205078125e+01
7.952996826171875000e+01
8.013116455078125000e+01
9.702030944824218750e+01
9.760619354248046875e+01
9.819207763671875000e+01
9.877796173095703125e+01
9.936384582519531250e+01
9.994972991943359375e+01
1.005356140136718750e+02
1.011214981079101562e+02
1.017073822021484375e+02
1.022932662963867188e+02
1.028791503906250000e+02
1.034650344848632812e+02
7.935813903808593750e+01
7.994385528564453125e+01
8.052956390380859375e+01
8.111528015136718750e+01
8.170098876953125000e+01
8.228669738769531250e+01
8.287241363525390625e+01
8.345812225341796875e+01
8.404383850097656250e+01
8.462954711914062500e+01
8.521526336669921875e+01
8.580097198486328125e+01
6.224567413330078125e+01
6.297955322265625000e+01
6.371343231201171875e+01
6.444731140136718750e+01
6.518119049072265625e+01
6.591506958007812500e+01
6.664894866943359375e+01
6.738282775878906250e+01
6.811670684814453125e+01
6.885058593750000000e+01
6.958446502685546875e+01
7.031834411621093750e+01
8.624415588378906250e+01
8.678478240966796875e+01
8.732540130615234375e+01
8.786602783203125000e+01
8.840664672851562500e+01
8.894727325439453125e+01
8.948789978027343750e+01
9.002852630615234375e+01
9.056914520263671875e+01
9.110977172851562500e+01
9.165039825439453125e+01
9.219101715087890625e+01
6.513420104980468750e+01
6.581520080566406250e+01
6.649620056152343750e+01
6.717720031738281250e+01
6.785820007324218750e+01
6.853919982910156250e+01
6.922019958496093750e+01
6.990119934082031250e+01
7.058219909667968750e+01
7.126319885253906250e+01
7.194419860839843750e+01
7.262519836425781250e+01
4.831521606445312500e+01
4.895226287841796875e+01
4.958930587768554688e+01
5.022634887695312500e+01
5.086339569091796875e+01
5.150043487548828125e+01
5.213748168945312500e+01
5.277452468872070312e+01
5.341156768798828125e+01
5.404861068725585938e+01
5.468565368652343750e+01
5.532270050048828125e+01
6.478059387207031250e+01
6.534935760498046875e+01
6.591812133789062500e+01
6.648687744140625000e+01
6.705564117431640625e+01
6.762440490722656250e+01
6.819316101074218750e+01
6.876192474365234375e+01
6.933068084716796875e+01
6.989944458007812500e+01
7.046820831298828125e+01
7.103696441650390625e+01
6.856024932861328125e+01
6.914804077148437500e+01
6.973583221435546875e+01
7.032362365722656250e+01
7.091141510009765625e+01
7.149920654296875000e+01
7.208699798583984375e+01
7.267478942871093750e+01
7.326258850097656250e+01
7.385037994384765625e+01
7.443817138671875000e+01
7.502596282958984375e+01
7.992684173583984375e+01
8.055392456054687500e+01
8.118101501464843750e+01
8.180809783935546875e+01
8.243518829345703125e+01
8.306227111816406250e+01
8.368936157226562500e+01
8.431644439697265625e+01
8.494353485107421875e+01
8.557061767578125000e+01
8.619770812988281250e+01
8.682479095458984375e+01
5.977386856079101562e+01
6.039703369140625000e+01
6.102020263671875000e+01
6.164336776733398438e+01
6.226652908325195312e+01
6.288969421386718750e+01
6.351285934448242188e+01
6.413602447509765625e+01
6.475919342041015625e+01
6.538235473632812500e+01
6.600552368164062500e+01
6.662869262695312500e+01
9.865231323242187500e+01
9.926687622070312500e+01
9.988143920898437500e+01
1.004960021972656250e+02
1.011105651855468750e+02
1.017251281738281250e+02
1.023396911621093750e+02
1.029542541503906250e+02
1.035688171386718750e+02
1.041833801269531250e+02
1.047979431152343750e+02
1.054125061035156250e+02
7.796042633056640625e+01
7.812897491455078125e+01
7.829752349853515625e+01
7.846607208251953125e+01
7.863462066650390625e+01
7.880316925048828125e+01
7.897171783447265625e+01
7.914025878906250000e+01
7.930880737304687500e+01
7.947735595703125000e+01
7.964590454101562500e+01
7.981445312500000000e+01
5.802237701416015625e+01
5.886589050292968750e+01
5.970940017700195312e+01
6.055291366577148438e+01
6.139642715454101562e+01
6.223994064331054688e+01
6.308345031738281250e+01
6.392696380615234375e+01
6.477047729492187500e+01
6.561399078369140625e+01
6.645750427246093750e+01
6.730101776123046875e+01
8.086800384521484375e+01
8.103668975830078125e+01
8.120537567138671875e+01
8.137405395507812500e+01
8.154273986816406250e+01
8.171142578125000000e+01
8.188011169433593750e+01
8.204879760742187500e+01
8.221747589111328125e+01
8.238616180419921875e+01
8.255484771728515625e+01
8.272353363037109375e+01
7.987964630126953125e+01
8.051307678222656250e+01
8.114649963378906250e+01
8.177993011474609375e+01
8.241335296630859375e+01
8.304678344726562500e+01
8.368020629882812500e+01
8.431362915039062500e+01
8.494705963134765625e+01
8.558048248291015625e+01
8.621391296386718750e+01
8.684733581542968750e+01
6.566237640380859375e+01
6.634091949462890625e+01
6.701947021484375000e+01
6.769801330566406250e+01
6.837656402587890625e+01
6.905510711669921875e+01
6.973365783691406250e+01
7.041220092773437500e+01
7.109075164794921875e+01
7.176929473876953125e+01
7.244784545898437500e+01
7.312638854980468750e+01
7.037239074707031250e+01
7.112339019775390625e+01
7.187438201904296875e+01
7.262538146972656250e+01
7.337637329101562500e+01
7.412737274169921875e+01
7.487836456298828125e+01
7.562936401367187500e+01
7.638035583496093750e+01
7.713135528564453125e+01
7.788234710693359375e+01
7.863334655761718750e+01
7.635169982910156250e+01
7.703905487060546875e+01
7.772640991210937500e+01
7.841377258300781250e+01
7.910112762451171875e+01
7.978848266601562500e+01
8.047584533691406250e+01
8.116320037841796875e+01
8.185055541992187500e+01
8.253791809082031250e+01
8.322527313232421875e+01
8.391263580322265625e+01
9.890690612792968750e+01
9.928077697753906250e+01
9.965464782714843750e+01
1.000285186767578125e+02
1.004023818969726562e+02
1.007762527465820312e+02
1.011501235961914062e+02
1.015239944458007812e+02
1.018978652954101562e+02
1.022717285156250000e+02
1.026455993652343750e+02
1.030194702148437500e+02
6.722591400146484375e+01
6.792768859863281250e+01
6.862945556640625000e+01
6.933122253417968750e+01
7.003298950195312500e+01
7.073475646972656250e+01
7.143652343750000000e+01
7.213829040527343750e+01
7.284005737304687500e+01
7.354182434082031250e+01
7.424359130859375000e+01
7.494535827636718750e+01
7.509420776367187500e+01
7.526275634765625000e+01
7.543130493164062500e+01
7.559985351562500000e+01
7.576840209960937500e+01
7.593695068359375000e+01
7.610549926757812500e+01
7.627404785156250000e+01
7.644259643554687500e+01
7.661114501953125000e+01
7.677969360351562500e+01
7.694824218750000000e+01
6.866881561279296875e+01
6.933793640136718750e+01
7.000704956054687500e+01
7.067617034912109375e+01
7.134529113769531250e+01
7.201440429687500000e+01
7.268352508544921875e+01
7.335264587402343750e+01
7.402175903320312500e+01
7.469087982177734375e+01
7.536000061035156250e+01
7.602911376953125000e+01
7.341611480712890625e+01
7.358466339111328125e+01
7.375321960449218750e+01
7.392177581787109375e+01
7.409032440185546875e+01
7.425888061523437500e+01
7.442743682861328125e+01
7.459598541259765625e+01
7.476454162597656250e+01
7.493309020996093750e+01
7.510164642333984375e+01
7.527020263671875000e+01
6.923168182373046875e+01
6.993346405029296875e+01
7.063525390625000000e+01
7.133704376220703125e+01
7.203883361816406250e+01
7.274062347412109375e+01
7.344241333007812500e+01
7.414420318603515625e+01
7.484598541259765625e+01
7.554777526855468750e+01
7.624956512451171875e+01
7.695135498046875000e+01
9.500095367431640625e+01
9.564305114746093750e+01
9.628515625000000000e+01
9.692724609375000000e+01
9.756935119628906250e+01
9.821144866943359375e+01
9.885354614257812500e+01
9.949564361572265625e+01
1.001377410888671875e+02
1.007798461914062500e+02
1.014219436645507812e+02
1.020640411376953125e+02
7.655740356445312500e+01
7.672590637207031250e+01
7.689441680908203125e+01
7.706291961669921875e+01
7.723143005371093750e+01
7.739993286132812500e+01
7.756844329833984375e+01
7.773694610595703125e+01
7.790545654296875000e+01
7.807395935058593750e+01
7.824246215820312500e+01
7.841097259521484375e+01
6.334656143188476562e+01
6.351524353027343750e+01
6.368392562866210938e+01
6.385260772705078125e+01
6.402129364013671875e+01
6.418997192382812500e+01
6.435865020751953125e+01
6.452733612060546875e+01
6.469601440429687500e+01
6.486470031738281250e+01
6.503337860107421875e+01
6.520206451416015625e+01
7.821609497070312500e+01
7.866841125488281250e+01
7.912071990966796875e+01
7.957303619384765625e+01
8.002535247802734375e+01
8.047766876220703125e+01
8.092997741699218750e+01
8.138229370117187500e+01
8.183460998535156250e+01
8.228692626953125000e+01
8.273924255371093750e+01
8.319155883789062500e+01
7.330949401855468750e+01
7.387765502929687500e+01
7.444582366943359375e+01
7.501399230957031250e+01
7.558216094970703125e+01
7.615032196044921875e+01
7.671849060058593750e+01
7.728665924072265625e+01
7.785482025146484375e+01
7.842298889160156250e+01
7.899115753173828125e+01
7.955932617187500000e+01
6.269041442871093750e+01
6.334833145141601562e+01
6.400624847412109375e+01
6.466416931152343750e+01
6.532209014892578125e+01
6.598001098632812500e+01
6.663793182373046875e+01
6.729585266113281250e+01
6.795376586914062500e+01
6.861168670654296875e+01
6.926960754394531250e+01
6.992752838134765625e+01
7.153662872314453125e+01
7.220701599121093750e+01
7.287741088867187500e+01
7.354779815673828125e+01
7.421819305419921875e+01
7.488858032226562500e+01
7.555897521972656250e+01
7.622936248779296875e+01
7.689975738525390625e+01
7.757014465332031250e+01
7.824053955078125000e+01
7.891092681884765625e+01
9.733018493652343750e+01
9.783220672607421875e+01
9.833423614501953125e+01
9.883625793457031250e+01
9.933828735351562500e+01
9.984031677246093750e+01
1.003423385620117188e+02
1.008443603515625000e+02
1.013463897705078125e+02
1.018484191894531250e+02
1.023504409790039062e+02
1.028524703979492188e+02
7.668927001953125000e+01
7.685797119140625000e+01
7.702666473388671875e+01
7.719536590576171875e+01
7.736406707763671875e+01
7.753276824951171875e+01
7.770146942138671875e+01
7.787017059326171875e+01
7.803887176513671875e+01
7.820757293701171875e+01
7.837626647949218750e+01
7.854496765136718750e+01
5.356649017333984375e+01
5.429302215576171875e+01
5.501955413818359375e+01
5.574608612060546875e+01
5.647262191772460938e+01
5.719915390014648438e+01
5.792568588256835938e+01
5.865222167968750000e+01
5.937875366210937500e+01
6.010528564453125000e+01
6.083181762695312500e+01
6.155834960937500000e+01
7.621687316894531250e+01
7.699024200439453125e+01
7.776361846923828125e+01
7.853698730468750000e+01
7.931035614013671875e+01
8.008373260498046875e+01
8.085710144042968750e+01
8.163047790527343750e+01
8.240384674072265625e+01
8.317721557617187500e+01
8.395059204101562500e+01
8.472396087646484375e+01
5.237936401367187500e+01
5.310969924926757812e+01
5.384003448486328125e+01
5.457036590576171875e+01
5.530070114135742188e+01
5.603103637695312500e+01
5.676136779785156250e+01
5.749170303344726562e+01
5.822203826904296875e+01
5.895236968994140625e+01
5.968270492553710938e+01
6.041304016113281250e+01
5.958388519287109375e+01
6.033362579345703125e+01
6.108336639404296875e+01
6.183311080932617188e+01
6.258285140991210938e+01
6.333259201049804688e+01
6.408233642578125000e+01
6.483207702636718750e+01
6.558181762695312500e+01
6.633155822753906250e+01
6.708129882812500000e+01
6.783103942871093750e+01
5.888184356689453125e+01
5.934933853149414062e+01
5.981682968139648438e+01
6.028432464599609375e+01
6.075181579589843750e+01
6.121930694580078125e+01
6.168680191040039062e+01
6.215429306030273438e+01
6.262178802490234375e+01
6.308927917480468750e+01
6.355677032470703125e+01
6.402426147460937500e+01
7.895336151123046875e+01
7.912207794189453125e+01
7.929079437255859375e+01
7.945951080322265625e+01
7.962822723388671875e+01
7.979694366455078125e+01
7.996566009521484375e+01
8.013437652587890625e+01
8.030309295654296875e+01
8.047181701660156250e+01
8.064053344726562500e+01
8.080924987792968750e+01
6.264268493652343750e+01
6.323157882690429688e+01
6.382047271728515625e+01
6.440936279296875000e+01
6.499825286865234375e+01
6.558715057373046875e+01
6.617604064941406250e+01
6.676493072509765625e+01
6.735382843017578125e+01
6.794271850585937500e+01
6.853160858154296875e+01
6.912049865722656250e+01
5.731806945800781250e+01
5.793468856811523438e+01
5.855130767822265625e+01
5.916792678833007812e+01
5.978454589843750000e+01
6.040116500854492188e+01
6.101778411865234375e+01
6.163440322875976562e+01
6.225102233886718750e+01
6.286764144897460938e+01
6.348426055908203125e+01
6.410087585449218750e+01
7.929400634765625000e+01
8.008383941650390625e+01
8.087367248535156250e+01
8.166350555419921875e+01
8.245333862304687500e+01
8.324316406250000000e+01
8.403299713134765625e+01
8.482283020019531250e+01
8.561266326904296875e+01
8.640249633789062500e+01
8.719232940673828125e+01
8.798216247558593750e+01
5.913508224487304688e+01
5.983738327026367188e+01
6.053968811035156250e+01
6.124198913574218750e+01
6.194429397583007812e+01
6.264659500122070312e+01
6.334889984130859375e+01
6.405120086669921875e+01
6.475350189208984375e+01
6.545581054687500000e+01
6.615811157226562500e+01
6.686041259765625000e+01
5.658810424804687500e+01
5.705706024169921875e+01
5.752602005004882812e+01
5.799497985839843750e+01
5.846393585205078125e+01
5.893289566040039062e+01
5.940185546875000000e+01
5.987081146240234375e+01
6.033976745605468750e+01
6.080872726440429688e+01
6.127768707275390625e+01
6.174664306640625000e+01
8.906505584716796875e+01
8.963436126708984375e+01
9.020366668701171875e+01
9.077297210693359375e+01
9.134227752685546875e+01
9.191158294677734375e+01
9.248088836669921875e+01
9.305019378662109375e+01
9.361949920654296875e+01
9.418880462646484375e+01
9.475811004638671875e+01
9.532741546630859375e+01
9.204417419433593750e+01
9.262810516357421875e+01
9.321204376220703125e+01
9.379598236083984375e+01
9.437991333007812500e+01
9.496385192871093750e+01
9.554779052734375000e+01
9.613172912597656250e+01
9.671566009521484375e+01
9.729959869384765625e+01
9.788353729248046875e+01
9.846746826171875000e+01
7.872764587402343750e+01
7.933202362060546875e+01
7.993640136718750000e+01
8.054077911376953125e+01
8.114516448974609375e+01
8.174954223632812500e+01
8.235391998291015625e+01
8.295829772949218750e+01
8.356267547607421875e+01
8.416706085205078125e+01
8.477143859863281250e+01
8.537581634521484375e+01
3.309012222290039062e+01
3.355329895019531250e+01
3.401647567749023438e+01
3.447965240478515625e+01
3.494282913208007812e+01
3.540600585937500000e+01
3.586918640136718750e+01
3.633236312866210938e+01
3.679553985595703125e+01
3.725871658325195312e+01
3.772189331054687500e+01
3.818507003784179688e+01
7.619705200195312500e+01
7.652077484130859375e+01
7.684449768066406250e+01
7.716822052001953125e+01
7.749194335937500000e+01
7.781566619873046875e+01
7.813938903808593750e+01
7.846311187744140625e+01
7.878683471679687500e+01
7.911055755615234375e+01
7.943427276611328125e+01
7.975799560546875000e+01
8.087116241455078125e+01
8.104000854492187500e+01
8.120885467529296875e+01
8.137770080566406250e+01
8.154654693603515625e+01
8.171539306640625000e+01
8.188424682617187500e+01
8.205309295654296875e+01
8.222193908691406250e+01
8.239078521728515625e+01
8.255963134765625000e+01
8.272847747802734375e+01
8.428241729736328125e+01
8.445129394531250000e+01
8.462017059326171875e+01
8.478904724121093750e+01
8.495792388916015625e+01
8.512680053710937500e+01
8.529568481445312500e+01
8.546456146240234375e+01
8.563343811035156250e+01
8.580231475830078125e+01
8.597119140625000000e+01
8.614006805419921875e+01
8.833509063720703125e+01
8.883591461181640625e+01
8.933673095703125000e+01
8.983755493164062500e+01
9.033837127685546875e+01
9.083918762207031250e+01
9.134001159667968750e+01
9.184082794189453125e+01
9.234165191650390625e+01
9.284246826171875000e+01
9.334329223632812500e+01
9.384410858154296875e+01
4.057691574096679688e+01
4.116787338256835938e+01
4.175883102416992188e+01
4.234979248046875000e+01
4.294075012207031250e+01
4.353170776367187500e+01
4.412266540527343750e+01
4.471362304687500000e+01
4.530458068847656250e+01
4.589553833007812500e+01
4.648649978637695312e+01
4.707745742797851562e+01
9.083552551269531250e+01
9.150966644287109375e+01
9.218380737304687500e+01
9.285794067382812500e+01
9.353208160400390625e+01
9.420622253417968750e+01
9.488036346435546875e+01
9.555450439453125000e+01
9.622863769531250000e+01
9.690277862548828125e+01
9.757691955566406250e+01
9.825105285644531250e+01
7.773309326171875000e+01
7.834519195556640625e+01
7.895729064941406250e+01
7.956939697265625000e+01
8.018149566650390625e+01
8.079359436035156250e+01
8.140569305419921875e+01
8.201779174804687500e+01
8.262989807128906250e+01
8.324199676513671875e+01
8.385409545898437500e+01
8.446619415283203125e+01
8.381714630126953125e+01
8.439477539062500000e+01
8.497239685058593750e+01
8.555001831054687500e+01
8.612764739990234375e+01
8.670526885986328125e+01
8.728289794921875000e+01
8.786051940917968750e+01
8.843814086914062500e+01
8.901576995849609375e+01
8.959339141845703125e+01
9.017102050781250000e+01
7.147059631347656250e+01
7.208827209472656250e+01
7.270594787597656250e+01
7.332363128662109375e+01
7.394130706787109375e+01
7.455899047851562500e+01
7.517666625976562500e+01
7.579434204101562500e+01
7.641202545166015625e+01
7.702970123291015625e+01
7.764737701416015625e+01
7.826506042480468750e+01
4.118682861328125000e+01
4.179742431640625000e+01
4.240802001953125000e+01
4.301861572265625000e+01
4.362921142578125000e+01
4.423980712890625000e+01
4.485040283203125000e+01
4.546099853515625000e+01
4.607159423828125000e+01
4.668218994140625000e+01
4.729278564453125000e+01
4.790338134765625000e+01
6.927630615234375000e+01
6.999267578125000000e+01
7.070905303955078125e+01
7.142542266845703125e+01
7.214179992675781250e+01
7.285816955566406250e+01
7.357454681396484375e+01
7.429091644287109375e+01
7.500728607177734375e+01
7.572366333007812500e+01
7.644003295898437500e+01
7.715641021728515625e+01
5.611137008666992188e+01
5.687005615234375000e+01
5.762874221801757812e+01
5.838743209838867188e+01
5.914611816406250000e+01
5.990480422973632812e+01
6.066349029541015625e+01
6.142218017578125000e+01
6.218086624145507812e+01
6.293955230712890625e+01
6.369824218750000000e+01
6.445692443847656250e+01
6.705853271484375000e+01
6.774802398681640625e+01
6.843751525878906250e+01
6.912700653076171875e+01
6.981649780273437500e+01
7.050598907470703125e+01
7.119548034667968750e+01
7.188497161865234375e+01
7.257446289062500000e+01
7.326395416259765625e+01
7.395344543457031250e+01
7.464293670654296875e+01
6.943083953857421875e+01
7.025270080566406250e+01
7.107457733154296875e+01
7.189644622802734375e+01
7.271831512451171875e+01
7.354019165039062500e+01
7.436206054687500000e+01
7.518393707275390625e+01
7.600580596923828125e+01
7.682768249511718750e+01
7.764955139160156250e+01
7.847142028808593750e+01
5.530984497070312500e+01
5.610772705078125000e+01
5.690560913085937500e+01
5.770349121093750000e+01
5.850137710571289062e+01
5.929926300048828125e+01
6.009714889526367188e+01
6.089503479003906250e+01
6.169292068481445312e+01
6.249080657958984375e+01
6.328868865966796875e+01
6.408657836914062500e+01
6.026884841918945312e+01
6.085568618774414062e+01
6.144253158569335938e+01
6.202937316894531250e+01
6.261621093750000000e+01
6.320305252075195312e+01
6.378989410400390625e+01
6.437673187255859375e+01
6.496357727050781250e+01
6.555041503906250000e+01
6.613725280761718750e+01
6.672409057617187500e+01
5.343971633911132812e+01
5.373579025268554688e+01
5.403186416625976562e+01
5.432793807983398438e+01
5.462401199340820312e+01
5.492008590698242188e+01
5.521615982055664062e+01
5.551223373413085938e+01
5.580830764770507812e+01
5.610438156127929688e+01
5.640045547485351562e+01
5.669652938842773438e+01
6.663256835937500000e+01
6.730170440673828125e+01
6.797084045410156250e+01
6.863997650146484375e+01
6.930912017822265625e+01
6.997825622558593750e+01
7.064739227294921875e+01
7.131652832031250000e+01
7.198566436767578125e+01
7.265480041503906250e+01
7.332394409179687500e+01
7.399308013916015625e+01
7.736916351318359375e+01
7.753784942626953125e+01
7.770653533935546875e+01
7.787522125244140625e+01
7.804390716552734375e+01
7.821260070800781250e+01
7.838128662109375000e+01
7.854997253417968750e+01
7.871865844726562500e+01
7.888734436035156250e+01
7.905603027343750000e+01
7.922471618652343750e+01
5.231368255615234375e+01
5.287601470947265625e+01
5.343834686279296875e+01
5.400067520141601562e+01
5.456300354003906250e+01
5.512533569335937500e+01
5.568766784667968750e+01
5.624999618530273438e+01
5.681232833862304688e+01
5.737465667724609375e+01
5.793698883056640625e+01
5.849931716918945312e+01
7.268200683593750000e+01
7.342012023925781250e+01
7.415822601318359375e+01
7.489633178710937500e+01
7.563443756103515625e+01
7.637254333496093750e+01
7.711064910888671875e+01
7.784875488281250000e+01
7.858686065673828125e+01
7.932497406005859375e+01
8.006307983398437500e+01
8.080118560791015625e+01
6.800535583496093750e+01
6.865541076660156250e+01
6.930546569824218750e+01
6.995552825927734375e+01
7.060558319091796875e+01
7.125564575195312500e+01
7.190570068359375000e+01
7.255576324462890625e+01
7.320581817626953125e+01
7.385588073730468750e+01
7.450593566894531250e+01
7.515599822998046875e+01
8.455754089355468750e+01
8.514150238037109375e+01
8.572546386718750000e+01
8.630942535400390625e+01
8.689338684082031250e+01
8.747735595703125000e+01
8.806130981445312500e+01
8.864527893066406250e+01
8.922924041748046875e+01
8.981320190429687500e+01
9.039716339111328125e+01
9.098112487792968750e+01
6.634420776367187500e+01
6.699176025390625000e+01
6.763930511474609375e+01
6.828684997558593750e+01
6.893439483642578125e+01
6.958193969726562500e+01
7.022948455810546875e+01
7.087703704833984375e+01
7.152458190917968750e+01
7.217212677001953125e+01
7.281967163085937500e+01
7.346721649169921875e+01
7.360712432861328125e+01
7.377568054199218750e+01
7.394422912597656250e+01
7.411278533935546875e+01
7.428134155273437500e+01
7.444989013671875000e+01
7.461844635009765625e+01
7.478700256347656250e+01
7.495555114746093750e+01
7.512410736083984375e+01
7.529266357421875000e+01
7.546121215820312500e+01
7.979585266113281250e+01
7.996459960937500000e+01
8.013334655761718750e+01
8.030209350585937500e+01
8.047084045410156250e+01
8.063957977294921875e+01
8.080832672119140625e+01
8.097707366943359375e+01
8.114582061767578125e+01
8.131456756591796875e+01
8.148330688476562500e+01
8.165205383300781250e+01
7.914883422851562500e+01
7.931739807128906250e+01
7.948596191406250000e+01
7.965453338623046875e+01
7.982309722900390625e+01
7.999166107177734375e+01
8.016022491455078125e+01
8.032879638671875000e+01
8.049736022949218750e+01
8.066592407226562500e+01
8.083448791503906250e+01
8.100305175781250000e+01
8.795443725585937500e+01
8.845362854003906250e+01
8.895281219482421875e+01
8.945199584960937500e+01
8.995118713378906250e+01
9.045037078857421875e+01
9.094956207275390625e+01
9.144874572753906250e+01
9.194793701171875000e+01
9.244712066650390625e+01
9.294630432128906250e+01
9.344549560546875000e+01
4.855243682861328125e+01
4.917449569702148438e+01
4.979655456542968750e+01
5.041861724853515625e+01
5.104067993164062500e+01
5.166274261474609375e+01
5.228480529785156250e+01
5.290686798095703125e+01
5.352892684936523438e+01
5.415098953247070312e+01
5.477304840087890625e+01
5.539511108398437500e+01
8.151634979248046875e+01
8.168503570556640625e+01
8.185372924804687500e+01
8.202241516113281250e+01
8.219110107421875000e+01
8.235979461669921875e+01
8.252848052978515625e+01
8.269717407226562500e+01
8.286585998535156250e+01
8.303454589843750000e+01
8.320323944091796875e+01
8.337192535400390625e+01
7.699801635742187500e+01
7.716642761230468750e+01
7.733483886718750000e+01
7.750325012207031250e+01
7.767166137695312500e+01
7.784007263183593750e+01
7.800848388671875000e+01
7.817689514160156250e+01
7.834529876708984375e+01
7.851371002197265625e+01
7.868212127685546875e+01
7.885053253173828125e+01
6.168731689453125000e+01
6.241838073730468750e+01
6.314944839477539062e+01
6.388051605224609375e+01
6.461157989501953125e+01
6.534265136718750000e+01
6.607371520996093750e+01
6.680478668212890625e+01
6.753585052490234375e+01
6.826691436767578125e+01
6.899798583984375000e+01
6.972904968261718750e+01
7.960791778564453125e+01
8.040219879150390625e+01
8.119648742675781250e+01
8.199076843261718750e+01
8.278504943847656250e+01
8.357933044433593750e+01
8.437361907958984375e+01
8.516790008544921875e+01
8.596218109130859375e+01
8.675646209716796875e+01
8.755075073242187500e+01
8.834503173828125000e+01
8.387086486816406250e+01
8.442910003662109375e+01
8.498733520507812500e+01
8.554557037353515625e+01
8.610380554199218750e+01
8.666204071044921875e+01
8.722027587890625000e+01
8.777851104736328125e+01
8.833674621582031250e+01
8.889498901367187500e+01
8.945321655273437500e+01
9.001145935058593750e+01
7.044785308837890625e+01
7.061641693115234375e+01
7.078497314453125000e+01
7.095353698730468750e+01
7.112210083007812500e+01
7.129065704345703125e+01
7.145922088623046875e+01
7.162777709960937500e+01
7.179634094238281250e+01
7.196490478515625000e+01
7.213346099853515625e+01
7.230202484130859375e+01
9.547319030761718750e+01
9.614531707763671875e+01
9.681744384765625000e+01
9.748957061767578125e+01
9.816169738769531250e+01
9.883381652832031250e+01
9.950594329833984375e+01
1.001780700683593750e+02
1.008501968383789062e+02
1.015223236083984375e+02
1.021944427490234375e+02
1.028665695190429688e+02
5.971605682373046875e+01
5.988477325439453125e+01
6.005349349975585938e+01
6.022221374511718750e+01
6.039093017578125000e+01
6.055964660644531250e+01
6.072836685180664062e+01
6.089708709716796875e+01
6.106580352783203125e+01
6.123451995849609375e+01
6.140324020385742188e+01
6.157196044921875000e+01
5.152793884277343750e+01
5.226372146606445312e+01
5.299950027465820312e+01
5.373528289794921875e+01
5.447106170654296875e+01
5.520684051513671875e+01
5.594261932373046875e+01
5.667840194702148438e+01
5.741418075561523438e+01
5.814995956420898438e+01
5.888574218750000000e+01
5.962152099609375000e+01
4.351580429077148438e+01
4.402526855468750000e+01
4.453472900390625000e+01
4.504419326782226562e+01
4.555365753173828125e+01
4.606311798095703125e+01
4.657258224487304688e+01
4.708204650878906250e+01
4.759151458740234375e+01
4.810097503662109375e+01
4.861043548583984375e+01
4.911990356445312500e+01
5.279273223876953125e+01
5.324324035644531250e+01
5.369375610351562500e+01
5.414426803588867188e+01
5.459477996826171875e+01
5.504529190063476562e+01
5.549580383300781250e+01
5.594631576538085938e+01
5.639682769775390625e+01
5.684734344482421875e+01
5.729785156250000000e+01
5.774836730957031250e+01
8.767343139648437500e+01
8.837058258056640625e+01
8.906773376464843750e+01
8.976487731933593750e+01
9.046202850341796875e+01
9.115917968750000000e+01
9.185632324218750000e+01
9.255348205566406250e+01
9.325062561035156250e+01
9.394777679443359375e+01
9.464492797851562500e+01
9.534207153320312500e+01
6.396903610229492188e+01
6.413771820068359375e+01
6.430639648437500000e+01
6.447507476806640625e+01
6.464375305175781250e+01
6.481243133544921875e+01
6.498110961914062500e+01
6.514979553222656250e+01
6.531847381591796875e+01
6.548715209960937500e+01
6.565583038330078125e+01
6.582450866699218750e+01
7.834925842285156250e+01
7.851776123046875000e+01
7.868627166748046875e+01
7.885478210449218750e+01
7.902328491210937500e+01
7.919179534912109375e+01
7.936029815673828125e+01
7.952880859375000000e+01
7.969731140136718750e+01
7.986582183837890625e+01
8.003432464599609375e+01
8.020283508300781250e+01
5.845048141479492188e+01
5.899336624145507812e+01
5.953625488281250000e+01
6.007913970947265625e+01
6.062202453613281250e+01
6.116490936279296875e+01
6.170779418945312500e+01
6.225067901611328125e+01
6.279356384277343750e+01
6.333644866943359375e+01
6.387933731079101562e+01
6.442222595214843750e+01
6.731724548339843750e+01
6.791030120849609375e+01
6.850335693359375000e+01
6.909641265869140625e+01
6.968947601318359375e+01
7.028253173828125000e+01
7.087558746337890625e+01
7.146864318847656250e+01
7.206169891357421875e+01
7.265475463867187500e+01
7.324781036376953125e+01
7.384086608886718750e+01
4.567690658569335938e+01
4.620235061645507812e+01
4.672779083251953125e+01
4.725323104858398438e+01
4.777867507934570312e+01
4.830411529541015625e+01
4.882955932617187500e+01
4.935500335693359375e+01
4.988044738769531250e+01
5.040588760375976562e+01
5.093133163452148438e+01
5.145677185058593750e+01
6.818947601318359375e+01
6.864386749267578125e+01
6.909825134277343750e+01
6.955264282226562500e+01
7.000703430175781250e+01
7.046141815185546875e+01
7.091580963134765625e+01
7.137020111083984375e+01
7.182458496093750000e+01
7.227897644042968750e+01
7.273336791992187500e+01
7.318775177001953125e+01
6.441709136962890625e+01
6.509548950195312500e+01
6.577388000488281250e+01
6.645227813720703125e+01
6.713067626953125000e+01
6.780907440185546875e+01
6.848747253417968750e+01
6.916587066650390625e+01
6.984426879882812500e+01
7.052266693115234375e+01
7.120106506347656250e+01
7.187946319580078125e+01
4.820897674560546875e+01
4.861583709716796875e+01
4.902269744873046875e+01
4.942955780029296875e+01
4.983641815185546875e+01
5.024327850341796875e+01
5.065013885498046875e+01
5.105699920654296875e+01
5.146385955810546875e+01
5.187071990966796875e+01
5.227758407592773438e+01
5.268444442749023438e+01
7.955499267578125000e+01
8.013399505615234375e+01
8.071300506591796875e+01
8.129200744628906250e+01
8.187101745605468750e+01
8.245001983642578125e+01
8.302902984619140625e+01
8.360803222656250000e+01
8.418704223632812500e+01
8.476604461669921875e+01
8.534504699707031250e+01
8.592405700683593750e+01
5.354647445678710938e+01
5.382946777343750000e+01
5.411246490478515625e+01
5.439545440673828125e+01
5.467845153808593750e+01
5.496144485473632812e+01
5.524443817138671875e+01
5.552743530273437500e+01
5.581042480468750000e+01
5.609342193603515625e+01
5.637641525268554688e+01
5.665940856933593750e+01
6.903585052490234375e+01
6.950874328613281250e+01
6.998163604736328125e+01
7.045452880859375000e+01
7.092742156982421875e+01
7.140031433105468750e+01
7.187320709228515625e+01
7.234609985351562500e+01
7.281898498535156250e+01
7.329187774658203125e+01
7.376477050781250000e+01
7.423766326904296875e+01
4.322473144531250000e+01
4.378251647949218750e+01
4.434029388427734375e+01
4.489807891845703125e+01
4.545586395263671875e+01
4.601364135742187500e+01
4.657142639160156250e+01
4.712921142578125000e+01
4.768698883056640625e+01
4.824477386474609375e+01
4.880255889892578125e+01
4.936034011840820312e+01
8.199667358398437500e+01
8.263478851318359375e+01
8.327291107177734375e+01
8.391102600097656250e+01
8.454914855957031250e+01
8.518726348876953125e+01
8.582537841796875000e+01
8.646350097656250000e+01
8.710161590576171875e+01
8.773973846435546875e+01
8.837785339355468750e+01
8.901597595214843750e+01
5.066721343994140625e+01
5.129390335083007812e+01
5.192059326171875000e+01
5.254728698730468750e+01
5.317398071289062500e+01
5.380067062377929688e+01
5.442736053466796875e+01
5.505405426025390625e+01
5.568074417114257812e+01
5.630743408203125000e+01
5.693412399291992188e+01
5.756081390380859375e+01
7.160405731201171875e+01
7.227185058593750000e+01
7.293965148925781250e+01
7.360744476318359375e+01
7.427523803710937500e+01
7.494303131103515625e+01
7.561083221435546875e+01
7.627862548828125000e+01
7.694641876220703125e+01
7.761421203613281250e+01
7.828201293945312500e+01
7.894980621337890625e+01
8.887351989746093750e+01
8.951480865478515625e+01
9.015609741210937500e+01
9.079738616943359375e+01
9.143867492675781250e+01
9.207996368408203125e+01
9.272125244140625000e+01
9.336254119873046875e+01
9.400382995605468750e+01
9.464511871337890625e+01
9.528640747070312500e+01
9.592769622802734375e+01
5.638595581054687500e+01
5.685917282104492188e+01
5.733238983154296875e+01
5.780561065673828125e+01
5.827882766723632812e+01
5.875204467773437500e+01
5.922526550292968750e+01
5.969848251342773438e+01
6.017169952392578125e+01
6.064491653442382812e+01
6.111813735961914062e+01
6.159135437011718750e+01
8.341613769531250000e+01
8.409618377685546875e+01
8.477623748779296875e+01
8.545628356933593750e+01
8.613633728027343750e+01
8.681638336181640625e+01
8.749642944335937500e+01
8.817648315429687500e+01
8.885652923583984375e+01
8.953657531738281250e+01
9.021662902832031250e+01
9.089667510986328125e+01
4.411843490600585938e+01
4.469869232177734375e+01
4.527894973754882812e+01
4.585920715332031250e+01
4.643946838378906250e+01
4.701972198486328125e+01
4.759998321533203125e+01
4.818023681640625000e+01
4.876049804687500000e+01
4.934075546264648438e+01
4.992101287841796875e+01
5.050127029418945312e+01
8.478353881835937500e+01
8.517552947998046875e+01
8.556752014160156250e+01
8.595951843261718750e+01
8.635150909423828125e+01
8.674350738525390625e+01
8.713549804687500000e+01
8.752748870849609375e+01
8.791948699951171875e+01
8.831147766113281250e+01
8.870347595214843750e+01
8.909546661376953125e+01
5.966420745849609375e+01
6.026946258544921875e+01
6.087472534179687500e+01
6.147998046875000000e+01
6.208524322509765625e+01
6.269049835205078125e+01
6.329575729370117188e+01
6.390101623535156250e+01
6.450627899169921875e+01
6.511153411865234375e+01
6.571679687500000000e+01
6.632205200195312500e+01
5.727106475830078125e+01
5.788820266723632812e+01
5.850534057617187500e+01
5.912248229980468750e+01
5.973962020874023438e+01
6.035675811767578125e+01
6.097389602661132812e+01
6.159103393554687500e+01
6.220817565917968750e+01
6.282531356811523438e+01
6.344245910644531250e+01
6.405959320068359375e+01
4.608787918090820312e+01
4.680703735351562500e+01
4.752619171142578125e+01
4.824535369873046875e+01
4.896450805664062500e+01
4.968366622924804688e+01
5.040282440185546875e+01
5.112198257446289062e+01
5.184114074707031250e+01
5.256029510498046875e+01
5.327945709228515625e+01
5.399861145019531250e+01
8.299445343017578125e+01
8.366323089599609375e+01
8.433200836181640625e+01
8.500077819824218750e+01
8.566955566406250000e+01
8.633833312988281250e+01
8.700711059570312500e+01
8.767588806152343750e+01
8.834466552734375000e+01
8.901343536376953125e+01
8.968221282958984375e+01
9.035099029541015625e+01
7.318180084228515625e+01
7.335033416748046875e+01
7.351886749267578125e+01
7.368739318847656250e+01
7.385592651367187500e+01
7.402445983886718750e+01
7.419299316406250000e+01
7.436151885986328125e+01
7.453005218505859375e+01
7.469858551025390625e+01
7.486711883544921875e+01
7.503564453125000000e+01
7.053283691406250000e+01
7.116369628906250000e+01
7.179454803466796875e+01
7.242539978027343750e+01
7.305625915527343750e+01
7.368711090087890625e+01
7.431796264648437500e+01
7.494881439208984375e+01
7.557967376708984375e+01
7.621052551269531250e+01
7.684137725830078125e+01
7.747223663330078125e+01
7.906308746337890625e+01
7.958361053466796875e+01
8.010414123535156250e+01
8.062466430664062500e+01
8.114518737792968750e+01
8.166571807861328125e+01
8.218624114990234375e+01
8.270676422119140625e+01
8.322729492187500000e+01
8.374781799316406250e+01
8.426834869384765625e+01
8.478887176513671875e+01
4.602251815795898438e+01
4.670233154296875000e+01
4.738214874267578125e+01
4.806196212768554688e+01
4.874177551269531250e+01
4.942159271240234375e+01
5.010140609741210938e+01
5.078121948242187500e+01
5.146103668212890625e+01
5.214085006713867188e+01
5.282066345214843750e+01
5.350048065185546875e+01
6.152901077270507812e+01
6.175326538085937500e+01
6.197751617431640625e+01
6.220176696777343750e+01
6.242601776123046875e+01
6.265026855468750000e+01
6.287451934814453125e+01
6.309877014160156250e+01
6.332302093505859375e+01
6.354727172851562500e+01
6.377152252197265625e+01
6.399577331542968750e+01
7.535279083251953125e+01
7.604061126708984375e+01
7.672843933105468750e+01
7.741625976562500000e+01
7.810408020019531250e+01
7.879190063476562500e+01
7.947972869873046875e+01
8.016754913330078125e+01
8.085536956787109375e+01
8.154319763183593750e+01
8.223101806640625000e+01
8.291883850097656250e+01
7.701528930664062500e+01
7.718377685546875000e+01
7.735226440429687500e+01
7.752075195312500000e+01
7.768923950195312500e+01
7.785772705078125000e+01
7.802621459960937500e+01
7.819470214843750000e+01
7.836318969726562500e+01
7.853167724609375000e+01
7.870016479492187500e+01
7.886865234375000000e+01
6.727468109130859375e+01
6.790620422363281250e+01
6.853773498535156250e+01
6.916925811767578125e+01
6.980078125000000000e+01
7.043230438232421875e+01
7.106382751464843750e+01
7.169535827636718750e+01
7.232688140869140625e+01
7.295840454101562500e+01
7.358992767333984375e+01
7.422145080566406250e+01
5.751806640625000000e+01
5.833212280273437500e+01
5.914617538452148438e+01
5.996022796630859375e+01
6.077428436279296875e+01
6.158833694458007812e+01
6.240238952636718750e+01
6.321644592285156250e+01
6.403049468994140625e+01
6.484455871582031250e+01
6.565861511230468750e+01
6.647266387939453125e+01
4.628546142578125000e+01
4.674099731445312500e+01
4.719652938842773438e+01
4.765206527709960938e+01
4.810760116577148438e+01
4.856313705444335938e+01
4.901867294311523438e+01
4.947420883178710938e+01
4.992974853515625000e+01
5.038528442382812500e+01
5.084082031250000000e+01
5.129635620117187500e+01
5.258848571777343750e+01
5.332541275024414062e+01
5.406233978271484375e+01
5.479926300048828125e+01
5.553618621826171875e+01
5.627311325073242188e+01
5.701004028320312500e+01
5.774696350097656250e+01
5.848389053344726562e+01
5.922081756591796875e+01
5.995774078369140625e+01
6.069466781616210938e+01
2.331288146972656250e+01
2.377577972412109375e+01
2.423867797851562500e+01
2.470157623291015625e+01
2.516447448730468750e+01
2.562737274169921875e+01
2.609027099609375000e+01
2.655316925048828125e+01
2.701606750488281250e+01
2.747896575927734375e+01
2.794186401367187500e+01
2.840476226806640625e+01
7.478322601318359375e+01
7.538978576660156250e+01
7.599633789062500000e+01
7.660289764404296875e+01
7.720945739746093750e+01
7.781600952148437500e+01
7.842256927490234375e+01
7.902912139892578125e+01
7.963568115234375000e+01
8.024224090576171875e+01
8.084879302978515625e+01
8.145535278320312500e+01
6.650547790527343750e+01
6.717830657958984375e+01
6.785113525390625000e+01
6.852396392822265625e+01
6.919679260253906250e+01
6.986961364746093750e+01
7.054244232177734375e+01
7.121527099609375000e+01
7.188809967041015625e+01
7.256092834472656250e+01
7.323375701904296875e+01
7.390657806396484375e+01
4.125174713134765625e+01
4.177265548706054688e+01
4.229356384277343750e+01
4.281447601318359375e+01
4.333538055419921875e+01
4.385629272460937500e+01
4.437720489501953125e+01
4.489810943603515625e+01
4.541902160644531250e+01
4.593992996215820312e+01
4.646083831787109375e+01
4.698175048828125000e+01
6.582281494140625000e+01
6.654870605468750000e+01
6.727460479736328125e+01
6.800049591064453125e+01
6.872639465332031250e+01
6.945229339599609375e+01
7.017818450927734375e+01
7.090408325195312500e+01
7.162997436523437500e+01
7.235587310791015625e+01
7.308177185058593750e+01
7.380766296386718750e+01
7.404001617431640625e+01
7.420864105224609375e+01
7.437725830078125000e+01
7.454588317871093750e+01
7.471450042724609375e+01
7.488312530517578125e+01
7.505174255371093750e+01
7.522036743164062500e+01
7.538898468017578125e+01
7.555760955810546875e+01
7.572622680664062500e+01
7.589485168457031250e+01
7.462996673583984375e+01
7.479851531982421875e+01
7.496706390380859375e+01
7.513561248779296875e+01
7.530416107177734375e+01
7.547270965576171875e+01
7.564125823974609375e+01
7.580980682373046875e+01
7.597835540771484375e+01
7.614690399169921875e+01
7.631545257568359375e+01
7.648400115966796875e+01
7.930567932128906250e+01
8.005513000488281250e+01
8.080457305908203125e+01
8.155402374267578125e+01
8.230346679687500000e+01
8.305291748046875000e+01
8.380236053466796875e+01
8.455181121826171875e+01
8.530125427246093750e+01
8.605070495605468750e+01
8.680014801025390625e+01
8.754959869384765625e+01
5.348896789550781250e+01
5.421639251708984375e+01
5.494381713867187500e+01
5.567124176025390625e+01
5.639867019653320312e+01
5.712609481811523438e+01
5.785352325439453125e+01
5.858094787597656250e+01
5.930838012695312500e+01
6.003580474853515625e+01
6.076322937011718750e+01
6.149065399169921875e+01
8.266696929931640625e+01
8.337548828125000000e+01
8.408400726318359375e+01
8.479252624511718750e+01
8.550105285644531250e+01
8.620957183837890625e+01
8.691809082031250000e+01
8.762661743164062500e+01
8.833513641357421875e+01
8.904365539550781250e+01
8.975218200683593750e+01
9.046070098876953125e+01
8.362902069091796875e+01
8.418517303466796875e+01
8.474131774902343750e+01
8.529747009277343750e+01
8.585361480712890625e+01
8.640976715087890625e+01
8.696591186523437500e+01
8.752206420898437500e+01
8.807821655273437500e+01
8.863436126708984375e+01
8.919051361083984375e+01
8.974665832519531250e+01
7.196819305419921875e+01
7.260493469238281250e+01
7.324167633056640625e+01
7.387842559814453125e+01
7.451516723632812500e+01
7.515190887451171875e+01
7.578865051269531250e+01
7.642539215087890625e+01
7.706213378906250000e+01
7.769887542724609375e+01
7.833562469482421875e+01
7.897236633300781250e+01
6.086871719360351562e+01
6.103723907470703125e+01
6.120575714111328125e+01
6.137427520751953125e+01
6.154279327392578125e+01
6.171131515502929688e+01
6.187983322143554688e+01
6.204835128784179688e+01
6.221687316894531250e+01
6.238539123535156250e+01
6.255390930175781250e+01
6.272242736816406250e+01
1.035253677368164062e+02
1.040843658447265625e+02
1.046433715820312500e+02
1.052023620605468750e+02
1.057613677978515625e+02
1.063203659057617188e+02
1.068793640136718750e+02
1.074383697509765625e+02
1.079973602294921875e+02
1.085563659667968750e+02
1.091153640747070312e+02
1.096743621826171875e+02
6.810699462890625000e+01
6.867356109619140625e+01
6.924012756347656250e+01
6.980669403076171875e+01
7.037325286865234375e+01
7.093981933593750000e+01
7.150638580322265625e+01
7.207295227050781250e+01
7.263951873779296875e+01
7.320608520507812500e+01
7.377264404296875000e+01
7.433921051025390625e+01
7.727333068847656250e+01
7.800022888183593750e+01
7.872713470458984375e+01
7.945403289794921875e+01
8.018093872070312500e+01
8.090784454345703125e+01
8.163474273681640625e+01
8.236164855957031250e+01
8.308854675292968750e+01
8.381545257568359375e+01
8.454235839843750000e+01
8.526925659179687500e+01
6.614197540283203125e+01
6.675319671630859375e+01
6.736441802978515625e+01
6.797563934326171875e+01
6.858686065673828125e+01
6.919808197021484375e+01
6.980930328369140625e+01
7.042052459716796875e+01
7.103174591064453125e+01
7.164296722412109375e+01
7.225418853759765625e+01
7.286540985107421875e+01
7.273257446289062500e+01
7.329209136962890625e+01
7.385160064697265625e+01
7.441110992431640625e+01
7.497062683105468750e+01
7.553013610839843750e+01
7.608965301513671875e+01
7.664916229248046875e+01
7.720867919921875000e+01
7.776818847656250000e+01
7.832770538330078125e+01
7.888721466064453125e+01
7.356964874267578125e+01
7.418267822265625000e+01
7.479570007324218750e+01
7.540872955322265625e+01
7.602175140380859375e+01
7.663477325439453125e+01
7.724780273437500000e+01
7.786082458496093750e+01
7.847385406494140625e+01
7.908687591552734375e+01
7.969990539550781250e+01
8.031292724609375000e+01
6.094366073608398438e+01
6.137620162963867188e+01
6.180874252319335938e+01
6.224127960205078125e+01
6.267382049560546875e+01
6.310636138916015625e+01
6.353890609741210938e+01
6.397144699096679688e+01
6.440398406982421875e+01
6.483652496337890625e+01
6.526906585693359375e+01
6.570160675048828125e+01
6.763932037353515625e+01
6.820874023437500000e+01
6.877816772460937500e+01
6.934758758544921875e+01
6.991701507568359375e+01
7.048643493652343750e+01
7.105586242675781250e+01
7.162528228759765625e+01
7.219470977783203125e+01
7.276412963867187500e+01
7.333355712890625000e+01
7.390297698974609375e+01
7.829502105712890625e+01
7.888217163085937500e+01
7.946932983398437500e+01
8.005648803710937500e+01
8.064363861083984375e+01
8.123079681396484375e+01
8.181795501708984375e+01
8.240510559082031250e+01
8.299226379394531250e+01
8.357942199707031250e+01
8.416658020019531250e+01
8.475373077392578125e+01
6.240182495117187500e+01
6.288645935058593750e+01
6.337109375000000000e+01
6.385572814941406250e+01
6.434036254882812500e+01
6.482499694824218750e+01
6.530963134765625000e+01
6.579426574707031250e+01
6.627890014648437500e+01
6.676353454589843750e+01
6.724816894531250000e+01
6.773280334472656250e+01
8.678338623046875000e+01
8.695211029052734375e+01
8.712083435058593750e+01
8.728955841064453125e+01
8.745828247070312500e+01
8.762699890136718750e+01
8.779572296142578125e+01
8.796444702148437500e+01
8.813317108154296875e+01
8.830189514160156250e+01
8.847061920166015625e+01
8.863934326171875000e+01
9.112973022460937500e+01
9.155145263671875000e+01
9.197315979003906250e+01
9.239488220214843750e+01
9.281658935546875000e+01
9.323831176757812500e+01
9.366001892089843750e+01
9.408174133300781250e+01
9.450344848632812500e+01
9.492517089843750000e+01
9.534687805175781250e+01
9.576860046386718750e+01
6.375640869140625000e+01
6.438056182861328125e+01
6.500471496582031250e+01
6.562887573242187500e+01
6.625302886962890625e+01
6.687718200683593750e+01
6.750133514404296875e+01
6.812548828125000000e+01
6.874964141845703125e+01
6.937379455566406250e+01
6.999794769287109375e+01
7.062210845947265625e+01
9.173663330078125000e+01
9.239401245117187500e+01
9.305138397216796875e+01
9.370876312255859375e+01
9.436613464355468750e+01
9.502351379394531250e+01
9.568089294433593750e+01
9.633827209472656250e+01
9.699564361572265625e+01
9.765302276611328125e+01
9.831039428710937500e+01
9.896777343750000000e+01
6.662430572509765625e+01
6.732257080078125000e+01
6.802083587646484375e+01
6.871910095214843750e+01
6.941737365722656250e+01
7.011563873291015625e+01
7.081390380859375000e+01
7.151216888427734375e+01
7.221043395996093750e+01
7.290869903564453125e+01
7.360696411132812500e+01
7.430523681640625000e+01
7.334513092041015625e+01
7.413918304443359375e+01
7.493323516845703125e+01
7.572728729248046875e+01
7.652133178710937500e+01
7.731538391113281250e+01
7.810943603515625000e+01
7.890348815917968750e+01
7.969754028320312500e+01
8.049159240722656250e+01
8.128564453125000000e+01
8.207969665527343750e+01
7.727946472167968750e+01
7.794525146484375000e+01
7.861103820800781250e+01
7.927682495117187500e+01
7.994261169433593750e+01
8.060839843750000000e+01
8.127418518066406250e+01
8.193997955322265625e+01
8.260576629638671875e+01
8.327155303955078125e+01
8.393733978271484375e+01
8.460312652587890625e+01
7.855149078369140625e+01
7.935623168945312500e+01
8.016098022460937500e+01
8.096572113037109375e+01
8.177046966552734375e+01
8.257521057128906250e+01
8.337995910644531250e+01
8.418470001220703125e+01
8.498944854736328125e+01
8.579418945312500000e+01
8.659893798828125000e+01
8.740367889404296875e+01
8.145059204101562500e+01
8.204155731201171875e+01
8.263252258300781250e+01
8.322348785400390625e+01
8.381445312500000000e+01
8.440541076660156250e+01
8.499637603759765625e+01
8.558734130859375000e+01
8.617830657958984375e+01
8.676927185058593750e+01
8.736023712158203125e+01
8.795120239257812500e+01
7.391155242919921875e+01
7.447768402099609375e+01
7.504382324218750000e+01
7.560996246337890625e+01
7.617610168457031250e+01
7.674224090576171875e+01
7.730838012695312500e+01
7.787451934814453125e+01
7.844065856933593750e+01
7.900679016113281250e+01
7.957292938232421875e+01
8.013906860351562500e+01
6.357964706420898438e+01
6.420073699951171875e+01
6.482183074951171875e+01
6.544292449951171875e+01
6.606401062011718750e+01
6.668510437011718750e+01
6.730619812011718750e+01
6.792728424072265625e+01
6.854837799072265625e+01
6.916946411132812500e+01
6.979055786132812500e+01
7.041164398193359375e+01
1.116541442871093750e+02
1.122021560668945312e+02
1.127501678466796875e+02
1.132981796264648438e+02
1.138461914062500000e+02
1.143942031860351562e+02
1.149422149658203125e+02
1.154902267456054688e+02
1.160382385253906250e+02
1.165862503051757812e+02
1.171342620849609375e+02
1.176822738647460938e+02
6.758290100097656250e+01
6.821479797363281250e+01
6.884668731689453125e+01
6.947858428955078125e+01
7.011048126220703125e+01
7.074237060546875000e+01
7.137426757812500000e+01
7.200615692138671875e+01
7.263805389404296875e+01
7.326995086669921875e+01
7.390184020996093750e+01
7.453373718261718750e+01
6.837001800537109375e+01
6.906178283691406250e+01
6.975354766845703125e+01
7.044531250000000000e+01
7.113707733154296875e+01
7.182884216308593750e+01
7.252060699462890625e+01
7.321237182617187500e+01
7.390413665771484375e+01
7.459590148925781250e+01
7.528765869140625000e+01
7.597943115234375000e+01
4.785492706298828125e+01
4.843051528930664062e+01
4.900610351562500000e+01
4.958169555664062500e+01
5.015728378295898438e+01
5.073287200927734375e+01
5.130846405029296875e+01
5.188405609130859375e+01
5.245964431762695312e+01
5.303523254394531250e+01
5.361082458496093750e+01
5.418641281127929688e+01
6.937734222412109375e+01
7.018354034423828125e+01
7.098973846435546875e+01
7.179593658447265625e+01
7.260213470458984375e+01
7.340833282470703125e+01
7.421453094482421875e+01
7.502073669433593750e+01
7.582693481445312500e+01
7.663313293457031250e+01
7.743933105468750000e+01
7.824552917480468750e+01
8.438546752929687500e+01
8.466307067871093750e+01
8.494067382812500000e+01
8.521827697753906250e+01
8.549588012695312500e+01
8.577348327636718750e+01
8.605109405517578125e+01
8.632869720458984375e+01
8.660630035400390625e+01
8.688390350341796875e+01
8.716150665283203125e+01
8.743910980224609375e+01
8.442108917236328125e+01
8.508200836181640625e+01
8.574292755126953125e+01
8.640384674072265625e+01
8.706476593017578125e+01
8.772568511962890625e+01
8.838661193847656250e+01
8.904753112792968750e+01
8.970845031738281250e+01
9.036936950683593750e+01
9.103028869628906250e+01
9.169120788574218750e+01
7.561303710937500000e+01
7.620413970947265625e+01
7.679524230957031250e+01
7.738634490966796875e+01
7.797744750976562500e+01
7.856855773925781250e+01
7.915966033935546875e+01
7.975076293945312500e+01
8.034186553955078125e+01
8.093297576904296875e+01
8.152407836914062500e+01
8.211518096923828125e+01
7.735446929931640625e+01
7.801876068115234375e+01
7.868304443359375000e+01
7.934733581542968750e+01
8.001161956787109375e+01
8.067591094970703125e+01
8.134019470214843750e+01
8.200448608398437500e+01
8.266876983642578125e+01
8.333305358886718750e+01
8.399734497070312500e+01
8.466163635253906250e+01
5.634143829345703125e+01
5.710717391967773438e+01
5.787290954589843750e+01
5.863864898681640625e+01
5.940438461303710938e+01
6.017012023925781250e+01
6.093585586547851562e+01
6.170159149169921875e+01
6.246733093261718750e+01
6.323306655883789062e+01
6.399880218505859375e+01
6.476454162597656250e+01
6.209082031250000000e+01
6.225951385498046875e+01
6.242821121215820312e+01
6.259690475463867188e+01
6.276560211181640625e+01
6.293429565429687500e+01
6.310298919677734375e+01
6.327168655395507812e+01
6.344038391113281250e+01
6.360907745361328125e+01
6.377777099609375000e+01
6.394646835327148438e+01
6.753588867187500000e+01
6.823661041259765625e+01
6.893733215332031250e+01
6.963805389404296875e+01
7.033877563476562500e+01
7.103950500488281250e+01
7.174022674560546875e+01
7.244094848632812500e+01
7.314167022705078125e+01
7.384239959716796875e+01
7.454312133789062500e+01
7.524384307861328125e+01
6.064919662475585938e+01
6.143609619140625000e+01
6.222299575805664062e+01
6.300989532470703125e+01
6.379679489135742188e+01
6.458369445800781250e+01
6.537059020996093750e+01
6.615749359130859375e+01
6.694438934326171875e+01
6.773129272460937500e+01
6.851818847656250000e+01
6.930509185791015625e+01
5.726548385620117188e+01
5.806255722045898438e+01
5.885962677001953125e+01
5.965670013427734375e+01
6.045376968383789062e+01
6.125083923339843750e+01
6.204791259765625000e+01
6.284498214721679688e+01
6.364205169677734375e+01
6.443912506103515625e+01
6.523619842529296875e+01
6.603326416015625000e+01
7.104547119140625000e+01
7.166093444824218750e+01
7.227639007568359375e+01
7.289185333251953125e+01
7.350731658935546875e+01
7.412277221679687500e+01
7.473823547363281250e+01
7.535369873046875000e+01
7.596915435791015625e+01
7.658461761474609375e+01
7.720008087158203125e+01
7.781553649902343750e+01
8.124703216552734375e+01
8.190383148193359375e+01
8.256062316894531250e+01
8.321742248535156250e+01
8.387421417236328125e+01
8.453101348876953125e+01
8.518780517578125000e+01
8.584460449218750000e+01
8.650139617919921875e+01
8.715819549560546875e+01
8.781498718261718750e+01
8.847178649902343750e+01
6.596884155273437500e+01
6.660435485839843750e+01
6.723987579345703125e+01
6.787538909912109375e+01
6.851091003417968750e+01
6.914643096923828125e+01
6.978194427490234375e+01
7.041746520996093750e+01
7.105297851562500000e+01
7.168849945068359375e+01
7.232401275634765625e+01
7.295953369140625000e+01
4.375572204589843750e+01
4.441110992431640625e+01
4.506650161743164062e+01
4.572189331054687500e+01
4.637728118896484375e+01
4.703267669677734375e+01
4.768806457519531250e+01
4.834345626831054688e+01
4.899884796142578125e+01
4.965423583984375000e+01
5.030963134765625000e+01
5.096501922607421875e+01
7.199973297119140625e+01
7.270115661621093750e+01
7.340258026123046875e+01
7.410400390625000000e+01
7.480542755126953125e+01
7.550685119628906250e+01
7.620827484130859375e+01
7.690969848632812500e+01
7.761112213134765625e+01
7.831254577636718750e+01
7.901397705078125000e+01
7.971540069580078125e+01
6.143987274169921875e+01
6.208263397216796875e+01
6.272539138793945312e+01
6.336814880371093750e+01
6.401091003417968750e+01
6.465366363525390625e+01
6.529642486572265625e+01
6.593917846679687500e+01
6.658193969726562500e+01
6.722469329833984375e+01
6.786745452880859375e+01
6.851021575927734375e+01
1.009438781738281250e+02
1.015609893798828125e+02
1.021781005859375000e+02
1.027952117919921875e+02
1.034123306274414062e+02
1.040294418334960938e+02
1.046465606689453125e+02
1.052636718750000000e+02
1.058807830810546875e+02
1.064978942871093750e+02
1.071150054931640625e+02
1.077321243286132812e+02
6.215539932250976562e+01
6.286306762695312500e+01
6.357073211669921875e+01
6.427840423583984375e+01
6.498606872558593750e+01
6.569374084472656250e+01
6.640140533447265625e+01
6.710906982421875000e+01
6.781674194335937500e+01
6.852440643310546875e+01
6.923207092285156250e+01
6.993973541259765625e+01
5.995476531982421875e+01
6.061988067626953125e+01
6.128499603271484375e+01
6.195011520385742188e+01
6.261523056030273438e+01
6.328034973144531250e+01
6.394546508789062500e+01
6.461058044433593750e+01
6.527569580078125000e+01
6.594081115722656250e+01
6.660593414306640625e+01
6.727104949951171875e+01
6.487860870361328125e+01
6.557081604003906250e+01
6.626301574707031250e+01
6.695522308349609375e+01
6.764743041992187500e+01
6.833963775634765625e+01
6.903184509277343750e+01
6.972405242919921875e+01
7.041625213623046875e+01
7.110845947265625000e+01
7.180066680908203125e+01
7.249287414550781250e+01
6.156159591674804688e+01
6.173028945922851562e+01
6.189898681640625000e+01
6.206768035888671875e+01
6.223637390136718750e+01
6.240506744384765625e+01
6.257376480102539062e+01
6.274245834350585938e+01
6.291115188598632812e+01
6.307984924316406250e+01
6.324854278564453125e+01
6.341723632812500000e+01
6.547120666503906250e+01
6.630640411376953125e+01
6.714160156250000000e+01
6.797679901123046875e+01
6.881200408935546875e+01
6.964720153808593750e+01
7.048239898681640625e+01
7.131759643554687500e+01
7.215279388427734375e+01
7.298799133300781250e+01
7.382319641113281250e+01
7.465839385986328125e+01
5.009482574462890625e+01
5.075965118408203125e+01
5.142447662353515625e+01
5.208930206298828125e+01
5.275412750244140625e+01
5.341894912719726562e+01
5.408377075195312500e+01
5.474859619140625000e+01
5.541342163085937500e+01
5.607824325561523438e+01
5.674306488037109375e+01
5.740789031982421875e+01
9.056079101562500000e+01
9.122708129882812500e+01
9.189337921142578125e+01
9.255966949462890625e+01
9.322595977783203125e+01
9.389225769042968750e+01
9.455854797363281250e+01
9.522483825683593750e+01
9.589112854003906250e+01
9.655741882324218750e+01
9.722370910644531250e+01
9.789000701904296875e+01
5.708694458007812500e+01
5.758406066894531250e+01
5.808117675781250000e+01
5.857829666137695312e+01
5.907541275024414062e+01
5.957253265380859375e+01
6.006964874267578125e+01
6.056676483154296875e+01
6.106388092041015625e+01
6.156100082397460938e+01
6.205811691284179688e+01
6.255523681640625000e+01
7.859395599365234375e+01
7.932311248779296875e+01
8.005226898193359375e+01
8.078143310546875000e+01
8.151058959960937500e+01
8.223974609375000000e+01
8.296891021728515625e+01
8.369806671142578125e+01
8.442723083496093750e+01
8.515638732910156250e+01
8.588554382324218750e+01
8.661470794677734375e+01
7.400164031982421875e+01
7.482012176513671875e+01
7.563859558105468750e+01
7.645707702636718750e+01
7.727555084228515625e+01
7.809403228759765625e+01
7.891250610351562500e+01
7.973098754882812500e+01
8.054946136474609375e+01
8.136794281005859375e+01
8.218641662597656250e+01
8.300489807128906250e+01
8.395497894287109375e+01
8.427963256835937500e+01
8.460428619384765625e+01
8.492893981933593750e+01
8.525358581542968750e+01
8.557823944091796875e+01
8.590289306640625000e+01
8.622754669189453125e+01
8.655220031738281250e+01
8.687684631347656250e+01
8.720149993896484375e+01
8.752615356445312500e+01
4.688449096679687500e+01
4.753524017333984375e+01
4.818598175048828125e+01
4.883672714233398438e+01
4.948747253417968750e+01
5.013821792602539062e+01
5.078896331787109375e+01
5.143970870971679688e+01
5.209045410156250000e+01
5.274119949340820312e+01
5.339194488525390625e+01
5.404268646240234375e+01
8.380016326904296875e+01
8.396890258789062500e+01
8.413763427734375000e+01
8.430636596679687500e+01
8.447510528564453125e+01
8.464383697509765625e+01
8.481257629394531250e+01
8.498130798339843750e+01
8.515004730224609375e+01
8.531877899169921875e+01
8.548751831054687500e+01
8.565625000000000000e+01
2.785262298583984375e+01
2.838773727416992188e+01
2.892285156250000000e+01
2.945796585083007812e+01
2.999308013916015625e+01
3.052819824218750000e+01
3.106331253051757812e+01
3.159842681884765625e+01
3.213354110717773438e+01
3.266865539550781250e+01
3.320377349853515625e+01
3.373888778686523438e+01
