57.932905
83.444484
74.941745
57.929342
65.351606
73.080859
73.205908
57.958251
67.576473
69.161953
71.686208
72.409915
87.352313
80.416218
81.235026
74.211424
71.896604
60.545338
57.987553
72.425013
57.941536
73.697791
72.909179
77.404816
69.499926
57.957565
72.015618
57.963325
66.884370
57.971552
79.673180
62.990816
57.949453
88.344070
67.998193
69.836138
70.082123
64.547089
57.951908
57.922484
79.696032
78.437849
78.684574
78.299894
87.505544
57.932558
78.498478
80.292104
73.316687
75.045344
88.296522
57.963105
57.936234
79.421789
88.313818
57.937040
57.930674
57.938921
57.931441
88.332431
67.735760
57.948920
64.858443
82.711299
78.319896
57.850433
69.225245
69.313165
65.196059
74.003115
73.262749
88.293145
69.514283
57.930120
85.005621
79.272274
78.525763
78.927114
64.806456
57.977285
57.932732
57.940924
57.923235
68.462040
57.933953
58.011353
71.947451
77.061548
67.639217
57.999101
72.830392
88.336083
70.753365
88.341981
88.352863
67.908484
88.355671
57.957073
88.398098
74.437322
88.307938
77.811181
73.770990
88.347116
58.272793
88.342927
78.093104
88.342510
77.387863
76.615033
64.867588
57.932041
88.394000
75.183369
88.351548
57.997876
82.200033
71.354070
71.148795
60.294184
57.960888
74.531368
65.561663
88.094755
88.303143
72.202165
57.955687
67.802634
68.527751
88.350624
79.339504
88.310215
82.612015
88.497048
88.334873
87.831213
57.926481
57.969559
69.620534
72.880206
81.873957
77.624243
64.235519
88.314954
57.959436
73.622896
73.910857
73.344558
67.382730
70.073567
74.090069
76.150115
63.604364
72.603250
57.948044
76.565639
71.107075
60.267243
78.536319
61.578181
71.962235
75.594647
57.841220
75.041386
69.562921
57.964635
81.308454
73.927497
88.363605
76.053359
57.936454
65.346313
88.336885
57.901862
65.917401
88.338553
74.288016
73.011844
67.247229
77.136609
73.317317
68.034325
81.199255
73.146046
67.775841
57.958964
66.492035
85.028268
82.760457
88.340892
66.135557
79.923232
61.340089
81.060889
66.839155
70.210171
57.924069
88.354762
57.944437
88.310215
