0.362199 1.096494
0.368814 1.101008
0.375024 1.105181
0.381063 1.109175
0.387226 1.113184
0.393020 1.116899
0.399210 1.120780
0.405184 1.124498
0.410900 1.127989
0.416539 1.131381
0.422184 1.134723
0.427683 1.137930
0.507662 0.058484
0.520126 0.064518
0.533465 0.070859
0.548281 0.077813
0.563544 0.084965
0.579668 0.092536
0.595791 0.100188
0.611427 0.107733
0.628394 0.116052
0.646092 0.124989
0.663920 0.134264
0.681004 0.143467
0.470366 0.842749
0.478350 0.849661
0.486282 0.856512
0.494062 0.863234
0.501715 0.869867
0.509299 0.876478
0.516483 0.882817
0.523791 0.889311
0.530818 0.895655
0.537697 0.901968
0.544143 0.908042
0.550492 0.914143
0.388739 0.903736
0.391361 0.905780
0.393711 0.907607
0.396258 0.909572
0.398689 0.911441
0.400820 0.913077
0.403326 0.914984
0.405770 0.916837
0.408353 0.918782
0.410512 0.920410
0.413037 0.922295
0.415165 0.923888
0.579148 1.043441
0.583759 1.047762
0.588048 1.051954
0.592412 1.056302
0.596620 1.060643
0.600433 1.064789
0.604133 1.068948
0.607271 1.072748
0.610713 1.076893
0.614045 1.081049
0.617232 1.085180
0.620197 1.089211
0.063698 0.879148
0.071628 0.891692
0.080014 0.904303
0.089336 0.917670
0.099482 0.931573
0.110114 0.945558
0.121124 0.959454
0.132769 0.973643
0.144940 0.987974
0.157389 1.002119
0.170609 1.016650
0.184257 1.031140
0.940224 0.349944
0.947525 0.361979
0.954362 0.374102
0.961411 0.387674
0.967653 0.400752
0.973840 0.414979
0.979398 0.429105
0.984452 0.443405
0.989025 0.457974
0.993045 0.472582
0.996574 0.487449
0.999325 0.501041
0.749307 0.884363
0.747669 0.892841
0.746172 0.899675
0.744592 0.907589
0.743104 0.914501
0.741661 0.920915
0.740152 0.928374
0.738668 0.935701
0.737272 0.942050
0.735837 0.949168
0.734467 0.955631
0.733091 0.962460
1.012158 0.470234
1.015879 0.486710
1.019105 0.504053
1.021536 0.520423
1.023417 0.537326
1.024745 0.554855
1.025464 0.573120
1.025554 0.591652
1.025000 0.611014
1.023715 0.632019
1.022023 0.650831
1.019173 0.674796
0.731764 0.186904
0.748788 0.197371
0.765749 0.208291
0.781148 0.218705
0.796468 0.229584
0.811905 0.241152
0.826221 0.252515
0.839024 0.263263
0.851443 0.274354
0.863790 0.286097
0.875821 0.298353
0.887153 0.310796
0.985399 0.672454
0.982514 0.690137
0.980048 0.703490
0.975822 0.724152
0.972042 0.740824
0.968043 0.757148
0.961929 0.780388
0.957624 0.795559
0.951724 0.815370
0.946116 0.833192
0.941556 0.846959
0.934069 0.868913
0.292477 0.710681
0.298289 0.719312
0.304364 0.727909
0.310562 0.736261
0.317107 0.744683
0.323811 0.752937
0.330893 0.761300
0.338076 0.769448
0.345569 0.777634
0.353237 0.785718
0.361011 0.793643
0.368837 0.801377
0.446792 0.088381
0.455694 0.092730
0.464907 0.097104
0.474351 0.101390
0.483865 0.105630
0.493987 0.109979
0.504612 0.114426
0.515688 0.118966
0.527498 0.123699
0.539879 0.128643
0.552836 0.133749
0.566029 0.138994
0.199182 0.769110
0.203880 0.776559
0.209656 0.785284
0.216150 0.794586
0.221631 0.802061
0.227763 0.810081
0.234727 0.818808
0.241463 0.826894
0.248449 0.834961
0.255798 0.843136
0.263740 0.851648
0.270976 0.859146
0.665635 0.499757
0.672180 0.505857
0.678754 0.512396
0.685181 0.519252
0.690952 0.525847
0.696538 0.532705
0.702005 0.539940
0.707137 0.547289
0.711959 0.554776
0.716466 0.562386
0.720540 0.569884
0.724468 0.577781
0.493125 0.837717
0.499823 0.843811
0.506476 0.849883
0.513043 0.855899
0.519446 0.861845
0.525663 0.867673
0.531840 0.873528
0.537956 0.879401
0.543714 0.885056
0.549413 0.890750
0.554918 0.896372
0.560217 0.901920
0.108947 0.726501
0.112784 0.737374
0.116700 0.747486
0.121059 0.757840
0.125819 0.768288
0.130719 0.778234
0.135866 0.788030
0.141741 0.798477
0.147724 0.808479
0.153786 0.818053
0.160353 0.827889
0.167934 0.838661
0.590313 1.251016
0.594111 1.252814
0.597747 1.254578
0.600999 1.256229
0.604189 1.257882
0.607656 1.259665
0.610339 1.261181
0.613432 1.262877
0.616010 1.264405
0.618738 1.266016
0.620736 1.267357
0.623252 1.268938
0.321859 1.121538
0.325296 1.124062
0.328213 1.126190
0.331838 1.128803
0.335297 1.131274
0.339009 1.133896
0.341954 1.135965
0.345536 1.138449
0.348433 1.140448
0.352469 1.143189
0.354922 1.144856
0.359227 1.147721
0.066456 0.710720
0.070326 0.725786
0.075066 0.741533
0.080658 0.757583
0.086513 0.772365
0.093109 0.787247
0.100203 0.801706
0.107801 0.815841
0.116716 0.831069
0.125137 0.844384
0.136383 0.860926
0.145855 0.873948
0.583643 0.772460
0.584877 0.774291
0.586092 0.776111
0.587309 0.777945
0.588513 0.779774
0.589744 0.781645
0.590900 0.783440
0.592083 0.785279
0.593241 0.787097
0.594413 0.788945
0.595550 0.790760
0.596695 0.792597
1.042753 0.466252
1.047298 0.488005
1.050906 0.510181
1.053522 0.532411
1.055206 0.555205
1.055959 0.580743
1.055695 0.605139
1.054219 0.634394
1.051805 0.662620
1.048319 0.692690
1.043428 0.726673
1.037907 0.759528
0.555257 0.531698
0.562889 0.538060
0.570359 0.544499
0.577742 0.551111
0.584973 0.557860
0.592027 0.564749
0.598879 0.571771
0.605515 0.578929
0.611957 0.586264
0.618202 0.593794
0.624207 0.601488
0.629964 0.609340
0.832843 0.394866
0.841592 0.405591
0.850203 0.417198
0.858240 0.429199
0.865521 0.441277
0.872064 0.453389
0.877942 0.465584
0.883420 0.478468
0.888300 0.491635
0.892566 0.505061
0.896114 0.518276
0.899118 0.531869
0.978068 0.406815
0.984613 0.423057
0.990612 0.439849
0.995961 0.456993
1.000708 0.474789
1.004634 0.492410
1.007935 0.510859
1.010459 0.529444
1.012189 0.547666
1.013255 0.567392
1.013539 0.587516
1.013044 0.608166
0.604548 1.091032
0.606588 1.093247
0.608470 1.095373
0.610407 1.097569
0.612158 1.099645
0.613928 1.101764
0.615747 1.103954
0.617541 1.106154
0.619339 1.108386
0.620775 1.110334
0.622409 1.112483
0.623886 1.114517
0.324222 0.726999
0.330841 0.735469
0.337601 0.743753
0.344937 0.752389
0.352241 0.760649
0.359864 0.768960
0.367672 0.777181
0.375430 0.785087
0.383433 0.793009
0.391423 0.800702
0.399882 0.808637
0.408151 0.816213
0.749229 0.562531
0.750310 0.564979
0.751326 0.567350
0.752299 0.569692
0.753248 0.572047
0.754173 0.574411
0.755135 0.576946
0.755961 0.579202
0.756944 0.581958
0.757712 0.584204
0.758593 0.586864
0.759312 0.589104
0.744075 0.438419
0.752191 0.446232
0.760163 0.454585
0.767579 0.463065
0.774494 0.471709
0.781125 0.480807
0.787262 0.490094
0.792995 0.499703
0.798087 0.509192
0.802714 0.518816
0.807099 0.529094
0.810923 0.539291
0.311707 0.882451
0.314200 0.884694
0.316561 0.886802
0.319260 0.889192
0.321698 0.891335
0.324425 0.893712
0.326861 0.895821
0.329343 0.897953
0.331965 0.900189
0.334262 0.902137
0.336816 0.904286
0.339182 0.906266
0.183299 0.904740
0.193771 0.916564
0.204810 0.928538
0.216345 0.940573
0.228155 0.952446
0.240175 0.964111
0.252376 0.975554
0.265268 0.987241
0.278625 0.998943
0.291127 1.009554
0.304136 1.020254
0.316904 1.030433
0.568955 1.144639
0.573654 1.147630
0.578379 1.150682
0.582969 1.153717
0.586678 1.156355
0.591011 1.159368
0.594831 1.162166
0.598517 1.164948
0.602127 1.167744
0.605486 1.170458
0.608825 1.173219
0.612063 1.175982
0.986920 0.395503
0.988839 0.399973
0.990522 0.403983
0.992330 0.408429
0.993936 0.412480
0.995894 0.417607
0.997292 0.421345
0.998943 0.425920
1.000352 0.429932
1.001839 0.434309
1.003528 0.439492
1.004854 0.443683
0.577916 0.467550
0.580274 0.468999
0.582537 0.470416
0.584669 0.471754
0.587176 0.473349
0.589121 0.474590
0.591807 0.476335
0.593501 0.477433
0.596311 0.479298
0.597874 0.480331
0.600726 0.482250
0.602396 0.483396
0.938169 0.496620
0.940231 0.505280
0.942144 0.514355
0.943926 0.524099
0.945241 0.532458
0.946513 0.542114
0.947539 0.551858
0.948307 0.561455
0.948828 0.570820
0.949147 0.580965
0.949222 0.590461
0.949068 0.600841
0.893678 0.411897
0.899191 0.421612
0.904339 0.431434
0.909267 0.441660
0.913855 0.452085
0.918084 0.462658
0.922055 0.473696
0.925444 0.484201
0.928587 0.495197
0.931352 0.506272
0.933752 0.517445
0.935832 0.528986
0.393640 0.600967
0.398872 0.608019
0.404231 0.615062
0.409709 0.622110
0.415309 0.629170
0.421022 0.636236
0.426852 0.643320
0.432775 0.650401
0.438785 0.657480
0.444834 0.664508
0.451008 0.671600
0.457158 0.678588
0.919754 0.294855
0.929471 0.307442
0.939174 0.320952
0.948387 0.334798
0.956743 0.348353
0.965398 0.363639
0.973374 0.379052
0.980865 0.394980
0.987964 0.411752
0.994304 0.428536
1.000207 0.446323
1.005158 0.463516
0.598444 1.068837
0.601377 1.071993
0.604026 1.074983
0.606733 1.078075
0.609398 1.081194
0.612040 1.084350
0.614533 1.087443
0.616835 1.090426
0.619073 1.093407
0.621447 1.096566
0.623332 1.099326
0.625499 1.102402
0.352839 0.937512
0.355432 0.939551
0.358057 0.941597
0.360763 0.943692
0.363127 0.945516
0.365934 0.947662
0.368594 0.949687
0.371353 0.951772
0.374066 0.953811
0.376401 0.955562
0.379118 0.957581
0.381831 0.959586
0.470934 0.365726
0.480695 0.370674
0.490190 0.375347
0.499556 0.379841
0.509281 0.384426
0.519861 0.389299
0.530748 0.394268
0.541560 0.399201
0.552402 0.404170
0.563275 0.409218
0.574351 0.414456
0.585371 0.419810
0.319967 0.981626
0.333065 0.991968
0.346175 1.002008
0.359664 1.012026
0.372708 1.021429
0.386662 1.031170
0.399021 1.039577
0.411390 1.047742
0.424023 1.055882
0.435641 1.063185
0.447499 1.070443
0.458239 1.076908
0.496109 0.251006
0.507996 0.255140
0.519805 0.259136
0.531984 0.263162
0.545455 0.267519
0.559580 0.272060
0.573221 0.276481
0.586571 0.280879
0.601033 0.285744
0.616130 0.290994
0.630754 0.296318
0.644993 0.301764
0.669843 0.035375
0.688652 0.048815
0.708016 0.062909
0.726858 0.076935
0.746134 0.091602
0.765281 0.106510
0.783236 0.120799
0.799234 0.133798
0.816946 0.148466
0.833615 0.162607
0.847531 0.174716
0.861146 0.186893
0.221367 0.647166
0.223505 0.653585
0.225780 0.660015
0.228237 0.666540
0.230795 0.672942
0.233442 0.679224
0.236248 0.685489
0.239302 0.692000
0.242338 0.698114
0.245556 0.704319
0.248865 0.710411
0.252440 0.716706
0.402052 0.936931
0.404666 0.938855
0.406963 0.940543
0.409743 0.942566
0.411851 0.944107
0.414799 0.946228
0.417005 0.947824
0.419863 0.949863
0.421856 0.951301
0.424328 0.953060
0.426667 0.954720
0.429279 0.956560
0.082284 0.815746
0.087629 0.825780
0.093558 0.836280
0.099505 0.846247
0.105832 0.856326
0.113119 0.867377
0.121172 0.878994
0.128024 0.888455
0.135554 0.898485
0.144353 0.909726
0.153389 0.920847
0.162298 0.931433
-0.000358 0.750324
0.003424 0.764859
0.007731 0.779319
0.012452 0.793417
0.017361 0.806597
0.022825 0.819927
0.028274 0.832126
0.034136 0.844288
0.040399 0.856409
0.046532 0.867530
0.053026 0.878701
0.060061 0.890164
0.370667 1.034296
0.384766 1.044090
0.397456 1.052660
0.410783 1.061367
0.423482 1.069464
0.435660 1.077008
0.447770 1.084308
0.459412 1.091162
0.470236 1.097420
0.480801 1.103411
0.491971 1.109590
0.500687 1.114460
0.058014 0.745443
0.062478 0.758967
0.067524 0.772626
0.072761 0.785406
0.078535 0.798250
0.084622 0.810687
0.090846 0.822480
0.097728 0.834647
0.104953 0.846613
0.112607 0.858558
0.121379 0.871486
0.130740 0.884538
-0.023679 0.753674
-0.020774 0.766087
-0.017393 0.778928
-0.013553 0.791957
-0.010093 0.802606
-0.006152 0.813775
-0.001936 0.824745
0.002491 0.835445
0.007091 0.845816
0.011745 0.855669
0.016182 0.864574
0.021348 0.874388
0.535270 1.010713
0.540835 1.014851
0.545546 1.018510
0.550905 1.022627
0.556224 1.026776
0.561157 1.030744
0.565055 1.034107
0.570008 1.038226
0.574425 1.042060
0.578390 1.045663
0.582422 1.049383
0.586101 1.052924
0.874221 0.804669
0.870361 0.815797
0.866122 0.827710
0.861831 0.839459
0.857206 0.851906
0.852928 0.863054
0.848362 0.874817
0.844383 0.884694
0.840489 0.894174
0.835985 0.905266
0.831547 0.916035
0.827739 0.924948
0.937802 0.508741
0.940259 0.521091
0.942279 0.533515
0.943879 0.546071
0.945038 0.558460
0.945801 0.570997
0.946176 0.583787
0.946148 0.597346
0.945705 0.610740
0.944886 0.623965
0.943496 0.639301
0.941882 0.652810
0.284683 0.321807
0.284683 0.321807
0.284683 0.321807
0.284683 0.321807
0.284683 0.321807
0.284666 0.325313
0.284509 0.329121
0.284665 0.334533
0.284670 0.339065
0.284680 0.343594
0.284877 0.348958
0.284843 0.353112
0.982799 0.386616
0.986643 0.395186
0.990119 0.403341
0.993429 0.411533
0.996801 0.420391
0.999700 0.428442
1.002521 0.436772
1.005262 0.445418
1.007690 0.453602
1.010165 0.462615
1.012257 0.470825
1.014271 0.479422
0.402056 1.031744
0.404943 1.033673
0.407335 1.035273
0.410224 1.037180
0.412858 1.038916
0.415861 1.040856
0.418387 1.042519
0.421312 1.044403
0.423534 1.045845
0.426752 1.047886
0.428846 1.049235
0.431730 1.051053
0.455941 1.059705
0.458184 1.061074
0.460734 1.062613
0.462797 1.063870
0.465414 1.065434
0.467698 1.066803
0.470197 1.068289
0.472394 1.069601
0.474616 1.070923
0.476803 1.072222
0.479120 1.073587
0.481324 1.074885
0.653143 0.832795
0.654838 0.838495
0.656520 0.844302
0.658083 0.849984
0.659626 0.855750
0.661030 0.861328
0.662437 0.867036
0.663720 0.872574
0.665031 0.878294
0.666211 0.883811
0.667370 0.889390
0.668453 0.894882
0.369349 0.161428
0.373143 0.165312
0.377139 0.169193
0.382348 0.173625
0.387770 0.177987
0.392307 0.181585
0.396984 0.185129
0.402983 0.189170
0.409551 0.193282
0.415613 0.196946
0.421590 0.200397
0.427887 0.203822
0.661925 0.859901
0.663727 0.867488
0.665435 0.875063
0.667044 0.882609
0.668536 0.890060
0.669947 0.897495
0.671265 0.904871
0.672498 0.912194
0.673631 0.919406
0.674684 0.926547
0.675701 0.933736
0.676606 0.940732
0.603822 0.705140
0.608012 0.712187
0.612045 0.719246
0.615942 0.726343
0.619648 0.733383
0.623266 0.740529
0.626761 0.747721
0.630081 0.754863
0.633291 0.762058
0.636354 0.769238
0.639266 0.776380
0.642110 0.783636
0.811125 0.673562
0.810455 0.683710
0.809631 0.692797
0.808618 0.702330
0.807412 0.712274
0.806077 0.721872
0.804707 0.730377
0.803071 0.740372
0.801328 0.750203
0.799592 0.759097
0.797748 0.768130
0.795668 0.778282
0.356472 0.787326
0.363420 0.794361
0.370571 0.801402
0.377848 0.808380
0.385318 0.815374
0.392906 0.822314
0.400458 0.829073
0.408019 0.835713
0.415528 0.842194
0.423190 0.848696
0.430905 0.855146
0.438398 0.861339
0.116157 0.237805
0.110510 0.253238
0.103595 0.272917
0.096540 0.293683
0.090865 0.310756
0.086118 0.325360
0.081132 0.341323
0.075136 0.361605
0.068509 0.385487
0.062668 0.407900
0.057756 0.428170
0.053483 0.447124
0.873157 0.295343
0.884171 0.307197
0.894867 0.319576
0.905032 0.332279
0.914598 0.345216
0.923891 0.358878
0.932563 0.372795
0.940318 0.386393
0.947887 0.400988
0.954889 0.415953
0.961417 0.431573
0.967223 0.447278
0.315291 0.551675
0.318782 0.560070
0.322693 0.568872
0.326757 0.577532
0.331018 0.586137
0.335549 0.594817
0.340330 0.603527
0.345329 0.612205
0.350606 0.620949
0.356029 0.629544
0.361664 0.638101
0.367640 0.646820
0.460933 0.626277
0.467332 0.633479
0.473760 0.640691
0.480210 0.647918
0.486668 0.655158
0.493122 0.662412
0.499552 0.669672
0.505958 0.676948
0.512317 0.684231
0.518633 0.691537
0.524901 0.698872
0.531089 0.706214
0.186096 0.914051
0.198812 0.928074
0.212767 0.942783
0.226384 0.956519
0.240781 0.970455
0.255292 0.983951
0.270747 0.997767
0.285779 1.010699
0.301082 1.023381
0.316436 1.035641
0.331570 1.047291
0.346948 1.058698
0.122965 0.631950
0.124380 0.643831
0.126775 0.658894
0.129170 0.671053
0.132247 0.684114
0.135738 0.696766
0.139821 0.709635
0.144394 0.722339
0.149587 0.735200
0.155134 0.747589
0.161221 0.759910
0.167808 0.772138
0.028571 0.809456
0.033676 0.821262
0.038813 0.832295
0.044193 0.843098
0.050257 0.854535
0.056140 0.864999
0.062586 0.875884
0.068897 0.886038
0.076250 0.897350
0.084156 0.908985
0.092212 0.920366
0.099634 0.930489
0.477061 0.360139
0.480875 0.362003
0.484560 0.363786
0.488222 0.365539
0.491907 0.367285
0.495668 0.369046
0.499910 0.370989
0.504346 0.372987
0.508741 0.374974
0.513030 0.376896
0.517298 0.378797
0.521327 0.380577
0.803976 0.307075
0.815185 0.316204
0.825849 0.325525
0.836307 0.335314
0.845818 0.344863
0.855446 0.355269
0.864280 0.365566
0.872569 0.375991
0.880635 0.386980
0.888280 0.398309
0.895425 0.409865
0.901882 0.421286
0.375540 0.923923
0.378216 0.925985
0.380744 0.927925
0.383374 0.929928
0.385954 0.931885
0.388192 0.933578
0.390781 0.935522
0.393364 0.937451
0.396064 0.939452
0.398357 0.941153
0.400966 0.943070
0.403227 0.944731
0.414685 0.416049
0.419956 0.420701
0.425410 0.425370
0.430480 0.429656
0.436012 0.434167
0.441811 0.438792
0.447220 0.443038
0.453043 0.447499
0.459273 0.452173
0.465146 0.456530
0.471316 0.461032
0.477694 0.465643
0.941037 0.295456
0.952194 0.311299
0.962219 0.326749
0.972357 0.343832
0.981971 0.361657
0.991369 0.381040
0.999772 0.400461
1.007339 0.420258
1.014230 0.441031
1.020154 0.462050
1.024823 0.481929
1.029132 0.505293
0.274607 0.779869
0.281523 0.788307
0.289132 0.797192
0.296554 0.805494
0.304497 0.814035
0.312602 0.822425
0.320772 0.830584
0.328911 0.838449
0.337268 0.846279
0.345892 0.854127
0.354934 0.862121
0.363807 0.869763
1.011012 0.622896
1.009363 0.642758
1.007384 0.660637
1.004604 0.680927
1.001057 0.702592
0.996897 0.724830
0.992602 0.745307
0.987608 0.767035
0.981436 0.791731
0.973822 0.819823
0.968203 0.839155
0.961970 0.859527
0.700505 0.423492
0.709705 0.430178
0.718646 0.437176
0.727153 0.444360
0.735197 0.451697
0.742987 0.459382
0.750298 0.467238
0.757136 0.475212
0.763689 0.483549
0.769914 0.492225
0.775668 0.501044
0.781135 0.510307
0.263216 0.964700
0.265989 0.967208
0.269378 0.970245
0.272212 0.972767
0.275635 0.975784
0.278465 0.978260
0.281494 0.980891
0.284686 0.983639
0.287347 0.985917
0.290499 0.988592
0.293266 0.990925
0.296327 0.993486
0.412305 0.951163
0.414555 0.952783
0.417425 0.954823
0.419450 0.956276
0.421940 0.958040
0.424318 0.959720
0.426945 0.961562
0.429227 0.963165
0.431635 0.964846
0.433919 0.966439
0.436409 0.968161
0.438908 0.969868
1.003163 0.470368
1.004279 0.474894
1.005248 0.478980
1.006331 0.483801
1.007138 0.487518
1.008084 0.492138
1.008859 0.496092
1.009839 0.501469
1.010638 0.506119
1.011366 0.510634
1.012026 0.514991
1.012707 0.519851
0.606360 0.869991
0.609370 0.875030
0.612268 0.880035
0.615043 0.884985
0.617717 0.889908
0.620373 0.894910
0.622920 0.899872
0.625410 0.904859
0.627786 0.909770
0.630016 0.914620
0.632200 0.919481
0.634344 0.924381
0.024433 0.412512
0.019182 0.440786
0.014305 0.470237
0.009607 0.503649
0.006123 0.534836
0.003798 0.563500
0.002557 0.587764
0.002106 0.609166
0.002239 0.628258
0.002927 0.647213
0.004413 0.668440
0.006614 0.688828
0.747012 0.673057
0.747254 0.675498
0.747503 0.677961
0.747714 0.680343
0.747954 0.683034
0.748116 0.685281
0.748328 0.687999
0.748483 0.690407
0.748641 0.692956
0.748784 0.695498
0.748917 0.698082
0.749009 0.700424
0.526524 0.750279
0.528017 0.751999
0.529568 0.753784
0.531006 0.755452
0.532588 0.757283
0.534050 0.758987
0.535590 0.760782
0.537072 0.762519
0.538511 0.764215
0.540024 0.765996
0.541497 0.767741
0.542997 0.769522
0.332860 0.624895
0.337877 0.633487
0.343054 0.641937
0.348496 0.650428
0.354117 0.658819
0.359936 0.667152
0.366224 0.675810
0.372699 0.684381
0.379202 0.692674
0.385823 0.700833
0.392675 0.709010
0.399826 0.717293
0.577451 0.756219
0.583383 0.764861
0.589098 0.773486
0.594622 0.782133
0.599936 0.790775
0.605035 0.799413
0.609916 0.808040
0.614595 0.816675
0.619058 0.825295
0.623323 0.833912
0.627348 0.842488
0.631168 0.851031
0.868224 0.647627
0.867168 0.658848
0.865997 0.668639
0.864589 0.678744
0.862855 0.689811
0.861020 0.700117
0.859162 0.709456
0.856708 0.721335
0.854455 0.731137
0.852148 0.740523
0.849104 0.752805
0.846309 0.763236
0.153109 1.037945
0.155606 1.040713
0.159511 1.045002
0.162522 1.048283
0.166677 1.052766
0.169695 1.055997
0.173573 1.060109
0.176547 1.063239
0.180818 1.067694
0.183939 1.070911
0.187526 1.074582
0.191176 1.078283
0.587820 1.055252
0.592278 1.059652
0.596570 1.064041
0.600089 1.067945
0.604042 1.072289
0.607846 1.076627
0.611337 1.080818
0.614859 1.085146
0.617849 1.089116
0.620790 1.093134
0.623518 1.097048
0.626331 1.101137
0.467860 0.494367
0.469626 0.495829
0.471368 0.497270
0.473130 0.498720
0.474949 0.500222
0.476713 0.501673
0.478584 0.503210
0.480336 0.504648
0.482212 0.506186
0.483996 0.507644
0.485861 0.509177
0.487643 0.510638
0.072102 0.570125
0.071181 0.588077
0.070858 0.602658
0.070936 0.616237
0.071638 0.633237
0.073016 0.650555
0.074680 0.664846
0.076625 0.677795
0.079359 0.692433
0.082532 0.706518
0.086004 0.719597
0.089934 0.732558
0.379398 0.274251
0.384166 0.278598
0.387610 0.281859
0.392304 0.285836
0.396408 0.289283
0.400957 0.292869
0.405827 0.296511
0.410532 0.299919
0.415855 0.303542
0.420543 0.306694
0.426368 0.310316
0.431171 0.313291
0.476572 0.333244
0.483684 0.336368
0.489778 0.339030
0.495848 0.341635
0.503141 0.344657
0.508999 0.347093
0.515609 0.349780
0.523193 0.352797
0.529249 0.355227
0.536711 0.358152
0.543933 0.361003
0.550782 0.363709
0.848006 0.724074
0.845215 0.736406
0.842260 0.748518
0.838971 0.761369
0.835558 0.773973
0.831916 0.786900
0.828276 0.799148
0.824403 0.812030
0.820723 0.823657
0.816991 0.835198
0.813199 0.846719
0.809302 0.858450
0.733676 0.308535
0.736714 0.310293
0.740196 0.312345
0.742956 0.313998
0.746509 0.316165
0.749018 0.317721
0.752589 0.319974
0.755220 0.321644
0.758879 0.324058
0.761302 0.325670
0.764958 0.328151
0.767087 0.329619
0.955400 0.486524
0.956229 0.489779
0.957057 0.493161
0.957889 0.496712
0.958733 0.500495
0.959504 0.504110
0.960216 0.507616
0.960913 0.511223
0.961574 0.514841
0.962158 0.518191
0.962731 0.521684
0.963278 0.525210
0.552890 0.379607
0.561819 0.383330
0.570369 0.386961
0.578930 0.390642
0.587474 0.394390
0.596435 0.398409
0.605165 0.402441
0.613739 0.406530
0.622553 0.410886
0.631268 0.415369
0.639698 0.419895
0.648465 0.424836
0.785138 0.360134
0.793725 0.367410
0.802118 0.374988
0.810388 0.382984
0.818499 0.391408
0.826215 0.400039
0.832975 0.408157
0.839618 0.416745
0.846211 0.425957
0.852327 0.435234
0.858027 0.444637
0.863326 0.454179
0.054826 0.297476
0.049397 0.318419
0.044975 0.336046
0.038006 0.365781
0.034440 0.381575
0.027927 0.412832
0.023883 0.433677
0.019260 0.460019
0.015236 0.485830
0.012267 0.507688
0.008989 0.537344
0.007687 0.551960
0.563097 0.570881
0.567867 0.575579
0.572327 0.580077
0.576936 0.584853
0.581385 0.589603
0.585587 0.594215
0.590004 0.599217
0.594175 0.604092
0.598259 0.609027
0.602324 0.614109
0.606248 0.619190
0.610107 0.624370
0.119239 0.824896
0.126548 0.836696
0.134162 0.848222
0.142394 0.860031
0.151046 0.871804
0.160147 0.883589
0.169618 0.895298
0.179578 0.907084
0.190165 0.919100
0.201220 0.931154
0.212075 0.942555
0.223429 0.954068
0.443036 0.166973
0.448948 0.169640
0.454609 0.172113
0.459536 0.174292
0.464995 0.176589
0.471408 0.179133
0.477930 0.181689
0.483451 0.183835
0.489100 0.185968
0.496339 0.188603
0.504022 0.191311
0.510740 0.193675
1.062333 0.435058
1.067884 0.456585
1.073218 0.482075
1.077572 0.509935
1.080298 0.535614
1.081861 0.561891
1.082255 0.591158
1.081455 0.620229
1.079531 0.650884
1.075812 0.689601
1.071347 0.726194
1.065719 0.765674
0.324528 0.508915
0.325822 0.512070
0.327121 0.515187
0.328377 0.518163
0.329685 0.521197
0.330996 0.524168
0.332415 0.527307
0.333892 0.530502
0.335394 0.533690
0.336883 0.536801
0.338362 0.539840
0.339846 0.542836
0.451581 0.667006
0.456051 0.672111
0.460411 0.677043
0.464987 0.682202
0.469389 0.687141
0.473904 0.692188
0.478399 0.697198
0.482872 0.702173
0.487374 0.707173
0.491843 0.712137
0.496305 0.717097
0.500835 0.722138
0.326958 0.371029
0.328860 0.376352
0.330904 0.381761
0.332963 0.387037
0.335127 0.392329
0.337434 0.397690
0.339802 0.402989
0.342242 0.408240
0.344858 0.413594
0.347527 0.418869
0.350273 0.424100
0.353193 0.429417
0.911973 0.592709
0.911923 0.605576
0.911466 0.618470
0.910643 0.631036
0.909469 0.643599
0.907848 0.657143
0.905805 0.671115
0.903473 0.684648
0.900865 0.697952
0.897741 0.712358
0.894533 0.725756
0.891056 0.739210
0.007010 0.512501
0.004175 0.539570
0.002260 0.564392
0.001074 0.588444
0.000631 0.613443
0.001011 0.636589
0.002140 0.658415
0.004050 0.679821
0.006282 0.697571
0.008835 0.713398
0.011742 0.728331
0.015145 0.743156
0.879623 0.378100
0.887463 0.389233
0.894984 0.400853
0.901909 0.412546
0.908039 0.423857
0.914114 0.436215
0.919592 0.448581
0.924604 0.461239
0.929142 0.474197
0.933099 0.487120
0.936640 0.500580
0.939541 0.513651
0.509686 1.134314
0.516421 1.137912
0.523093 1.141457
0.529952 1.145073
0.536419 1.148503
0.542433 1.151695
0.548330 1.154915
0.554248 1.158124
0.559755 1.161169
0.564862 1.164061
0.569626 1.166828
0.574541 1.169698
0.576235 0.238832
0.584906 0.241699
0.595766 0.245335
0.604845 0.248445
0.615236 0.252067
0.625384 0.255704
0.635552 0.259460
0.645680 0.263327
0.655463 0.267184
0.665335 0.271244
0.675765 0.275689
0.685470 0.280004
0.806891 0.669664
0.806305 0.680865
0.805431 0.692655
0.804352 0.703442
0.803038 0.714582
0.801509 0.725682
0.799860 0.736431
0.798006 0.747501
0.796066 0.758013
0.793918 0.769231
0.791722 0.779895
0.789473 0.790241
0.305914 0.401697
0.307101 0.407506
0.308475 0.413590
0.309950 0.419718
0.311411 0.425608
0.312938 0.431451
0.314666 0.437549
0.316498 0.443672
0.318361 0.449646
0.320306 0.455591
0.322417 0.461672
0.324676 0.467846
1.043775 0.636655
1.042208 0.654594
1.040318 0.672122
1.038036 0.690163
1.035583 0.707329
1.032822 0.724787
1.029537 0.743808
1.025447 0.765581
1.020603 0.789431
1.016131 0.810101
1.011926 0.828575
1.007667 0.846463
-0.002319 0.830585
0.003780 0.844754
0.009708 0.857407
0.015735 0.869376
0.021984 0.881016
0.028822 0.893025
0.035492 0.904136
0.042857 0.915838
0.050545 0.927530
0.058066 0.938560
0.065618 0.949233
0.074946 0.962021
0.015581 0.736380
0.018963 0.749928
0.022845 0.763514
0.027151 0.776930
0.031661 0.789559
0.036721 0.802414
0.041807 0.814252
0.047317 0.826109
0.053236 0.837965
0.059072 0.848880
0.065276 0.859857
0.072011 0.871108
0.309872 0.423078
0.311779 0.430536
0.313770 0.437869
0.315929 0.445270
0.318246 0.452701
0.320770 0.460246
0.323472 0.467837
0.326334 0.475426
0.329283 0.482862
0.332401 0.490313
0.335697 0.497788
0.339233 0.505394
0.613124 0.783563
0.617032 0.791037
0.620791 0.798516
0.624398 0.805988
0.627854 0.813452
0.631163 0.820908
0.634322 0.828344
0.637340 0.835769
0.640217 0.843173
0.642955 0.850554
0.645565 0.857920
0.648037 0.865246
0.917769 0.375680
0.919663 0.378734
0.921633 0.381980
0.923481 0.385091
0.925313 0.388241
0.926982 0.391167
0.928750 0.394340
0.930380 0.397324
0.932195 0.400730
0.933830 0.403868
0.935540 0.407231
0.937268 0.410716
0.715745 0.500007
0.722111 0.507579
0.728164 0.515411
0.734007 0.523666
0.739395 0.532014
0.744322 0.540412
0.748708 0.548649
0.752988 0.557546
0.756820 0.566435
0.760282 0.575443
0.763467 0.584817
0.766291 0.594327
1.019743 0.452200
1.023998 0.468677
1.026868 0.481261
1.030286 0.499251
1.032698 0.514861
1.034675 0.531440
1.036098 0.547951
1.036993 0.564896
1.037352 0.583177
1.037180 0.600033
1.036433 0.618926
1.034816 0.641752
0.371812 0.354997
0.376412 0.360638
0.381152 0.366179
0.386025 0.371619
0.391123 0.377036
0.396463 0.382443
0.401995 0.387798
0.407660 0.393060
0.413603 0.398333
0.419795 0.403620
0.426316 0.408953
0.433138 0.414315
0.462120 0.531767
0.464308 0.533845
0.466556 0.535977
0.468759 0.538060
0.470967 0.540150
0.473217 0.542277
0.475456 0.544391
0.477711 0.546521
0.479990 0.548673
0.482239 0.550800
0.484464 0.552905
0.486763 0.555082
0.991697 0.313900
1.002373 0.333233
1.012896 0.354328
1.022742 0.376381
1.031748 0.399168
1.039828 0.422635
1.047247 0.448118
1.053037 0.472290
1.057852 0.498007
1.061406 0.524523
1.063622 0.551070
1.064582 0.579663
0.991770 0.406844
0.993533 0.411260
0.995264 0.415731
0.997002 0.420368
0.998410 0.424208
1.000012 0.428741
1.001399 0.432774
1.003038 0.437734
1.004526 0.442402
1.005815 0.446568
1.007076 0.450792
1.008416 0.455464
0.749124 0.399274
0.757866 0.406444
0.766433 0.414016
0.774459 0.421668
0.782127 0.429566
0.789535 0.437828
0.796713 0.446529
0.803441 0.455421
0.809650 0.464410
0.815493 0.473683
0.820873 0.483083
0.825662 0.492321
0.118186 0.675744
0.121090 0.688302
0.124675 0.701559
0.128895 0.714982
0.133684 0.728373
0.138971 0.741507
0.144777 0.754487
0.151068 0.767207
0.157885 0.779834
0.165217 0.792339
0.173830 0.805917
0.181773 0.817556
0.253319 0.458458
0.253264 0.463430
0.253404 0.469662
0.253407 0.474264
0.253611 0.480081
0.253857 0.485719
0.254059 0.490672
0.254513 0.496829
0.254886 0.502054
0.255376 0.507604
0.256051 0.513773
0.256565 0.518684
0.280794 0.522557
0.282677 0.530797
0.284923 0.539595
0.287466 0.548672
0.290126 0.557409
0.292892 0.565874
0.295954 0.574544
0.299373 0.583531
0.302937 0.592289
0.306715 0.600992
0.310785 0.609793
0.315161 0.618704
0.308059 0.293061
0.308059 0.293061
0.308059 0.293061
0.308059 0.293061
0.308059 0.293061
0.308059 0.293061
0.308059 0.293061
0.308059 0.293061
0.308059 0.293061
0.308059 0.293061
0.308059 0.293061
0.308059 0.293061
0.787010 0.531240
0.790934 0.540427
0.794350 0.549421
0.797460 0.558686
0.800217 0.568074
0.802628 0.577597
0.804658 0.587035
0.806368 0.596568
0.807807 0.606478
0.808848 0.615781
0.809652 0.625521
0.810189 0.635516
0.810908 0.272412
0.822893 0.282027
0.834609 0.292020
0.845722 0.302120
0.856306 0.312388
0.866549 0.323022
0.876316 0.333900
0.885314 0.344659
0.894215 0.356118
0.902598 0.367797
0.910718 0.380069
0.918241 0.392452
0.363186 0.263441
0.366154 0.267180
0.370230 0.271680
0.372924 0.274923
0.377469 0.279450
0.380855 0.282962
0.385191 0.287006
0.389447 0.290846
0.393531 0.294426
0.398514 0.298439
0.402441 0.301661
0.408156 0.305810
0.217642 0.774678
0.225264 0.785718
0.232942 0.796165
0.240758 0.806217
0.248817 0.816054
0.257891 0.826591
0.267061 0.836730
0.276677 0.846890
0.286345 0.856683
0.296197 0.866277
0.306278 0.875738
0.316612 0.885112
0.314063 0.900715
0.316748 0.903057
0.319368 0.905324
0.321866 0.907471
0.324545 0.909755
0.326982 0.911820
0.329525 0.913960
0.332016 0.916042
0.334548 0.918144
0.337185 0.920318
0.339823 0.922477
0.342463 0.924624
0.506611 0.724631
0.508207 0.726423
0.509744 0.728153
0.511333 0.729943
0.512874 0.731683
0.514445 0.733458
0.516012 0.735233
0.517575 0.737006
0.519132 0.738777
0.520657 0.740516
0.522233 0.742314
0.523710 0.744008
0.587736 0.743625
0.593061 0.751929
0.598211 0.760264
0.603172 0.768608
0.607938 0.776957
0.612517 0.785314
0.616901 0.793669
0.621096 0.802023
0.625105 0.810375
0.628927 0.818717
0.632587 0.827077
0.636007 0.835334
0.526782 0.159681
0.541675 0.165060
0.556766 0.170476
0.570943 0.175595
0.585438 0.180918
0.600964 0.186699
0.617988 0.193199
0.634873 0.199901
0.651414 0.206757
0.668049 0.213987
0.684839 0.221675
0.701270 0.229623
0.819741 0.651396
0.819319 0.663200
0.818575 0.675097
0.817507 0.687378
0.816206 0.698875
0.814614 0.710914
0.812838 0.722457
0.810793 0.734552
0.808567 0.746525
0.806158 0.758554
0.803593 0.770590
0.801072 0.781510
0.628505 0.779963
0.631343 0.786332
0.634071 0.792693
0.636704 0.799060
0.639255 0.805457
0.641672 0.811782
0.644022 0.818150
0.646253 0.824470
0.648373 0.830739
0.650431 0.837045
0.652411 0.843357
0.654277 0.849594
0.341555 0.812636
0.349244 0.820116
0.357134 0.827575
0.365229 0.835019
0.373530 0.842454
0.381736 0.849629
0.389990 0.856686
0.398021 0.863420
0.406436 0.870341
0.414843 0.877133
0.423065 0.883674
0.431482 0.890270
0.040517 0.813641
0.041828 0.816568
0.043436 0.820101
0.044796 0.822994
0.046426 0.826416
0.047883 0.829413
0.049586 0.832849
0.051020 0.835689
0.052793 0.839154
0.054319 0.842050
0.056078 0.845353
0.057613 0.848184
0.618339 1.181667
0.620666 1.183922
0.623513 1.186565
0.625108 1.188414
0.626894 1.190416
0.629082 1.192743
0.630806 1.194773
0.632896 1.197055
0.634731 1.199296
0.636606 1.201555
0.638155 1.203589
0.639552 1.205528
0.713920 0.450831
0.721410 0.457449
0.728062 0.463741
0.734429 0.470190
0.740961 0.477308
0.747002 0.484408
0.752564 0.491460
0.758033 0.498964
0.763166 0.506622
0.767962 0.514411
0.772423 0.522336
0.776315 0.529901
0.903061 0.503515
0.906372 0.516381
0.909236 0.529839
0.911610 0.543948
0.913313 0.557480
0.914510 0.571409
0.915168 0.585615
0.915316 0.599717
0.914919 0.614951
0.914033 0.629370
0.912603 0.644664
0.910652 0.660253
0.297593 0.726280
0.302900 0.733636
0.308524 0.741130
0.314385 0.748585
0.320610 0.756222
0.327183 0.763977
0.333880 0.771581
0.340503 0.778849
0.347237 0.786003
0.354161 0.793144
0.361318 0.800300
0.368533 0.807324
0.932765 0.326422
0.940523 0.337905
0.947709 0.349266
0.954510 0.360764
0.961265 0.373032
0.967681 0.385609
0.973823 0.398674
0.979550 0.411955
0.984758 0.425180
0.989772 0.439287
0.994191 0.453160
0.998108 0.467028
0.960196 0.287707
0.969149 0.300975
0.978382 0.315684
0.987637 0.331641
0.996451 0.348152
1.005014 0.365709
1.012870 0.383418
1.020249 0.401871
1.027200 0.421431
1.033269 0.440918
1.038395 0.459961
1.043200 0.481415
0.163962 0.716115
0.166691 0.722765
0.169653 0.729575
0.172519 0.735847
0.175623 0.742262
0.178855 0.748643
0.182168 0.754892
0.185657 0.761182
0.189707 0.768172
0.193839 0.774982
0.197284 0.780433
0.201744 0.787243
0.479238 0.622810
0.484602 0.628710
0.489966 0.634625
0.495322 0.640557
0.500665 0.646507
0.505997 0.652485
0.511293 0.658472
0.516558 0.664480
0.521786 0.670513
0.526967 0.676563
0.532093 0.682629
0.537163 0.688718
1.045026 0.381488
1.053386 0.404591
1.060868 0.428362
1.066964 0.451006
1.073097 0.479337
1.077532 0.506687
1.080391 0.532049
1.082102 0.557947
1.082663 0.588475
1.081922 0.618437
1.080034 0.649438
1.076194 0.689674
0.088315 0.804309
0.092591 0.812634
0.096943 0.820709
0.101807 0.829278
0.106425 0.837065
0.112679 0.847143
0.116861 0.853598
0.123665 0.863720
0.128683 0.870889
0.135613 0.880457
0.141685 0.888541
0.148494 0.897317
0.555837 0.909856
0.557411 0.911457
0.558830 0.912914
0.560347 0.914462
0.561684 0.915866
0.563161 0.917397
0.564497 0.918816
0.565918 0.920316
0.567272 0.921766
0.568707 0.923295
0.570064 0.924765
0.571389 0.926217
0.934728 0.805361
0.930162 0.819521
0.925794 0.832527
0.921905 0.843680
0.918182 0.854042
0.913277 0.867496
0.908731 0.879547
0.904782 0.889681
0.900328 0.900914
0.895908 0.911804
0.891538 0.922307
0.886944 0.933152
0.090336 0.837992
0.096624 0.848547
0.103415 0.859356
0.110926 0.870714
0.119146 0.882535
0.127664 0.894217
0.136427 0.905739
0.145064 0.916624
0.154188 0.927727
0.164213 0.939496
0.173954 0.950547
0.185090 0.962764
0.621163 0.912991
0.624343 0.919225
0.627460 0.925547
0.630445 0.931856
0.633207 0.938014
0.635873 0.944195
0.638411 0.950341
0.640850 0.956492
0.643151 0.962578
0.645264 0.968499
0.647337 0.974496
0.649319 0.980473
0.143763 0.863696
0.152444 0.875364
0.161754 0.887281
0.171426 0.899109
0.182329 0.911861
0.193079 0.923906
0.204495 0.936199
0.216343 0.948473
0.228025 0.960145
0.240308 0.972000
0.252519 0.983395
0.265860 0.995427
0.955930 0.317885
0.966608 0.334972
0.977453 0.354156
0.987547 0.374071
0.996895 0.394831
1.005536 0.416751
1.013025 0.438808
1.019574 0.461784
1.024553 0.483026
1.029185 0.508859
1.032237 0.533274
1.034099 0.558234
0.937937 0.477186
0.941567 0.489854
0.944850 0.503227
0.947639 0.516831
0.949852 0.530136
0.951707 0.544680
0.953016 0.559417
0.953752 0.573448
0.954011 0.588444
0.953751 0.603562
0.952975 0.618947
0.951564 0.635902
0.990294 0.471125
0.995120 0.491621
0.998748 0.511148
1.001690 0.532862
1.003471 0.553080
1.004402 0.575516
1.004316 0.598096
1.003150 0.622586
1.001025 0.646665
0.997505 0.674303
0.993458 0.699190
0.987185 0.731158
0.941876 0.570142
0.942307 0.582600
0.942350 0.595067
0.942010 0.608061
0.941287 0.621202
0.940237 0.633865
0.938670 0.648238
0.936659 0.662997
0.934397 0.676929
0.932006 0.689774
0.929223 0.703229
0.925609 0.719204
0.859816 0.458997
0.864339 0.468030
0.868594 0.477349
0.872525 0.486860
0.876100 0.496462
0.879436 0.506540
0.882246 0.516123
0.884789 0.526050
0.887003 0.536109
0.888883 0.546242
0.890464 0.556675
0.891563 0.565857
0.106258 0.816371
0.112629 0.827412
0.119690 0.838917
0.126084 0.848776
0.133157 0.859163
0.140534 0.869500
0.148694 0.880428
0.157508 0.891719
0.166462 0.902714
0.175950 0.913910
0.185569 0.924843
0.195289 0.935508
0.658574 1.098582
0.658574 1.098582
0.658574 1.098582
0.658574 1.098582
0.658574 1.098582
0.658574 1.098582
0.658574 1.098582
0.658574 1.098582
0.658574 1.098582
0.658574 1.098582
0.658574 1.098582
0.658574 1.098582
0.143197 0.897531
0.152306 0.908986
0.161760 0.920413
0.171585 0.931855
0.181545 0.943048
0.192015 0.954425
0.203143 0.966115
0.214412 0.977573
0.225721 0.988717
0.237342 0.999819
0.249333 1.010925
0.261991 1.022282
0.385250 0.703471
0.391853 0.711323
0.398618 0.719134
0.405540 0.726909
0.412490 0.734519
0.419512 0.742034
0.426540 0.749398
0.433712 0.756771
0.441045 0.764180
0.448466 0.771562
0.455767 0.778732
0.463196 0.785946
0.407405 0.328912
0.413174 0.333223
0.419012 0.337412
0.424390 0.341183
0.430104 0.345007
0.436496 0.349054
0.442996 0.353018
0.449094 0.356650
0.455776 0.360443
0.463207 0.364499
0.470573 0.368391
0.477411 0.371959
0.168167 0.931853
0.181777 0.947173
0.194980 0.961403
0.209559 0.976478
0.223879 0.990682
0.238874 1.004987
0.254531 1.019340
0.270338 1.033265
0.286201 1.046700
0.301671 1.059305
0.317232 1.071503
0.333092 1.083451
0.515833 0.913378
0.518888 0.915916
0.521973 0.918484
0.524978 0.921003
0.527639 0.923288
0.530249 0.925544
0.533061 0.927960
0.535788 0.930331
0.538641 0.932806
0.541568 0.935328
0.544089 0.937614
0.546442 0.939768
0.465401 1.024527
0.474226 1.030110
0.482849 1.035523
0.491081 1.040675
0.499374 1.045831
0.507118 1.050666
0.514661 1.055390
0.521971 1.059992
0.528461 1.064168
0.535195 1.068504
0.541843 1.072831
0.548155 1.077018
0.634985 0.647601
0.639009 0.654715
0.642893 0.661986
0.646504 0.669154
0.649930 0.676371
0.653226 0.683729
0.656306 0.691048
0.659243 0.698460
0.662015 0.705903
0.664599 0.713306
0.667060 0.720806
0.669340 0.728236
0.371424 0.931259
0.381886 0.939228
0.391963 0.946742
0.401943 0.954036
0.412119 0.961324
0.421644 0.968043
0.431084 0.974596
0.440837 0.981252
0.450052 0.987472
0.459154 0.993545
0.468126 0.999474
0.476518 1.005001
0.059591 0.680967
0.062637 0.697987
0.065778 0.712293
0.069417 0.726364
0.073719 0.740743
0.078658 0.755211
0.083999 0.769043
0.089643 0.782231
0.095865 0.795457
0.102601 0.808583
0.109822 0.821571
0.117164 0.833857
0.486445 0.520978
0.488225 0.522492
0.490033 0.524037
0.491817 0.525559
0.493654 0.527129
0.495459 0.528673
0.497272 0.530225
0.499114 0.531807
0.500960 0.533390
0.502767 0.534950
0.504552 0.536490
0.506390 0.538081
0.378548 0.693385
0.384934 0.701259
0.391517 0.709128
0.398238 0.716938
0.405137 0.724719
0.412283 0.732584
0.419456 0.740298
0.426593 0.747793
0.433803 0.755227
0.441178 0.762704
0.448725 0.770233
0.456133 0.777528
0.618500 0.356947
0.632700 0.362894
0.646283 0.368924
0.660083 0.375465
0.673684 0.382402
0.686155 0.389260
0.699451 0.397197
0.711396 0.404961
0.722673 0.412942
0.734449 0.422085
0.744650 0.430775
0.754624 0.440115
0.021900 0.726628
0.026060 0.743907
0.031067 0.761369
0.036451 0.777583
0.042667 0.794011
0.049147 0.809261
0.056265 0.824392
0.063683 0.838799
0.071513 0.852858
0.080023 0.867052
0.089845 0.882398
0.099914 0.897127
0.504921 0.662815
0.510648 0.669335
0.516298 0.675820
0.521920 0.682347
0.527483 0.688885
0.532996 0.695452
0.538442 0.702041
0.543798 0.708625
0.549084 0.715238
0.554269 0.721851
0.559368 0.728484
0.564368 0.735128
1.078627 0.505078
1.081893 0.534414
1.083663 0.565614
1.083820 0.599114
1.082508 0.632200
1.079421 0.671354
1.074689 0.713862
1.068144 0.761518
1.060131 0.812242
1.051031 0.864141
1.040048 0.920792
1.029146 0.971249
0.707617 0.407873
0.716739 0.414243
0.725628 0.420902
0.734200 0.427808
0.742579 0.435085
0.750493 0.442509
0.758050 0.450177
0.765352 0.458217
0.772306 0.466551
0.778861 0.475126
0.784903 0.483797
0.790598 0.492771
0.391590 0.213340
0.397643 0.217810
0.403971 0.222179
0.410513 0.226401
0.417405 0.230592
0.424763 0.234751
0.432292 0.238761
0.440039 0.242654
0.448244 0.246516
0.456715 0.250319
0.465433 0.254023
0.474522 0.257695
0.296634 0.859017
0.306257 0.868168
0.315949 0.877076
0.326166 0.886167
0.336731 0.895274
0.346749 0.903671
0.357157 0.912160
0.367403 0.920309
0.377942 0.928486
0.388051 0.936164
0.398675 0.944053
0.409161 0.951680
0.114476 0.758911
0.119226 0.769507
0.124315 0.780017
0.129646 0.790284
0.135329 0.800493
0.141355 0.810681
0.148128 0.821468
0.155282 0.832214
0.163016 0.843206
0.170930 0.853880
0.179302 0.864633
0.187880 0.875155
0.716058 0.941451
0.715328 0.948444
0.714599 0.955243
0.713870 0.961926
0.713148 0.968457
0.712431 0.974870
0.711699 0.980704
0.711021 0.987334
0.710351 0.993852
0.709705 1.000580
0.709037 1.006381
0.708355 1.011539
0.261484 0.678150
0.266122 0.687160
0.271054 0.696145
0.276306 0.705127
0.281984 0.714297
0.288062 0.723503
0.294554 0.732821
0.301287 0.741974
0.308235 0.750949
0.315217 0.759551
0.322642 0.768304
0.330117 0.776747
0.012712 0.816616
0.018970 0.831298
0.025193 0.844653
0.031816 0.857756
0.038624 0.870328
0.045489 0.882249
0.053190 0.894893
0.061607 0.907994
0.070203 0.920744
0.079108 0.933401
0.088735 0.946558
0.098476 0.959405
0.073950 0.894960
0.082718 0.907968
0.092504 0.921805
0.102156 0.934872
0.112167 0.947912
0.122799 0.961268
0.134180 0.975075
0.146110 0.989073
0.158436 1.003036
0.172128 1.018037
0.186000 1.032713
0.200070 1.047062
0.285572 0.652094
0.286546 0.654062
0.287715 0.656388
0.288691 0.658300
0.289890 0.660629
0.290932 0.662592
0.292125 0.664828
0.293215 0.666837
0.294370 0.668938
0.295569 0.671088
0.296704 0.673095
0.297889 0.675175
0.593846 0.498029
0.604314 0.505870
0.614146 0.513687
0.623962 0.522038
0.633234 0.530521
0.642201 0.539394
0.650576 0.548394
0.658649 0.557868
0.666230 0.567634
0.673330 0.577727
0.679820 0.587951
0.685706 0.598262
0.027458 0.501088
0.023898 0.528559
0.021383 0.553716
0.019782 0.577050
0.018948 0.599327
0.018840 0.619768
0.019369 0.639096
0.020560 0.658514
0.022389 0.677031
0.024623 0.693648
0.027395 0.709865
0.030615 0.725334
0.527011 1.168960
0.533773 1.172312
0.540744 1.175698
0.546611 1.178692
0.552480 1.181656
0.558252 1.184588
0.563604 1.187362
0.568640 1.190028
0.573817 1.192778
0.578628 1.195406
0.583129 1.197939
0.587459 1.200435
0.067503 0.697277
0.069611 0.706970
0.071872 0.716256
0.074305 0.725288
0.076989 0.734369
0.079870 0.743310
0.083187 0.752811
0.086459 0.761433
0.089994 0.770153
0.093702 0.778711
0.097663 0.787306
0.101872 0.795915
1.022125 0.445065
1.027973 0.467072
1.032736 0.489112
1.036617 0.512537
1.039384 0.536463
1.041049 0.561607
1.041546 0.587015
1.040893 0.613779
1.038847 0.644281
1.035901 0.672650
1.031213 0.706636
1.025315 0.741539
0.789192 0.517860
0.794768 0.529814
0.799678 0.542041
0.803982 0.554682
0.807720 0.567882
0.810633 0.580602
0.812934 0.593387
0.814712 0.606611
0.815916 0.619829
0.816616 0.633447
0.816791 0.646809
0.816507 0.660575
0.531790 0.881782
0.534917 0.884738
0.538074 0.887738
0.541162 0.890704
0.544276 0.893714
0.547240 0.896624
0.550163 0.899527
0.553036 0.902412
0.555988 0.905391
0.558915 0.908377
0.561799 0.911356
0.564480 0.914196
0.371580 0.370777
0.375858 0.376223
0.380316 0.381632
0.384942 0.387000
0.389784 0.392366
0.394776 0.397667
0.399903 0.402917
0.405315 0.408207
0.410945 0.413514
0.416770 0.418799
0.422829 0.424104
0.429073 0.429398
0.488883 0.944105
0.490816 0.945532
0.492846 0.947024
0.494717 0.948412
0.496654 0.949842
0.498639 0.951307
0.500466 0.952667
0.502509 0.954173
0.504460 0.955617
0.506432 0.957080
0.508305 0.958477
0.510105 0.959830
0.338572 0.135647
0.338572 0.135647
0.338572 0.135647
0.338572 0.135647
0.338572 0.135647
0.338572 0.135647
0.338572 0.135647
0.338572 0.135647
0.338572 0.135647
0.338572 0.135647
0.338572 0.135647
0.338572 0.135647
