0.093060 0.438324
0.096417 0.440679
0.099665 0.442990
0.102915 0.445367
0.105958 0.447609
0.108829 0.449748
0.111646 0.451888
0.114480 0.454111
0.117309 0.456393
0.120229 0.458836
0.123009 0.461213
0.125802 0.463688
0.128457 0.466093
0.130959 0.468411
0.133392 0.470723
0.135733 0.473019
0.138089 0.475414
0.140461 0.477915
0.142806 0.480489
0.144941 0.482886
0.147047 0.485338
0.149120 0.487844
0.151083 0.490289
0.153013 0.492799
0.154779 0.495172
0.156535 0.497634
0.158193 0.500060
0.159737 0.502398
0.161226 0.504750
0.162711 0.507205
0.164102 0.509598
0.165304 0.511762
0.166466 0.513954
0.167648 0.516296
0.168772 0.518660
0.169789 0.520895
0.170706 0.523017
0.171654 0.525307
0.172457 0.527378
0.173285 0.529627
0.174124 0.532038
0.174955 0.534566
0.175736 0.537125
0.176483 0.539669
0.177115 0.542030
0.177755 0.544482
0.178388 0.547073
0.178988 0.549671
0.179687 0.552821
0.180335 0.555929
0.180990 0.559277
0.181633 0.562690
0.182246 0.566119
0.182874 0.569723
0.183501 0.573521
0.184160 0.577640
0.184818 0.581901
0.185518 0.586605
0.186257 0.591584
0.186933 0.596227
0.187603 0.600851
0.188366 0.606003
0.189131 0.611184
0.189971 0.616771
0.190922 0.622935
0.191877 0.628974
0.192951 0.635407
0.194007 0.641441
0.195191 0.647875
0.196418 0.654120
0.197746 0.660558
0.199235 0.667363
0.200935 0.674654
0.202667 0.681619
0.204583 0.688784
0.206618 0.695905
0.208720 0.702780
0.211001 0.709778
0.213535 0.717068
0.216323 0.724594
0.219353 0.732200
0.222453 0.739571
0.225751 0.746894
0.229259 0.754202
0.232952 0.761519
0.236872 0.768813
0.240940 0.775939
0.245465 0.783509
0.250128 0.790856
0.254981 0.798108
0.259989 0.805191
0.265189 0.812231
0.270613 0.819208
0.275885 0.825667
0.281603 0.832407
0.287518 0.839060
0.293768 0.845808
0.300379 0.852649
0.306607 0.858845
0.313115 0.865088
0.319525 0.871023
0.325609 0.876482
0.333342 0.883190
0.340364 0.889087
0.347470 0.894872
0.354615 0.900523
0.361609 0.905911
0.368927 0.911400
0.376679 0.917050
0.384191 0.922381
0.392082 0.927830
0.400132 0.933231
0.408217 0.938497
0.416423 0.943686
0.424687 0.948750
0.432829 0.953568
0.441257 0.958395
0.449122 0.962758
0.456249 0.966591
0.463711 0.970484
0.471509 0.974366
0.479253 0.978123
0.486050 0.981298
0.493143 0.984490
0.500170 0.987542
0.507421 0.990579
0.514402 0.993401
0.521338 0.996081
0.527426 0.998428
0.533135 1.000524
0.538647 1.002528
0.543884 1.004427
0.550065 1.006544
0.555096 1.008313
0.560464 1.010139
0.565597 1.011874
0.569984 1.013369
0.573830 1.014690
0.577872 1.016073
0.581814 1.017434
0.585723 1.018797
0.588996 1.019930
0.591807 1.020953
0.595102 1.022158
0.598831 1.023540
0.602009 1.024796
0.605331 1.026100
0.607664 1.027063
0.609969 1.028031
0.612320 1.029045
0.613493 1.029566
0.616175 1.030781
0.619065 1.032102
0.621804 1.033375
0.624414 1.034683
0.625733 1.035363
0.626419 1.035771
0.627280 1.036293
0.628935 1.037164
0.631853 1.038757
0.634800 1.040388
0.637402 1.041887
0.638980 1.042845
0.639662 1.043312
0.640630 1.043919
0.641902 1.044736
0.644938 1.046596
0.647972 1.048461
0.651061 1.050401
0.653947 1.052244
0.655359 1.053191
0.656256 1.053845
0.657645 1.054791
0.660162 1.056446
0.663157 1.058400
0.666123 1.060350
0.669369 1.062473
0.671372 1.063826
0.673369 1.065161
0.674960 1.066242
0.676456 1.067261
0.679162 1.069042
0.682807 1.071422
0.686571 1.073880
0.690252 1.076272
0.691559 1.077154
0.692935 1.078083
0.694505 1.079145
0.696651 1.080563
0.700025 1.082733
0.703199 1.084775
0.706662 1.086987
0.709231 1.088633
0.710676 1.089582
0.712476 1.090757
0.714000 1.091759
0.716685 1.093464
0.719851 1.095464
0.722745 1.097287
0.725610 1.099088
