42.721096
43.221096
43.721096
44.221096
44.721096
45.221096
45.721096
46.221096
46.721096
47.221096
74.952363
75.452363
75.952363
76.452363
76.952363
77.452363
77.952363
78.452363
78.952363
79.452363
59.910036
60.410036
60.910036
61.410036
61.910036
62.410036
62.910036
63.410036
63.910036
64.410036
92.960541
93.460541
93.960541
94.460541
94.960541
95.460541
95.960541
96.460541
96.960541
97.460541
47.272498
47.772498
48.272498
48.772498
49.272498
49.772498
50.272498
50.772498
51.272498
51.772498
101.901365
102.401365
102.901365
103.401365
103.901365
104.401365
104.901365
105.401365
105.901365
106.401365
64.092502
64.592502
65.092502
65.592502
66.092502
66.592502
67.092502
67.592502
68.092502
68.592502
64.380978
64.880978
65.380978
65.880978
66.380978
66.880978
67.380978
67.880978
68.380978
68.880978
47.055806
47.555806
48.055806
48.555806
49.055806
49.555806
50.055806
50.555806
51.055806
51.555806
55.838357
56.338357
56.838357
57.338357
57.838357
58.338357
58.838357
59.338357
59.838357
60.338357
80.506556
81.006556
81.506556
82.006556
82.506556
83.006556
83.506556
84.006556
84.506556
85.006556
76.278816
76.778816
77.278816
77.778816
78.278816
78.778816
79.278816
79.778816
80.278816
80.778816
77.535185
78.035185
78.535185
79.035185
79.535185
80.035185
80.535185
81.035185
81.535185
82.035185
60.304404
60.804404
61.304404
61.804404
62.304404
62.804404
63.304404
63.804404
64.304404
64.804404
58.212305
58.712305
59.212305
59.712305
60.212305
60.712305
61.212305
61.712305
62.212305
62.712305
80.532903
81.032903
81.532903
82.032903
82.532903
83.032903
83.532903
84.032903
84.532903
85.032903
63.421968
63.921968
64.421968
64.921968
65.421968
65.921968
66.421968
66.921968
67.421968
67.921968
70.841968
71.341968
71.841968
72.341968
72.841968
73.341968
73.841968
74.341968
74.841968
75.341968
63.873308
64.373308
64.873308
65.373308
65.873308
66.373308
66.873308
67.373308
67.873308
68.373308
58.271523
58.771523
59.271523
59.771523
60.271523
60.771523
61.271523
61.771523
62.271523
62.771523
74.169457
74.669457
75.169457
75.669457
76.169457
76.669457
77.169457
77.669457
78.169457
78.669457
56.382047
56.882047
57.382047
57.882047
58.382047
58.882047
59.382047
59.882047
60.382047
60.882047
33.837897
34.337897
34.837897
35.337897
35.837897
36.337897
36.837897
37.337897
37.837897
38.337897
58.848098
59.348098
59.848098
60.348098
60.848098
61.348098
61.848098
62.348098
62.848098
63.348098
64.155242
64.655242
65.155242
65.655242
66.155242
66.655242
67.155242
67.655242
68.155242
68.655242
83.112416
83.612416
84.112416
84.612416
85.112416
85.612416
86.112416
86.612416
87.112416
87.612416
64.361177
64.861177
65.361177
65.861177
66.361177
66.861177
67.361177
67.861177
68.361177
68.861177
60.813123
61.313123
61.813123
62.313123
62.813123
63.313123
63.813123
64.313123
64.813123
65.313123
71.028746
71.528746
72.028746
72.528746
73.028746
73.528746
74.028746
74.528746
75.028746
75.528746
76.684746
77.184746
77.684746
78.184746
78.684746
79.184746
79.684746
80.184746
80.684746
81.184746
59.781256
60.281256
60.781256
61.281256
61.781256
62.281256
62.781256
63.281256
63.781256
64.281256
64.043485
64.543485
65.043485
65.543485
66.043485
66.543485
67.043485
67.543485
68.043485
68.543485
66.558628
67.058628
67.558628
68.058628
68.558628
69.058628
69.558628
70.058628
70.558628
71.058628
71.978292
72.478292
72.978292
73.478292
73.978292
74.478292
74.978292
75.478292
75.978292
76.478292
57.416039
57.916039
58.416039
58.916039
59.416039
59.916039
60.416039
60.916039
61.416039
61.916039
62.751628
63.251628
63.751628
64.251628
64.751628
65.251628
65.751628
66.251628
66.751628
67.251628
64.845392
65.345392
65.845392
66.345392
66.845392
67.345392
67.845392
68.345392
68.845392
69.345392
43.130026
43.630026
44.130026
44.630026
45.130026
45.630026
46.130026
46.630026
47.130026
47.630026
66.953113
67.453113
67.953113
68.453113
68.953113
69.453113
69.953113
70.453113
70.953113
71.453113
49.984969
50.484969
50.984969
51.484969
51.984969
52.484969
52.984969
53.484969
53.984969
54.484969
79.487153
79.987153
80.487153
80.987153
81.487153
81.987153
82.487153
82.987153
83.487153
83.987153
61.565616
62.065616
62.565616
63.065616
63.565616
64.065616
64.565616
65.065616
65.565616
66.065616
90.701789
91.201789
91.701789
92.201789
92.701789
93.201789
93.701789
94.201789
94.701789
95.201789
47.401991
47.901991
48.401991
48.901991
49.401991
49.901991
50.401991
50.901991
51.401991
51.901991
69.419951
69.919951
70.419951
70.919951
71.419951
71.919951
72.419951
72.919951
73.419951
73.919951
54.737875
55.237875
55.737875
56.237875
56.737875
57.237875
57.737875
58.237875
58.737875
59.237875
67.543777
68.043777
68.543777
69.043777
69.543777
70.043777
70.543777
71.043777
71.543777
72.043777
96.605588
97.105588
97.605588
98.105588
98.605588
99.105588
99.605588
100.105588
100.605588
101.105588
91.104526
91.604526
92.104526
92.604526
93.104526
93.604526
94.104526
94.604526
95.104526
95.604526
76.679367
77.179367
77.679367
78.179367
78.679367
79.179367
79.679367
80.179367
80.679367
81.179367
49.122311
49.622311
50.122311
50.622311
51.122311
51.622311
52.122311
52.622311
53.122311
53.622311
55.017948
55.517948
56.017948
56.517948
57.017948
57.517948
58.017948
58.517948
59.017948
59.517948
54.038323
54.538323
55.038323
55.538323
56.038323
56.538323
57.038323
57.538323
58.038323
58.538323
47.229495
47.729495
48.229495
48.729495
49.229495
49.729495
50.229495
50.729495
51.229495
51.729495
81.071054
81.571054
82.071054
82.571054
83.071054
83.571054
84.071054
84.571054
85.071054
85.571054
72.815889
73.315889
73.815889
74.315889
74.815889
75.315889
75.815889
76.315889
76.815889
77.315889
88.438719
88.938719
89.438719
89.938719
90.438719
90.938719
91.438719
91.938719
92.438719
92.938719
87.579413
88.079413
88.579413
89.079413
89.579413
90.079413
90.579413
91.079413
91.579413
92.079413
66.890042
67.390042
67.890042
68.390042
68.890042
69.390042
69.890042
70.390042
70.890042
71.390042
71.603077
72.103077
72.603077
73.103077
73.603077
74.103077
74.603077
75.103077
75.603077
76.103077
35.483165
35.983165
36.483165
36.983165
37.483165
37.983165
38.483165
38.983165
39.483165
39.983165
72.447045
72.947045
73.447045
73.947045
74.447045
74.947045
75.447045
75.947045
76.447045
76.947045
74.437597
74.937597
75.437597
75.937597
76.437597
76.937597
77.437597
77.937597
78.437597
78.937597
72.331678
72.831678
73.331678
73.831678
74.331678
74.831678
75.331678
75.831678
76.331678
76.831678
87.630947
88.130947
88.630947
89.130947
89.630947
90.130947
90.630947
91.130947
91.630947
92.130947
81.885861
82.385861
82.885861
83.385861
83.885861
84.385861
84.885861
85.385861
85.885861
86.385861
70.191937
70.691937
71.191937
71.691937
72.191937
72.691937
73.191937
73.691937
74.191937
74.691937
51.070480
51.570480
52.070480
52.570480
53.070480
53.570480
54.070480
54.570480
55.070480
55.570480
52.949064
53.449064
53.949064
54.449064
54.949064
55.449064
55.949064
56.449064
56.949064
57.449064
42.678173
43.178173
43.678173
44.178173
44.678173
45.178173
45.678173
46.178173
46.678173
47.178173
65.373908
65.873908
66.373908
66.873908
67.373908
67.873908
68.373908
68.873908
69.373908
69.873908
58.262784
58.762784
59.262784
59.762784
60.262784
60.762784
61.262784
61.762784
62.262784
62.762784
44.636011
45.136011
45.636011
46.136011
46.636011
47.136011
47.636011
48.136011
48.636011
49.136011
40.393072
40.893072
41.393072
41.893072
42.393072
42.893072
43.393072
43.893072
44.393072
44.893072
65.101674
65.601674
66.101674
66.601674
67.101674
67.601674
68.101674
68.601674
69.101674
69.601674
67.764703
68.264703
68.764703
69.264703
69.764703
70.264703
70.764703
71.264703
71.764703
72.264703
73.524904
74.024904
74.524904
75.024904
75.524904
76.024904
76.524904
77.024904
77.524904
78.024904
87.205669
87.705669
88.205669
88.705669
89.205669
89.705669
90.205669
90.705669
91.205669
91.705669
65.846930
66.346930
66.846930
67.346930
67.846930
68.346930
68.846930
69.346930
69.846930
70.346930
66.588998
67.088998
67.588998
68.088998
68.588998
69.088998
69.588998
70.088998
70.588998
71.088998
45.750490
46.250490
46.750490
47.250490
47.750490
48.250490
48.750490
49.250490
49.750490
50.250490
70.138796
70.638796
71.138796
71.638796
72.138796
72.638796
73.138796
73.638796
74.138796
74.638796
70.494737
70.994737
71.494737
71.994737
72.494737
72.994737
73.494737
73.994737
74.494737
74.994737
41.045900
41.545900
42.045900
42.545900
43.045900
43.545900
44.045900
44.545900
45.045900
45.545900
95.527033
96.027033
96.527033
97.027033
97.527033
98.027033
98.527033
99.027033
99.527033
100.027033
50.082682
50.582682
51.082682
51.582682
52.082682
52.582682
53.082682
53.582682
54.082682
54.582682
60.410619
60.910619
61.410619
61.910619
62.410619
62.910619
63.410619
63.910619
64.410619
64.910619
75.710310
76.210310
76.710310
77.210310
77.710310
78.210310
78.710310
79.210310
79.710310
80.210310
66.317680
66.817680
67.317680
67.817680
68.317680
68.817680
69.317680
69.817680
70.317680
70.817680
77.311946
77.811946
78.311946
78.811946
79.311946
79.811946
80.311946
80.811946
81.311946
81.811946
52.071075
52.571075
53.071075
53.571075
54.071075
54.571075
55.071075
55.571075
56.071075
56.571075
78.720445
79.220445
79.720445
80.220445
80.720445
81.220445
81.720445
82.220445
82.720445
83.220445
40.971993
41.471993
41.971993
42.471993
42.971993
43.471993
43.971993
44.471993
44.971993
45.471993
71.470568
71.970568
72.470568
72.970568
73.470568
73.970568
74.470568
74.970568
75.470568
75.970568
42.871010
43.371010
43.871010
44.371010
44.871010
45.371010
45.871010
46.371010
46.871010
47.371010
73.985959
74.485959
74.985959
75.485959
75.985959
76.485959
76.985959
77.485959
77.985959
78.485959
69.056752
69.556752
70.056752
70.556752
71.056752
71.556752
72.056752
72.556752
73.056752
73.556752
95.771931
96.271931
96.771931
97.271931
97.771931
98.271931
98.771931
99.271931
99.771931
100.271931
67.297199
67.797199
68.297199
68.797199
69.297199
69.797199
70.297199
70.797199
71.297199
71.797199
76.850934
77.350934
77.850934
78.350934
78.850934
79.350934
79.850934
80.350934
80.850934
81.350934
