-0.064594
-0.293142
-0.942256
-0.445690
0.019119
-0.059443
0.189144
0.196194
0.241603
0.067185
0.138281
0.058686
0.095723
0.226665
-0.061325
0.113768
0.040825
0.049195
0.174250
-0.056870
-0.206434
0.059484
-0.628128
0.129996
0.320338
0.343027
-0.410405
0.191727
0.190643
-0.166971
-0.265516
0.017814
0.450958
0.166711
0.207841
0.129298
0.245615
-0.017910
0.192820
-0.946319
0.080918
0.207144
0.226602
-1.017106
-0.062242
-0.537373
-0.927876
-0.036593
-0.078069
0.106921
0.016227
-0.322701
0.262430
-0.167183
-0.056018
0.148605
-0.189639
-0.309561
0.352075
0.452946
-0.524536
0.009618
0.066105
-0.045835
0.146982
0.060705
0.120494
-0.305377
-0.225846
-0.322289
0.457922
0.222080
-0.349466
0.071654
0.229470
0.172519
0.194418
-0.062376
-0.675057
0.068411
0.107875
0.147001
0.195527
0.055375
0.162521
-0.184000
0.189390
0.438676
-0.021499
0.094227
0.184949
0.455898
0.051804
0.213765
0.100208
0.259356
0.434333
-0.028211
0.210612
0.123361
