0.335465 0.122561
0.336971 0.123211
0.338533 0.123922
0.339960 0.124534
0.341631 0.125358
0.343508 0.126365
0.345364 0.127366
0.347086 0.128267
0.348703 0.129097
0.350015 0.129707
0.351498 0.130460
0.352840 0.131114
0.354343 0.131907
0.356059 0.132877
0.357799 0.133879
0.359631 0.134952
0.361297 0.135912
0.362782 0.136753
0.364178 0.137532
0.365912 0.138572
0.367548 0.139553
0.369083 0.140473
0.370706 0.141472
0.372219 0.142395
0.373966 0.143492
0.375523 0.144465
0.377137 0.145475
0.378849 0.146567
0.380497 0.147624
0.381923 0.148539
0.383402 0.149507
0.385264 0.150722
0.387049 0.151890
0.388560 0.152884
0.390053 0.153859
0.391751 0.154978
0.393657 0.156233
0.395315 0.157348
0.397406 0.158716
0.399307 0.159964
0.401076 0.161137
0.402816 0.162295
0.404710 0.163530
0.406795 0.164907
0.409413 0.166559
0.412115 0.168285
0.414919 0.170049
0.418020 0.171972
0.420705 0.173663
0.423818 0.175586
0.427024 0.177541
0.430537 0.179676
0.434457 0.182022
0.438572 0.184484
0.442921 0.187048
0.447339 0.189645
0.452063 0.192394
0.456759 0.195113
0.461585 0.197917
0.467303 0.201173
0.473519 0.204681
0.479544 0.208113
0.486026 0.211771
0.492481 0.215426
0.498693 0.218976
0.505503 0.222844
0.512204 0.226708
0.519722 0.231039
0.527108 0.235359
0.534955 0.240015
0.542884 0.244796
0.550622 0.249569
0.558011 0.254247
0.565960 0.259364
0.573753 0.264536
0.581674 0.269927
0.589896 0.275673
0.597988 0.281507
0.605753 0.287288
0.613237 0.293024
0.620477 0.298751
0.628069 0.304868
0.635504 0.311044
0.642741 0.317225
0.650041 0.323584
0.657125 0.329928
0.664126 0.336362
0.670757 0.342575
0.677344 0.348897
0.683899 0.355327
0.690327 0.361788
0.696821 0.368442
0.703100 0.375046
0.709608 0.382070
0.715851 0.388979
0.721799 0.395757
0.727548 0.402493
0.732993 0.409061
0.738886 0.416400
0.744515 0.423664
0.750234 0.431341
0.756284 0.439851
0.760666 0.446230
0.765781 0.454050
0.770662 0.461893
0.775400 0.469928
0.780101 0.478394
0.784340 0.486494
0.788196 0.494340
0.792014 0.502685
0.795417 0.510650
0.798537 0.518514
0.801432 0.526416
0.804063 0.534196
0.806457 0.541907
0.808701 0.549939
0.810602 0.557324
0.812456 0.565418
0.814249 0.574475
0.815703 0.582694
0.816895 0.590515
0.817910 0.597788
0.818869 0.606408
0.819615 0.614209
0.820221 0.621714
0.820700 0.628392
0.821098 0.635017
0.821402 0.641332
0.821684 0.648238
0.821861 0.655543
0.822008 0.662447
0.822141 0.669080
0.822259 0.673600
0.822375 0.679279
0.822491 0.683766
0.822608 0.687975
0.822711 0.692873
0.822814 0.698069
0.822947 0.702170
0.823099 0.705733
0.823266 0.708647
0.823420 0.712110
0.823619 0.715622
0.823814 0.717576
0.823974 0.718125
0.824163 0.718990
0.824290 0.719096
0.824458 0.720339
0.824601 0.721080
0.824709 0.721250
0.824904 0.722810
0.824899 0.721567
0.824797 0.719727
0.824642 0.717862
0.824484 0.715904
0.824439 0.715570
0.824490 0.715798
0.824515 0.715533
0.824325 0.714162
0.823875 0.711197
0.823364 0.708232
0.822899 0.705718
0.822620 0.704461
0.822546 0.704263
0.822423 0.703819
0.822278 0.703124
0.821669 0.700729
0.821055 0.698570
0.820444 0.696532
0.819912 0.694923
0.819885 0.695135
0.820150 0.696075
0.820372 0.696784
0.820261 0.696567
0.820026 0.696105
0.819884 0.695908
0.819705 0.695697
0.820216 0.697017
0.820936 0.698750
0.822070 0.701168
0.823501 0.703984
0.824319 0.705601
0.824573 0.706215
0.824754 0.706682
0.825146 0.707541
0.827588 0.711679
0.830337 0.716063
0.833207 0.720389
0.835723 0.724077
0.836992 0.726017
0.838640 0.728440
0.839887 0.730290
0.842352 0.733727
0.846553 0.739318
0.850493 0.744442
0.854977 0.750143
0.857962 0.754006
0.859897 0.756535
0.862420 0.759792
0.864987 0.763091
