0.146363 0.361444
0.149922 0.363906
0.153441 0.366384
0.156965 0.368927
0.160406 0.371447
0.163778 0.373961
0.167123 0.376504
0.170474 0.379118
0.173819 0.381789
0.177195 0.384558
0.180510 0.387336
0.183827 0.390193
0.187079 0.393052
0.190260 0.395913
0.193401 0.398802
0.196499 0.401726
0.199594 0.404728
0.202687 0.407811
0.205766 0.410969
0.208741 0.414091
0.211695 0.417276
0.214626 0.420527
0.217496 0.423791
0.220346 0.427132
0.223112 0.430465
0.225864 0.433882
0.228565 0.437339
0.231197 0.440803
0.233791 0.444321
0.236372 0.447932
0.238890 0.451560
0.241301 0.455149
0.243676 0.458797
0.246045 0.462557
0.248371 0.466380
0.250613 0.470183
0.252778 0.473981
0.254933 0.477879
0.256983 0.481728
0.259021 0.485685
0.261041 0.489740
0.263027 0.493869
0.264961 0.498042
0.266833 0.502203
0.268609 0.506320
0.270348 0.510462
0.272056 0.514677
0.273711 0.518896
0.275408 0.523342
0.277041 0.527761
0.278660 0.532280
0.280238 0.536799
0.281771 0.541307
0.283288 0.545853
0.284790 0.550469
0.286299 0.555188
0.287792 0.559939
0.289311 0.564850
0.290843 0.569825
0.292305 0.574640
0.293748 0.579418
0.295251 0.584357
0.296746 0.589291
0.298290 0.594349
0.299909 0.599596
0.301516 0.604777
0.303192 0.610061
0.304835 0.615165
0.306553 0.620389
0.308281 0.625500
0.310065 0.630665
0.311938 0.635939
0.313927 0.641362
0.315920 0.646647
0.318004 0.651962
0.320143 0.657231
0.322309 0.662379
0.324565 0.667540
0.326945 0.672776
0.329446 0.678067
0.332056 0.683329
0.334704 0.688520
0.337444 0.693633
0.340278 0.698684
0.343209 0.703749
0.346245 0.708745
0.349352 0.713621
0.352671 0.718668
0.356058 0.723574
0.359545 0.728414
0.363108 0.733128
0.366782 0.737830
0.370565 0.742447
0.374308 0.746812
0.378268 0.751277
0.382317 0.755630
0.386531 0.759989
0.390914 0.764334
0.395177 0.768390
0.399573 0.772411
0.403958 0.776263
0.408254 0.779897
0.413173 0.783899
0.417865 0.787571
0.422590 0.791125
0.427344 0.794570
0.432049 0.797862
0.436867 0.801119
0.441869 0.804382
0.446783 0.807481
0.451839 0.810570
0.456953 0.813594
0.462081 0.816532
0.467252 0.819412
0.472444 0.822224
0.477619 0.824944
0.482880 0.827648
0.487944 0.830197
0.492752 0.832569
0.497666 0.834964
0.502765 0.837388
0.507806 0.839781
0.512546 0.841996
0.517411 0.844251
0.522269 0.846493
0.527230 0.848780
0.532112 0.851032
0.537031 0.853290
0.541590 0.855429
0.546080 0.857522
0.550483 0.859612
0.554763 0.861688
0.559490 0.863980
0.563718 0.866104
0.568125 0.868341
0.572452 0.870585
0.576486 0.872734
0.580306 0.874820
0.584212 0.877002
0.588080 0.879221
0.591936 0.881494
0.595561 0.883677
0.598959 0.885803
0.602554 0.888107
0.606323 0.890587
0.609822 0.892989
0.613402 0.895492
0.616558 0.897782
0.619689 0.900112
0.622822 0.902507
0.625484 0.904602
0.628685 0.907176
0.631976 0.909872
0.635210 0.912578
0.638303 0.915265
0.640909 0.917584
0.643211 0.919705
0.645529 0.921888
0.648193 0.924373
0.651260 0.927279
0.654331 0.930226
0.657233 0.933071
0.659711 0.935559
0.661821 0.937729
0.664042 0.940008
0.666324 0.942378
0.669209 0.945347
0.672115 0.948346
0.674987 0.951338
0.677758 0.954246
0.679959 0.956595
0.681925 0.958722
0.684077 0.961029
0.686621 0.963732
0.689321 0.966586
0.691992 0.969413
0.694773 0.972344
0.697036 0.974751
0.699327 0.977174
0.701431 0.979403
0.703487 0.981575
0.705976 0.984173
0.708801 0.987103
0.711643 0.990040
0.714492 0.992970
0.716394 0.994939
0.718332 0.996940
0.720331 0.999000
0.722539 1.001257
0.725203 1.003952
0.727806 1.006581
0.730495 1.009280
0.732833 1.011623
0.734725 1.013524
0.736744 1.015549
0.738625 1.017431
0.740990 1.019782
0.743494 1.022261
0.745905 1.024645
0.748299 1.027007
