0.721424 0.992819
0.722137 0.992636
0.723181 0.992376
0.724224 0.992045
0.724957 0.991924
0.725929 0.991621
0.726522 0.991521
0.727364 0.991310
0.586466 0.602765
0.588524 0.604710
0.590565 0.606748
0.592549 0.608736
0.594577 0.610868
0.596590 0.613014
0.598549 0.615166
0.600328 0.617202
0.108768 0.790006
0.115155 0.800683
0.122044 0.811222
0.129721 0.821991
0.137682 0.832247
0.147555 0.843913
0.157986 0.855161
0.170016 0.866978
0.567980 0.359391
0.573199 0.361129
0.577945 0.362802
0.583123 0.364740
0.588847 0.366993
0.594087 0.369188
0.599206 0.371433
0.604433 0.373838
0.542511 0.660100
0.547800 0.663205
0.553012 0.666435
0.558098 0.669764
0.563033 0.673178
0.567865 0.676696
0.572557 0.680295
0.577146 0.683992
0.274510 0.274433
0.272001 0.273938
0.269897 0.273576
0.267388 0.273179
0.264840 0.272820
0.262307 0.272519
0.259212 0.272172
0.256580 0.271932
0.749539 1.008198
0.752065 1.007474
0.752609 1.007697
0.755574 1.006782
0.755799 1.007117
0.758565 1.006332
0.758889 1.006552
0.761120 1.005960
0.551314 0.953660
0.553504 0.953513
0.555640 0.953368
0.558866 0.953082
0.561799 0.952792
0.564917 0.952476
0.566667 0.952328
0.568742 0.952132
0.516379 0.786342
0.524722 0.788439
0.532482 0.790412
0.540025 0.792355
0.547342 0.794291
0.554094 0.796190
0.561001 0.798178
0.567470 0.800174
0.637821 0.551815
0.639585 0.554321
0.641523 0.557077
0.643688 0.560212
0.645639 0.563163
0.647148 0.565554
0.648832 0.568334
0.650486 0.571062
0.474828 0.897801
0.485424 0.899107
0.495784 0.900077
0.504985 0.900731
0.514388 0.901171
0.522717 0.901428
0.530807 0.901550
0.538199 0.901575
0.281172 0.877388
0.293088 0.885432
0.306502 0.893655
0.320631 0.901505
0.336226 0.909273
0.351249 0.915965
0.367014 0.922215
0.382795 0.927739
0.831728 0.541797
0.836800 0.555022
0.840210 0.565877
0.843035 0.576828
0.845051 0.586613
0.846665 0.596959
0.847578 0.605974
0.848171 0.614769
0.240095 0.283716
0.244488 0.280461
0.247727 0.278258
0.252255 0.274739
0.257345 0.270590
0.261480 0.267407
0.266565 0.263245
0.272099 0.258696
0.338259 0.830290
0.346441 0.836165
0.354823 0.841753
0.363017 0.846824
0.371672 0.851800
0.380763 0.856612
0.389557 0.860889
0.398781 0.865002
0.597272 0.564702
0.599596 0.566954
0.601886 0.569221
0.603955 0.571410
0.606014 0.573628
0.608084 0.575917
0.610177 0.578266
0.612340 0.580817
0.724409 1.000151
0.726507 0.999373
0.726830 0.999347
0.726509 0.999643
0.727239 0.999492
0.728334 0.999104
0.729619 0.998697
0.729406 0.998904
0.701424 1.022587
0.704425 1.021646
0.706905 1.020856
0.708278 1.020507
0.710029 1.020017
0.712679 1.019117
0.715156 1.018303
0.716417 1.017953
0.545061 0.387096
0.553908 0.389345
0.562887 0.391990
0.572034 0.395069
0.581166 0.398539
0.591153 0.402783
0.600022 0.406979
0.609089 0.411681
0.566482 0.410236
0.578113 0.414622
0.590372 0.420000
0.601746 0.425748
0.613650 0.432558
0.624877 0.439801
0.635974 0.447811
0.646083 0.455944
0.588057 0.351002
0.604498 0.358025
0.619552 0.365359
0.635150 0.373881
0.651543 0.383877
0.668133 0.395165
0.684543 0.407582
0.701268 0.421672
0.520377 0.755721
0.522846 0.756526
0.525154 0.757283
0.527423 0.758054
0.529792 0.758834
0.532238 0.759658
0.534567 0.760446
0.536759 0.761207
0.630849 0.554085
0.632931 0.556809
0.635142 0.559773
0.637189 0.562629
0.638859 0.565058
0.640610 0.567728
0.642592 0.570741
0.644390 0.573595
0.340193 0.803022
0.349392 0.810384
0.358619 0.817166
0.368952 0.824123
0.378640 0.830042
0.389382 0.836022
0.399601 0.841161
0.410375 0.846025
0.626099 0.528639
0.628271 0.531058
0.630647 0.533733
0.633310 0.536868
0.635401 0.539449
0.637304 0.541892
0.639363 0.544589
0.641671 0.547668
0.529373 0.795461
0.531554 0.795991
0.533643 0.796504
0.535961 0.797055
0.538222 0.797595
0.540442 0.798132
0.542508 0.798645
0.544527 0.799161
0.710433 0.507679
0.713250 0.512174
0.715994 0.516718
0.718252 0.520749
0.719992 0.523957
0.721837 0.527556
0.724086 0.531996
0.726055 0.536099
0.526342 0.954409
0.535308 0.954132
0.543603 0.953738
0.551290 0.953248
0.559247 0.952579
0.566596 0.951868
0.573008 0.951197
0.579639 0.950400
0.259896 0.809713
0.266834 0.817475
0.273933 0.824876
0.282283 0.832962
0.291389 0.841135
0.300519 0.848674
0.310790 0.856477
0.321680 0.864064
0.577480 0.617391
0.579492 0.619195
0.581430 0.620937
0.583666 0.623003
0.585677 0.624894
0.587681 0.626878
0.589591 0.628807
0.591501 0.630751
0.213686 0.699432
0.216762 0.706342
0.218529 0.710299
0.220220 0.714000
0.222998 0.719934
0.226266 0.726606
0.229211 0.732425
0.231598 0.737016
0.696867 0.480428
0.704587 0.490339
0.711236 0.499748
0.717528 0.509529
0.723225 0.519325
0.728231 0.528891
0.732159 0.537302
0.735967 0.546277
0.562537 0.958449
0.565541 0.958129
0.569262 0.957683
0.571186 0.957502
0.572751 0.957383
0.575103 0.957102
0.577962 0.956744
0.580203 0.956456
0.613908 0.466312
0.622966 0.473099
0.631602 0.480312
0.639741 0.487812
0.647450 0.495649
0.655372 0.504499
0.662751 0.513613
0.669032 0.522308
0.740817 1.014387
0.741553 1.014262
0.742995 1.013752
0.743837 1.013546
0.744571 1.013417
0.746242 1.012783
0.747209 1.012511
0.747277 1.012666
0.401119 0.658703
0.407164 0.661629
0.413397 0.664560
0.419746 0.667445
0.426238 0.670325
0.432789 0.673162
0.439443 0.675955
0.446063 0.678664
0.509513 0.702963
0.515208 0.705295
0.520839 0.707635
0.526338 0.709971
0.531804 0.712400
0.537183 0.714852
0.542427 0.717336
0.547541 0.719855
0.239365 0.864228
0.253821 0.875971
0.266728 0.885398
0.282990 0.896074
0.298537 0.905183
0.316205 0.914424
0.334233 0.922753
0.353128 0.930425
0.277861 0.667411
0.280799 0.671596
0.283626 0.675608
0.286638 0.679832
0.290340 0.684930
0.294081 0.689996
0.297906 0.695087
0.301628 0.699948
0.494451 0.409823
0.504408 0.410224
0.514781 0.411112
0.525793 0.412592
0.536253 0.414522
0.547479 0.417184
0.558835 0.420517
0.570238 0.424536
0.575764 0.641807
0.577835 0.643629
0.579834 0.645392
0.581860 0.647265
0.583837 0.649116
0.585783 0.650985
0.587627 0.652812
0.589551 0.654715
0.644128 0.508794
0.650161 0.515824
0.655407 0.522493
0.660090 0.528950
0.664841 0.536009
0.669218 0.542977
0.673608 0.550578
0.677358 0.557599
0.751782 0.525493
0.754061 0.530279
0.755992 0.534590
0.757469 0.538047
0.758852 0.541568
0.760699 0.546198
0.762267 0.550554
0.763218 0.553434
0.254887 0.360859
0.257783 0.359538
0.260023 0.358509
0.262285 0.357445
0.264370 0.356460
0.265980 0.355721
0.269032 0.354175
0.271057 0.353165
0.352381 0.324496
0.356646 0.322269
0.359874 0.320664
0.363857 0.318714
0.367923 0.316768
0.372956 0.314433
0.376229 0.313012
0.382093 0.310497
0.407819 0.781037
0.417169 0.785993
0.426890 0.790699
0.436447 0.794878
0.446091 0.798681
0.456014 0.802229
0.465553 0.805264
0.475284 0.808068
0.617848 0.424611
0.629109 0.431831
0.639743 0.439427
0.649705 0.447268
0.660320 0.456459
0.670174 0.465905
0.680166 0.476499
0.688563 0.486413
0.411763 0.387349
0.418964 0.385256
0.427009 0.383124
0.435962 0.381027
0.444113 0.379369
0.452745 0.377890
0.461474 0.376686
0.470865 0.375735
0.772944 0.543663
0.776731 0.554448
0.779366 0.563286
0.782048 0.573781
0.784025 0.583171
0.785699 0.592781
0.786923 0.601744
0.787834 0.610142
0.621729 0.932639
0.623752 0.932571
0.625668 0.932521
0.627542 0.932476
0.630376 0.932218
0.633448 0.931908
0.636979 0.931498
0.638663 0.931491
0.584601 0.719031
0.586342 0.720441
0.588036 0.721825
0.589770 0.723282
0.591459 0.724715
0.593080 0.726113
0.594728 0.727571
0.596305 0.728975
0.600835 0.509235
0.608230 0.515369
0.615872 0.522335
0.623055 0.529574
0.629667 0.536978
0.636355 0.545218
0.642564 0.553644
0.647910 0.561707
0.474107 0.688939
0.480660 0.691440
0.487233 0.693939
0.493746 0.696454
0.500219 0.698965
0.506615 0.701486
0.512924 0.704024
0.519168 0.706583
0.602847 0.695744
0.604484 0.697612
0.606015 0.699373
0.607516 0.701174
0.608972 0.702934
0.610483 0.704759
0.611972 0.706585
0.613352 0.708314
0.595101 0.800809
0.596650 0.801560
0.598115 0.802302
0.599662 0.803064
0.601070 0.803805
0.602600 0.804575
0.603941 0.805308
0.605429 0.806083
0.431681 0.346138
0.438792 0.344615
0.446352 0.343220
0.453769 0.342079
0.462271 0.341048
0.471281 0.340280
0.479469 0.339872
0.489041 0.339745
0.336933 0.354387
0.343490 0.350848
0.348951 0.348000
0.353499 0.345709
0.359605 0.342658
0.366674 0.339242
0.372279 0.336681
0.378360 0.334014
0.728765 0.997994
0.729934 0.997855
0.731041 0.997661
0.733184 0.997041
0.734830 0.996634
0.736763 0.996100
0.738388 0.995702
0.739130 0.995674
0.438251 0.560183
0.445567 0.560884
0.453161 0.561714
0.460596 0.562639
0.468130 0.563728
0.476229 0.565091
0.483858 0.566557
0.491627 0.568279
0.752955 1.006438
0.752733 1.006714
0.754824 1.005852
0.756458 1.005247
0.755693 1.005726
0.754892 1.006263
0.755817 1.005929
0.757717 1.005205
0.428288 0.923864
0.433051 0.924921
0.437151 0.925798
0.441048 0.926580
0.445798 0.927478
0.450804 0.928349
0.454928 0.929021
0.458733 0.929611
0.496403 0.537609
0.499035 0.538136
0.501875 0.538741
0.504628 0.539364
0.507442 0.540042
0.510107 0.540713
0.512775 0.541436
0.515599 0.542239
0.112254 0.630783
0.112777 0.633093
0.113037 0.634242
0.114531 0.640500
0.114885 0.642261
0.115617 0.645494
0.117133 0.651984
0.117419 0.653228
0.701160 0.582506
0.702009 0.585069
0.703174 0.588612
0.704079 0.591460
0.705033 0.594675
0.705946 0.597786
0.706751 0.600696
0.707679 0.604012
0.583552 0.536378
0.589839 0.541225
0.595924 0.546376
0.601764 0.551747
0.607581 0.557545
0.613013 0.563445
0.618395 0.569753
0.623415 0.576141
0.769623 0.562577
0.770791 0.566759
0.771643 0.569935
0.772521 0.573586
0.773326 0.577044
0.774038 0.580211
0.774806 0.584026
0.775410 0.587247
0.607258 0.531522
0.609424 0.533606
0.611940 0.536039
0.614527 0.538622
0.616699 0.540900
0.618883 0.543262
0.621041 0.545669
0.623288 0.548214
0.699005 0.513854
0.705569 0.524957
0.712242 0.537597
0.716421 0.546890
0.721293 0.558754
0.724511 0.568050
0.727547 0.577783
0.730181 0.587609
0.234063 0.890816
0.250492 0.902058
0.270030 0.913896
0.289964 0.924520
0.312073 0.934818
0.336060 0.944465
0.359543 0.952547
0.384500 0.959793
0.315778 0.538793
0.319771 0.539355
0.323862 0.539897
0.328003 0.540409
0.332298 0.540895
0.336664 0.541346
0.341057 0.541765
0.345995 0.542171
0.427801 0.189073
0.434562 0.188973
0.441521 0.189039
0.448604 0.189306
0.457302 0.189836
0.465588 0.190598
0.472293 0.191386
0.482244 0.192743
0.502935 0.181537
0.513539 0.183965
0.528431 0.187771
0.543745 0.192120
0.556424 0.196109
0.570486 0.200853
0.592297 0.208848
0.616339 0.218626
0.191410 0.278357
0.192813 0.278420
0.194542 0.278172
0.195158 0.278697
0.195992 0.279093
0.198017 0.278540
0.200655 0.277430
0.202603 0.276859
0.584434 0.334076
0.590966 0.336628
0.598505 0.339765
0.605620 0.342903
0.611793 0.345769
0.618230 0.348893
0.626073 0.352903
0.632553 0.356381
0.220966 0.288716
0.222765 0.288088
0.224517 0.287480
0.228126 0.285241
0.230154 0.284362
0.233280 0.282386
0.237480 0.279335
0.240169 0.277687
0.726880 0.998927
0.728451 0.998580
0.729854 0.998301
0.731384 0.997991
0.732557 0.997797
0.734183 0.997400
0.735356 0.997157
0.736845 0.996809
0.753123 1.026717
0.754940 1.026091
0.756768 1.025476
0.757843 1.025227
0.759527 1.024646
0.760567 1.024382
0.762167 1.023856
0.762853 1.023780
0.642467 1.014169
0.646900 1.013146
0.650160 1.012381
0.653204 1.011672
0.655627 1.011099
0.659314 1.010132
0.662472 1.009294
0.664308 1.008864
0.243688 0.327535
0.245098 0.327012
0.245672 0.326960
0.246427 0.326786
0.249734 0.325081
0.253292 0.323139
0.256391 0.321418
0.258133 0.320587
0.198854 0.841721
0.209753 0.853014
0.221477 0.864033
0.235094 0.875564
0.249355 0.886414
0.263332 0.896007
0.281729 0.907289
0.297902 0.916107
0.600971 0.768922
0.602445 0.770014
0.603937 0.771132
0.605455 0.772263
0.606854 0.773354
0.608310 0.774474
0.609692 0.775571
0.611099 0.776684
0.624020 0.388046
0.639618 0.397326
0.654802 0.407503
0.670802 0.419505
0.685376 0.431738
0.699244 0.444759
0.713293 0.459505
0.724723 0.473026
0.226845 0.789383
0.234291 0.799814
0.241758 0.809428
0.249886 0.819018
0.258036 0.827865
0.267456 0.837246
0.278041 0.846884
0.289521 0.856392
0.765490 0.610127
0.766074 0.615169
0.766537 0.620347
0.767053 0.626024
0.767098 0.628909
0.767706 0.635704
0.767816 0.639476
0.768072 0.645022
0.211897 0.288910
0.212344 0.289278
0.212719 0.289688
0.214640 0.289066
0.216936 0.288120
0.218573 0.287625
0.219989 0.287285
0.221992 0.286461
0.678072 0.526150
0.680281 0.529619
0.682035 0.532604
0.683676 0.535462
0.685727 0.539014
0.687932 0.543049
0.689957 0.546842
0.691327 0.549706
0.792621 0.730014
0.792690 0.733350
0.792840 0.736526
0.792930 0.738898
0.792875 0.740067
0.793178 0.743460
0.793119 0.744360
0.792930 0.744464
0.460898 0.567238
0.469286 0.568566
0.477542 0.570066
0.486121 0.571873
0.494577 0.573916
0.503034 0.576280
0.511454 0.578965
0.519807 0.581995
0.808871 0.597592
0.809318 0.601063
0.809436 0.603205
0.809785 0.606772
0.810199 0.611205
0.810473 0.614983
0.810505 0.616857
0.810456 0.618094
0.108315 0.711946
0.110388 0.718884
0.112506 0.725565
0.114808 0.732383
0.117681 0.740326
0.120169 0.746781
0.123588 0.755066
0.127031 0.762835
0.622979 0.603006
0.628303 0.611052
0.633215 0.619097
0.638013 0.627608
0.642248 0.635764
0.646270 0.644033
0.649810 0.651918
0.653152 0.659742
0.400904 0.744897
0.408265 0.749319
0.415608 0.753455
0.423228 0.757477
0.430464 0.761043
0.437872 0.764459
0.445594 0.767790
0.453391 0.770919
0.227598 0.762698
0.229520 0.765918
0.234022 0.773214
0.236378 0.776873
0.240349 0.782788
0.243465 0.787208
0.247675 0.792993
0.251991 0.798622
0.257683 0.227898
0.260399 0.225461
0.262974 0.223231
0.265143 0.221415
0.267449 0.219510
0.269987 0.217422
0.273421 0.214536
0.276431 0.212120
0.802216 0.667474
0.801858 0.669619
0.801533 0.673845
0.801227 0.679739
0.800908 0.684718
0.800548 0.686288
0.800162 0.689007
0.799934 0.694243
0.767112 0.517580
0.768929 0.521258
0.770734 0.525002
0.773253 0.530368
0.775658 0.535825
0.777194 0.539545
0.778389 0.542765
0.780134 0.547337
0.600991 0.967328
0.601932 0.967247
0.603733 0.966980
0.606112 0.966538
0.609064 0.965957
0.610961 0.965642
0.612587 0.965353
0.615045 0.964859
0.678385 0.488968
0.681634 0.492948
0.684762 0.496946
0.686948 0.499866
0.689259 0.503107
0.691927 0.506902
0.694405 0.510578
0.696748 0.514196
0.519732 0.335795
0.533520 0.338018
0.548179 0.341198
0.563259 0.345335
0.580488 0.351123
0.597820 0.358081
0.615078 0.366159
0.633434 0.376035
0.610908 0.626372
0.616141 0.633551
0.620796 0.640469
0.625577 0.647888
0.629842 0.655104
0.633820 0.662229
0.637672 0.669456
0.641096 0.676288
0.719593 0.999711
0.720088 0.999678
0.719802 0.999935
0.720399 0.999818
0.722220 0.999149
0.724200 0.998397
0.723899 0.998690
0.723523 0.999009
0.169166 0.716100
0.171231 0.721736
0.173786 0.728362
0.176461 0.734994
0.179268 0.741610
0.182691 0.749239
0.185650 0.755491
0.189604 0.763382
0.776905 1.013316
0.776377 1.013705
0.777028 1.013640
0.776659 1.013952
0.777204 1.013968
0.777001 1.014158
0.776190 1.014601
0.776613 1.014606
0.540044 0.775302
0.545139 0.776915
0.549924 0.778497
0.554828 0.780142
0.559631 0.781808
0.564235 0.783478
0.568627 0.785154
0.572913 0.786853
0.203422 0.797621
0.209541 0.806329
0.215793 0.814595
0.222425 0.822755
0.229809 0.831182
0.238232 0.840101
0.247555 0.849204
0.257151 0.857802
0.409770 0.421644
0.416796 0.419701
0.423840 0.417891
0.431351 0.416125
0.439947 0.414334
0.448025 0.412879
0.456140 0.411654
0.464570 0.410641
0.754997 1.017514
0.756472 1.016979
0.757927 1.016510
0.758231 1.016531
0.758221 1.016758
0.759343 1.016381
0.761095 1.015730
0.762226 1.015410
0.496855 0.846211
0.499753 0.846644
0.502303 0.847020
0.504685 0.847369
0.507597 0.847751
0.510516 0.848116
0.513048 0.848434
0.515403 0.848728
0.706096 0.549419
0.710737 0.560271
0.713874 0.569001
0.717245 0.579102
0.720053 0.588728
0.722446 0.598066
0.724382 0.606793
0.726672 0.617568
0.369929 0.404864
0.375993 0.402428
0.383331 0.399567
0.388595 0.397618
0.396292 0.394855
0.403968 0.392260
0.410734 0.390130
0.418385 0.387890
0.590598 0.781463
0.592291 0.782387
0.593728 0.783241
0.595251 0.784129
0.596888 0.785062
0.598486 0.785989
0.599917 0.786874
0.601416 0.787784
0.379373 0.690298
0.386275 0.694916
0.393583 0.699630
0.401011 0.704177
0.408636 0.708614
0.416537 0.712977
0.424468 0.717102
0.432527 0.721093
0.493352 0.653751
0.500560 0.656527
0.507699 0.659405
0.514790 0.662446
0.521765 0.665582
0.528623 0.668848
0.535356 0.672250
0.541931 0.675782
0.655855 0.583790
0.657598 0.587040
0.658856 0.589672
0.659864 0.591844
0.661458 0.595165
0.663050 0.598526
0.664412 0.601508
0.665412 0.603995
0.720088 0.995079
0.721812 0.994535
0.722337 0.994551
0.724792 0.993714
0.723835 0.994370
0.727610 0.992996
0.726039 0.993911
0.729809 0.992467
0.572109 0.498933
0.581640 0.504511
0.590548 0.510451
0.599226 0.516996
0.607871 0.524327
0.615684 0.531769
0.623469 0.540073
0.631125 0.549149
0.406735 0.616849
0.413539 0.619007
0.420485 0.621161
0.427487 0.623297
0.434627 0.625457
0.441840 0.627632
0.449164 0.629849
0.456582 0.632111
0.350961 0.371939
0.355621 0.369695
0.361935 0.366703
0.368127 0.363858
0.373583 0.361442
0.379345 0.358985
0.386077 0.356227
0.392581 0.353710
0.379467 0.841948
0.390539 0.847737
0.400883 0.852595
0.411967 0.857279
0.422765 0.861327
0.433544 0.864893
0.444197 0.867988
0.454836 0.870660
0.303098 0.804112
0.311139 0.811872
0.319793 0.819637
0.329038 0.827268
0.338306 0.834308
0.348816 0.841629
0.359192 0.848212
0.368867 0.853819
0.518245 0.733448
0.525771 0.736281
0.533139 0.739134
0.540282 0.741991
0.547198 0.744907
0.553930 0.747866
0.560262 0.750813
0.566616 0.753912
0.450437 0.568415
0.458078 0.569482
0.465613 0.570652
0.473396 0.572037
0.481273 0.573616
0.489165 0.575429
0.496889 0.577430
0.504794 0.579751
0.465083 0.902276
0.468289 0.902783
0.471758 0.903288
0.475554 0.903796
0.479152 0.904238
0.482369 0.904615
0.486050 0.904995
0.489273 0.905308
0.550147 0.823288
0.554572 0.824097
0.558646 0.824894
0.562940 0.825721
0.566844 0.826546
0.570247 0.827352
0.574499 0.828237
0.578043 0.829093
0.560959 0.613836
0.567171 0.618386
0.573024 0.623045
0.578703 0.627921
0.584324 0.633066
0.589752 0.638453
0.594980 0.643977
0.599996 0.649635
0.207370 0.793743
0.214445 0.803922
0.222016 0.813909
0.229529 0.822996
0.238982 0.833513
0.248494 0.843176
0.259047 0.852946
0.270821 0.862848
0.259560 0.319708
0.263514 0.317297
0.266835 0.315271
0.269150 0.313954
0.273771 0.310851
0.276793 0.308960
0.279850 0.306992
0.285207 0.303162
0.633058 1.044642
0.640398 1.043447
0.647348 1.042202
0.654506 1.040800
0.660939 1.039447
0.665420 1.038497
0.669239 1.037678
0.674174 1.036499
0.543466 0.829774
0.545770 0.830118
0.548122 0.830457
0.550001 0.830778
0.551821 0.831094
0.553919 0.831427
0.556087 0.831768
0.558076 0.832096
0.185638 0.767321
0.189770 0.774943
0.193914 0.782135
0.198568 0.789714
0.204471 0.798683
0.210930 0.807774
0.217565 0.816418
0.224943 0.825322
0.417008 0.328300
0.425997 0.325965
0.435129 0.323949
0.444618 0.322220
0.455898 0.320658
0.466143 0.319706
0.478776 0.319129
0.490894 0.319194
0.391372 0.665333
0.398321 0.669131
0.405466 0.672880
0.412823 0.676597
0.420332 0.680243
0.427934 0.683777
0.435797 0.687325
0.443434 0.690622
0.119166 0.693735
0.120971 0.700432
0.122786 0.706882
0.124677 0.713277
0.127000 0.720654
0.129351 0.727693
0.131911 0.734900
0.135048 0.743142
0.741316 0.463962
0.753294 0.479279
0.762977 0.493217
0.771346 0.506743
0.778659 0.520277
0.783952 0.531537
0.788884 0.543541
0.792535 0.554015
0.357898 0.433127
0.363916 0.430835
0.370055 0.428532
0.375633 0.426487
0.381022 0.424553
0.386135 0.422769
0.392804 0.420491
0.399667 0.418250
0.215790 0.784713
0.217186 0.786866
0.219153 0.789812
0.221585 0.793422
0.224170 0.797110
0.226471 0.800274
0.228726 0.803340
0.231310 0.806705
0.543248 0.518453
0.550557 0.521586
0.557603 0.524972
0.564915 0.528927
0.571786 0.533058
0.578496 0.537518
0.585053 0.542319
0.591393 0.547415
0.556433 0.917200
0.562020 0.917000
0.569177 0.916546
0.574380 0.916331
0.581059 0.915835
0.586408 0.915531
0.591268 0.915311
0.596346 0.915009
0.514177 0.512234
0.522021 0.514196
0.529945 0.516545
0.537851 0.519275
0.545705 0.522411
0.553232 0.525830
0.561038 0.529830
0.568469 0.534117
0.464453 0.909208
0.468825 0.909844
0.472464 0.910335
0.475962 0.910781
0.479672 0.911207
0.483159 0.911579
0.486352 0.911894
0.489648 0.912190
0.667145 1.027628
0.679886 1.024310
0.689607 1.021587
0.697124 1.019456
0.704976 1.017002
0.710367 1.015420
0.717300 1.013110
0.722176 1.011556
0.396111 0.362727
0.402256 0.360568
0.408804 0.358412
0.415521 0.356361
0.423251 0.354197
0.430962 0.352277
0.438654 0.350602
0.446356 0.349159
0.212628 0.294894
0.213891 0.294708
0.215093 0.294522
0.215681 0.294569
0.215337 0.295122
0.215135 0.295625
0.214391 0.296456
0.215539 0.296309
0.524612 0.784889
0.526864 0.785485
0.529263 0.786103
0.531761 0.786750
0.534068 0.787358
0.536128 0.787926
0.538379 0.788527
0.540626 0.789132
0.607556 0.560384
0.609725 0.562678
0.611920 0.565124
0.614052 0.567555
0.616138 0.570010
0.617980 0.572279
0.620129 0.574908
0.622283 0.577690
0.829401 0.535390
0.836526 0.552657
0.840756 0.565837
0.843554 0.576851
0.845859 0.588212
0.847371 0.598996
0.848435 0.610019
0.848879 0.619385
0.539878 0.733622
0.542140 0.734587
0.544435 0.735600
0.546567 0.736563
0.548650 0.737519
0.550812 0.738516
0.552939 0.739513
0.555044 0.740516
0.565518 0.514034
0.568294 0.515545
0.570992 0.517104
0.573860 0.518797
0.576572 0.520496
0.578944 0.522037
0.581696 0.523857
0.584371 0.525734
0.570926 0.712136
0.572877 0.713503
0.574762 0.714826
0.576668 0.716211
0.578504 0.717565
0.580293 0.718898
0.582135 0.720310
0.583902 0.721670
0.589392 0.737500
0.591066 0.738821
0.592698 0.740114
0.594394 0.741475
0.596027 0.742808
0.597592 0.744119
0.599136 0.745431
0.600670 0.746740
0.131402 0.719844
0.133256 0.725320
0.134733 0.729639
0.135710 0.732386
0.137750 0.737807
0.140255 0.744273
0.141513 0.747386
0.142753 0.750358
0.481648 0.858945
0.491226 0.860453
0.500258 0.861664
0.508918 0.862645
0.517665 0.863459
0.525302 0.864105
0.533017 0.864656
0.539818 0.865140
0.744348 1.012516
0.744464 1.012647
0.745574 1.012334
0.746976 1.011820
0.747678 1.011699
0.748321 1.011542
0.748813 1.011484
0.750257 1.010971
0.690834 0.974254
0.692499 0.973899
0.693902 0.973673
0.694681 0.973663
0.696626 0.973232
0.698265 0.972910
0.699480 0.972722
0.700903 0.972480
0.253504 0.304940
0.255683 0.303735
0.259884 0.300886
0.262944 0.298919
0.265120 0.297669
0.270364 0.293757
0.273873 0.291313
0.276904 0.289274
0.335233 0.739773
0.340407 0.744940
0.345786 0.750087
0.350826 0.754694
0.356369 0.759549
0.362268 0.764476
0.368386 0.769328
0.374467 0.773876
0.450007 0.385488
0.458416 0.384234
0.466745 0.383265
0.475411 0.382552
0.485092 0.382119
0.495070 0.382080
0.504171 0.382406
0.514489 0.383207
0.814206 0.641175
0.814050 0.648001
0.813705 0.654459
0.813338 0.659882
0.812981 0.664556
0.812555 0.669089
0.812123 0.672885
0.811631 0.676845
0.565586 0.891067
0.567770 0.891027
0.569763 0.891014
0.570969 0.891083
0.572576 0.891120
0.574548 0.891096
0.576791 0.891052
0.578412 0.891089
0.370355 0.696629
0.376232 0.700959
0.382428 0.705370
0.388724 0.709666
0.395147 0.713874
0.401775 0.717989
0.408682 0.722090
0.415564 0.725980
0.461742 0.620854
0.470653 0.623456
0.479676 0.626240
0.488612 0.629167
0.497561 0.632340
0.506428 0.635724
0.515213 0.639380
0.523827 0.643274
0.562202 0.869507
0.563983 0.869617
0.565503 0.869748
0.567437 0.869869
0.569525 0.869960
0.571482 0.870069
0.572791 0.870219
0.574392 0.870362
0.536019 0.677628
0.538308 0.678829
0.540577 0.680043
0.542830 0.681274
0.545036 0.682489
0.547277 0.683782
0.549441 0.685024
0.551638 0.686345
0.668022 0.953908
0.669764 0.953721
0.670073 0.953922
0.672861 0.953441
0.675169 0.953082
0.677959 0.952632
0.679763 0.952415
0.680467 0.952451
0.478363 0.716903
0.487382 0.720276
0.496288 0.723537
0.505166 0.726807
0.513811 0.729982
0.522349 0.733205
0.530707 0.736421
0.538791 0.739686
0.727087 0.472121
0.731170 0.477290
0.734170 0.481325
0.737019 0.485266
0.740556 0.490305
0.743864 0.495201
0.746373 0.499177
0.748572 0.502774
0.455909 0.346774
0.465877 0.345656
0.477729 0.344855
0.488266 0.344628
0.501149 0.344970
0.513470 0.345930
0.527129 0.347717
0.541364 0.350382
0.493264 0.983900
0.499026 0.984142
0.504250 0.984311
0.510799 0.984428
0.517898 0.984439
0.523485 0.984394
0.527215 0.984360
0.532510 0.984219
0.591973 0.947078
0.597840 0.946275
0.603385 0.945476
0.607671 0.944970
0.611950 0.944404
0.616496 0.943775
0.619575 0.943491
0.623457 0.943024
0.741012 1.015609
0.742472 1.015122
0.743272 1.014943
0.744555 1.014533
0.745448 1.014304
0.746544 1.014005
0.748243 1.013357
0.748353 1.013496
0.441584 0.613636
0.449236 0.615665
0.457038 0.617779
0.464758 0.619938
0.472705 0.622265
0.480609 0.624700
0.488479 0.627262
0.496381 0.630029
0.534708 0.636214
0.541723 0.640058
0.548477 0.644068
0.555087 0.648284
0.561500 0.652739
0.567777 0.657403
0.573797 0.662188
0.579590 0.667144
0.335845 0.795529
0.343723 0.802221
0.352053 0.808797
0.360674 0.815093
0.370278 0.821553
0.379096 0.826986
0.388465 0.832285
0.398743 0.837562
0.635962 0.389170
0.654457 0.401126
0.673435 0.415138
0.690832 0.429766
0.708115 0.446276
0.723472 0.463009
0.735849 0.478453
0.747447 0.494903
0.836319 0.661854
0.835731 0.667877
0.835130 0.673068
0.834550 0.677199
0.834007 0.680403
0.833390 0.683848
0.832922 0.686607
0.832245 0.691316
0.483496 0.543161
0.490693 0.544377
0.497899 0.545818
0.505040 0.547484
0.512180 0.549409
0.519235 0.551585
0.526290 0.554059
0.533307 0.556829
0.375815 0.511023
0.380062 0.510516
0.384873 0.509928
0.389948 0.509301
0.394976 0.508680
0.399668 0.508108
0.404849 0.507488
0.410525 0.506833
0.778759 0.472461
0.784200 0.479725
0.787689 0.484587
0.791743 0.490509
0.795325 0.495906
0.799941 0.503251
0.803599 0.509399
0.806475 0.514514
0.776346 0.645377
0.776340 0.649338
0.776462 0.655053
0.776270 0.657269
0.776511 0.664470
0.776119 0.664784
0.776355 0.672197
0.775957 0.672441
0.482935 0.703573
0.485470 0.704541
0.487970 0.705478
0.490491 0.706446
0.492972 0.707366
0.495500 0.708347
0.498001 0.709299
0.500451 0.710214
0.278900 0.826932
0.286035 0.833687
0.293982 0.840731
0.302444 0.847693
0.311693 0.854750
0.321051 0.861351
0.330756 0.867680
0.341057 0.873869
0.525382 0.759841
0.527721 0.760606
0.529984 0.761355
0.532307 0.762123
0.534678 0.762897
0.537048 0.763694
0.539217 0.764442
0.541326 0.765179
0.234610 0.780770
0.240113 0.788785
0.247201 0.798330
0.254301 0.807208
0.261438 0.815450
0.270204 0.824809
0.278392 0.832855
0.288113 0.841662
0.708050 1.014561
0.709914 1.013994
0.711559 1.013471
0.713133 1.013010
0.715510 1.012155
0.717223 1.011596
0.718657 1.011176
0.720302 1.010611
0.638424 0.426589
0.642679 0.429617
0.646297 0.432316
0.649758 0.434959
0.654179 0.438461
0.658621 0.442106
0.662538 0.445435
0.666392 0.448863
0.440487 0.328419
0.451193 0.326693
0.461467 0.325491
0.473471 0.324637
0.486037 0.324383
0.498971 0.324790
0.513166 0.326008
0.528295 0.328176
0.729657 0.519691
0.731892 0.523966
0.734296 0.528704
0.736091 0.532426
0.737551 0.535740
0.738932 0.538886
0.740954 0.543671
0.742594 0.547702
0.705013 1.017098
0.705977 1.016899
0.707739 1.016389
0.710596 1.015382
0.712186 1.014925
0.713701 1.014453
0.715492 1.013876
0.717947 1.013002
0.568700 0.844440
0.570623 0.844714
0.572163 0.844989
0.573745 0.845266
0.575576 0.845558
0.577498 0.845837
0.578924 0.846135
0.580498 0.846416
0.718721 0.623885
0.719014 0.625860
0.719731 0.629253
0.720441 0.632974
0.720769 0.635199
0.720983 0.637022
0.721363 0.639514
0.722017 0.643113
0.676619 0.647872
0.678739 0.654977
0.680933 0.662590
0.682878 0.669702
0.684718 0.676665
0.686332 0.683138
0.687847 0.689303
0.689356 0.695523
0.323943 0.350083
0.330339 0.346426
0.334558 0.344129
0.340387 0.340906
0.346048 0.337847
0.351341 0.335079
0.358709 0.331284
0.364258 0.328591
0.241308 0.336559
0.241869 0.336430
0.244731 0.335156
0.246894 0.334197
0.248938 0.333250
0.251388 0.332065
0.251750 0.332066
0.252640 0.331756
0.357579 0.418336
0.362259 0.416442
0.367132 0.414489
0.372975 0.412177
0.380050 0.409439
0.385711 0.407336
0.391138 0.405391
0.397623 0.403143
0.687469 0.426814
0.701324 0.439556
0.714352 0.452863
0.726451 0.466645
0.737857 0.481169
0.747161 0.494543
0.754960 0.507146
0.761765 0.519690
0.481550 0.697713
0.489374 0.700690
0.497147 0.703676
0.504843 0.706657
0.512381 0.709614
0.519891 0.712675
0.527239 0.715754
0.534396 0.718858
0.770266 1.014050
0.769367 1.014928
0.773009 1.013721
0.773124 1.014102
0.774115 1.014079
0.776668 1.013418
0.774239 1.014834
0.777486 1.013789
0.617093 0.579267
0.623117 0.587244
0.629338 0.596172
0.634612 0.604625
0.639761 0.613556
0.644632 0.622684
0.648793 0.631379
0.652752 0.640139
0.484442 0.524819
0.492927 0.525976
0.501787 0.527538
0.510656 0.529488
0.519313 0.531791
0.528045 0.534564
0.536770 0.537827
0.545306 0.541503
0.401014 0.442002
0.406772 0.440400
0.412602 0.438862
0.417416 0.437641
0.422829 0.436347
0.428385 0.435101
0.434440 0.433848
0.439654 0.432856
