0.220414 0.398040
0.211818 0.396679
0.219528 0.397987
0.215015 0.397411
0.218499 0.397922
0.216919 0.397790
0.217249 0.397871
0.219851 0.398126
0.215359 0.397785
0.220995 0.398145
0.215023 0.397859
0.222234 0.398181
0.215828 0.398118
0.222146 0.398271
0.218604 0.398332
0.220822 0.398347
0.221515 0.398360
0.220220 0.398442
0.223639 0.398280
0.220507 0.398521
0.226871 0.398024
0.221566 0.398520
0.229210 0.397796
0.224793 0.398348
0.230312 0.397683
0.228167 0.397990
0.229658 0.397763
0.231485 0.397493
0.229972 0.397742
0.234382 0.396903
0.229985 0.397780
0.237367 0.396204
0.232464 0.397323
0.238014 0.396048
0.235904 0.396592
0.238650 0.395902
0.238872 0.395874
0.239704 0.395675
0.242523 0.394870
0.240820 0.395396
0.244819 0.394155
0.242034 0.395096
0.247432 0.393312
0.245067 0.394202
0.248956 0.392851
0.247827 0.393345
0.250719 0.392295
0.252210 0.391779
0.253731 0.391233
0.257105 0.389903
0.255378 0.390693
0.261460 0.388113
0.258432 0.389505
0.266259 0.386042
0.263837 0.387226
0.268034 0.385304
0.269066 0.384868
0.271513 0.383752
0.273493 0.382827
0.274526 0.382372
0.277909 0.380709
0.277820 0.380842
0.282011 0.378690
0.280559 0.379584
0.286357 0.376509
0.285989 0.376815
0.290061 0.374637
0.291301 0.374046
0.293654 0.372790
0.296692 0.371148
0.298222 0.370376
0.302423 0.368019
0.302694 0.367967
0.308018 0.364937
0.307982 0.365064
0.312377 0.362559
0.313777 0.361845
0.317501 0.359730
0.320210 0.358226
0.322690 0.356861
0.326303 0.354841
0.328209 0.353818
0.332681 0.351299
0.333738 0.350802
0.338461 0.348169
0.340934 0.346868
0.345020 0.344670
0.347575 0.343350
0.351439 0.341327
0.355024 0.339498
0.358646 0.337693
0.363130 0.335472
0.366419 0.333919
0.370513 0.332021
0.374167 0.330374
0.378337 0.328549
0.382370 0.326858
0.387410 0.324798
0.391904 0.323065
0.396700 0.321303
0.401692 0.319577
0.406271 0.318083
0.411250 0.316563
0.416871 0.314975
0.421336 0.313815
0.427200 0.312413
0.432347 0.311319
0.439287 0.310000
0.444961 0.309093
0.451422 0.308222
0.458155 0.307501
0.465147 0.306957
0.472624 0.306601
0.480027 0.306479
0.488243 0.306598
0.496116 0.306968
0.504625 0.307640
0.513770 0.308671
0.523438 0.310106
0.533427 0.311951
0.543703 0.314227
0.554840 0.317113
0.567505 0.320918
0.578593 0.324713
0.593383 0.330397
0.605013 0.335391
0.618796 0.341874
0.633861 0.349701
0.647694 0.357572
0.663324 0.367271
0.677780 0.377059
0.692559 0.387905
0.708602 0.400734
0.722531 0.412876
0.738389 0.427881
0.748940 0.438727
0.762918 0.454168
0.771489 0.464518
0.782470 0.478733
0.789786 0.489095
0.796979 0.500108
0.803446 0.510880
0.809156 0.521408
0.814340 0.532098
0.817463 0.539357
0.821979 0.550838
0.824018 0.557036
0.826529 0.565350
0.828185 0.571829
0.829778 0.578894
0.831086 0.585745
0.832214 0.592558
0.833085 0.599297
0.833646 0.605473
0.834032 0.611078
0.834504 0.618894
0.834530 0.623203
0.834640 0.630147
0.834496 0.633986
0.834374 0.640218
0.834117 0.643599
0.833897 0.649156
0.833567 0.654074
0.833143 0.658418
0.832725 0.663599
0.832348 0.665846
0.831832 0.672416
0.831577 0.672243
0.830916 0.680097
0.830622 0.679621
0.830062 0.685815
0.829772 0.686794
0.829298 0.690831
0.828838 0.693387
0.828422 0.696061
0.827950 0.700961
0.827677 0.700522
0.827294 0.705591
0.826985 0.703898
0.826518 0.711314
0.826285 0.708470
0.825989 0.714278
0.825654 0.715121
0.825382 0.717227
0.825134 0.720657
0.824893 0.721546
0.824686 0.724231
0.824544 0.725726
0.824295 0.727653
0.824177 0.730661
0.824011 0.731816
0.823942 0.733309
0.823791 0.735403
0.823763 0.737858
0.823728 0.739804
0.823580 0.740195
0.823543 0.741723
0.823632 0.743571
0.823486 0.744394
0.823208 0.743648
