1.460908
0.591889
1.282723
1.517045
1.641337
1.373992
0.691139
1.541388
0.548101
1.344958
0.581458
0.770672
1.080719
0.731149
0.605528
0.555546
0.581022
0.530328
1.583077
1.495885
0.749307
0.565624
0.998416
0.570533
1.500241
1.298745
1.544187
0.620388
0.791110
0.846291
0.540033
0.618918
1.580835
0.641343
1.306821
1.561517
1.562997
1.350678
0.649757
0.592033
1.532363
0.912136
0.688585
0.637740
1.539292
1.200797
1.241366
0.590638
1.590901
1.236381
1.391009
0.753577
0.603012
1.342704
1.114125
0.559473
0.604374
1.538454
1.660985
1.515380
1.059318
1.363573
1.385968
1.407765
1.289291
1.251664
0.579094
0.584799
0.681366
1.379755
0.636925
1.690417
0.559020
0.979181
1.305189
1.161089
1.279935
1.408316
0.603943
1.413379
0.602583
1.555362
0.678373
1.540906
1.414071
0.593634
1.426508
0.610386
0.550812
0.589718
1.609976
1.552280
1.577283
1.512039
1.243405
1.492610
1.488640
1.560038
1.356087
1.355155
