0.237546 0.532500
0.240225 0.532340
0.242878 0.532189
0.245563 0.532010
0.248275 0.531841
0.250796 0.531637
0.253326 0.531442
0.255846 0.531217
0.258407 0.531001
0.261030 0.530755
0.263648 0.530513
0.266252 0.530241
0.268732 0.529975
0.271145 0.529682
0.273563 0.529393
0.275969 0.529078
0.278495 0.528761
0.281036 0.528416
0.283588 0.528070
0.286070 0.527702
0.288599 0.527332
0.291108 0.526939
0.293670 0.526541
0.296204 0.526127
0.298716 0.525705
0.301304 0.525258
0.303967 0.524803
0.306618 0.524327
0.309132 0.523869
0.311667 0.523390
0.314342 0.522894
0.316978 0.522386
0.319734 0.521863
0.322502 0.521324
0.325292 0.520782
0.328014 0.520239
0.330809 0.519688
0.333695 0.519112
0.336529 0.518549
0.339422 0.517969
0.342348 0.517390
0.345321 0.516797
0.348283 0.516214
0.351388 0.515604
0.354524 0.514997
0.357596 0.514404
0.360685 0.513819
0.363783 0.513236
0.366921 0.512659
0.370056 0.512090
0.373246 0.511527
0.376448 0.510971
0.379679 0.510428
0.383002 0.509881
0.386269 0.509364
0.389530 0.508862
0.392820 0.508378
0.396121 0.507908
0.399559 0.507441
0.402917 0.507005
0.406306 0.506590
0.409682 0.506198
0.413105 0.505826
0.416516 0.505477
0.419954 0.505155
0.423392 0.504857
0.426847 0.504583
0.430299 0.504334
0.433776 0.504115
0.437249 0.503923
0.440733 0.503756
0.444204 0.503617
0.447700 0.503509
0.451206 0.503427
0.454721 0.503372
0.458229 0.503344
0.461756 0.503350
0.465309 0.503378
0.468738 0.503437
0.472185 0.503531
0.475579 0.503636
0.479097 0.503783
0.482582 0.503941
0.486078 0.504135
0.489667 0.504360
0.493014 0.504595
0.496340 0.504852
0.499681 0.505143
0.503201 0.505462
0.506722 0.505805
0.509872 0.506122
0.513297 0.506499
0.516528 0.506873
0.519847 0.507277
0.523145 0.507711
0.526406 0.508132
0.529782 0.508600
0.532735 0.509021
0.535869 0.509483
0.539203 0.510010
0.542592 0.510548
0.545981 0.511087
0.549056 0.511599
0.552137 0.512142
0.554986 0.512616
0.558012 0.513171
0.561019 0.513698
0.563703 0.514185
0.567024 0.514816
0.570325 0.515458
0.573632 0.516136
0.576510 0.516704
0.579442 0.517271
0.582380 0.517871
0.585328 0.518504
0.587934 0.519014
0.590875 0.519662
0.594033 0.520330
0.597202 0.521035
0.599785 0.521587
0.602464 0.522174
0.605156 0.522795
0.607750 0.523346
0.610602 0.524002
0.613549 0.524693
0.616516 0.525425
0.619426 0.526124
0.622088 0.526756
0.624647 0.527336
0.627228 0.527957
0.630179 0.528728
0.632775 0.529341
0.635602 0.530092
0.638071 0.530679
0.640588 0.531318
0.643506 0.532096
0.646091 0.532803
0.648627 0.533473
0.651548 0.534283
0.654113 0.534951
0.656929 0.535747
0.659688 0.536562
0.662167 0.537228
0.664659 0.537969
0.667057 0.538624
0.669517 0.539342
0.672342 0.540204
0.674881 0.541003
0.677371 0.541764
0.679811 0.542484
0.682194 0.543224
0.684548 0.543965
0.686930 0.544758
0.689262 0.545511
0.691683 0.546309
0.694056 0.547067
0.696457 0.547878
0.699187 0.548827
0.701300 0.549584
0.703534 0.550365
0.705771 0.551121
0.708342 0.552052
0.711041 0.553047
0.713412 0.553957
0.716126 0.554982
0.718386 0.555835
0.720788 0.556723
0.723014 0.557583
0.725024 0.558399
0.727618 0.559395
0.730199 0.560467
0.733013 0.561579
0.735864 0.562756
0.737790 0.563544
0.739846 0.564435
0.741650 0.565192
0.743203 0.565816
0.746018 0.567025
0.748824 0.568235
0.751977 0.569641
0.754575 0.570738
0.755941 0.571380
0.757455 0.572025
0.758884 0.572682
0.760758 0.573538
0.763665 0.574873
0.766652 0.576203
0.769723 0.577552
0.771728 0.578475
0.773247 0.579204
0.774456 0.579836
0.775653 0.580442
0.777994 0.581535
0.780932 0.582843
0.783887 0.584186
0.786900 0.585581
0.788626 0.586424
0.789848 0.587060
0.791019 0.587635
0.792032 0.588194
