0.457526 0.648857
0.464104 0.650714
0.470669 0.652548
0.477226 0.654361
0.483731 0.656088
0.436936 0.626100
0.439592 0.626735
0.442237 0.627361
0.444902 0.628018
0.447546 0.628652
0.570915 0.687445
0.576012 0.687883
0.581003 0.688200
0.586010 0.688493
0.590934 0.688729
0.564387 0.693233
0.570496 0.693759
0.576583 0.694220
0.582528 0.694533
0.588388 0.694814
0.458488 0.567773
0.465821 0.568620
0.473173 0.569550
0.480448 0.570556
0.487702 0.571621
0.673186 0.701885
0.677445 0.701714
0.681671 0.701518
0.685894 0.701399
0.690056 0.701259
0.685618 0.741066
0.687695 0.740756
0.689793 0.740471
0.691786 0.740203
0.693884 0.739953
0.530311 0.690715
0.536863 0.691815
0.543456 0.692835
0.549911 0.693722
0.556289 0.694489
0.228828 0.327239
0.231485 0.327371
0.234210 0.327467
0.237001 0.327535
0.239871 0.327568
0.662108 0.706601
0.666369 0.706315
0.670643 0.706047
0.674832 0.705820
0.678986 0.705567
0.568951 0.658128
0.571227 0.658389
0.573570 0.658706
0.575876 0.658982
0.578144 0.659215
0.618144 0.667585
0.620854 0.667675
0.623574 0.667788
0.626287 0.667896
0.628981 0.667997
0.702408 1.003343
0.702408 1.003343
0.702408 1.003343
0.702408 1.003343
0.702408 1.003343
0.738045 0.976795
0.736389 0.977547
0.734690 0.978310
0.733618 0.978866
0.731984 0.979595
0.620102 0.711651
0.622255 0.711530
0.624366 0.711404
0.626423 0.711273
0.628555 0.711163
0.488988 0.582148
0.491376 0.582534
0.493781 0.582946
0.496213 0.583385
0.498659 0.583795
0.246337 0.314204
0.250007 0.314190
0.253946 0.314110
0.257827 0.314014
0.261483 0.313926
0.621693 0.684123
0.623550 0.684129
0.625400 0.684133
0.627267 0.684135
0.629128 0.684134
0.350130 0.559447
0.356794 0.558962
0.363597 0.558509
0.370346 0.558104
0.377125 0.557751
0.419868 0.610008
0.426546 0.611260
0.433230 0.612565
0.439916 0.613919
0.446602 0.615314
0.725048 0.910978
0.726172 0.910709
0.727682 0.910341
0.729696 0.909857
0.730717 0.909669
0.788697 1.062177
0.787377 1.062697
0.786138 1.063166
0.784588 1.063799
0.783031 1.064434
0.467710 0.642947
0.472191 0.644142
0.476659 0.645324
0.481114 0.646480
0.485548 0.647616
0.232576 0.296689
0.236152 0.296972
0.239717 0.297221
0.243370 0.297437
0.247110 0.297594
0.772047 0.985753
0.771695 0.986342
0.770577 0.987250
0.769730 0.988077
0.768327 0.989103
0.328132 0.297574
0.321897 0.294064
0.315394 0.290429
0.308363 0.286454
0.301111 0.282408
0.361322 0.547840
0.367880 0.547200
0.374438 0.546607
0.381046 0.546063
0.387715 0.545575
0.245141 0.344888
0.248009 0.344793
0.250977 0.344655
0.254028 0.344485
0.257157 0.344282
0.710467 0.923504
0.711819 0.922917
0.713157 0.922354
0.714211 0.921922
0.715642 0.921340
0.552256 0.671239
0.555741 0.671734
0.559225 0.672229
0.562640 0.672636
0.566087 0.673076
0.510451 0.589720
0.512814 0.590163
0.515136 0.590621
0.517393 0.591029
0.519705 0.591469
0.624675 0.693332
0.626794 0.693260
0.628984 0.693240
0.631101 0.693161
0.633235 0.693106
0.461382 0.616002
0.468427 0.617535
0.475470 0.619087
0.482461 0.620659
0.489454 0.622212
0.681591 0.732210
0.683472 0.731976
0.685467 0.731763
0.687396 0.731519
0.689347 0.731301
0.710627 0.993009
0.707987 0.994024
0.704810 0.995100
0.702261 0.996045
0.704976 0.995715
0.322834 0.561197
0.329214 0.560645
0.335550 0.560101
0.341996 0.559570
0.348468 0.559043
0.636497 0.736496
0.641758 0.735787
0.646992 0.735048
0.652104 0.734357
0.656989 0.733663
0.486877 0.600493
0.492826 0.601669
0.498726 0.602811
0.504593 0.603976
0.510447 0.605143
0.266115 0.380587
0.268484 0.380269
0.270961 0.379925
0.273593 0.379525
0.276225 0.379120
0.624079 0.716950
0.626102 0.716797
0.628156 0.716640
0.630240 0.716479
0.632342 0.716338
0.390134 0.513078
0.396826 0.512167
0.403677 0.511320
0.410541 0.510563
0.417467 0.509897
0.509911 0.652456
0.513879 0.653344
0.517825 0.654206
0.521758 0.655041
0.525670 0.655846
0.303610 0.446189
0.305739 0.445633
0.308024 0.445032
0.310366 0.444406
0.312628 0.443804
0.734484 0.959339
0.734846 0.959221
0.734664 0.959372
0.735175 0.959182
0.735695 0.958996
0.633940 0.772232
0.639174 0.771149
0.644129 0.770070
0.649248 0.768991
0.654304 0.767899
0.470748 0.631044
0.476088 0.632328
0.481450 0.633646
0.486767 0.634922
0.492034 0.636151
0.572690 0.711044
0.577648 0.711248
0.582556 0.711388
0.587344 0.711462
0.592106 0.711508
0.463375 0.629652
0.466012 0.630294
0.468634 0.630922
0.471274 0.631576
0.473903 0.632216
0.638652 0.732788
0.643957 0.732084
0.649185 0.731400
0.654409 0.730717
0.659360 0.730056
0.468878 0.661413
0.474429 0.663007
0.479991 0.664583
0.485559 0.666147
0.491066 0.667600
0.580867 0.681271
0.586252 0.681618
0.591608 0.681962
0.596867 0.682191
0.602104 0.682428
0.715903 0.933191
0.717022 0.932707
0.718116 0.932247
0.718428 0.932147
0.719390 0.931764
0.327271 0.379018
0.330548 0.378360
0.333853 0.377706
0.337197 0.377050
0.340588 0.376394
0.280532 0.461038
0.282893 0.460499
0.285268 0.459936
0.287861 0.459319
0.290649 0.458644
0.725021 0.955416
0.725137 0.955422
0.726580 0.954736
0.728107 0.954025
0.728548 0.953888
0.768283 0.987321
0.767749 0.987712
0.767411 0.988026
0.767013 0.988378
0.766607 0.988723
0.716478 0.998619
0.718790 0.997301
0.720930 0.996061
0.724313 0.994066
0.727195 0.992386
0.482073 0.655272
0.488926 0.657077
0.495749 0.658819
0.502516 0.660460
0.509265 0.662052
0.687082 0.801757
0.691905 0.800444
0.696533 0.799233
0.701503 0.797972
0.705374 0.797019
0.609049 0.708912
0.614639 0.708720
0.620111 0.708482
0.625422 0.708233
0.630664 0.707906
0.780964 0.707925
0.784139 0.708526
0.786645 0.709072
0.787544 0.709249
0.787544 0.709249
0.699123 0.744323
0.703199 0.743832
0.707024 0.743385
0.710614 0.742976
0.714402 0.742624
0.470624 0.640231
0.476821 0.641836
0.482966 0.643375
0.489135 0.644941
0.495235 0.646413
0.735666 0.891705
0.736043 0.891800
0.736414 0.891901
0.737033 0.891950
0.737092 0.892118
0.752939 0.978294
0.752198 0.978965
0.750021 0.980143
0.748263 0.981168
0.745971 0.982367
0.241134 0.174740
0.229947 0.170282
0.218743 0.166471
0.207995 0.163690
0.198423 0.162428
0.594035 0.668715
0.596196 0.668841
0.598396 0.669020
0.600527 0.669129
0.602675 0.669261
0.292375 0.346760
0.295912 0.346276
0.299470 0.345785
0.302960 0.345305
0.306603 0.344793
0.778327 0.990324
0.779260 0.990056
0.780097 0.989843
0.780667 0.989756
0.781222 0.989702
0.259024 0.422066
0.259024 0.422066
0.259024 0.422066
0.259024 0.422066
0.259024 0.422066
0.802299 1.039302
0.806869 1.037744
0.810457 1.036880
0.813240 1.036529
0.814975 1.036681
0.291817 0.511927
0.297026 0.510943
0.302270 0.509896
0.307661 0.508771
0.313239 0.507573
0.238929 0.278799
0.243291 0.279172
0.247683 0.279498
0.251804 0.279800
0.255556 0.280096
-0.236595 0.019118
-0.239092 0.026959
-0.241191 0.033839
-0.243014 0.039976
-0.244546 0.045186
0.376510 0.578735
0.382182 0.578898
0.387872 0.579100
0.393592 0.579360
0.399332 0.579680
0.271354 0.386892
0.271354 0.386892
0.271354 0.386892
0.271354 0.386892
0.271354 0.386892
0.421178 0.611649
0.426905 0.612764
0.432627 0.613905
0.438350 0.615081
0.444073 0.616288
0.593065 0.747027
0.598732 0.746621
0.603879 0.746143
0.609089 0.745650
0.614133 0.745071
0.295064 0.358849
0.298405 0.358321
0.301796 0.357777
0.305247 0.357220
0.308882 0.356620
0.559622 0.629875
0.565248 0.630834
0.570782 0.631687
0.576375 0.632543
0.581916 0.633355
0.240073 0.349315
0.242540 0.349283
0.245091 0.349221
0.247743 0.349127
0.250453 0.348998
0.529476 0.661791
0.536080 0.663038
0.542647 0.664220
0.549101 0.665248
0.555505 0.666212
0.377655 0.472328
0.380681 0.471679
0.383784 0.471029
0.386848 0.470406
0.389946 0.469792
0.479251 0.627978
0.486095 0.629598
0.492903 0.631176
0.499623 0.632689
0.506336 0.634196
0.743655 1.080113
0.743614 1.080130
0.743977 1.079948
0.745300 1.079252
0.743051 1.080566
0.488016 0.650836
0.490649 0.651504
0.493300 0.652193
0.495924 0.652844
0.498521 0.653456
0.652751 0.847072
0.657086 0.845518
0.661069 0.844071
0.664967 0.842662
0.668882 0.841237
0.806929 1.014310
0.807804 1.014448
0.808434 1.014733
0.808843 1.015148
0.808862 1.015562
0.466148 0.559100
0.468599 0.559366
0.471067 0.559635
0.473569 0.559911
0.476062 0.560204
0.290715 0.371988
0.293611 0.371478
0.296580 0.370950
0.299596 0.370411
0.302669 0.369853
0.259526 0.389713
0.263937 0.389230
0.268946 0.388566
0.274592 0.387702
0.280749 0.386667
0.461717 0.658267
0.468722 0.660324
0.475704 0.662318
0.482667 0.664267
0.489603 0.666145
0.448399 0.611217
0.455438 0.612659
0.462487 0.614149
0.469513 0.615652
0.476488 0.617156
0.448489 0.598772
0.455216 0.599938
0.461963 0.601173
0.468686 0.602425
0.475412 0.603721
0.670442 0.843115
0.673992 0.841831
0.677488 0.840584
0.680738 0.839436
0.684139 0.838243
0.237744 0.249181
0.227914 0.245494
0.218417 0.242490
0.209326 0.240172
0.200676 0.238549
0.630469 0.698417
0.635623 0.698244
0.640652 0.698030
0.645661 0.697784
0.650614 0.697587
0.370666 0.616559
0.377574 0.617762
0.384501 0.619044
0.391447 0.620403
0.398409 0.621835
0.474277 0.637279
0.480300 0.638773
0.486338 0.640289
0.492310 0.641720
0.498283 0.643147
0.659633 0.736806
0.663829 0.736163
0.668151 0.735567
0.672301 0.734959
0.676404 0.734393
