0.448701
1.162793
0.924678
0.491152
0.319148
0.996060
0.473568
0.386530
0.461348
0.754254
0.555768
0.579970
1.951980
0.482689
1.645803
0.507007
1.047498
0.504290
1.455526
0.722385
0.404836
1.011151
2.020082
1.326716
1.275852
0.647104
0.279691
0.838552
0.535517
0.409515
0.446455
0.489244
0.879577
0.445786
1.550455
0.944510
0.560489
1.041045
0.484242
0.433103
1.168634
1.094116
0.627979
0.549442
0.498586
0.594719
0.856907
0.429957
0.383818
0.876534
0.489656
0.586482
1.336883
0.387304
1.206446
1.436130
0.796440
1.487290
0.676156
0.384312
0.646301
0.681524
0.537368
0.860082
1.270220
1.867528
0.475087
0.751059
1.536169
0.541026
0.692839
0.562903
0.354621
1.097981
0.847583
0.493048
1.008473
1.356156
0.635817
0.842652
1.720174
0.535003
0.381041
0.568464
0.514470
0.834465
0.920044
1.520128
0.697126
0.456245
0.957629
0.600444
1.898639
1.225634
0.375710
0.495537
1.678600
0.596569
1.690895
0.485317
