0.289120 0.355592
0.288101 0.355167
0.286873 0.354687
0.285641 0.354217
0.284318 0.353736
0.282525 0.353110
0.280620 0.352471
0.278648 0.351827
0.276640 0.351195
0.274714 0.350611
0.272666 0.350011
0.270560 0.349413
0.268110 0.348737
0.265522 0.348046
0.262858 0.347362
0.260175 0.346703
0.257647 0.346118
0.255166 0.345578
0.252643 0.345054
0.250022 0.344537
0.247441 0.344062
0.244871 0.343627
0.242370 0.343236
0.239857 0.342879
0.237328 0.342555
0.235003 0.342312
0.232814 0.342125
0.230700 0.341991
0.228328 0.341835
0.226104 0.341752
0.224172 0.341744
0.222285 0.341784
0.220663 0.341886
0.219202 0.342048
0.217825 0.342236
0.216454 0.342462
0.215280 0.342723
0.214439 0.343050
0.213550 0.343381
0.212937 0.343761
0.212456 0.344153
0.212234 0.344582
0.212056 0.345012
0.212344 0.345472
0.212770 0.345922
0.213230 0.346384
0.213796 0.346831
0.214551 0.347283
0.215462 0.347714
0.216540 0.348143
0.217807 0.348539
0.219269 0.348921
0.220868 0.349267
0.222842 0.349575
0.224760 0.349854
0.226828 0.350107
0.229029 0.350314
0.231417 0.350485
0.234188 0.350567
0.236932 0.350633
0.239811 0.350644
0.242812 0.350616
0.245984 0.350523
0.249275 0.350389
0.252685 0.350200
0.256218 0.349966
0.259885 0.349678
0.263659 0.349348
0.267545 0.348969
0.271528 0.348551
0.275622 0.348090
0.279787 0.347599
0.284056 0.347070
0.288449 0.346503
0.292944 0.345904
0.297513 0.345283
0.302170 0.344641
0.307006 0.343960
0.311553 0.343342
0.316173 0.342714
0.320784 0.342092
0.325736 0.341414
0.330734 0.340734
0.335792 0.340062
0.341194 0.339347
0.345939 0.338767
0.350673 0.338206
0.355469 0.337658
0.360921 0.337025
0.366447 0.336409
0.370885 0.335968
0.376223 0.335432
0.380983 0.334996
0.386089 0.334540
0.391143 0.334123
0.396207 0.333717
0.401692 0.333305
0.405735 0.333046
0.410464 0.332744
0.415918 0.332421
0.421690 0.332099
0.427589 0.331797
0.432316 0.331594
0.437057 0.331420
0.441042 0.331271
0.445649 0.331134
0.450324 0.330990
0.453693 0.330901
0.459665 0.330775
0.465624 0.330681
0.471614 0.330629
0.475929 0.330588
0.480571 0.330548
0.485216 0.330534
0.489880 0.330547
0.493236 0.330521
0.497942 0.330556
0.503754 0.330611
0.509603 0.330702
0.512922 0.330718
0.516693 0.330756
0.520480 0.330815
0.524004 0.330841
0.528630 0.330938
0.533719 0.331069
0.538857 0.331231
0.543852 0.331383
0.547771 0.331484
0.551336 0.331555
0.554956 0.331651
0.560186 0.331873
0.564016 0.331982
0.568756 0.332194
0.572084 0.332283
0.575578 0.332405
0.580902 0.332673
0.584685 0.332851
0.588365 0.333012
0.593797 0.333325
0.597756 0.333511
0.602786 0.333819
0.607516 0.334130
0.611192 0.334322
0.614787 0.334552
0.618173 0.334734
0.621782 0.334966
0.627068 0.335377
0.631015 0.335686
0.634867 0.335979
0.638616 0.336254
0.642059 0.336526
0.645403 0.336798
0.648810 0.337109
0.652119 0.337401
0.655868 0.337757
0.659528 0.338096
0.663253 0.338477
0.668542 0.339077
0.670908 0.339336
0.673960 0.339677
0.677153 0.340023
0.681852 0.340619
0.687201 0.341337
0.690928 0.341863
0.696438 0.342668
0.699807 0.343159
0.704006 0.343785
0.707269 0.344297
0.709390 0.344648
0.714615 0.345519
0.719594 0.346435
0.726001 0.347624
0.732542 0.348932
0.734462 0.349306
0.736930 0.349836
0.738247 0.350102
0.738410 0.350090
0.744879 0.351537
0.751346 0.353052
0.759511 0.355109
0.765093 0.356531
0.764053 0.356268
0.764025 0.356224
0.763429 0.356062
0.765141 0.356521
0.772077 0.358465
0.779572 0.360633
0.787640 0.363090
0.790017 0.363849
0.789864 0.363818
0.787953 0.363244
0.786116 0.362682
0.790221 0.364008
0.797549 0.366420
0.804787 0.368935
0.812125 0.371623
0.812992 0.371979
0.811277 0.371376
0.809443 0.370688
0.806647 0.369703
