0.262053 0.411908
0.262658 0.411837
0.263109 0.411748
0.263585 0.411656
0.264021 0.411565
0.264018 0.411403
0.263947 0.411243
0.263831 0.411076
0.263721 0.410923
0.263714 0.410783
0.263624 0.410642
0.263492 0.410497
0.263051 0.410332
0.262481 0.410164
0.261870 0.410008
0.261248 0.409860
0.260815 0.409739
0.260433 0.409628
0.260036 0.409526
0.259538 0.409429
0.259105 0.409346
0.258677 0.409275
0.258334 0.409212
0.257975 0.409159
0.257601 0.409119
0.257417 0.409086
0.257371 0.409051
0.257375 0.409025
0.257132 0.409017
0.257007 0.409017
0.257158 0.409000
0.257321 0.408994
0.257726 0.408963
0.258247 0.408930
0.258832 0.408883
0.259383 0.408851
0.260100 0.408791
0.261085 0.408699
0.262002 0.408609
0.263129 0.408490
0.264351 0.408343
0.265763 0.408166
0.267187 0.407973
0.268984 0.407706
0.270876 0.407401
0.272747 0.407102
0.274681 0.406771
0.276731 0.406415
0.278888 0.406016
0.281141 0.405596
0.283529 0.405125
0.286035 0.404624
0.288627 0.404085
0.291498 0.403474
0.294282 0.402870
0.297145 0.402248
0.300088 0.401592
0.303143 0.400910
0.306498 0.400133
0.309777 0.399385
0.313139 0.398608
0.316557 0.397826
0.320090 0.397008
0.323680 0.396188
0.327342 0.395351
0.331069 0.394510
0.334876 0.393657
0.338739 0.392808
0.342672 0.391953
0.346655 0.391106
0.350704 0.390262
0.354785 0.389434
0.358933 0.388613
0.363163 0.387799
0.367456 0.386999
0.371791 0.386221
0.376185 0.385462
0.380710 0.384710
0.384971 0.384042
0.389281 0.383397
0.393564 0.382790
0.398126 0.382169
0.402709 0.381581
0.407328 0.381027
0.412225 0.380475
0.416550 0.380033
0.420852 0.379626
0.425193 0.379250
0.430068 0.378852
0.434985 0.378489
0.438981 0.378232
0.443707 0.377955
0.447940 0.377741
0.452439 0.377539
0.456876 0.377376
0.461303 0.377231
0.466047 0.377111
0.469622 0.377044
0.473730 0.376984
0.478386 0.376951
0.483264 0.376940
0.488207 0.376954
0.492228 0.376988
0.496243 0.377051
0.499673 0.377094
0.503559 0.377184
0.507478 0.377271
0.510423 0.377340
0.515264 0.377508
0.520065 0.377701
0.524861 0.377931
0.528437 0.378088
0.532232 0.378261
0.536019 0.378459
0.539808 0.378681
0.542672 0.378812
0.546472 0.379059
0.551023 0.379364
0.555584 0.379704
0.558399 0.379877
0.561521 0.380089
0.564652 0.380326
0.567598 0.380519
0.571290 0.380823
0.575293 0.381177
0.579327 0.381566
0.583259 0.381942
0.586461 0.382232
0.589420 0.382481
0.592418 0.382760
0.596509 0.383224
0.599647 0.383527
0.603410 0.383970
0.606210 0.384241
0.609126 0.384556
0.613290 0.385082
0.616411 0.385471
0.619461 0.385841
0.623713 0.386430
0.626956 0.386838
0.630944 0.387415
0.634737 0.387993
0.637795 0.388407
0.640808 0.388864
0.643669 0.389262
0.646690 0.389724
0.650887 0.390439
0.654156 0.391003
0.657357 0.391545
0.660481 0.392063
0.663395 0.392571
0.666240 0.393076
0.669136 0.393630
0.671957 0.394157
0.675090 0.394769
0.678154 0.395356
0.681270 0.395995
0.685497 0.396920
0.687652 0.397383
0.690288 0.397954
0.693017 0.398532
0.696821 0.399426
0.701085 0.400467
0.704199 0.401254
0.708571 0.402379
0.711421 0.403107
0.714850 0.403990
0.717618 0.404730
0.719584 0.405277
0.723726 0.406427
0.727701 0.407616
0.732660 0.409089
0.737705 0.410667
0.739509 0.411211
0.741702 0.411929
0.743085 0.412358
0.743657 0.412492
0.748628 0.414166
0.753584 0.415875
0.759705 0.418092
0.764016 0.419629
0.763777 0.419553
0.764224 0.419678
0.764287 0.419703
0.765941 0.420332
0.771192 0.422368
0.776808 0.424557
0.782795 0.426943
0.784900 0.427813
0.785280 0.427999
0.784468 0.427724
0.783700 0.427453
0.786991 0.428846
0.792472 0.431141
0.797896 0.433487
0.803400 0.435941
0.804486 0.436479
0.803814 0.436247
0.803056 0.435929
0.801650 0.435387
