0.202371 0.687953
0.205038 0.688214
0.207723 0.688530
0.210348 0.688824
0.212948 0.689164
0.215685 0.689529
0.218415 0.689949
0.221126 0.690360
0.223803 0.690820
0.226404 0.691254
0.229015 0.691749
0.231620 0.692239
0.234346 0.692827
0.237118 0.693428
0.239901 0.694100
0.242688 0.694774
0.245392 0.695488
0.248081 0.696195
0.250789 0.696978
0.253564 0.697787
0.256333 0.698665
0.259131 0.699556
0.261924 0.700518
0.264765 0.701521
0.267660 0.702586
0.270517 0.703654
0.273363 0.704793
0.276246 0.705950
0.279311 0.707273
0.282389 0.708605
0.285405 0.709986
0.288493 0.711403
0.291541 0.712879
0.294615 0.714365
0.297741 0.715957
0.300968 0.717602
0.304202 0.719328
0.307394 0.721023
0.310709 0.722863
0.314010 0.724687
0.317357 0.726610
0.320699 0.728516
0.324129 0.730542
0.327461 0.732492
0.330840 0.734534
0.334315 0.736611
0.337852 0.738785
0.341412 0.740947
0.345011 0.743187
0.348642 0.745411
0.352296 0.747697
0.355963 0.749952
0.359676 0.752276
0.363319 0.754509
0.367092 0.756856
0.370888 0.759166
0.374729 0.761527
0.378572 0.763829
0.382344 0.766110
0.386206 0.768379
0.390107 0.770681
0.394024 0.772921
0.397961 0.775177
0.401906 0.777362
0.405892 0.779564
0.409887 0.781708
0.413891 0.783812
0.417902 0.785853
0.421949 0.787893
0.426001 0.789865
0.430058 0.791784
0.434123 0.793632
0.438218 0.795465
0.442289 0.797210
0.446356 0.798892
0.450413 0.800491
0.454497 0.802065
0.458501 0.803517
0.462667 0.804972
0.466858 0.806392
0.470997 0.807669
0.475082 0.808917
0.479082 0.810019
0.483102 0.811086
0.486990 0.812054
0.491133 0.813015
0.495272 0.813902
0.499418 0.814743
0.503262 0.815439
0.507065 0.816066
0.511209 0.816655
0.515046 0.817160
0.519062 0.817622
0.522924 0.818004
0.526819 0.818350
0.530586 0.818582
0.534222 0.818772
0.538288 0.818922
0.542085 0.819004
0.545657 0.819048
0.549046 0.819022
0.552313 0.818933
0.555934 0.818813
0.559548 0.818664
0.563233 0.818424
0.566779 0.818182
0.570160 0.817871
0.573892 0.817507
0.576864 0.817172
0.579800 0.816810
0.582734 0.816435
0.586009 0.815974
0.589102 0.815486
0.592192 0.814986
0.595274 0.814476
0.598535 0.813878
0.601509 0.813329
0.604088 0.812791
0.606665 0.812251
0.609790 0.811600
0.612762 0.810953
0.615731 0.810302
0.618627 0.809617
0.621280 0.808979
0.623794 0.808356
0.626307 0.807737
0.628775 0.807101
0.631442 0.806415
0.634107 0.805706
0.636770 0.805003
0.639105 0.804378
0.641619 0.803680
0.644000 0.803035
0.646562 0.802318
0.649105 0.801615
0.651247 0.801001
0.653723 0.800323
0.656154 0.799642
0.658210 0.799045
0.660500 0.798383
0.662598 0.797778
0.664782 0.797170
0.667071 0.796517
0.669441 0.795875
0.671751 0.795225
0.674042 0.794596
0.675994 0.794046
0.678233 0.793454
0.680432 0.792863
0.682596 0.792275
0.684845 0.791690
0.687098 0.791111
0.689368 0.790551
0.691601 0.789994
0.693740 0.789467
0.695842 0.788945
0.697963 0.788441
0.699796 0.788005
0.702178 0.787482
0.704384 0.786993
0.706512 0.786522
0.708411 0.786117
0.710190 0.785746
0.712281 0.785340
0.714020 0.784995
0.716111 0.784603
0.718011 0.784242
0.720098 0.783875
0.722401 0.783499
0.724104 0.783210
0.725923 0.782935
0.727422 0.782695
0.728937 0.782471
0.731175 0.782167
0.733355 0.781896
0.735660 0.781614
0.738090 0.781324
0.739565 0.781166
0.741033 0.781023
0.742271 0.780921
0.743815 0.780783
0.746445 0.780578
0.748823 0.780395
0.751314 0.780228
0.753439 0.780108
0.754794 0.780072
0.756010 0.780052
0.757083 0.780028
0.759053 0.779978
0.761397 0.779916
0.764038 0.779878
0.766615 0.779850
0.768270 0.779875
0.769374 0.779919
0.770511 0.779987
0.771649 0.780080
0.773748 0.780139
0.776243 0.780213
0.778704 0.780309
0.781345 0.780432
