37.732180
38.059162
38.386144
38.713126
39.040108
39.367090
39.694072
40.021053
40.348035
40.675017
41.001999
41.328981
41.655963
41.982945
42.309927
42.636909
42.963891
43.290873
43.617854
43.944836
44.271818
44.598800
44.925782
45.252764
45.579746
45.906728
46.233710
46.560692
46.887674
47.214655
47.541637
47.868619
48.195601
48.522583
48.849565
49.176547
49.503529
49.830511
50.157493
50.484475
50.811456
51.138438
51.465420
51.792402
52.119384
52.446366
52.773348
53.100330
53.427312
53.754294
54.081276
54.408257
54.735239
55.062221
55.389203
55.716185
56.043167
56.370149
56.697131
57.024113
57.351095
57.678077
58.005058
58.332040
58.659022
58.986004
59.312986
59.639968
59.966950
60.293932
60.620914
60.947896
61.274878
61.601859
61.928841
62.255823
62.582805
62.909787
63.236769
63.563751
63.890733
64.217715
64.544697
64.871679
65.198660
65.525642
65.852624
66.179606
66.506588
66.833570
67.160552
67.487534
67.814516
68.141498
68.468480
68.795461
69.122443
69.449425
69.776407
70.103389
70.430371
70.757353
71.084335
71.411317
71.738299
72.065281
72.392262
72.719244
73.046226
73.373208
73.700190
74.027172
74.354154
74.681136
75.008118
75.335100
75.662082
75.989063
76.316045
76.643027
76.970009
77.296991
77.623973
77.950955
78.277937
78.604919
78.931901
79.258883
79.585864
79.912846
80.239828
80.566810
80.893792
81.220774
81.547756
81.874738
82.201720
82.528702
82.855684
83.182665
83.509647
83.836629
84.163611
84.490593
84.817575
85.144557
85.471539
85.798521
86.125503
86.452485
86.779466
87.106448
87.433430
87.760412
88.087394
88.414376
88.741358
89.068340
89.395322
89.722304
90.049286
90.376267
90.703249
91.030231
91.357213
91.684195
92.011177
92.338159
92.665141
92.992123
93.319105
93.646087
93.973068
94.300050
94.627032
94.954014
95.280996
95.607978
95.934960
96.261942
96.588924
96.915906
97.242888
97.569869
97.896851
98.223833
98.550815
98.877797
99.204779
99.531761
99.858743
100.185725
100.512707
100.839689
101.166670
101.493652
101.820634
102.147616
102.474598
102.801580
