0.379058
-0.524437
0.248985
0.416764
0.495511
0.317720
-0.369415
0.432684
-0.601295
0.296363
-0.542216
-0.260492
0.077627
-0.313138
-0.501655
-0.587805
-0.542966
-0.634260
0.459371
0.402718
-0.288606
-0.569826
-0.001585
-0.561184
0.405626
0.261398
0.434497
-0.477411
-0.234319
-0.166892
-0.616125
-0.479782
0.457953
-0.444191
0.267597
0.445658
0.446605
0.300607
-0.431157
-0.524192
0.426811
-0.091966
-0.373116
-0.449824
0.431323
0.182985
0.216212
-0.526551
0.464300
0.212189
0.330030
-0.282924
-0.505818
0.294685
0.108070
-0.580761
-0.503563
0.430778
0.507411
0.415666
0.057625
0.310108
0.326399
0.342003
0.254092
0.224474
-0.546291
-0.536488
-0.383656
0.321906
-0.451103
0.524975
-0.581569
-0.021038
0.266348
0.149359
0.246809
0.342395
-0.504275
0.345983
-0.506530
0.441708
-0.388058
0.432370
0.346473
-0.521492
0.355230
-0.493664
-0.596362
-0.528111
0.476219
0.439725
0.455704
0.413459
0.217853
0.400526
0.397863
0.444710
0.304603
0.303916
