70.201062
68.631781
73.014890
64.548621
66.084987
80.968092
64.548621
83.005183
73.823239
78.371135
64.548621
64.548621
86.135254
77.261522
77.782879
75.278643
67.027775
73.636876
75.918824
76.654301
71.988034
83.903726
86.135254
64.548621
64.548621
68.241861
80.558830
64.548621
83.106141
76.551123
81.080233
64.548621
64.548621
64.548621
72.849184
78.427032
66.240055
72.530550
83.002758
66.769267
78.617699
80.018336
84.259221
67.260219
64.548621
77.810752
73.027065
64.548621
67.424414
71.901469
78.186762
64.699085
85.921943
80.210376
86.135254
85.716761
86.135254
78.723777
64.548621
72.765038
78.699120
76.638047
64.548621
69.497733
72.259258
80.103042
64.548621
74.161368
72.824831
64.548621
83.089379
76.427575
64.548621
80.125291
64.548621
81.720141
86.135254
76.020379
83.465921
77.671108
80.152711
86.135254
64.548621
68.312542
71.804760
78.482728
80.580921
79.420920
73.993015
64.548621
82.287306
64.548621
73.840596
64.548621
80.106969
64.548621
71.433625
64.548621
64.548621
72.346368
78.548484
69.724962
72.088504
74.397022
64.548621
64.548621
64.548621
80.100823
82.119842
83.402876
78.216236
86.135254
86.135254
74.411182
73.393604
84.757117
78.019926
75.330192
84.695382
64.548621
64.548621
77.767350
82.108365
64.548621
64.548621
82.331600
72.399977
64.548621
64.548621
64.548621
69.499621
78.839930
64.548621
64.548621
74.630714
81.627778
69.162524
78.779073
84.959469
65.110707
86.135254
66.471996
64.548621
80.075128
76.111812
75.652259
64.548621
85.775915
64.548621
64.548621
77.404269
82.852556
64.548621
73.239823
69.187939
77.492182
64.548621
64.548621
64.548621
86.135254
80.066197
64.548621
82.022252
75.351706
71.872427
74.875158
81.637510
74.748968
79.402539
70.527556
77.956009
80.445656
75.257513
82.801487
64.548621
64.548621
86.135254
78.487779
71.367945
69.612217
64.548621
74.763858
84.199543
64.548621
78.626970
64.548621
70.486739
73.125019
67.226594
64.548621
81.206161
65.508958
64.548621
64.548621
73.916412
82.042848
69.781303
64.548621
72.309666
78.651557
73.889606
70.867294
64.548621
77.087626
85.300553
64.548621
64.548621
64.548621
76.351840
77.408220
64.548621
71.355412
81.915389
68.468682
73.454489
64.548621
74.792699
80.012074
64.548621
74.690135
68.964164
77.437762
77.691121
64.548621
71.432686
82.571729
76.299388
75.482722
74.751549
79.341954
77.658453
76.817706
72.620892
64.548621
78.297102
71.440609
68.649673
64.548621
66.679434
72.017971
81.705975
68.351643
64.548621
65.760537
72.605093
64.548621
82.558810
80.248085
64.548621
75.510901
70.310846
66.826118
80.859763
74.154477
79.959820
