1 16 2

0.00110253978361 -0.00148370233192 
0.012142697109 -0.000223163996158 
0.00579805016004 0.000882255023583 
-0.00147336008329 -0.00080359248985 
-0.00232352453957 0.0181337745298 
-0.00163694045584 -0.00308638573368 
-0.00366655936935 -0.00833214348853 
-0.00154757710814 0.00154640629399 
-0.00308729903892 0.111970055507 
0.00364173431531 0.0426063110814 
-7.86221425258e-05 -0.00354783818508 
0.000785467158614 0.0215799297511 
-0.000187262020521 0.0588003800059 
0.00181690012346 0.0132867048159 
0.00284079720883 -0.0179047773594 
0.000318197805553 0.00579713071621 
