-5.773996080125146958e-03 4.708493560013348594e-02
1.556695255695323939e-03 -3.811829623671791900e-02
2.884314356987718268e-03 1.591726593234618625e-02
-2.887378077017351604e-03 1.376162110678006562e-02
-4.632106308540418350e-04 1.637158661431923623e-01
5.495230407293606213e-03 -1.565816885504469833e-02
-2.548253319232494062e-03 -1.339727129745615052e-02
1.475395020192029694e-03 8.763500440983076900e-03
-2.159758659437548828e-02 3.737495446512906216e-01
2.148752064905066345e-02 8.833256300643561876e-02
-3.472527824847402612e-03 -2.616907930695860224e-02
8.676653430314401616e-04 1.189782144703107822e-02
9.822545383374086184e-03 6.821927827269627653e-02
1.398489098369137861e-03 1.304054451406203713e-02
4.322569389390747141e-03 -3.603418750598703577e-03
-3.804738928064105492e-04 1.372882733025422445e-03
