0.023664 0.076788
0.022732 0.081910
0.021796 0.087073
0.020843 0.092390
0.019877 0.097847
0.018902 0.103402
0.017907 0.109209
0.016925 0.114981
0.015933 0.120939
0.014943 0.127024
0.013952 0.133243
0.012961 0.139649
0.011980 0.146163
0.011009 0.152823
0.010054 0.159618
0.009118 0.166504
0.008202 0.173615
0.007314 0.180863
0.006461 0.188221
0.005647 0.195767
0.004872 0.203435
0.004145 0.211273
0.003472 0.219285
0.002860 0.227458
0.002311 0.235808
0.001844 0.244305
0.001459 0.252903
0.001167 0.261792
0.000976 0.270816
0.000893 0.279939
0.000927 0.289176
0.001087 0.298549
0.001381 0.308020
0.001827 0.317648
0.002421 0.327393
0.003173 0.337209
0.004104 0.347180
0.005223 0.357280
0.006532 0.367484
0.008061 0.377793
0.009798 0.388170
0.011738 0.398526
0.013908 0.408941
0.016301 0.419339
0.018931 0.429795
0.021824 0.440220
0.024946 0.450650
0.028283 0.460869
0.031897 0.471150
0.035726 0.481278
0.039838 0.491401
0.044174 0.501372
0.048746 0.511211
0.053539 0.520913
0.058596 0.530475
0.063934 0.539990
0.069481 0.549304
0.075261 0.558478
0.081284 0.567462
0.087491 0.576251
0.093794 0.584672
0.100302 0.592930
0.107012 0.601002
0.113936 0.608904
0.120944 0.616502
0.128083 0.623859
0.135455 0.631087
0.142877 0.637990
0.150472 0.644730
0.158054 0.651120
0.165824 0.657363
0.173614 0.663327
0.181455 0.669049
0.189283 0.674497
0.197244 0.679779
0.205258 0.684854
0.213214 0.689651
0.221608 0.694470
0.229515 0.698808
0.237476 0.702980
0.245653 0.707059
0.253622 0.710856
0.261612 0.714487
0.269494 0.717910
0.277456 0.721209
0.285367 0.724337
0.293061 0.727243
0.300606 0.729971
0.308603 0.732724
0.316574 0.735340
0.323805 0.737617
0.331324 0.739877
0.338435 0.741928
0.345370 0.743847
0.352427 0.745724
0.359262 0.747464
0.366375 0.749196
0.372945 0.750738
0.379585 0.752235
0.386311 0.753691
0.392936 0.755073
0.399324 0.756359
0.405728 0.757591
0.411942 0.758757
0.418073 0.759871
0.423944 0.760907
0.429636 0.761885
0.435245 0.762824
0.441169 0.763788
0.446767 0.764694
0.452495 0.765586
0.457994 0.766427
0.463533 0.767241
0.469368 0.768099
0.474750 0.768884
0.480027 0.769646
0.484959 0.770376
0.489661 0.771053
0.494262 0.771714
0.498794 0.772367
0.503180 0.773000
0.507558 0.773634
0.512356 0.774328
0.516722 0.774967
0.521222 0.775606
0.526088 0.776329
0.530336 0.776978
0.534573 0.777635
0.538602 0.778269
0.542322 0.778876
0.546394 0.779540
0.550029 0.780181
0.553612 0.780799
0.557955 0.781544
0.562184 0.782287
0.566053 0.782996
0.569407 0.783639
0.573659 0.784440
0.577522 0.785199
0.580601 0.785850
0.584234 0.786578
0.587231 0.787274
0.590548 0.788012
0.594005 0.788793
0.596688 0.789452
0.600058 0.790255
0.602966 0.790987
0.605684 0.791666
0.608733 0.792462
0.611741 0.793269
0.614295 0.793999
0.617244 0.794831
0.619920 0.795619
0.622371 0.796373
0.624697 0.797148
0.627181 0.797944
0.629748 0.798774
0.632097 0.799568
0.634287 0.800333
0.636626 0.801153
0.638918 0.801978
0.641346 0.802859
0.644014 0.803791
0.646375 0.804690
0.648838 0.805638
0.651252 0.806589
0.653256 0.807428
0.655650 0.808411
0.658233 0.809474
0.659924 0.810297
0.661735 0.811094
0.664128 0.812148
0.666249 0.813125
0.667975 0.813973
0.670064 0.814969
0.671812 0.815851
0.673933 0.816928
0.675605 0.817808
0.677468 0.818778
0.679340 0.819765
0.680917 0.820643
0.682858 0.821684
0.684779 0.822733
0.686302 0.823623
0.688188 0.824684
0.689937 0.825658
0.691533 0.826612
0.693246 0.827632
0.695115 0.828740
0.696563 0.829666
0.698194 0.830682
0.699641 0.831623
0.700960 0.832548
0.702770 0.833687
0.704882 0.834989
0.706468 0.836043
0.707871 0.837013
0.709047 0.837873
0.710428 0.838845
0.712152 0.840006
