54.333342
54.587948
54.842555
55.097161
55.351767
55.606373
55.860980
56.115586
56.370192
56.624799
56.879405
57.134011
57.388617
57.643224
57.897830
58.152436
58.407042
58.661649
58.916255
59.170861
59.425467
59.680074
59.934680
60.189286
60.443893
60.698499
60.953105
61.207711
61.462318
61.716924
61.971530
62.226136
62.480743
62.735349
62.989955
63.244562
63.499168
63.753774
64.008380
64.262987
64.517593
64.772199
65.026805
65.281412
65.536018
65.790624
66.045231
66.299837
66.554443
66.809049
67.063656
67.318262
67.572868
67.827474
68.082081
68.336687
68.591293
68.845900
69.100506
69.355112
69.609718
69.864325
70.118931
70.373537
70.628143
70.882750
71.137356
71.391962
71.646568
71.901175
72.155781
72.410387
72.664994
72.919600
73.174206
73.428812
73.683419
73.938025
74.192631
74.447237
74.701844
74.956450
75.211056
75.465663
75.720269
75.974875
76.229481
76.484088
76.738694
76.993300
77.247906
77.502513
77.757119
78.011725
78.266332
78.520938
78.775544
79.030150
79.284757
79.539363
79.793969
80.048575
80.303182
80.557788
80.812394
81.067001
81.321607
81.576213
81.830819
82.085426
82.340032
82.594638
82.849244
83.103851
83.358457
83.613063
83.867670
84.122276
84.376882
84.631488
84.886095
85.140701
85.395307
85.649913
85.904520
86.159126
86.413732
86.668338
86.922945
87.177551
87.432157
87.686764
87.941370
88.195976
88.450582
88.705189
88.959795
89.214401
89.469007
89.723614
89.978220
90.232826
90.487433
90.742039
90.996645
91.251251
91.505858
91.760464
92.015070
92.269676
92.524283
92.778889
93.033495
93.288102
93.542708
93.797314
94.051920
94.306527
94.561133
94.815739
95.070345
95.324952
95.579558
95.834164
96.088771
96.343377
96.597983
96.852589
97.107196
97.361802
97.616408
97.871014
98.125621
98.380227
98.634833
98.889439
99.144046
99.398652
99.653258
99.907865
100.162471
100.417077
100.671683
100.926290
101.180896
101.435502
101.690108
101.944715
102.199321
102.453927
102.708534
102.963140
103.217746
103.472352
103.726959
103.981565
104.236171
104.490777
104.745384
104.999990
