0.310829 -0.068011
0.313053 -0.065502
0.315316 -0.062952
0.317593 -0.060383
0.319889 -0.057791
0.322224 -0.055168
0.324547 -0.052538
0.326931 -0.049849
0.329329 -0.047141
0.331744 -0.044399
0.334199 -0.041629
0.336672 -0.038836
0.339182 -0.036004
0.341722 -0.033141
0.344295 -0.030243
0.346925 -0.027302
0.349560 -0.024338
0.352233 -0.021336
0.354949 -0.018291
0.357680 -0.015215
0.360468 -0.012097
0.363291 -0.008944
0.366148 -0.005754
0.369043 -0.002527
0.371988 0.000737
0.374961 0.004042
0.377985 0.007397
0.381023 0.010770
0.384107 0.014187
0.387242 0.017655
0.390425 0.021171
0.393652 0.024730
0.396929 0.028338
0.400226 0.031983
0.403583 0.035676
0.406991 0.039419
0.410431 0.043199
0.413907 0.047017
0.417437 0.050879
0.420967 0.054775
0.424553 0.058717
0.428192 0.062717
0.431865 0.066757
0.435583 0.070850
0.439363 0.074987
0.443109 0.079153
0.446957 0.083379
0.450800 0.087663
0.454685 0.091978
0.458618 0.096354
0.462560 0.100757
0.466540 0.105214
0.470548 0.109718
0.474620 0.114284
0.478629 0.118856
0.482669 0.123458
0.486731 0.128106
0.490837 0.132803
0.494868 0.137492
0.498988 0.142260
0.503075 0.147065
0.507192 0.151912
0.511296 0.156778
0.515380 0.161654
0.519481 0.166585
0.523575 0.171545
0.527664 0.176516
0.531681 0.181482
0.535740 0.186499
0.539734 0.191515
0.543714 0.196538
0.547686 0.201592
0.551634 0.206661
0.555572 0.211761
0.559452 0.216834
0.563334 0.221939
0.567123 0.227000
0.570805 0.231951
0.574590 0.237082
0.578357 0.242226
0.581984 0.247237
0.585616 0.252302
0.589191 0.257335
0.592701 0.262330
0.596174 0.267308
0.599602 0.272267
0.603061 0.277311
0.606454 0.282316
0.609679 0.287109
0.612848 0.291860
0.616123 0.296824
0.619267 0.301628
0.622439 0.306522
0.625583 0.311419
0.628596 0.316153
0.631628 0.320960
0.634532 0.325598
0.637490 0.330372
0.640365 0.335051
0.643157 0.339629
0.645905 0.344174
0.648639 0.348738
0.651341 0.353289
0.653985 0.357777
0.656584 0.362226
0.659176 0.366705
0.661745 0.371182
0.664270 0.375621
0.666669 0.379864
0.669044 0.384096
0.671368 0.388273
0.673684 0.392472
0.675968 0.396654
0.678102 0.400576
0.680276 0.404612
0.682419 0.408622
0.684547 0.412633
0.686706 0.416745
0.688836 0.420834
0.690929 0.424888
0.693005 0.428941
0.695034 0.432934
0.696930 0.436687
0.698868 0.440563
0.700767 0.444398
0.702514 0.447937
0.704346 0.451681
0.706137 0.455372
0.707929 0.459097
0.709746 0.462900
0.711448 0.466494
0.713168 0.470147
0.714895 0.473849
0.716426 0.477160
0.717941 0.480467
0.719497 0.483882
0.721126 0.487477
0.722529 0.490618
0.723979 0.493882
0.725566 0.497453
0.727036 0.500807
0.728540 0.504240
0.729978 0.507563
0.731355 0.510775
0.732870 0.514300
0.734206 0.517462
0.735615 0.520796
0.737073 0.524261
0.738395 0.527443
0.739698 0.530603
0.741076 0.533935
0.742341 0.537040
0.743641 0.540236
0.744966 0.543498
0.746258 0.546697
0.747529 0.549867
0.748759 0.552959
0.750015 0.556119
0.751284 0.559320
0.752500 0.562413
0.753706 0.565492
0.754863 0.568468
0.755986 0.571378
0.757120 0.574316
0.758212 0.577169
0.759297 0.580013
0.760457 0.583027
0.761512 0.585812
0.762508 0.588472
0.763649 0.591454
0.764829 0.594521
0.765822 0.597178
0.766862 0.599939
0.767978 0.602867
0.768998 0.605583
0.770083 0.608440
0.771027 0.610994
0.772105 0.613831
0.773128 0.616543
0.774137 0.619221
0.775203 0.622020
0.776176 0.624609
0.777142 0.627182
0.778192 0.629926
0.779148 0.632463
0.780172 0.635129
0.781178 0.637760
0.782149 0.640306
0.783076 0.642751
0.784096 0.645377
0.785065 0.647891
0.786072 0.650472
0.787056 0.653005
0.787964 0.655360
0.788794 0.657546
0.789745 0.659966
0.790735 0.662454
0.791776 0.665030
0.792763 0.667485
0.793662 0.669753
