-0.055537 0.079350
-0.056851 0.084765
-0.058158 0.090229
-0.059488 0.095885
-0.060833 0.101715
-0.062184 0.107666
-0.063567 0.113936
-0.064914 0.120160
-0.066275 0.126621
-0.067628 0.133242
-0.068979 0.140033
-0.070330 0.147062
-0.071660 0.154229
-0.072972 0.161584
-0.074259 0.169111
-0.075513 0.176754
-0.076742 0.184687
-0.077928 0.192796
-0.079062 0.201047
-0.080144 0.209542
-0.081167 0.218192
-0.082125 0.227059
-0.083009 0.236148
-0.083809 0.245442
-0.084523 0.254959
-0.085128 0.264662
-0.085618 0.274492
-0.085989 0.284687
-0.086225 0.295048
-0.086316 0.305528
-0.086252 0.316143
-0.086022 0.326920
-0.085619 0.337810
-0.085021 0.348888
-0.084231 0.360094
-0.083238 0.371374
-0.082020 0.382830
-0.080566 0.394426
-0.078874 0.406130
-0.076910 0.417946
-0.074691 0.429821
-0.072224 0.441645
-0.069478 0.453519
-0.066467 0.465348
-0.063172 0.477218
-0.059569 0.489038
-0.055696 0.500831
-0.051582 0.512356
-0.047145 0.523933
-0.042467 0.535307
-0.037465 0.546658
-0.032214 0.557813
-0.026702 0.568798
-0.020947 0.579604
-0.014900 0.590246
-0.008537 0.600820
-0.001950 0.611154
0.004891 0.621314
0.012000 0.631260
0.019300 0.640971
0.026688 0.650261
0.034297 0.659362
0.042124 0.668253
0.050186 0.676953
0.058322 0.685306
0.066595 0.693390
0.075126 0.701332
0.083699 0.708913
0.092459 0.716309
0.101186 0.723318
0.110124 0.730166
0.119068 0.736701
0.128059 0.742968
0.137018 0.748930
0.146128 0.754711
0.155287 0.760261
0.164371 0.765505
0.173978 0.770782
0.182976 0.775512
0.192029 0.780057
0.201345 0.784507
0.210399 0.788638
0.219472 0.792586
0.228415 0.796301
0.237446 0.799878
0.246412 0.803266
0.255102 0.806403
0.263613 0.809340
0.272680 0.812308
0.281716 0.815122
0.289836 0.817554
0.298313 0.819966
0.306286 0.822143
0.314041 0.824172
0.321958 0.826152
0.329593 0.827979
0.337575 0.829793
0.344884 0.831396
0.352285 0.832945
0.359794 0.834445
0.367182 0.835859
0.374278 0.837164
0.381389 0.838406
0.388276 0.839571
0.395063 0.840675
0.401529 0.841691
0.407776 0.842641
0.413923 0.843544
0.420470 0.844461
0.426624 0.845313
0.432937 0.846139
0.438967 0.846908
0.445040 0.847641
0.451506 0.848402
0.457406 0.849087
0.463180 0.849742
0.468539 0.850362
0.473601 0.850928
0.478541 0.851471
0.483399 0.852000
0.488078 0.852505
0.492754 0.853005
0.497968 0.853540
0.502640 0.854026
0.507474 0.854498
0.512797 0.855030
0.517341 0.855504
0.521879 0.855976
0.526156 0.856427
0.530049 0.856855
0.534397 0.857317
0.538210 0.857768
0.541946 0.858191
0.546663 0.858694
0.551242 0.859190
0.555368 0.859663
0.558841 0.860091
0.563474 0.860617
0.567618 0.861114
0.570759 0.861542
0.574602 0.862004
0.577670 0.862470
0.581138 0.862949
0.584796 0.863455
0.587459 0.863881
0.591018 0.864400
0.593985 0.864872
0.596692 0.865294
0.599856 0.865807
0.602975 0.866328
0.605508 0.866797
0.608563 0.867334
0.611268 0.867839
0.613686 0.868322
0.615965 0.868834
0.618438 0.869345
0.621025 0.869880
0.623333 0.870389
0.625434 0.870875
0.627739 0.871401
0.629987 0.871930
0.632423 0.872500
0.635162 0.873094
0.637523 0.873678
0.640027 0.874299
0.642472 0.874923
0.644373 0.875459
0.646805 0.876108
0.649499 0.876821
0.651022 0.877359
0.652661 0.877845
0.655119 0.878551
0.657217 0.879196
0.658782 0.879736
0.660848 0.880395
0.662455 0.880961
0.664603 0.881702
0.666117 0.882264
0.667897 0.882902
0.669697 0.883554
0.671095 0.884112
0.673001 0.884810
0.674886 0.885515
0.676224 0.886081
0.678073 0.886797
0.679709 0.887421
0.681165 0.888041
0.682791 0.888720
0.684640 0.889478
0.685906 0.890074
0.687434 0.890750
0.688708 0.891357
0.689835 0.891963
0.691632 0.892754
0.693864 0.893696
0.695357 0.894411
0.696597 0.895046
0.697518 0.895578
0.698733 0.896214
0.700446 0.897032
