87.982435
76.891241
66.437548
76.928643
89.153521
84.261706
60.070720
70.966220
66.075444
80.589553
85.440018
74.653841
82.294223
83.592748
77.655963
76.958482
79.267015
62.730927
81.884324
62.975795
68.004428
78.381814
76.674001
73.665071
77.655915
72.349204
67.867613
67.964415
72.629637
75.015159
64.401516
75.986136
62.819748
76.580371
72.661045
72.569253
70.602693
70.530469
56.180072
73.588926
74.822285
74.798687
67.727658
71.925261
60.941173
80.242000
62.706402
77.922953
74.404881
81.151398
80.740438
75.279005
82.243289
82.052601
80.789549
90.494450
81.491039
80.671018
64.577621
81.157695
83.095886
71.628471
80.720069
60.764473
67.762246
81.553857
76.973419
84.315487
72.197643
69.434957
82.952957
71.763980
65.653872
82.232225
65.223403
68.162401
59.833972
78.719860
75.474640
71.537278
89.908740
67.278229
74.399713
65.863621
75.933027
81.759460
68.618704
40.114156
78.181141
64.207064
75.519411
72.111231
68.880277
91.051754
66.253946
69.326543
65.315051
58.969003
64.511377
70.781579
73.769667
67.974531
74.985610
71.442518
71.134528
82.915272
80.229547
68.538447
77.742542
71.293600
69.392419
80.140576
61.028218
80.209853
64.137763
88.630774
75.405654
62.201613
86.846801
68.650752
84.440654
71.850453
85.281089
71.404098
57.663635
73.970910
69.877823
77.197945
63.377775
76.219160
92.724018
73.072949
76.451045
61.533841
73.396923
68.081870
53.310840
69.886059
68.805334
77.178928
89.007827
77.255821
74.592390
67.876827
77.754242
70.286594
55.218266
68.403490
85.962889
70.535124
68.151434
75.683367
79.810909
84.339790
70.423793
65.137228
64.344226
73.467175
62.797651
83.956016
71.717893
85.327044
84.227414
79.723710
88.194144
83.133812
77.026398
77.962122
73.556069
72.367134
67.517429
70.628841
78.235376
65.710599
82.480787
78.291890
55.930429
75.057627
63.432427
85.489832
64.874626
52.497621
69.838932
80.600450
72.091985
87.222118
60.055488
67.875855
63.262271
70.220411
58.875275
86.789182
77.967675
71.257606
70.881905
77.515504
63.470936
60.885900
73.528733
82.120579
85.653916
66.890168
81.544448
77.278410
73.064494
73.760989
69.136786
72.432613
76.553367
69.714904
66.131920
71.489917
67.816291
64.939985
71.702027
76.180329
71.851077
76.401853
72.881481
82.894821
70.230239
50.263980
69.513084
71.061870
85.408625
76.934813
85.968469
78.400023
81.527572
71.702446
68.518550
75.465543
87.650975
84.314054
75.867933
76.003959
77.859930
78.404533
77.886513
73.674071
82.793352
76.408025
62.421125
83.241537
68.942002
65.503090
75.781838
76.281225
72.954097
83.175038
72.986633
77.896614
73.083561
81.482184
77.570188
87.742284
80.714980
87.682503
80.083183
82.218507
81.954341
59.132404
77.677622
75.529937
80.617269
73.159727
78.412309
66.190170
79.183864
80.526611
63.248928
69.952922
81.932784
73.967433
69.755203
79.042984
75.259820
76.847888
74.162406
67.151565
66.010730
70.260286
81.184159
78.980793
75.958301
61.309866
86.223294
75.695179
76.308662
80.008186
79.465831
69.570817
73.835386
66.122561
58.080916
79.036554
84.432389
60.999450
64.424130
67.780530
81.877145
67.474765
58.202568
70.967554
79.256800
68.375693
63.320855
62.469801
74.649905
70.322838
69.220126
59.929456
71.517168
86.223081
73.177744
63.991483
77.023808
65.392759
84.327151
75.861520
77.304453
58.970890
73.325191
78.492746
66.194229
79.985452
81.347145
71.616848
73.403063
66.002511
79.595372
73.543048
79.100091
67.704798
75.110323
64.926728
75.102750
72.093638
84.643838
79.666928
78.462525
72.748636
80.274513
77.069083
63.850429
76.757343
70.066586
77.672175
84.486427
72.495419
64.516991
76.134571
66.850487
53.536342
76.847357
86.339118
49.851958
72.309709
76.784132
87.136845
75.511360
64.363269
75.617241
72.014361
67.499697
70.942589
70.951660
69.851965
66.804630
79.300282
74.295156
61.085025
77.647504
74.338346
73.765821
83.642998
64.924153
65.807975
74.620458
77.464038
77.825428
73.169592
83.705708
84.715634
69.844160
71.665287
72.674930
60.775369
69.884874
63.265282
68.444887
77.313210
58.375090
70.866363
71.420782
85.670970
81.538840
70.334527
73.006483
70.020525
70.422791
83.781547
64.000871
74.786833
80.658280
83.608905
64.126737
70.131930
65.149212
67.795027
76.801426
77.872723
69.230982
81.014698
76.479866
81.065868
82.508689
84.873581
72.525627
81.354382
80.276080
82.210852
81.910957
73.058837
68.990946
91.397441
70.751858
75.198159
64.578036
91.640292
