0.000392
-0.057300
0.031780
0.196734
-0.166334
0.025924
-0.946317
0.685346
-0.211515
0.901696
-0.565954
-0.104841
-0.027719
0.248616
0.185491
-0.249137
0.135316
-0.518106
0.021611
0.007887
-1.428819
0.556384
-0.009029
0.034834
-0.069740
0.029778
-0.115034
0.212703
0.077482
-0.011645
0.133935
0.077961
0.193136
-0.005668
0.202014
0.059926
0.140235
0.051101
-0.198759
-0.066841
0.125076
-0.103585
-0.163635
-0.154662
0.120205
-0.039703
-0.500019
-0.078781
0.388606
0.211476
-0.988158
0.011296
0.140654
0.121426
-0.098897
-0.033519
0.270361
0.063692
0.182588
0.217936
-0.272616
0.080823
-0.057233
0.134541
0.206950
-0.081761
0.155628
0.130211
-0.087662
0.041175
-0.048177
0.151434
0.103831
0.123466
0.021307
-0.037842
0.123683
0.275215
0.032178
-0.300944
0.311227
0.080709
-0.073989
-0.149956
-0.163875
0.687030
1.414818
-1.460627
0.709557
0.125523
0.191728
0.175858
0.187618
0.160578
0.131375
-0.298108
-0.218628
0.007100
0.110894
1.247894
0.025677
0.279198
-0.055339
-0.038852
-0.003268
0.430081
-0.242197
0.089437
-0.029594
0.215031
-0.886415
0.330408
0.235876
-0.046318
-0.105690
0.406913
0.057511
0.990302
-0.088701
-0.056602
-0.169930
0.053519
0.608327
0.004375
-1.568658
0.121351
0.001926
-0.084082
0.299856
-0.903154
0.294881
-1.241518
0.048698
0.343747
-0.273081
-0.471789
0.446751
0.282028
-0.090426
0.127253
-0.084434
-0.036150
-0.192074
0.019458
-0.210224
1.446268
0.354180
0.192970
0.213357
0.160015
0.284684
0.119622
-0.063177
-0.229033
-0.036253
-0.501585
0.181181
-0.064073
1.289264
-0.105258
0.135271
0.336926
0.080942
0.052801
0.023081
-0.113716
-0.227685
-0.069199
-1.389568
0.539067
1.556554
0.050664
-0.129323
0.127008
-0.027815
-0.575868
-0.468421
0.637169
-0.463351
-0.220075
-0.896313
0.139166
-0.164436
-0.136442
-0.044677
0.835883
-0.318204
-0.093931
0.154824
0.352479
-0.107289
-0.119437
0.085388
-1.069524
0.155539
-0.107127
0.241773
0.105307
-0.174199
-0.049646
0.100160
-0.001799
-0.165594
0.122415
0.251006
-0.012598
0.056466
-1.662437
0.093471
0.337905
0.832436
-0.466297
-0.345333
0.035253
-0.182093
0.041822
-0.213365
-0.035557
0.149237
0.039416
-0.324225
0.928525
-2.255403
-1.517378
0.066493
0.168932
0.247788
0.003749
0.246695
0.046037
-0.118231
0.131812
0.195852
0.212151
0.076478
0.019647
-0.157658
0.218200
0.294343
0.000412
-0.177337
-0.070683
0.025289
-0.045320
-0.528863
0.033327
-0.105197
-0.075806
-0.192435
0.084220
0.146577
0.009987
-0.051578
-0.219137
0.153398
0.027924
0.060828
-0.017847
0.206047
0.244437
0.092508
1.554094
2.247557
-0.234957
-0.069809
-0.143674
0.453969
-0.121820
-0.062257
-0.206280
1.525720
0.155446
0.173564
-0.063291
-0.032736
0.200833
-0.032311
0.221556
-0.139869
0.131289
1.565094
-0.018836
-0.083525
-0.643922
0.052007
-0.912729
0.128529
-0.187225
-0.010051
0.098841
0.055290
-0.140509
0.213218
0.187093
1.732651
-0.370110
-0.405753
-0.841861
0.972230
0.110361
0.103043
-0.359840
0.026969
-0.138593
0.263481
0.860656
-0.363505
1.348052
0.170693
0.602341
-1.021201
1.390662
0.146558
0.085464
-0.064262
-0.120642
-0.001459
-1.436908
0.113664
-0.701976
0.143169
0.892786
0.248416
-0.620521
-0.155212
0.175623
-0.085400
-0.487944
0.049587
-0.057782
0.198610
0.151365
-0.320035
0.137404
0.126280
0.032357
-0.000755
-0.380851
0.289755
0.076863
-0.222655
-0.145179
-0.051374
-0.180647
0.267535
0.012547
0.235279
0.162664
0.142405
-0.271805
0.294727
-0.066098
3.343582
1.187225
-0.063858
0.369072
0.396336
-0.323339
0.224272
0.070642
2.380816
-0.776789
0.296923
-0.069116
0.442731
-0.047540
0.209104
0.480596
0.513012
0.191430
0.220380
0.226362
-0.671418
-0.223688
-0.280562
-0.084948
-2.175313
0.526849
0.572364
0.194599
0.112413
-0.110565
-0.157669
0.166317
1.095114
2.185874
-0.162235
0.074402
0.376676
0.082456
1.810190
0.224926
-0.075957
0.220428
0.252253
-0.108765
0.149111
0.109560
-0.157977
-0.131232
-0.090282
0.075007
0.174151
-0.709975
-0.012919
-0.001038
-0.059098
-0.187212
-0.876294
0.069832
-0.724748
0.044729
-0.149573
0.141148
-1.257844
0.030045
-0.218171
-0.113567
0.038811
-0.195288
0.092905
0.022606
-0.676817
-0.225239
-1.338911
0.095147
-0.738768
-0.267271
-0.097421
0.193969
