0.208594
-1.136553
-0.916730
-0.170557
0.110624
0.347853
0.110403
0.490921
-0.198135
0.382925
0.053718
0.570556
0.197330
-0.115622
-0.158357
0.171585
-0.039377
-0.820640
-0.019572
-0.803537
0.164196
0.544257
0.355488
0.621873
-0.104872
-0.901254
-0.911166
-0.118068
0.031282
-0.821720
0.069829
-0.341339
-0.021410
0.042081
0.425406
-0.145615
-1.126210
0.578886
-0.813327
0.167312
0.088044
0.078725
-0.447887
0.347052
0.664540
-0.527651
-0.858561
0.370106
0.565473
-0.177553
0.332858
0.363702
0.136563
-0.097193
0.149352
0.188079
-0.604881
-0.763257
0.583401
-0.038801
-0.837836
0.113066
0.394001
0.808447
0.028079
0.251773
0.335585
-0.769920
-0.130346
0.055107
-0.997719
-0.036504
-0.047398
0.051054
0.098071
0.523317
0.669239
-0.225303
-0.650868
-1.037972
-0.717945
0.070368
0.512770
-0.894984
0.308883
-0.622904
0.189579
1.097582
0.342457
0.256159
0.118552
0.134105
0.443593
0.545082
0.135828
-0.354869
-0.893846
-0.730593
0.670890
0.411076
0.003893
0.124521
0.041080
0.409278
0.455158
0.007169
0.349587
0.790275
-0.142659
0.223136
0.020848
-0.131811
0.298861
-0.837652
0.721851
-0.124168
0.298151
0.565976
-0.037055
0.288284
0.344098
0.062530
-0.345586
0.265493
-0.431901
0.116106
-0.970464
0.191832
0.231439
0.006544
-0.561318
0.193327
0.412889
0.108935
0.548251
0.322069
0.007627
0.103452
-0.992328
0.267705
0.076012
0.134427
-0.182867
0.500481
0.417695
-0.287928
0.558558
0.211926
-0.059354
0.172197
-0.945831
0.254196
0.362995
-0.904609
-0.947597
0.470260
0.651345
0.018285
0.484584
-0.164900
0.096730
-0.012942
-0.455169
0.097505
0.027413
0.049501
0.105566
-0.351668
0.111421
-0.376457
0.228228
0.599729
0.503260
-0.901547
0.084843
0.291203
-0.669642
-0.125453
-0.880933
-0.873255
0.258554
0.263122
0.164075
0.191183
0.696734
-0.412315
0.134462
0.103610
0.315995
0.824820
0.288457
0.060190
-0.144258
0.512028
0.255532
0.519497
0.537355
-0.770278
-0.049894
-0.017100
0.028951
0.505999
0.361114
0.212692
0.391811
0.136998
0.290965
0.063265
0.033758
0.150767
0.349564
0.105221
0.327971
0.631984
0.340581
-0.893719
-0.151594
0.026420
0.118523
-0.018869
-0.942860
0.747491
0.143459
0.090061
-0.147198
0.290415
0.276299
-0.440787
0.316566
0.262031
-0.895585
-0.039925
-0.245717
-0.002384
-0.080619
-0.702586
0.590651
-0.010017
-0.907071
-0.934623
-0.058051
0.160412
0.018993
-0.855752
0.058743
0.431268
-1.241867
-0.009820
-0.240798
-0.892376
-1.033921
0.135237
-0.989496
0.205254
0.382517
-0.009724
0.120596
-0.711989
0.596279
0.168845
0.072427
0.642031
0.374232
0.118786
0.464187
0.669363
0.175863
-0.697890
0.074830
-0.074817
0.381976
0.340664
0.162684
-0.052061
-0.996340
-0.235703
0.311560
-0.313928
-0.382240
0.247978
0.309729
0.458726
-0.049332
-0.113074
0.014732
-0.762064
0.413023
0.195601
-0.051775
0.109646
0.136072
-1.060577
0.251423
-0.910849
0.581848
-0.297360
-0.273459
-0.774246
0.420925
0.507470
-0.764352
0.015603
0.110540
-0.953413
0.276156
0.652587
0.123799
0.345365
0.297406
0.385145
-0.903548
0.415834
-0.947886
-0.731499
0.479188
-0.890958
0.047578
0.090998
-0.168883
-0.255781
0.342344
0.548320
0.171817
0.268229
0.138579
-0.668722
-0.197652
-0.045026
-0.140544
0.444097
0.052465
0.227374
-0.330661
-0.882451
0.379294
0.196183
0.282310
0.141853
0.199288
0.446023
0.327035
-0.052244
-0.004904
0.146374
0.338372
0.217511
0.118450
0.292527
0.056617
0.348455
0.095411
-0.960816
0.322452
0.658754
-0.267912
-0.245989
0.576581
-0.063075
0.281373
0.387493
0.286967
0.087283
0.491472
0.392290
0.589794
0.013864
0.466622
0.557422
0.424994
0.051721
0.658958
0.173905
-0.090238
-1.149081
-1.006336
-0.133606
-0.896952
0.222055
0.439305
0.334021
-0.182539
0.092675
0.436442
0.409615
0.524771
0.384570
0.455553
0.394003
0.717463
-0.866262
0.149841
0.124366
0.433747
0.477072
0.195282
-0.175868
0.058533
-0.846523
0.722051
-0.931201
0.494244
0.285124
-0.865056
-0.645158
-0.216699
-0.006198
0.277603
0.039546
-0.875026
0.057809
0.118429
0.637881
0.119440
0.192297
0.044038
0.076982
-0.006581
-0.836099
-0.938100
-0.140984
-0.044513
0.158171
-0.894207
0.002067
0.193960
-0.776508
0.514849
-0.043583
-0.900219
-0.544418
