0.297157 0.092209
0.308101 0.115326
0.319719 0.138873
0.332855 0.164146
0.363008 0.216599
0.398896 0.270296
0.498681 0.313694
0.503670 0.319656
0.518230 0.336865
0.523697 0.343268
0.528021 0.348323
0.538875 0.460442
0.550788 0.470876
0.562491 0.481140
0.568192 0.486143
0.573768 0.491072
0.523032 0.587932
0.554769 0.603264
0.564301 0.608060
0.576149 0.614170
0.590079 0.621667
0.420609 0.084879
0.435266 0.102132
0.451960 0.121772
0.468541 0.141396
0.487598 0.164205
0.523470 0.208335
0.560439 0.256233
0.332061 0.205555
0.368875 0.267469
0.408514 0.321779
0.433229 0.351029
0.457052 0.376783
0.894650 0.457085
0.896033 0.475658
0.897159 0.492641
0.899387 0.530745
0.899922 0.541352
0.900932 0.555693
0.457971 0.793632
0.492031 0.797959
0.520231 0.801523
0.546447 0.805048
0.572743 0.809113
0.532708 0.170718
0.545592 0.186703
0.559239 0.204118
0.571589 0.220439
0.598381 0.257720
0.609917 0.274666
0.620443 0.290638
0.460278 0.849760
0.490802 0.853130
0.514856 0.855685
0.540662 0.858441
0.567775 0.861501
0.600034 0.003181
0.622931 0.025550
0.642279 0.046135
0.663559 0.070953
0.698121 0.117337
0.729702 0.168649
0.534835 0.297243
0.560216 0.329508
0.585205 0.361778
0.607390 0.391102
0.632343 0.425200
0.663870 0.470892
0.678911 0.494130
0.693051 0.517122
0.349757 0.150846
0.361735 0.170771
0.376873 0.194768
0.394291 0.220818
0.413936 0.248482
0.448661 0.293514
0.155476 0.096531
0.155971 0.104956
0.156317 0.111008
0.157839 0.135751
0.159399 0.157520
0.161198 0.178725
0.166682 0.226077
0.176194 0.279109
0.182396 0.304405
0.198074 0.171610
0.199800 0.181564
0.201970 0.193282
0.206473 0.215448
0.211754 0.238231
0.225057 0.284365
0.580979 0.193955
0.590393 0.206641
0.597445 0.216428
0.613632 0.239768
0.630037 0.264863
0.696049 0.384003
0.225751 0.149564
0.228484 0.161079
0.230720 0.170179
0.236789 0.193359
0.243717 0.217249
0.736065 0.214400
0.737942 0.218243
0.740021 0.222599
0.744715 0.232706
0.749346 0.243111
0.271227 0.064253
0.274260 0.071721
0.279460 0.084359
0.286259 0.100625
0.294592 0.120039
0.303826 0.140724
0.359698 0.246051
0.548854 0.445138
0.551940 0.448066
0.555205 0.451171
0.561553 0.457213
0.567889 0.463237
0.574385 0.469438
0.893944 0.147160
0.899370 0.160866
0.907278 0.182456
0.918598 0.217653
0.927764 0.251061
0.933733 0.276116
0.174932 0.641461
0.198432 0.659011
0.228056 0.677789
0.280552 0.703918
0.332205 0.722790
0.390050 0.243184
0.399586 0.256773
0.409290 0.270118
0.455685 0.328148
0.478325 0.353763
0.490944 0.420887
0.505785 0.434375
0.520990 0.447889
0.549562 0.472766
0.576343 0.496065
0.603116 0.519974
0.451305 0.238106
0.465305 0.255978
0.480796 0.275370
0.493146 0.290601
0.521526 0.325027
0.401925 0.319265
0.405318 0.323546
0.409268 0.328422
0.415806 0.336338
0.421866 0.343472
0.428827 0.351444
0.438690 0.362393
0.442098 0.366097
0.528840 0.276930
0.531685 0.280553
0.534927 0.284685
0.540657 0.291996
0.546886 0.299982
0.552917 0.307758
0.592767 0.632175
0.598996 0.635524
0.604158 0.638414
0.614835 0.644550
0.626095 0.651405
0.661343 0.675975
0.420399 0.407030
0.429462 0.415670
0.438640 0.424117
0.457213 0.440359
0.475667 0.455589
0.493555 0.469703
0.389780 0.238746
0.392698 0.242983
0.396086 0.247840
0.402322 0.256617
0.409087 0.265914
0.415842 0.274971
0.429240 0.292328
0.336055 0.394087
0.344669 0.404266
0.355565 0.416306
0.376037 0.436815
0.397344 0.455766
0.418307 0.472565
0.480641 0.460079
0.485793 0.464155
0.492938 0.469719
0.505478 0.479337
0.529061 0.497015
0.411324 0.527576
0.419926 0.532704
0.432357 0.539813
0.451578 0.550199
0.471133 0.560220
0.489301 0.569195
0.527459 0.587596
0.636637 0.520990
0.641840 0.526796
0.647084 0.532742
0.656813 0.544036
0.666454 0.555648
0.676285 0.567940
0.257583 0.389180
0.265610 0.401941
0.273628 0.413694
0.286176 0.430406
0.314850 0.462626
0.379045 0.515428
0.278390 0.149789
0.281715 0.158457
0.285517 0.168127
0.293140 0.186681
0.301874 0.206620
0.311810 0.227647
0.488763 0.525935
0.491772 0.527751
0.494885 0.529609
0.500986 0.533265
0.506483 0.536503
0.512073 0.539808
0.568471 0.503679
0.576559 0.510384
0.583664 0.516324
0.594026 0.525097
0.616238 0.544553
0.635430 0.562344
0.669469 0.597185
0.601642 0.276627
0.604404 0.280682
0.607693 0.285551
0.613535 0.294296
0.618668 0.302096
0.624115 0.310516
0.466507 0.261432
0.475770 0.273023
0.484804 0.284191
0.502992 0.306410
0.521200 0.328299
0.556047 0.369723
0.582384 0.401074
0.270895 0.268832
0.277343 0.283516
0.283481 0.296527
0.297533 0.323253
0.313740 0.349806
0.332461 0.376232
0.395612 0.443704
0.422058 0.465671
0.354207 0.062487
0.360885 0.072023
0.366923 0.080600
0.380240 0.099228
0.394669 0.119007
0.408395 0.137468
0.468250 0.214971
0.486890 0.238505
0.637051 0.369781
0.639985 0.374385
0.644019 0.380777
0.650563 0.391285
0.656953 0.401732
0.631948 0.371709
0.648916 0.398172
0.661931 0.419222
0.675090 0.441377
0.687394 0.462966
0.721989 0.529470
0.452110 0.482918
0.471211 0.496237
0.495436 0.512302
0.525434 0.531466
0.554712 0.550061
0.582850 0.568513
0.652123 0.621172
0.671559 0.639103
0.365760 0.159645
0.369140 0.165021
0.372826 0.170789
0.380159 0.182069
0.388090 0.193971
0.395476 0.204805
0.411533 0.227567
0.421037 0.240557
0.703899 0.168002
0.706538 0.172473
0.709923 0.178317
0.716430 0.189935
0.720717 0.197860
0.479137 0.261224
0.483890 0.267146
0.493367 0.278943
0.504900 0.293177
0.529172 0.322876
0.548786 0.346740
0.097356 0.323138
0.102337 0.350179
0.111758 0.387430
0.134463 0.447639
0.165355 0.501878
0.206375 0.551735
0.339949 0.640799
0.377680 0.655390
0.421174 0.669071
0.205937 0.288999
0.209049 0.299174
0.213716 0.313176
0.222865 0.337331
0.232974 0.360115
0.247113 0.387147
0.760395 0.032246
0.767332 0.041878
0.775906 0.054300
0.792057 0.079491
0.813759 0.117886
0.828399 0.147694
0.857222 0.220546
0.367019 0.240696
0.372523 0.249219
0.379860 0.260212
0.389576 0.274236
0.429761 0.326268
0.290119 0.338401
0.297515 0.350809
0.309809 0.369624
0.328213 0.394339
0.348639 0.418029
0.370418 0.439977
0.392935 0.459920
0.433463 0.490752
0.454603 0.504988
0.476148 0.518611
0.222414 0.097766
0.224759 0.107902
0.227188 0.118239
0.229471 0.127758
0.236113 0.154203
0.250103 0.203335
0.557489 0.333211
0.566141 0.344178
0.572820 0.352692
0.589307 0.373903
0.603717 0.392714
0.617555 0.411129
0.630307 0.428434
0.319488 0.088878
0.326766 0.102177
0.331577 0.110807
0.382553 0.194755
0.421221 0.249806
0.459785 0.299029
0.149754 0.188720
0.150338 0.196048
0.150976 0.203425
0.152481 0.218487
0.156631 0.250976
0.164022 0.291722
0.168133 0.309313
0.173137 0.327950
0.324392 0.258947
0.327992 0.265440
0.330827 0.270408
0.337255 0.281329
0.344216 0.292614
0.350546 0.302393
0.486045 0.559472
0.501906 0.567482
0.517803 0.575427
0.546932 0.590135
0.572947 0.603787
0.597876 0.617884
0.245207 0.394655
0.260973 0.419422
0.282731 0.447913
0.299881 0.466951
0.317138 0.483766
0.461863 0.040147
0.465010 0.043198
0.468528 0.046691
0.475270 0.053381
0.482758 0.060823
0.489963 0.068096
0.509117 0.087940
0.361775 0.345975
0.371098 0.357852
0.381236 0.370029
0.401087 0.391966
0.419995 0.410928
0.439411 0.428845
0.530147 0.350892
0.540232 0.362619
0.552211 0.376509
0.572855 0.400447
0.592474 0.423363
0.610757 0.445092
0.643110 0.485126
0.645519 0.623630
0.656651 0.633098
0.667144 0.642489
0.685536 0.660378
0.703097 0.679243
0.717629 0.696325
0.487544 0.578622
0.494227 0.581704
0.505188 0.586725
0.523379 0.595033
0.540560 0.602967
0.557339 0.610912
0.587398 0.626079
0.600688 0.633310
0.613044 0.640449
0.624709 0.647621
0.519894 0.307759
0.539360 0.331598
0.558836 0.355443
0.576142 0.376740
0.592789 0.397439
0.643184 0.462785
0.655680 0.480031
0.238045 0.250227
0.240769 0.258521
0.245829 0.272927
0.252327 0.289844
0.270980 0.330812
0.289906 0.364117
0.312518 0.396687
0.225601 0.134754
0.226594 0.139053
0.227989 0.144963
0.230526 0.155486
0.233601 0.167704
0.249312 0.222301
0.399038 0.144408
0.404613 0.152046
0.411588 0.161562
0.423321 0.177375
0.436997 0.195419
0.449607 0.211849
0.466103 0.232970
0.476772 0.246478
0.491950 0.265523
0.505285 0.282127
0.518620 0.298661
0.421772 0.359498
0.430791 0.369404
0.440118 0.379280
0.458633 0.397934
0.476973 0.415409
0.494094 0.430998
0.544732 0.474767
0.435844 0.248076
0.438137 0.251073
0.441060 0.254869
0.446394 0.261740
0.452256 0.269198
0.457878 0.276259
0.477091 0.299912
0.483926 0.308131
0.210180 0.123065
0.211802 0.131461
0.214345 0.144305
0.219144 0.167100
0.224344 0.189675
0.230470 0.213612
0.237375 0.237505
0.245546 0.262327
0.255067 0.287455
0.266141 0.312759
0.278648 0.337454
0.393923 0.415376
0.403956 0.424997
0.416376 0.436269
0.443522 0.458923
0.484532 0.489480
0.281573 0.289364
0.287992 0.302444
0.294987 0.315717
0.310243 0.341655
0.344559 0.389020
0.393295 0.295001
0.397755 0.300957
0.403312 0.308239
0.412169 0.319464
0.430341 0.341242
0.447515 0.360503
0.465609 0.379655
0.505353 0.418735
0.540576 0.451287
0.518404 0.361433
0.524236 0.367954
0.534875 0.379768
0.544872 0.390800
0.571525 0.420101
0.591657 0.442373
0.611804 0.465081
0.539595 0.543187
0.547597 0.548201
0.556228 0.553675
0.570496 0.562835
0.595685 0.579651
0.620263 0.597385
0.640993 0.613703
0.155608 0.264110
0.157556 0.275419
0.159927 0.287701
0.165529 0.312485
0.172126 0.336394
0.180213 0.360742
0.206679 0.419267
0.234671 0.462666
0.333286 0.218753
0.336428 0.224461
0.339342 0.229700
0.346042 0.241340
0.353103 0.253109
0.359799 0.263822
0.378272 0.291344
0.386343 0.302533
0.394081 0.312836
0.626905 0.207999
0.629333 0.211634
0.631832 0.215396
0.637101 0.223462
0.641411 0.230220
0.650956 0.245636
0.656487 0.254893
0.661865 0.264141
0.139802 0.304271
0.141203 0.311294
0.142693 0.318292
0.146683 0.335172
0.150753 0.350145
0.155999 0.367168
0.168241 0.399892
0.174472 0.413928
0.181950 0.429097
0.409055 0.400006
0.417448 0.408327
0.430257 0.420431
0.468361 0.453221
0.535591 0.504328
0.552246 0.516551
0.568163 0.528345
0.466093 0.251226
0.473001 0.259937
0.480686 0.269535
0.491738 0.283252
0.519110 0.316710
0.544276 0.347103
0.567146 0.374679
0.591003 0.403714
0.574712 0.294750
0.577215 0.298175
0.579852 0.301786
0.585353 0.309389
0.590925 0.317145
0.461681 0.135868
0.471687 0.147791
0.483215 0.161603
0.505428 0.188678
0.546600 0.240809
-0.023980 0.369287
-0.022632 0.379768
-0.020998 0.390702
-0.016712 0.414364
-0.004755 0.461496
-0.176924 0.331654
-0.176193 0.347544
-0.175106 0.363636
-0.172281 0.392464
-0.162139 0.454162
-0.145480 0.516770
0.967663 0.595526
0.967663 0.595526
0.967663 0.595526
0.967663 0.595526
0.967663 0.595526
0.236548 0.744612
0.259199 0.754175
0.280822 0.762229
0.324972 0.775842
0.365646 0.785574
0.404171 0.792862
0.471532 0.802477
0.498559 0.805757
0.521729 0.808615
0.296255 0.321780
0.300579 0.329357
0.308498 0.342418
0.315901 0.353822
0.338257 0.384325
0.384800 0.434441
0.410164 0.456643
0.203306 0.220874
0.204953 0.228424
0.206932 0.237026
0.210725 0.252257
0.219455 0.282604
0.246249 0.350115
0.275598 0.400821
0.316942 0.451866
0.273592 0.371870
0.276955 0.377355
0.284846 0.389515
0.293733 0.402158
0.314986 0.428755
0.360647 0.473601
0.401712 0.504691
0.428384 0.521873
0.450498 0.534845
0.365018 0.490294
0.380601 0.501949
0.399651 0.514989
0.432994 0.535300
0.493841 0.567251
0.272622 0.343150
0.278844 0.354300
0.286087 0.366374
0.300399 0.387872
0.330458 0.425312
0.400128 0.487741
0.346333 0.402541
0.357552 0.414946
0.369039 0.426767
0.391974 0.448119
0.434656 0.481968
0.479453 0.512217
0.503674 0.527338
0.521077 0.537961
0.588612 0.157939
0.594893 0.166040
0.599452 0.172074
0.610097 0.186538
0.630324 0.215830
0.649540 0.246112
0.657927 0.260188
0.617958 0.278981
0.620316 0.282602
0.623230 0.287114
0.628306 0.295079
0.641016 0.315604
0.654227 0.337905
0.544340 0.440004
0.547770 0.443279
0.551492 0.446829
0.558416 0.453436
0.565450 0.460145
0.579079 0.473198
0.594399 0.488048
0.619914 0.589038
0.630615 0.597509
0.641569 0.606606
0.660720 0.623681
0.692333 0.655872
0.514115 0.920399
0.526707 0.921776
0.541131 0.923315
0.567208 0.926017
0.629830 0.934858
0.657807 0.940514
0.410912 0.324384
0.415055 0.329450
0.420059 0.335450
0.427598 0.344267
0.444566 0.363213
0.478624 0.398233
0.314618 0.544705
0.327042 0.553250
0.341710 0.562545
0.367939 0.577354
0.420178 0.601614
0.450693 0.257213
0.458813 0.267515
0.467972 0.278970
0.485068 0.299924
0.500240 0.318131
0.532258 0.355670
0.556681 0.383883
0.584127 0.415605
0.380775 0.184237
0.386309 0.192572
0.392368 0.201522
0.401889 0.215268
0.425077 0.247212
0.446707 0.275303
0.470429 0.304564
0.449738 0.329216
0.461114 0.342269
0.474647 0.357285
0.500310 0.384565
0.526006 0.410716
0.071133 0.190167
0.070815 0.197634
0.070515 0.206548
0.070159 0.222617
0.070257 0.251930
0.075116 0.320347
0.597869 0.224163
0.602853 0.231255
0.609471 0.240882
0.618817 0.254850
0.636976 0.283350
0.667315 0.335563
0.594136 0.554588
0.601430 0.560174
0.610831 0.567581
0.621271 0.576032
0.645531 0.597031
0.684294 0.635765
0.456607 0.300616
0.464417 0.310044
0.470963 0.317836
0.484172 0.333219
0.512500 0.365095
0.233236 0.367321
0.245275 0.389915
0.253469 0.403565
0.273822 0.432857
0.325832 0.488253
0.689454 -0.022321
0.698759 -0.012482
0.709948 -0.000087
0.731276 0.025447
0.760758 0.065724
0.817003 0.167403
0.827728 0.192808
0.117528 0.160747
0.117544 0.171781
0.117685 0.182631
0.118272 0.206317
0.121882 0.259837
0.132418 0.327389
0.148767 0.385375
0.536681 0.619263
0.546799 0.623567
0.556417 0.627720
0.575579 0.636393
0.610604 0.654109
0.645314 0.675095
0.658058 0.684018
0.421581 0.231731
0.423248 0.234003
0.425200 0.236625
0.428117 0.240524
0.434427 0.248863
0.712172 0.549687
0.719831 0.563786
0.726566 0.576590
0.737162 0.597398
0.759065 0.642808
0.080770 0.223996
0.080840 0.233217
0.080975 0.241471
0.081468 0.257084
0.083227 0.285833
0.090534 0.341941
0.110515 0.417709
0.122553 0.447753
0.141087 0.484183
0.434198 0.394728
0.440762 0.401199
0.449221 0.409312
0.458736 0.418174
0.482136 0.438915
0.526683 0.475763
0.569641 0.510175
-0.088788 0.460084
-0.082528 0.483449
-0.074663 0.508286
-0.061051 0.543665
-0.031546 0.602082
0.442393 0.201129
0.449157 0.209891
0.455970 0.218660
0.471919 0.238956
0.500716 0.275096
0.540523 0.324439
0.568107 0.358712
0.536888 0.359502
0.542025 0.365466
0.547833 0.372183
0.557406 0.383261
0.575445 0.404152
0.609418 0.444112
0.637890 0.479048
0.662631 0.511352
0.554031 0.243533
0.563533 0.256185
0.575348 0.272250
0.594877 0.299618
0.628718 0.349884
0.311149 0.214247
0.316578 0.225279
0.323469 0.238626
0.337229 0.263412
0.390377 0.340577
0.405976 0.359131
0.445809 0.401028
0.017488 0.096779
0.016273 0.103593
0.014617 0.113168
0.011712 0.130600
0.008830 0.149213
0.337989 0.180103
0.341937 0.187234
0.360467 0.218907
0.392121 0.267002
0.452707 0.343193
0.971270 0.446743
0.971916 0.456619
0.972330 0.463220
0.972858 0.472149
0.974253 0.497144
0.974987 0.511852
0.231789 0.136995
0.233477 0.143774
0.235560 0.151942
0.238389 0.162690
0.245715 0.188688
0.264382 0.244435
0.290197 0.302695
0.482505 0.372450
0.485328 0.375420
0.488585 0.378816
0.494426 0.384874
0.507130 0.397808
0.424901 0.184161
0.434159 0.196431
0.442150 0.206884
0.462060 0.232570
0.498866 0.278811
0.539966 0.329473
0.575523 0.373318
0.599947 0.679740
0.610001 0.684346
0.615488 0.686998
0.630260 0.694577
0.654870 0.709001
0.734280 0.023924
0.742746 0.034849
0.754452 0.050823
0.770022 0.073774
0.801591 0.127994
0.135551 0.172184
0.135824 0.178766
0.136241 0.187278
0.137083 0.202146
0.139861 0.235508
0.144030 0.269068
0.150335 0.304229
0.915653 0.297431
0.918282 0.310738
0.920803 0.324952
0.925518 0.355316
0.930784 0.399101
0.934868 0.449653
0.560638 0.495082
0.571755 0.504324
0.582115 0.513019
0.601699 0.529811
0.635613 0.560814
0.247009 0.550031
0.260105 0.561091
0.273900 0.571709
0.301952 0.590542
0.362571 0.621786
0.417082 0.642420
0.446896 0.651849
0.471263 0.659000
0.701917 0.370993
0.712375 0.394109
0.714948 0.400030
0.727522 0.430112
0.746676 0.480415
0.763685 0.530230
0.771263 0.553727
0.717269 0.212938
0.724231 0.226667
0.732302 0.243510
0.744404 0.270902
0.765910 0.327741
0.783267 0.384519
0.303057 0.658773
0.316289 0.664609
0.331988 0.670971
0.357947 0.680297
0.383547 0.688277
0.411177 0.695756
0.432851 0.700998
0.458460 0.706694
0.479187 0.711020
0.251497 0.491466
0.257096 0.497538
0.265059 0.505724
0.277894 0.517926
0.303668 0.539281
0.367621 0.579429
0.416045 0.601898
0.440452 0.611609
0.463584 0.620174
0.569830 0.358849
0.572760 0.362530
0.575244 0.365647
0.579842 0.371446
0.608869 0.408605
0.503653 0.523759
0.514695 0.530627
0.524758 0.536834
0.546112 0.550019
0.583972 0.574160
0.510454 0.292692
0.517951 0.301955
0.527007 0.313095
0.542743 0.332443
0.574802 0.372016
0.457100 0.292075
0.461715 0.297727
0.467920 0.305231
0.474855 0.313537
0.529883 0.376270
0.416612 0.056737
0.422175 0.062950
0.428469 0.069987
0.441916 0.085042
0.507874 0.160916
0.521896 0.177879
0.579954 0.485489
0.591919 0.496628
0.601927 0.506102
0.620234 0.523880
0.656560 0.561944
0.614827 0.283479
0.619914 0.291252
0.625389 0.299760
0.634142 0.313662
0.650834 0.341270
0.532031 0.951411
0.538933 0.952245
0.548107 0.953175
0.558025 0.954397
0.580219 0.956940
0.585902 0.698384
0.597453 0.702705
0.609821 0.707662
0.629761 0.716674
0.660907 0.733737
0.689175 0.753037
0.701646 0.763003
0.221628 0.292335
0.227579 0.309103
0.234172 0.325875
0.249296 0.358531
0.288323 0.420279
0.183622 0.190463
0.185422 0.202102
0.187632 0.215349
0.192098 0.238928
0.205265 0.291621
0.223793 0.343447
0.249758 0.394813
0.437901 0.512828
0.448645 0.519497
0.461642 0.527276
0.483497 0.539801
0.582142 0.594749
0.598273 0.604653
0.364100 0.579683
0.368869 0.582159
0.373757 0.584630
0.382853 0.589067
0.401997 0.597799
0.317838 0.346898
0.328056 0.361733
0.337006 0.373772
0.361087 0.402583
0.409647 0.449320
0.528474 0.341562
0.534626 0.348824
0.540683 0.355957
0.551034 0.368131
0.571903 0.392693
0.580632 0.214015
0.583163 0.217470
0.586404 0.221918
0.592438 0.230313
0.603936 0.246748
0.486824 0.327462
0.489894 0.331037
0.492873 0.334468
0.499255 0.341800
0.511208 0.355343
0.799727 0.415850
0.801090 0.421829
0.802675 0.429058
0.805440 0.442059
0.810343 0.466767
0.823957 0.544042
0.827396 0.564076
0.598148 0.617223
0.604460 0.621044
0.612063 0.625734
0.621034 0.631509
0.644202 0.647650
0.677974 0.675368
0.487863 0.291655
0.492282 0.297049
0.499598 0.305913
0.506473 0.314211
0.522277 0.333092
0.553888 0.370436
0.580462 0.401831
0.605701 0.432110
0.481379 0.923168
0.496328 0.924896
0.512318 0.926679
0.541337 0.929807
0.591298 0.935458
0.497738 0.249996
0.501217 0.254384
0.505534 0.259798
0.511326 0.267097
0.524309 0.283448
0.549489 0.315307
0.237656 0.196376
0.241229 0.208859
0.245973 0.224347
0.255844 0.253224
0.278955 0.307349
0.309978 0.361091
0.116816 0.057926
0.116589 0.066493
0.116276 0.077569
0.115669 0.098415
0.114599 0.142784
0.114598 0.194457
0.116187 0.234048
0.117514 0.252228
0.284110 0.207300
0.287160 0.214675
0.290613 0.222832
0.297297 0.237818
0.314807 0.273041
0.356056 0.292520
0.363810 0.303981
0.370974 0.314100
0.399626 0.350708
0.427371 0.381528
0.380439 0.279897
0.387579 0.289955
0.395752 0.301027
0.411753 0.321577
0.451249 0.366918
0.486011 0.402295
0.503283 0.418812
0.520503 0.434827
0.555212 0.312325
0.562188 0.321344
0.569750 0.331188
0.584017 0.349957
0.611541 0.387025
0.638159 0.424403
0.660022 0.456733
0.663622 0.344556
0.668735 0.353803
0.674379 0.364256
0.684532 0.383595
0.704765 0.424702
0.720499 0.459418
0.347999 0.092045
0.351595 0.097691
0.356036 0.104652
0.364074 0.117043
0.382024 0.143932
0.401422 0.171826
0.914592 0.219386
0.918963 0.234677
0.923480 0.251866
0.929594 0.277508
0.939916 0.332495
0.946807 0.384491
0.949352 0.410633
0.053781 0.456740
0.058898 0.470221
0.065003 0.484824
0.077526 0.510809
0.106221 0.557534
0.136988 0.595466
0.176176 0.632586
0.509248 0.962790
0.523629 0.964573
0.531227 0.965545
0.555135 0.968314
0.592191 0.972900
0.621391 0.976795
0.643095 0.980392
0.656275 0.582788
0.663666 0.590585
0.672468 0.600217
0.687993 0.618218
0.713999 0.651678
0.725772 0.668252
0.736477 0.684023
0.748025 0.701611
0.538328 0.271415
0.550757 0.287537
0.561332 0.301408
0.585080 0.333173
0.625182 0.389260
0.659717 0.441122
0.676508 0.468110
0.338130 0.386389
0.341790 0.390876
0.345412 0.395207
0.352934 0.403863
0.367500 0.419462
0.386817 0.438163
0.306269 0.071446
0.311304 0.081121
0.316336 0.090664
0.326680 0.109933
0.350105 0.151296
0.377479 0.195555
0.410174 0.243160
0.749509 0.200081
0.753980 0.209477
0.758065 0.218331
0.764398 0.232799
0.777391 0.265316
0.743452 0.271641
0.745659 0.276940
0.747989 0.282660
0.751915 0.292563
0.756010 0.303303
-0.006410 0.373149
-0.003719 0.390599
-0.000053 0.409935
0.009000 0.446406
0.035757 0.517298
0.054687 0.552748
0.074685 0.583229
0.103303 0.618689
0.124202 0.640223
0.670374 0.140879
0.673390 0.145300
0.676823 0.150435
0.682679 0.159440
0.694380 0.178346
0.705811 0.198205
0.527802 0.156174
0.530910 0.159897
0.534889 0.164704
0.541397 0.172665
0.554932 0.189592
0.567119 0.205385
0.580278 0.223001
0.871620 0.340436
0.873941 0.353299
0.875967 0.365608
0.879738 0.391447
0.884702 0.434378
0.887178 0.461675
0.889499 0.492709
0.480935 0.520218
0.491571 0.526700
0.503728 0.533985
0.527577 0.548064
0.567456 0.571907
0.707548 0.491774
0.712074 0.500767
0.715609 0.507979
0.722122 0.521488
0.735856 0.551311
0.437494 0.136560
0.446648 0.147873
0.455355 0.158640
0.556156 0.286013
0.577047 0.313901
0.422125 0.234845
0.437238 0.254855
0.452617 0.274555
0.483973 0.312889
0.624962 0.474057
-0.057592 0.161221
-0.059211 0.170899
-0.060790 0.180871
-0.063756 0.201993
-0.066325 0.223968
0.703271 0.326321
0.708272 0.337207
0.712276 0.346179
0.721088 0.366664
0.737030 0.407022
0.749676 0.442348
0.755108 0.458579
0.761198 0.477529
0.553190 0.333803
0.560641 0.343155
0.567947 0.352357
0.583156 0.371644
0.617806 0.416668
0.390161 0.473845
0.404147 0.484561
0.417383 0.494072
0.444898 0.512307
0.496153 0.542614
0.654631 0.729280
0.662804 0.734291
0.672792 0.740671
0.680926 0.746364
0.697437 0.758988
0.723787 0.570108
0.727720 0.577657
0.731402 0.584873
0.738774 0.599573
0.752908 0.628819
0.515382 0.254350
0.522976 0.263970
0.530939 0.274131
0.546916 0.294632
0.576532 0.333325
0.597266 0.361139
0.622856 0.396582
0.252142 0.125501
0.253727 0.130639
0.255514 0.136370
0.258470 0.145629
0.264431 0.163708
0.818661 0.098576
0.830486 0.121185
0.841345 0.143961
0.860396 0.190214
0.885341 0.270874
0.894773 0.313343
0.235260 0.241110
0.240703 0.258103
0.246504 0.274529
0.260468 0.308752
0.361896 0.450539
0.449263 0.186324
0.461916 0.202427
0.475792 0.219983
0.501698 0.252604
0.553313 0.317900
0.270551 0.464497
0.287098 0.482458
0.307913 0.502078
0.344661 0.530655
0.424476 0.575850
0.490595 0.604221
0.525275 0.618150
0.548286 0.627655
0.486702 0.492434
0.490616 0.495161
0.494534 0.497886
0.502699 0.503488
0.518438 0.514149
0.535356 0.525474
0.542504 0.530274
0.549759 0.535136
0.546443 0.228693
0.553566 0.238013
0.569981 0.259966
0.577263 0.269952
0.602558 0.305805
0.634686 0.354444
0.372319 0.155853
0.379009 0.166083
0.384863 0.174841
0.398150 0.194308
0.426150 0.233146
0.448250 0.262045
0.479201 0.300477
0.234351 0.095654
0.235840 0.101250
0.238060 0.109471
0.240141 0.117144
0.246205 0.138734
0.275543 0.226593
0.286031 0.251676
0.297667 0.276478
0.649109 0.538009
0.656768 0.546871
0.664461 0.555997
0.678630 0.573579
0.703788 0.607620
0.726319 0.641613
0.737948 0.660472
0.745458 0.672980
0.598324 0.309546
0.602263 0.315234
0.609602 0.325950
0.618437 0.339080
0.637638 0.368566
0.395855 0.440679
0.406178 0.449679
0.420065 0.461117
0.444522 0.479728
0.489679 0.510571
0.511269 0.524379
0.256103 0.458928
0.267573 0.472588
0.287497 0.493471
0.319788 0.521475
0.393252 0.567823
0.446185 0.311883
0.455425 0.322900
0.464900 0.333908
0.485091 0.356559
0.552551 0.427140
0.583723 0.458913
0.531832 0.478885
0.544318 0.488907
0.553285 0.496105
0.571100 0.510468
0.654807 0.585053
0.890037 0.081681
0.893983 0.089621
0.901807 0.106135
0.908872 0.121990
0.922239 0.155004
0.944558 0.223335
0.314004 0.294703
0.321142 0.307013
0.328988 0.319722
0.341019 0.337744
0.390114 0.397682
0.410131 0.417674
0.447529 0.450524
0.291232 0.579090
0.306139 0.588612
0.320460 0.596966
0.350824 0.612523
0.405898 0.634997
0.448210 0.648909
0.472735 0.656214
0.525352 0.840776
0.534997 0.841842
0.549254 0.843475
0.567513 0.845876
0.606472 0.852071
0.632020 0.857814
0.652257 0.863401
0.658814 0.865636
0.737928 0.260670
0.742537 0.271361
0.748069 0.284835
0.756473 0.306544
0.782953 0.389427
0.728912 0.357115
0.733875 0.369728
0.738802 0.382773
0.746955 0.405324
0.761240 0.448757
0.767545 0.469620
0.772576 0.487108
0.702538 0.627829
0.709443 0.637142
0.714916 0.644796
0.727737 0.663388
0.748487 0.695492
0.759545 0.713272
0.605558 0.301195
0.609886 0.307608
0.623001 0.327453
0.641568 0.356740
0.667966 0.401071
0.685812 0.433263
0.384043 0.314502
0.387176 0.318658
0.390386 0.322833
0.396884 0.331081
0.410208 0.347195
0.417381 0.355474
0.444924 0.069379
0.448142 0.072885
0.451947 0.076970
0.458434 0.084053
0.471708 0.098554
0.499856 0.130115
0.420968 0.246492
0.425160 0.252081
0.430350 0.258955
0.435418 0.265560
0.453792 0.288819
0.487746 0.329456
0.302191 0.372376
0.307093 0.379459
0.313377 0.388110
0.319611 0.396259
0.343105 0.423718
0.389242 0.466780
0.349291 0.259186
0.354737 0.267982
0.358322 0.273614
0.363422 0.281421
0.378470 0.303143
0.408557 0.341746
0.439977 0.376784
0.472698 0.409290
0.621245 0.178600
0.624954 0.183848
0.628431 0.188832
0.632795 0.195233
0.643711 0.211767
0.673113 0.890389
0.679849 0.892936
0.685561 0.895457
0.697234 0.900959
0.699742 0.901986
0.699742 0.901986
0.699742 0.901986
0.982699 0.193178
0.986192 0.204962
0.989049 0.215007
0.993774 0.232721
1.002852 0.271134
1.015888 0.341482
0.759651 -0.079570
0.768322 -0.070248
0.849925 0.038609
0.885550 0.104637
0.902222 0.142525
0.916226 0.179667
0.270007 0.140058
0.272932 0.148188
0.276806 0.158713
0.283932 0.177236
0.300464 0.216273
0.315418 0.247182
0.202756 0.139484
0.204363 0.148637
0.208799 0.172441
0.233007 0.267755
0.258930 0.332256
0.304449 0.406050
0.185133 0.312029
0.191416 0.332314
0.199344 0.354234
0.215284 0.390133
0.300152 0.501722
0.375281 0.241282
0.380501 0.249167
0.385519 0.256553
0.394684 0.269629
0.414416 0.296129
0.166051 0.212505
0.168618 0.231103
0.172016 0.251739
0.180825 0.293003
0.208290 0.373391
0.306256 0.505927
0.355003 0.279563
0.360073 0.287335
0.365488 0.295370
0.374722 0.308487
0.395040 0.335119
0.438810 0.384358
0.481267 0.425054
0.612113 0.382853
0.614255 0.385840
0.616696 0.389231
0.621536 0.396008
0.645612 0.430698
0.392110 0.448763
0.401765 0.456989
0.412411 0.465619
0.431105 0.479851
0.468897 0.505837
0.492538 0.520839
0.518172 0.536539
0.183815 0.114480
0.184834 0.122637
0.185933 0.131262
0.188372 0.149525
0.194188 0.187433
0.197840 0.207702
0.200957 0.223302
0.205407 0.243116
0.211285 0.265889
0.191861 0.233639
0.194707 0.247185
0.197714 0.260214
0.206054 0.291144
0.225580 0.345167
0.255742 0.402611
0.431952 0.416747
0.441353 0.425342
0.450359 0.433304
0.465913 0.446513
0.499578 0.473332
0.331558 0.193760
0.334376 0.199046
0.338550 0.206687
0.343827 0.216077
0.355986 0.236755
0.610402 0.336162
0.615955 0.344330
0.622314 0.353818
0.632049 0.368578
0.656005 0.406414
0.718213 0.519166
0.177889 0.169783
0.179224 0.180302
0.181144 0.194182
0.185596 0.221973
0.197257 0.276051
0.209534 0.316809
0.233122 0.372883
0.219999 0.467374
0.225221 0.474420
0.227990 0.478020
0.235817 0.487708
0.267331 0.520877
0.286038 0.537125
0.438547 0.321182
0.441633 0.324863
0.445131 0.328969
0.451475 0.336333
0.464268 0.350761
0.465541 0.126360
0.469613 0.131116
0.473956 0.136207
0.481541 0.145106
0.499919 0.167027
0.530675 0.204946
0.562891 0.246801
0.576627 0.265459
0.422806 0.199283
0.432496 0.212255
0.443083 0.226177
0.460217 0.248246
0.477535 0.270049
0.495509 0.292251
0.532464 0.336975
0.335841 0.211443
0.341772 0.222101
0.347655 0.232294
0.362100 0.255956
0.390956 0.298027
0.414418 0.223392
0.417321 0.227393
0.420542 0.231757
0.426927 0.240365
0.434307 0.250127
0.548278 -0.025864
0.552702 -0.022230
0.560693 -0.015557
0.571247 -0.006452
0.591602 0.012048
0.635515 0.057202
0.674594 0.105455
0.690989 0.128769
0.516610 0.442406
0.528227 0.452666
0.540520 0.463429
0.563186 0.483185
0.601704 0.517462
0.558775 0.327228
0.560663 0.329652
0.563306 0.333039
0.567161 0.337987
0.575152 0.348290
0.503419 0.295231
0.510438 0.303814
0.519692 0.315090
0.532498 0.330637
0.561275 0.365452
0.586432 0.396109
0.598921 0.411529
0.610529 0.426048
0.490120 0.139593
0.496524 0.147065
0.504108 0.156049
0.516106 0.170443
0.541920 0.202442
0.558859 0.224375
0.397327 0.392648
0.400944 0.396423
0.405337 0.400911
0.412867 0.408401
0.441116 0.434408
0.399925 0.472322
0.403091 0.474791
0.406899 0.477705
0.414466 0.483347
0.421339 0.488320
0.394441 0.278980
0.398978 0.285189
0.403929 0.291814
0.412766 0.303342
0.430996 0.325864
0.493694 0.315284
0.496153 0.318194
0.499134 0.321737
0.505096 0.328750
0.517198 0.342879
0.467748 0.089050
0.476168 0.098235
0.488327 0.111663
0.508594 0.134565
0.530123 0.159888
0.253425 0.287669
0.257914 0.298480
0.263508 0.311064
0.271219 0.327006
0.291523 0.362924
0.342865 0.429040
0.310613 0.166313
0.315629 0.176813
0.321660 0.189014
0.332123 0.209132
0.357633 0.253277
0.378876 0.285404
0.410573 0.327280
0.281382 0.159377
0.286145 0.171485
0.291819 0.185320
0.303712 0.212379
0.328185 0.260608
0.354255 0.303173
0.371854 0.327997
0.390713 0.351876
0.333424 0.136783
0.335951 0.141359
0.338712 0.146343
0.345070 0.157556
0.358916 0.181097
0.366291 0.193121
0.379131 0.213266
0.445943 0.557914
0.455474 0.562672
0.466462 0.568018
0.483188 0.575934
0.515640 0.590868
0.573893 0.618550
0.609927 0.638110
0.640934 0.657860
0.648910 0.663543
0.164684 0.189443
0.165656 0.198057
0.166825 0.207819
0.169075 0.224459
0.174325 0.256091
0.192099 0.326478
0.211763 0.376801
0.230743 0.412855
0.243583 0.112145
0.246429 0.122028
0.249716 0.133203
0.257340 0.157925
0.274445 0.207192
0.285828 0.235420
0.245166 0.909380
0.279799 0.919835
0.312462 0.928413
0.377193 0.942373
0.434118 0.952110
0.487858 0.959742
0.536345 0.965889
-0.081508 0.767123
-0.051547 0.797811
-0.013225 0.831670
0.049706 0.877214
0.188274 0.947254
0.292489 0.982230
0.565405 0.187810
0.569958 0.193714
0.574805 0.200085
0.583521 0.211767
0.600046 0.234824
0.649643 0.312254
0.661548 0.332979
0.673322 0.354474
0.373682 0.130754
0.378927 0.138571
0.385182 0.147748
0.395259 0.162245
0.417273 0.192971
0.471276 0.169882
0.488261 0.190801
0.502518 0.208522
0.532820 0.246897
0.588713 0.321388
0.617663 0.362537
0.639313 0.394859
0.061594 0.180796
0.060928 0.191327
0.060006 0.210831
0.062103 0.307994
0.079599 0.404414
0.567192 0.318150
0.570285 0.322231
0.573946 0.327075
0.580611 0.335943
0.594463 0.354612
0.604356 0.368148
0.616104 0.384490
0.391574 0.167160
0.398109 0.176556
0.406958 0.189061
0.487373 0.293479
0.514224 0.325821
0.520211 0.160966
0.527982 0.170374
0.536277 0.180556
0.550246 0.198125
0.580493 0.238232
0.602595 0.269633
0.662100 0.980084
0.667581 0.981277
0.671590 0.982338
0.678114 0.984164
0.689656 0.987929
0.695220 0.989411
0.289603 0.363327
0.299735 0.378800
0.313924 0.398238
0.340776 0.429565
0.392860 0.476665
0.193978 0.101093
0.196924 0.120374
0.198913 0.132839
0.202482 0.154160
0.245432 0.311738
0.411100 0.193423
0.417419 0.202125
0.429151 0.217975
0.440572 0.233045
0.471064 0.271968
0.525891 0.375989
0.528589 0.378940
0.531767 0.382416
0.537625 0.388812
0.548176 0.400273
0.214159 0.288735
0.217963 0.300380
0.221457 0.310372
0.230184 0.332758
0.251363 0.376461
0.267894 0.403559
0.297680 0.442641
0.335168 0.118896
0.338921 0.125482
0.343549 0.133520
0.351235 0.146625
0.368000 0.174019
0.385063 0.200352
0.192330 0.266051
0.194873 0.276401
0.197898 0.287717
0.203863 0.307762
0.221499 0.354594
0.237161 0.386484
0.260898 0.424658
0.452451 0.151124
0.457395 0.157216
0.462416 0.163382
0.472907 0.176313
0.496159 0.205124
0.515404 0.229282
0.537071 0.256968
0.318188 0.366542
0.323941 0.374527
0.331775 0.384819
0.345515 0.401478
0.362960 0.420503
0.391416 0.447526
0.536467 0.967301
0.548013 0.968676
0.558302 0.969982
0.582311 0.972685
0.617419 0.977210
0.383657 0.218604
0.389395 0.227114
0.396743 0.237798
0.406745 0.251868
0.430883 0.283918
0.363043 0.097867
0.368004 0.105210
0.375120 0.115628
0.385636 0.130766
0.416981 0.174253
0.438848 0.203331
0.716974 0.103311
0.720566 0.108697
0.724870 0.115313
0.731788 0.126320
0.744080 0.147165
0.767094 0.191646
0.782890 0.227634
0.294344 0.174194
0.299637 0.186386
0.304324 0.196824
0.315258 0.219820
0.361610 0.299481
0.393291 0.341902
0.837584 0.204644
0.839480 0.209782
0.841589 0.215636
0.845686 0.227484
0.849646 0.239684
0.853184 0.251154
0.856463 0.262450
0.225160 0.128304
0.227292 0.137476
0.229621 0.147218
0.233813 0.164018
0.243538 0.199458
0.270628 0.275553
0.300722 0.334931
0.350686 0.403474
0.447158 0.095484
0.456780 0.106417
0.468510 0.119806
0.484327 0.138146
0.524562 0.186384
0.562079 0.234473
0.421870 0.285236
0.425888 0.290385
0.430134 0.295783
0.437469 0.304914
0.453409 0.324070
0.483455 0.358060
0.537120 0.414261
0.282682 0.241235
0.288680 0.254902
0.294722 0.267861
0.340969 0.346388
0.369807 0.382906
0.389645 0.404471
0.337006 0.266171
0.343836 0.277560
0.352418 0.291137
0.368952 0.315279
0.407045 0.362886
0.432400 0.390018
0.452239 0.409414
0.472086 0.427590
0.608289 0.352571
0.610237 0.355355
0.612491 0.358602
0.616463 0.364320
0.624701 0.376361
0.632621 0.388125
0.448428 0.564906
0.461683 0.571271
0.470940 0.575602
0.498320 0.588013
0.543018 0.608081
0.500079 0.569943
0.504155 0.571937
0.507958 0.573813
0.514896 0.577241
0.528617 0.583987
0.138330 0.885311
0.160140 0.895453
0.185693 0.906308
0.217077 0.918260
0.290602 0.941232
0.409383 0.967475
0.541730 0.051046
0.548983 0.058245
0.554658 0.063983
0.569457 0.079452
0.594533 0.107572
0.593792 0.082251
0.599980 0.089214
0.606905 0.097219
0.620184 0.113230
0.645066 0.145911
0.811701 0.177328
0.814151 0.182995
0.818548 0.193531
0.821624 0.201235
0.839169 0.250972
0.626261 0.885681
0.632170 0.887041
0.641700 0.889157
0.652183 0.891924
0.694318 0.907405
0.698736 0.909437
0.359765 0.387919
0.375194 0.405023
0.390426 0.420448
0.421218 0.448204
0.484179 0.495567
0.528221 0.525012
0.298884 0.284464
0.301792 0.290072
0.305424 0.296860
0.310813 0.306506
0.330443 0.338119
0.512735 0.029943
0.520871 0.037523
0.530029 0.046246
0.548072 0.064070
0.584220 0.103051
0.613451 0.138567
0.644291 0.181181
0.606563 0.516747
0.613043 0.522899
0.619401 0.529017
0.631933 0.541384
0.654597 0.565033
0.677337 0.590991
0.686142 0.601765
0.540785 0.263320
0.543574 0.266945
0.546440 0.270676
0.551985 0.277921
0.563080 0.292590
0.150317 0.138538
0.150766 0.146831
0.151307 0.156538
0.152405 0.172861
0.155303 0.206640
0.166946 0.283508
0.184464 0.347416
0.222280 0.428077
0.285275 0.806651
0.301811 0.811478
0.318027 0.815809
0.348162 0.822832
0.399666 0.832269
0.445593 0.838616
0.488722 0.843570
0.685708 0.246354
0.691899 0.258001
0.698088 0.270088
0.708994 0.292541
0.718993 0.314674
0.571559 0.941903
0.579287 0.942865
0.592022 0.944310
0.606664 0.946377
0.622317 0.948721
0.634778 0.950833
0.456361 0.533659
0.469153 0.540816
0.482143 0.547894
0.506522 0.560832
0.550908 0.584195
0.582608 0.601796
0.600581 0.612513
0.617340 0.623215
0.530410 0.777738
0.543640 0.779857
0.555539 0.781876
0.576615 0.785827
0.614181 0.794654
0.634349 0.801002
0.650822 0.807035
0.741488 -0.001220
0.745197 0.003289
0.750193 0.009526
0.758031 0.019599
0.766144 0.030491
0.682995 0.968561
0.687747 0.969881
0.690397 0.970915
0.694753 0.972131
0.694753 0.972131
0.366797 0.443969
0.370300 0.447211
0.374754 0.451249
0.382700 0.458196
0.398308 0.471034
0.280157 0.206887
0.282263 0.212159
0.284859 0.218511
0.289668 0.229829
0.299932 0.252364
0.596143 0.420354
0.605813 0.432053
0.615244 0.443586
0.632416 0.465059
0.664458 0.507468
0.684460 0.536163
0.524244 0.264082
0.527368 0.268076
0.530944 0.272644
0.537333 0.280820
0.549563 0.296566
0.397214 0.265108
0.405645 0.276686
0.414051 0.287856
0.429086 0.306974
0.475518 0.360610
0.488642 0.374626
0.521978 0.408755
0.850510 0.056444
0.856598 0.067150
0.861848 0.076748
0.870427 0.093222
0.884989 0.123885
0.913068 0.196821
0.244730 0.166162
0.247451 0.175536
0.250550 0.185816
0.257038 0.206119
0.284216 0.275243
0.297087 0.301233
0.614711 -0.035852
0.622807 -0.028680
0.631360 -0.020878
0.647479 -0.005369
0.678293 0.027360
0.234230 0.204991
0.239043 0.221814
0.244865 0.240393
0.257916 0.276401
0.333467 0.404400
0.525232 0.854738
0.539716 0.856315
0.553565 0.857900
0.578757 0.861066
0.599308 0.864298
0.622630 0.868652
0.176839 0.281395
0.178780 0.289683
0.181836 0.301762
0.186852 0.319460
0.198986 0.354620
0.232619 0.422076
0.271908 0.474274
0.323058 0.521406
0.642631 0.021748
0.656344 0.036577
0.667803 0.049695
0.693133 0.081417
0.733333 0.141819
0.539781 0.242122
0.547333 0.251946
0.558073 0.266134
0.574601 0.288407
0.604811 0.330821
0.223937 0.255720
0.228266 0.269808
0.233061 0.284113
0.237904 0.297398
0.243369 0.311190
0.330638 0.046317
0.334847 0.052857
0.338551 0.058600
0.347840 0.072814
0.365696 0.099551
0.379074 0.119048
0.400862 0.149793
0.553670 -0.002896
0.561990 0.004406
0.572050 0.013532
0.589255 0.029882
0.626266 0.068914
0.648859 0.095960
0.680854 0.139777
0.257576 0.072923
0.260704 0.081748
0.263119 0.088534
0.269273 0.105562
0.282823 0.141358
0.299205 0.180832
0.310930 0.206426
0.518720 0.336831
0.529970 0.350008
0.541080 0.362943
0.566201 0.392104
0.605454 0.438190
0.194031 0.196791
0.196280 0.209176
0.199708 0.226448
0.206009 0.253755
0.271462 0.405400
0.257012 0.292001
0.262982 0.305760
0.270187 0.321036
0.289148 0.355601
0.339671 0.422886
0.594923 0.147084
0.599956 0.153545
0.606144 0.161645
0.617326 0.176803
0.637541 0.206144
0.653744 0.231711
0.662804 0.246902
0.671392 0.261969
0.331694 0.393853
0.335586 0.398593
0.339261 0.402949
0.346585 0.411305
0.361847 0.427453
0.462750 0.496425
0.476217 0.505396
0.493316 0.516415
0.521035 0.533738
0.562770 0.559763
0.529076 0.452407
0.538537 0.460727
0.549046 0.469917
0.567342 0.485927
0.582738 0.499531
0.353266 0.198620
0.356970 0.204825
0.362858 0.214510
0.372171 0.229305
0.390283 0.256383
0.431067 0.310455
0.486733 0.373504
0.508937 0.396449
0.552686 0.055042
0.557975 0.060369
0.565045 0.067635
0.575812 0.078996
0.597077 0.102877
0.634921 0.150793
0.137524 0.152995
0.138020 0.166755
0.138902 0.185533
0.141180 0.218244
0.151386 0.292887
0.349406 0.322584
0.361416 0.339283
0.373621 0.355001
0.401248 0.386717
0.456679 0.439186
0.415199 0.030329
0.425204 0.040805
0.434723 0.050827
0.456319 0.073689
0.500008 0.121460
0.532958 0.159794
0.555508 0.187665
0.577109 0.215969
0.430274 0.118078
0.436784 0.126025
0.444057 0.134900
0.458411 0.152411
0.488145 0.188892
0.508970 0.214790
0.531942 0.243962
0.323556 0.073305
0.329913 0.084306
0.334265 0.091734
0.381518 0.167427
0.408739 0.206830
0.547679 0.222970
0.555692 0.233452
0.564234 0.244820
0.580748 0.267370
0.612014 0.312432
0.641044 0.357485
0.228408 0.443487
0.235588 0.453772
0.243367 0.464142
0.256259 0.479777
0.288959 0.512791
0.281138 0.074450
0.283852 0.080746
0.287017 0.088052
0.291420 0.098120
0.302428 0.122557
0.326919 0.172881
0.349301 0.213649
0.466139 0.589590
0.477183 0.594287
0.487691 0.598671
0.508573 0.607240
0.545814 0.622769
0.563791 0.630656
0.580330 0.638310
0.595219 0.645646
0.571205 0.590065
0.580721 0.595610
0.590185 0.601268
0.606008 0.611156
0.637438 0.632850
0.652115 0.644233
0.266790 0.295810
0.270005 0.302874
0.273819 0.310884
0.280454 0.324019
0.295515 0.350571
0.330061 0.399195
0.351215 0.423136
0.370926 0.442646
0.392142 0.461295
0.596090 0.192070
0.601715 0.199809
0.607688 0.208185
0.617404 0.222254
0.636302 0.251191
0.214398 0.459907
0.223780 0.472997
0.235071 0.487267
0.259267 0.513561
0.311913 0.556776
0.349056 0.579560
0.406446 0.606822
0.466726 0.262702
0.469577 0.266296
0.472742 0.270255
0.478542 0.277467
0.490531 0.292223
0.510908 0.316912
-0.104712 0.798079
-0.071706 0.831596
-0.038537 0.861282
0.037286 0.917187
0.187177 0.994392
0.359396 0.889311
0.389183 0.894608
0.416830 0.898866
0.462928 0.904894
0.537153 0.912967
0.576859 0.917316
0.397273 0.173199
0.402475 0.180579
0.408025 0.188340
0.419062 0.203576
0.440657 0.232372
0.453618 0.249159
0.465950 0.264777
0.477448 0.279130
0.098796 0.205601
0.098927 0.216671
0.099195 0.228335
0.100290 0.252443
0.104797 0.299989
0.109474 0.329376
0.115384 0.357087
0.122226 0.382274
0.651445 0.743471
0.660067 0.748220
0.669159 0.753605
0.682878 0.762600
0.708559 0.782168
0.592775 0.141644
0.599763 0.150506
0.608898 0.162471
0.622515 0.181156
0.649134 0.221122
0.673910 0.263232
0.684275 0.282545
0.226494 0.370609
0.235366 0.387850
0.245478 0.405367
0.269096 0.439599
0.323380 0.496386
0.355246 0.521020
0.386138 0.540965
0.340238 0.298239
0.345825 0.306909
0.353364 0.318091
0.364280 0.333318
0.388300 0.363444
0.104144 0.916880
0.133300 0.931399
0.170306 0.947895
0.231307 0.971089
0.338663 1.003099
0.387027 1.014807
0.766168 0.118391
0.773422 0.131243
0.780933 0.145288
0.794287 0.172508
0.816126 0.225111
0.825149 0.251047
0.832393 0.274258
0.838761 0.297201
0.597246 0.677169
0.605986 0.681130
0.617322 0.686558
0.635177 0.695986
0.670517 0.718485
0.501125 0.301161
0.510275 0.312267
0.524765 0.329704
0.545617 0.354619
0.587123 0.404282
0.606807 0.428288
0.623499 0.449112
0.641305 0.472042
0.486543 0.710811
0.495587 0.712684
0.505592 0.714773
0.523187 0.718509
0.553934 0.725530
0.443369 0.258750
0.451230 0.268791
0.458473 0.277901
0.474631 0.297780
0.506874 0.336030
0.519994 0.351184
0.535823 0.369233
0.550909 0.386310
0.379969 0.522969
0.389791 0.529253
0.404334 0.538020
0.416473 0.544920
0.448327 0.561587
0.354679 0.696025
0.365663 0.699376
0.380543 0.703604
0.401910 0.709113
0.442300 0.718132
0.479266 0.725329
0.606893 0.764956
0.613828 0.767153
0.622374 0.769978
0.637051 0.775513
0.665289 0.788251
0.196057 0.181795
0.198213 0.194006
0.200999 0.208732
0.206984 0.236347
0.223045 0.292796
0.250095 0.357242
0.266430 0.386211
0.340007 0.505780
0.349446 0.512947
0.365003 0.523926
0.385188 0.536861
0.429087 0.561075
0.506344 0.596460
0.326312 0.501119
0.338975 0.511204
0.354337 0.522440
0.380401 0.539407
0.432515 0.567593
0.451266 0.576454
0.476230 0.587594
0.498329 0.597072
0.565636 -0.065375
0.574307 -0.058769
0.585086 -0.050270
0.607334 -0.031691
0.641970 0.000533
0.601029 0.248284
0.603084 0.251261
0.605316 0.254522
0.609724 0.261036
0.617677 0.273022
0.621840 0.279421
0.625639 0.285329
0.629804 0.291898
0.597902 0.186186
0.600604 0.189862
0.603827 0.194306
0.609387 0.202091
0.619320 0.216412
0.628219 0.229759
0.512612 0.294709
0.518844 0.302401
0.526211 0.311477
0.539559 0.327894
0.568282 0.363322
0.582145 0.380580
0.593525 0.394876
0.604632 0.408973
0.855169 -0.051625
0.860158 -0.044801
0.865712 -0.037024
0.886168 -0.006468
0.908677 0.031278
0.029649 0.226777
0.029167 0.237823
0.028791 0.250065
0.028621 0.272106
0.030387 0.316584
0.046732 0.415947
0.342213 0.732282
0.360737 0.737324
0.385418 0.743239
0.421490 0.750542
0.490967 0.761831
0.517204 0.765844
0.542266 0.769940
0.348132 0.484370
0.355615 0.490482
0.367658 0.499769
0.380265 0.508854
0.410843 0.528641
0.441691 0.546186
0.476895 0.564249
0.527067 0.588408
0.551194 0.600136
0.218854 0.061355
0.220733 0.069146
0.222404 0.076084
0.226255 0.091977
0.239164 0.142916
0.244758 0.163160
0.250029 0.181097
0.541985 0.299215
0.549586 0.308939
0.556919 0.318352
0.572348 0.338327
0.612527 0.391806
0.565048 0.272555
0.570857 0.280426
0.577055 0.288893
0.586733 0.302301
0.608258 0.333020
0.207438 0.156691
0.209577 0.167858
0.211700 0.178355
0.215929 0.198037
0.224575 0.232842
0.432243 0.885226
0.451994 0.887710
0.468292 0.889635
0.501383 0.893260
0.561224 0.899430
0.290188 0.977519
0.315806 0.984594
0.343720 0.991692
0.393279 1.003070
0.480723 1.020094
0.613839 0.336022
0.618673 0.343225
0.624066 0.351343
0.632072 0.363571
0.649140 0.390496
0.390726 0.371677
0.402368 0.384526
0.417863 0.400520
0.443408 0.424670
0.495656 0.468169
0.543211 0.504351
0.566362 0.521828
0.189488 0.521584
0.201656 0.535757
0.217252 0.551963
0.242016 0.574084
0.291386 0.608439
0.401234 0.656457
0.450718 0.670901
0.450896 0.440737
0.454252 0.443564
0.458208 0.446859
0.466139 0.453345
0.481258 0.465331
0.495317 0.476121
0.502860 0.481800
0.406468 0.974534
0.423370 0.977594
0.441939 0.980681
0.470361 0.985389
0.500495 0.990087
0.558428 0.998062
0.584327 1.001304
0.277966 0.451484
0.288916 0.463956
0.300925 0.476458
0.324521 0.498067
0.353582 0.520493
0.380545 0.538185
0.406271 0.552966
0.432053 0.566222
0.457221 0.578092
0.595339 0.406931
0.603330 0.416853
0.614356 0.430725
0.632079 0.453512
0.648148 0.474901
0.557995 0.619381
0.568211 0.624177
0.585143 0.632502
0.602063 0.641399
0.639736 0.664047
0.653612 0.673712
0.239499 0.438215
0.251962 0.455296
0.266974 0.473440
0.291038 0.498243
0.320406 0.523198
0.380992 0.562346
0.416883 0.580368
0.360273 0.065664
0.365188 0.072585
0.370153 0.079478
0.391621 0.108850
0.405046 0.126849
0.432021 0.162115
0.217625 0.153038
0.220364 0.165649
0.223199 0.178112
0.237501 0.231963
0.275330 0.326883
0.319387 0.332240
0.322754 0.337453
0.325846 0.342132
0.332260 0.351440
0.339921 0.361983
0.358055 0.384759
0.564489 0.271442
0.577793 0.289547
0.592274 0.309733
0.618070 0.347109
0.676679 0.440846
0.501807 0.222611
0.504985 0.226625
0.507838 0.230223
0.514103 0.238136
0.528288 0.256189
0.534087 0.263629
0.540289 0.271627
0.545762 0.278723
0.543502 0.326191
0.548725 0.332678
0.560749 0.347647
0.569534 0.358648
0.591709 0.386672
0.276301 0.174872
0.279502 0.183287
0.290032 0.209404
0.322076 0.275382
0.362975 0.338445
0.405554 0.505587
0.409890 0.508486
0.414567 0.511544
0.423164 0.517033
0.431871 0.522395
0.454020 0.535354
0.641774 -0.013822
0.646812 -0.008939
0.653018 -0.002731
0.663748 0.008356
0.688997 0.036666
0.708656 0.061230
0.379813 0.221925
0.385377 0.230269
0.391434 0.239191
0.402464 0.254859
0.428902 0.290023
0.286474 0.066865
0.288561 0.071460
0.290795 0.076339
0.294498 0.084370
0.302944 0.102364
0.321936 0.140985
0.340142 0.175206
0.354062 0.199513
0.564096 0.388163
0.581358 0.408325
0.598464 0.428509
0.641046 0.480816
0.657165 0.501903
0.665983 0.513867
0.579088 0.257578
0.585826 0.266976
0.593466 0.277817
0.606665 0.297025
0.635958 0.342079
0.647232 0.360370
0.657713 0.377950
0.824096 0.189032
0.825928 0.193577
0.828396 0.199846
0.832775 0.211438
0.839408 0.230139
0.373060 0.343584
0.389701 0.363899
0.408564 0.384848
0.426644 0.403239
0.450567 0.425588
0.488623 0.457802
0.526520 -0.108568
0.548245 -0.094172
0.573651 -0.076084
0.625062 -0.034343
0.668386 0.007835
0.398876 0.337892
0.412709 0.354278
0.431659 0.375159
0.463118 0.406688
0.547595 0.480572
0.494545 0.191647
0.502210 0.201172
0.512618 0.214163
0.551304 0.263871
0.603160 0.334907
0.216007 0.121633
0.221475 0.147320
0.227963 0.175231
0.245179 0.236383
0.268963 0.298030
0.737271 -0.058995
0.743855 -0.051978
0.788684 0.001902
0.836945 0.075955
0.867888 0.137892
0.256157 0.038552
0.259247 0.046544
0.270792 0.076235
0.286682 0.115717
0.307984 0.164455
0.487258 0.111355
0.493775 0.118643
0.523642 0.153111
0.552910 0.188998
0.586140 0.233113
0.443430 0.170891
0.446353 0.174612
0.456889 0.187982
0.470418 0.205066
0.477590 0.214098
0.483861 0.221990
0.413554 0.346750
0.416927 0.350669
0.427349 0.362402
0.439833 0.375825
0.456503 0.392853
0.412591 0.049509
0.436537 0.076084
0.465785 0.108857
0.479845 0.124830
0.493647 0.140812
0.239258 0.097684
0.241631 0.106118
0.250689 0.137328
0.264984 0.181917
0.273301 0.205041
0.281740 0.226515
0.267948 0.057645
0.271499 0.066442
0.285200 0.099733
0.310378 0.156553
0.321934 0.180247
0.335436 0.206055
0.669395 0.027361
0.673023 0.031430
0.685627 0.046204
0.708236 0.075174
0.715025 0.084578
0.474668 0.091173
0.481618 0.098708
0.507106 0.127084
0.545566 0.172590
0.563756 0.195594
0.576354 0.212231
0.888209 0.160631
0.894692 0.177787
0.913801 0.238023
0.926252 0.289713
0.932273 0.321782
0.937580 0.356831
0.312203 0.294553
0.325334 0.316805
0.340811 0.340177
0.347493 0.349457
0.354781 0.359094
0.814855 0.246698
0.836039 0.319221
0.849965 0.387783
0.854386 0.416460
0.857608 0.440916
0.452777 0.035097
0.483170 0.065360
0.515099 0.098733
0.533337 0.118822
0.546815 0.134284
0.487220 0.246870
0.491083 0.251725
0.500446 0.263471
0.509693 0.275049
0.515977 0.282912
0.522347 0.290886
0.187473 0.134785
0.191350 0.162273
0.195836 0.189987
0.198941 0.206873
0.201540 0.219825
