0.697005 0.824320
0.698309 0.831017
0.699500 0.837997
0.700421 0.844774
0.701272 0.851899
0.701867 0.858725
0.702435 0.865957
0.702771 0.872851
0.381838 0.554780
0.390077 0.558901
0.398602 0.563197
0.407316 0.567684
0.416077 0.572309
0.425014 0.577263
0.433955 0.582470
0.442817 0.587949
0.707363 0.671912
0.710008 0.680790
0.712509 0.689288
0.714760 0.697309
0.717049 0.705690
0.719035 0.713316
0.720935 0.721111
0.722703 0.728929
0.349845 0.558818
0.356859 0.563454
0.364184 0.568235
0.371780 0.573178
0.379519 0.578245
0.387596 0.583670
0.395630 0.589184
0.403848 0.595070
0.541746 0.579319
0.551940 0.587718
0.561066 0.596127
0.569730 0.605002
0.577760 0.614046
0.585275 0.623241
0.592256 0.632429
0.598755 0.641517
0.650930 0.884826
0.655874 0.891349
0.660367 0.898203
0.664498 0.905297
0.668217 0.912522
0.671320 0.919683
0.674184 0.927016
0.676728 0.934404
0.335869 0.592042
0.340496 0.596784
0.345282 0.601749
0.350135 0.606851
0.355084 0.612155
0.359855 0.617292
0.364755 0.622793
0.369645 0.628377
0.352932 0.592200
0.359831 0.598391
0.367256 0.605342
0.374484 0.612255
0.381956 0.619729
0.389362 0.627422
0.396857 0.635533
0.404423 0.644005
0.368151 0.510098
0.377612 0.513427
0.388100 0.516862
0.398880 0.520157
0.410290 0.523514
0.422257 0.527015
0.434666 0.530699
0.447290 0.534624
0.637359 0.817823
0.641640 0.821767
0.645655 0.825764
0.649362 0.829774
0.652856 0.833863
0.656173 0.838065
0.659317 0.842391
0.662300 0.846817
0.772299 0.822725
0.769244 0.836217
0.765986 0.849753
0.762511 0.863268
0.758965 0.876296
0.755298 0.889313
0.751781 0.901149
0.748181 0.913183
0.759000 0.820379
0.756886 0.831577
0.754664 0.842306
0.752415 0.852176
0.750001 0.862384
0.747393 0.873557
0.744835 0.883812
0.742430 0.892628
0.262894 0.621231
0.265568 0.628426
0.267953 0.634339
0.270736 0.641783
0.273486 0.648819
0.276277 0.656097
0.279355 0.664290
0.282359 0.672143
0.566390 0.601570
0.574060 0.609876
0.581330 0.618425
0.588096 0.626983
0.594407 0.635490
0.600437 0.644038
0.606118 0.652413
0.611608 0.660731
0.279485 0.627772
0.282248 0.634149
0.285114 0.640759
0.287619 0.646254
0.290260 0.652177
0.293210 0.659115
0.296338 0.666455
0.299384 0.673526
0.537031 0.697359
0.543838 0.704123
0.550685 0.710715
0.557500 0.717040
0.564355 0.723187
0.571198 0.729122
0.578033 0.734885
0.584767 0.740398
0.676266 0.867890
0.678930 0.875375
0.681292 0.882982
0.683385 0.890718
0.685233 0.898544
0.686859 0.906441
0.688273 0.914312
0.689448 0.922159
0.328794 0.584448
0.335260 0.591002
0.341802 0.597647
0.348455 0.604420
0.355595 0.612092
0.362441 0.619530
0.369550 0.627594
0.376764 0.636099
0.678113 0.617207
0.682223 0.626987
0.686216 0.637142
0.689694 0.646420
0.693128 0.656016
0.696176 0.664763
0.699163 0.673617
0.701876 0.681774
0.455349 0.739993
0.462862 0.746020
0.470690 0.751826
0.478859 0.757436
0.487271 0.762774
0.495673 0.767719
0.504149 0.772363
0.513004 0.776918
0.380576 0.590208
0.388728 0.596450
0.397012 0.603055
0.405242 0.609912
0.413476 0.617120
0.421708 0.624705
0.429789 0.632498
0.437794 0.640561
0.294786 0.466630
0.299094 0.472411
0.303398 0.477627
0.308446 0.482985
0.313652 0.487922
0.319420 0.492757
0.325871 0.497552
0.332260 0.501764
0.793267 0.598055
0.795032 0.608246
0.796598 0.618371
0.797886 0.628089
0.798947 0.636931
0.799907 0.647195
0.800587 0.655046
0.801187 0.665214
0.790457 0.631659
0.791550 0.640231
0.792631 0.650677
0.793374 0.658815
0.794043 0.668863
0.794485 0.676344
0.794808 0.686656
0.794968 0.694392
0.564897 0.900301
0.576076 0.903237
0.585510 0.906231
0.595939 0.909956
0.605098 0.913832
0.612942 0.917783
0.621025 0.922355
0.628229 0.927200
0.385160 0.557751
0.394880 0.562701
0.404916 0.567901
0.415083 0.573351
0.425488 0.579243
0.435759 0.585389
0.446030 0.591991
0.456063 0.598936
0.290646 0.410289
0.295453 0.417796
0.300674 0.424824
0.306576 0.431573
0.313209 0.437958
0.320485 0.443864
0.328511 0.449284
0.337346 0.454219
0.777358 0.734877
0.776737 0.746733
0.775780 0.758551
0.774536 0.770663
0.772907 0.783411
0.770929 0.796469
0.768620 0.809600
0.766058 0.822819
0.539761 0.603145
0.548051 0.611137
0.555826 0.619272
0.563262 0.627632
0.570271 0.636007
0.576901 0.644352
0.583255 0.652678
0.589361 0.660907
0.562914 0.662336
0.570027 0.671037
0.576954 0.679537
0.583781 0.687856
0.590503 0.695925
0.597146 0.703744
0.603722 0.711318
0.610179 0.718615
0.592007 0.808350
0.601811 0.813397
0.610904 0.818502
0.619468 0.823836
0.627477 0.829423
0.634797 0.835172
0.641190 0.840954
0.647094 0.846989
0.585890 0.591214
0.593801 0.600225
0.601192 0.609492
0.607965 0.618753
0.614253 0.628031
0.620037 0.637116
0.625582 0.646276
0.630729 0.655069
0.545748 0.739534
0.553294 0.744939
0.560791 0.750112
0.568196 0.755067
0.575639 0.759949
0.582882 0.764625
0.589906 0.769146
0.596769 0.773590
0.569936 0.637640
0.576395 0.645785
0.582632 0.653939
0.588599 0.661944
0.594408 0.669856
0.600100 0.677655
0.605595 0.685157
0.611084 0.692585
0.712235 0.606942
0.715482 0.616661
0.718530 0.626474
0.721149 0.635480
0.723722 0.644933
0.725881 0.653286
0.728012 0.661874
0.729861 0.669769
0.682565 0.699981
0.684790 0.705178
0.686963 0.710304
0.689072 0.715341
0.691102 0.720259
0.693069 0.725180
0.694967 0.729930
0.696762 0.734599
0.265290 0.426662
0.267013 0.434885
0.268944 0.442953
0.271101 0.450857
0.273520 0.458608
0.276215 0.466177
0.279214 0.473553
0.282560 0.480767
0.526710 0.558378
0.537895 0.565388
0.548795 0.573191
0.558617 0.581148
0.568053 0.589768
0.576418 0.598279
0.584335 0.607180
0.591762 0.616307
0.518820 0.651737
0.525907 0.659432
0.532850 0.667103
0.539667 0.674686
0.546426 0.682174
0.553119 0.689501
0.559778 0.696652
0.566456 0.703664
0.462464 0.613492
0.471642 0.621361
0.480548 0.629507
0.489184 0.637863
0.497583 0.646373
0.505784 0.654964
0.513837 0.663573
0.521707 0.672070
0.453377 0.577897
0.464004 0.584185
0.474481 0.590970
0.484487 0.598047
0.494373 0.605717
0.503617 0.613517
0.512640 0.621772
0.521090 0.630057
0.360259 0.580964
0.367270 0.586311
0.374729 0.592182
0.381990 0.597966
0.389574 0.604294
0.397079 0.610773
0.404552 0.617503
0.412133 0.624662
0.601728 0.649704
0.607043 0.657590
0.612087 0.665201
0.617043 0.672781
0.621889 0.680197
0.626561 0.687318
0.631152 0.694285
0.635733 0.701196
0.728323 0.841239
0.727511 0.848992
0.726638 0.857091
0.725656 0.864565
0.724643 0.872866
0.723548 0.879862
0.722445 0.888151
0.721297 0.894982
0.651168 0.656312
0.655615 0.665262
0.660064 0.674391
0.664181 0.682879
0.668226 0.691273
0.672077 0.699267
0.675776 0.706982
0.679427 0.714688
0.429925 0.716390
0.437765 0.724450
0.445885 0.732178
0.454513 0.739730
0.463274 0.746749
0.472595 0.753568
0.482083 0.759900
0.491873 0.765874
0.367544 0.426629
0.374030 0.427893
0.382436 0.429275
0.393014 0.430649
0.402750 0.431582
0.411796 0.432219
0.422471 0.432867
0.434986 0.433576
0.457705 0.581357
0.468335 0.587962
0.478653 0.594976
0.488629 0.602392
0.498206 0.610166
0.507348 0.618221
0.516106 0.626538
0.524477 0.635017
0.491177 0.572969
0.502569 0.580001
0.513491 0.587556
0.523923 0.595641
0.533525 0.603892
0.542798 0.612696
0.551304 0.621500
0.559454 0.630594
0.596608 0.689687
0.601536 0.695906
0.606465 0.702057
0.611292 0.707971
0.616046 0.713736
0.620681 0.719250
0.625270 0.724679
0.629813 0.730021
0.532784 0.766465
0.541517 0.771166
0.550420 0.775786
0.559213 0.780234
0.567594 0.784413
0.575890 0.788555
0.584077 0.792702
0.591645 0.796641
0.451928 0.591261
0.461445 0.597806
0.470673 0.604640
0.479693 0.611857
0.488407 0.619348
0.496784 0.627041
0.504913 0.634955
0.512748 0.642963
0.275938 0.282213
0.279274 0.291712
0.282939 0.300756
0.287271 0.309698
0.292095 0.318139
0.297215 0.325836
0.303258 0.333304
0.309650 0.339934
0.519435 0.568516
0.530356 0.575796
0.540367 0.583302
0.550071 0.591475
0.558779 0.599625
0.567135 0.608257
0.574895 0.617015
0.582149 0.625853
0.295094 0.585947
0.299232 0.591866
0.303993 0.598806
0.308645 0.605436
0.313463 0.612330
0.318789 0.620316
0.323583 0.627254
0.329024 0.635710
0.341019 0.588400
0.345596 0.592712
0.350288 0.597198
0.355122 0.601900
0.359983 0.606665
0.364943 0.611711
0.369973 0.616925
0.374945 0.622157
0.728478 0.874495
0.726519 0.886561
0.724532 0.897707
0.722548 0.908491
0.720585 0.919649
0.718688 0.929675
0.716863 0.940069
0.715134 0.950067
0.735472 0.682375
0.736546 0.687762
0.737550 0.693012
0.738486 0.698271
0.739397 0.703418
0.740207 0.708373
0.740971 0.713549
0.741708 0.718637
0.575990 0.794318
0.587091 0.799737
0.597635 0.805160
0.607407 0.810582
0.616407 0.816064
0.624766 0.821716
0.632318 0.827479
0.639269 0.833472
0.292486 0.552971
0.296649 0.558612
0.301291 0.564599
0.305900 0.570166
0.311057 0.576203
0.316282 0.582110
0.321822 0.588280
0.327764 0.594941
0.455149 0.557557
0.466271 0.562671
0.477305 0.568246
0.488162 0.574301
0.498420 0.580606
0.508671 0.587630
0.518002 0.594663
0.527223 0.602348
0.767025 0.835049
0.765285 0.842133
0.763408 0.849628
0.761158 0.858922
0.758854 0.867968
0.756989 0.874460
0.755069 0.880961
0.752612 0.890217
0.265089 0.330647
0.266782 0.339978
0.268862 0.349526
0.270961 0.358414
0.273351 0.367211
0.276117 0.375929
0.279210 0.384425
0.282781 0.392838
0.699672 0.917010
0.699818 0.926179
0.699887 0.935284
0.699892 0.944288
0.699848 0.953169
0.699804 0.961998
0.699681 0.970592
0.699580 0.979124
0.719400 0.649250
0.721696 0.657805
0.723866 0.666301
0.725768 0.673952
0.727691 0.682148
0.729321 0.689283
0.731029 0.697293
0.732437 0.704175
0.215146 0.634083
0.216515 0.642017
0.217536 0.646476
0.219098 0.654741
0.220397 0.660340
0.222188 0.669025
0.223707 0.675291
0.225845 0.684941
0.686998 0.828459
0.689115 0.835585
0.690909 0.842673
0.692529 0.849994
0.693889 0.857302
0.695039 0.864648
0.696067 0.872191
0.696850 0.879601
0.435425 0.561504
0.443913 0.565516
0.452385 0.569755
0.460699 0.574165
0.468916 0.578825
0.476915 0.583675
0.484739 0.588778
0.492435 0.594186
0.258639 0.252630
0.259733 0.264939
0.260918 0.276848
0.262369 0.288837
0.264124 0.300824
0.266026 0.312311
0.268138 0.323379
0.270912 0.334862
0.237346 0.389449
0.235413 0.398844
0.233305 0.408167
0.231015 0.417423
0.228558 0.426653
0.225919 0.435748
0.223129 0.444842
0.233965 0.161535
0.407586 0.576218
0.416605 0.581551
0.425685 0.587204
0.434703 0.593135
0.443632 0.599380
0.452412 0.605929
0.461003 0.612770
0.469365 0.619859
0.586290 0.697204
0.592265 0.704063
0.598132 0.710650
0.603955 0.717063
0.609738 0.723326
0.615348 0.729299
0.620885 0.735148
0.626325 0.740888
0.538016 0.767451
0.548171 0.772889
0.557962 0.777940
0.567728 0.782899
0.577022 0.787602
0.586169 0.792315
0.594766 0.796890
0.603044 0.801512
0.381504 0.631719
0.388058 0.639288
0.394509 0.646899
0.401167 0.654981
0.407563 0.662834
0.414347 0.671205
0.421106 0.679444
0.428034 0.687710
0.288751 0.389768
0.293372 0.397455
0.298542 0.404795
0.303981 0.411484
0.310451 0.418109
0.317375 0.424102
0.325079 0.429635
0.333404 0.434586
0.620612 0.735339
0.627118 0.742174
0.633444 0.748875
0.639459 0.755381
0.645212 0.761771
0.650678 0.768145
0.655763 0.774379
0.660607 0.780738
0.260142 0.280023
0.261150 0.289075
0.262280 0.298036
0.263516 0.306808
0.264779 0.315185
0.266389 0.323956
0.267885 0.331947
0.269900 0.340519
0.698876 0.903141
0.699229 0.912901
0.699460 0.922635
0.699587 0.932280
0.699652 0.941910
0.699636 0.951315
0.699628 0.960751
0.699518 0.969863
0.765059 0.762854
0.764419 0.771598
0.763701 0.778303
0.762861 0.785961
0.761779 0.794769
0.760724 0.801892
0.759461 0.809832
0.758031 0.818723
0.304537 0.409623
0.310797 0.415942
0.317109 0.421441
0.324272 0.426644
0.331789 0.431245
0.340313 0.435504
0.350343 0.439506
0.361371 0.442998
0.232198 0.579520
0.233453 0.586632
0.234605 0.592478
0.235410 0.596055
0.236464 0.600629
0.237854 0.606623
0.239175 0.611776
0.240410 0.616132
0.373785 0.549463
0.382600 0.553834
0.391680 0.558298
0.401156 0.563020
0.410723 0.567884
0.420556 0.573098
0.430357 0.578545
0.440194 0.584364
0.248642 0.437363
0.248770 0.445396
0.249043 0.453612
0.249407 0.461691
0.249861 0.469598
0.250484 0.477560
0.251237 0.485347
0.252183 0.493138
0.678664 0.697898
0.681780 0.704851
0.684974 0.712166
0.687843 0.718780
0.690731 0.725693
0.693383 0.732130
0.695956 0.738749
0.698379 0.745212
0.601382 0.649720
0.607188 0.658319
0.612698 0.666644
0.618159 0.674981
0.623326 0.682867
0.628540 0.690822
0.633476 0.698233
0.638407 0.705602
0.513025 0.793474
0.522713 0.797423
0.531827 0.800985
0.540780 0.804369
0.549829 0.807762
0.558718 0.811094
0.567042 0.814268
0.575099 0.817427
0.348829 0.587710
0.354961 0.593080
0.361474 0.599003
0.368064 0.605102
0.374517 0.611197
0.381388 0.618005
0.387965 0.624704
0.394703 0.631864
0.261524 0.595864
0.263657 0.601102
0.266176 0.607333
0.268335 0.612166
0.270905 0.618226
0.273587 0.624491
0.276066 0.629984
0.279158 0.637533
0.345739 0.590195
0.351506 0.595491
0.357682 0.601389
0.363922 0.607442
0.369936 0.613321
0.376427 0.620073
0.382729 0.626770
0.389018 0.633674
0.255353 0.281546
0.255880 0.292163
0.256444 0.302579
0.257093 0.312905
0.257832 0.323180
0.258666 0.333309
0.259628 0.343416
0.260696 0.353331
0.625539 0.855376
0.629900 0.858548
0.633921 0.861783
0.637767 0.865105
0.641483 0.868541
0.644826 0.871985
0.648022 0.875509
0.651095 0.879153
0.412684 0.695389
0.419221 0.703249
0.425991 0.710983
0.432987 0.718498
0.440266 0.725832
0.447933 0.733019
0.455938 0.739951
0.464028 0.746406
0.373830 0.745203
0.378781 0.751023
0.384010 0.756769
0.389521 0.762411
0.395202 0.767817
0.401218 0.773125
0.407411 0.778185
0.413876 0.783067
0.554880 0.580709
0.563601 0.588443
0.571728 0.596428
0.579214 0.604509
0.586296 0.612835
0.592868 0.621172
0.599047 0.629569
0.604806 0.637863
0.677971 0.812856
0.680987 0.819736
0.683739 0.826828
0.686157 0.833979
0.688261 0.841190
0.690110 0.848511
0.691733 0.855968
0.693129 0.863484
0.391266 0.620337
0.397974 0.627072
0.404883 0.634314
0.411737 0.641716
0.418345 0.649005
0.425227 0.656826
0.431983 0.664560
0.438832 0.672405
0.737544 0.645017
0.739654 0.654427
0.741525 0.663530
0.743355 0.672995
0.744858 0.681241
0.746303 0.689996
0.747593 0.698605
0.748628 0.706464
0.280499 0.510086
0.282516 0.513939
0.284678 0.517789
0.287015 0.521675
0.289427 0.525448
0.291938 0.529120
0.294683 0.532912
0.297549 0.536658
0.332618 0.638006
0.337620 0.645790
0.342830 0.654142
0.348177 0.662829
0.353756 0.671921
0.359189 0.680675
0.365107 0.690077
0.371034 0.699131
0.583158 0.658031
0.589560 0.666611
0.595669 0.674858
0.601754 0.683096
0.607610 0.690931
0.613475 0.698720
0.619136 0.706083
0.624760 0.713314
