1.068762
-0.437018
-0.139147
0.863075
0.202005
-0.616256
0.480286
0.640614
-0.875284
0.018228
0.468159
0.648381
0.407726
0.238629
-0.650545
1.080069
-1.726036
0.100495
-1.103503
0.273209
0.046241
-1.860010
0.179843
0.414995
0.323230
-1.008831
-0.623263
0.070685
-0.597950
-0.278284
3.765567
0.536355
-0.205415
-0.060444
0.565679
0.247744
-1.127669
-0.605787
-0.918093
-0.158282
1.032391
-0.734521
-2.258399
0.074463
0.457097
4.701687
0.251769
-1.509483
1.185757
1.698646
-0.625656
-0.122771
-0.529548
-0.302082
-0.816022
-0.218654
-0.453155
-0.013253
-0.792160
-2.832125
-0.130093
-0.068478
-0.909927
2.085763
-0.022663
-0.738454
-0.417982
0.300357
0.460321
-0.179670
0.059018
-0.212657
0.739894
0.476853
-1.488859
-1.107898
1.076022
-0.037500
0.023854
0.127023
1.655438
4.389200
0.103125
-1.904572
0.146910
-1.084079
-1.147270
0.551890
0.559851
-0.601414
-0.533003
1.929186
-0.839338
-0.858293
-0.264466
0.136901
0.570407
-0.206142
-0.441713
0.289384
0.658310
0.872895
0.784200
-0.880860
0.893890
-0.297206
0.693108
-0.231046
-1.898045
2.098094
-0.543446
2.135673
0.275052
0.160337
-0.615318
0.106494
-0.674337
1.197535
-0.591178
0.001434
0.304686
-1.111834
1.566149
-0.270011
0.174999
-1.006098
-0.279958
-2.186490
-2.454904
0.334989
-1.056966
0.562905
-0.211531
0.250692
0.229113
-1.142885
1.877480
-0.120782
-1.193105
0.477254
0.364858
0.441007
-0.600187
-0.483523
0.316292
0.812213
-0.107073
1.167090
-0.262636
2.054940
-0.204679
0.036733
-0.531013
-0.150132
0.558002
0.044875
0.788004
-1.177110
-0.203781
1.431292
-1.078894
1.133602
0.544949
0.796688
0.356767
-0.246150
-0.871329
1.261120
-0.363338
0.414840
1.004786
-0.486698
0.337574
1.130124
-0.305754
0.297067
0.014085
-0.167305
-1.401447
-0.728962
-0.106403
0.021853
0.154742
-0.428448
0.025396
-0.434678
0.114039
0.651337
-0.152558
-0.253315
-0.203714
-0.118008
-0.539256
-0.346383
-0.309895
0.374140
-1.294747
-0.168961
-0.615237
-1.525162
