-0.546356
0.382718
0.129529
1.203532
-0.682686
1.311259
-0.067690
0.331777
-0.265190
-0.175761
1.045694
-0.196045
0.733513
-0.479022
-0.709249
-0.140469
-0.810774
-0.101844
-1.088191
-1.259090
0.578354
-0.205133
-1.007093
-0.133422
0.922475
1.202748
-1.032550
-1.111040
0.978783
0.651054
-0.722160
-0.851557
-0.823994
0.726603
-0.465732
0.194766
-0.713310
-0.219822
-0.382533
-0.507129
0.189171
-0.239612
0.993648
-1.225814
0.743628
-0.860301
0.384418
0.790815
0.651156
0.916726
-0.305292
1.212622
-0.537556
-1.514781
0.920970
1.021902
0.291697
1.223889
1.118134
-0.297149
0.296861
0.902309
-0.078924
-1.127972
-0.573812
-0.516606
0.243840
-1.134487
-0.308327
-0.935152
-1.048121
-0.727385
0.847421
5.121634
-0.234607
0.579272
-0.021722
0.386337
-0.585970
-0.920073
-0.746890
0.369329
0.210224
0.229502
-3.792470
-0.672832
-0.532942
0.154588
-0.919946
-0.566685
1.853727
1.725657
1.471559
-0.346076
-0.512659
-0.241487
-0.728101
1.005167
-0.190131
0.892719
