-0.396766
0.356995
0.335364
-1.087397
0.273294
0.333105
0.184614
0.158513
0.157802
0.383502
0.077134
0.308960
0.241726
0.128870
0.161779
0.226569
0.220326
0.205098
-1.087397
0.522492
-1.087397
0.236007
0.305354
0.406872
0.318083
-0.290998
0.339007
-1.087397
0.291367
-1.087397
0.338992
0.248926
-1.087397
-1.087397
-0.099979
0.127978
0.274508
0.293381
0.003309
-1.087397
0.373081
0.435600
0.378185
0.404708
-0.066985
-1.087397
0.163673
0.209807
0.455931
0.339690
-0.063646
0.129613
0.154245
0.189642
-0.076325
-0.434442
-1.087397
-1.087397
0.000883
0.166398
0.298426
0.202197
0.144469
0.211417
0.198313
0.359598
0.416766
0.321368
0.496723
0.466754
0.160363
-0.523099
0.291300
-1.087397
0.117713
0.389805
0.262464
0.154248
0.258610
-1.087397
-1.087397
-1.087397
-0.002596
0.217946
-1.087397
-1.087397
0.379847
0.462597
0.110245
-1.087397
0.296105
-1.087397
0.385330
0.017801
-0.104917
0.330948
-1.087397
-1.087397
0.081499
0.170664
0.048518
-0.095654
0.305152
-0.207241
0.145847
-0.570293
-0.055738
0.108549
0.243783
0.225246
0.289441
0.247322
-0.055946
0.307499
0.147907
-0.244000
0.191120
0.210756
0.362899
0.290485
-1.087397
0.232494
0.040100
0.306333
-0.801712
0.318941
-1.087397
0.233539
0.487084
-0.094173
0.387140
-0.077106
0.193318
0.296865
0.040354
0.372662
-1.087397
-1.087397
0.404379
0.374378
0.348648
0.106851
0.241722
-1.087397
0.111280
0.124994
0.374105
0.200870
0.112738
0.204072
-0.144710
0.130028
0.160278
-0.031027
-1.087397
-0.170325
0.221868
0.273168
0.333990
0.461861
0.286321
0.474606
0.166043
0.124358
0.216956
0.091694
0.234121
0.324656
0.139789
0.477592
-0.589376
0.277812
0.167611
0.283023
0.426159
-1.087397
0.337516
0.453285
0.466093
0.207801
0.272003
0.239848
0.270331
0.338452
0.251272
0.210168
0.347417
0.285116
0.325218
-1.087397
0.513098
0.284023
0.282818
-0.005361
0.375659
0.492569
-0.432987
0.262525
-1.087397
0.067878
