2.144902
2.843437
3.520401
2.544404
0.789401
2.629515
1.696891
0.652673
2.782764
2.709584
1.370342
3.298597
2.362998
1.101023
3.096400
0.518032
1.816532
2.860351
2.927472
1.785377
1.483378
0.661808
1.031176
2.848901
1.514157
2.274965
2.740440
2.785955
0.904081
3.649988
3.221424
3.506163
3.522222
1.251805
1.252133
1.325352
3.684933
2.793423
3.659221
1.630676
1.475285
2.047632
2.345047
1.356837
0.803247
1.869123
2.831177
2.667460
1.150937
1.901191
1.417137
1.952222
1.258361
2.930733
1.602757
2.843928
3.394017
3.605474
2.730852
0.866186
1.457123
3.041604
2.919033
1.814038
1.640197
0.802020
2.148161
1.667917
0.688875
2.846119
0.626645
0.813579
1.566094
2.416991
3.570338
2.400842
2.107516
0.950401
1.782271
1.959623
1.042918
2.962048
0.636169
2.031871
2.694963
1.201415
1.423886
2.714755
1.020787
3.856732
2.182125
1.587660
3.466742
2.116268
1.571525
1.488243
1.079098
1.168205
1.523186
2.130205
1.125311
2.159092
2.879078
0.502983
0.626076
2.589222
1.179112
2.013498
0.626073
0.449887
3.350379
0.746045
0.906967
1.822296
1.737968
1.149141
2.423693
1.499322
2.404167
0.913079
3.326063
1.323491
1.140837
1.493747
1.489680
1.253621
0.638269
2.409556
3.438477
1.739339
0.484915
2.063169
1.590240
0.609837
2.488544
1.823697
2.925273
0.572061
3.076056
2.713487
2.699946
3.004970
2.723777
0.878380
1.901793
0.597073
0.851204
2.240109
0.448355
1.163320
2.837595
1.034634
1.972579
0.449009
1.333293
3.488177
3.352858
1.992252
3.358242
1.054642
1.572991
3.274052
0.687336
2.577816
1.763010
2.145461
2.701425
2.871284
0.838963
2.341817
1.944453
2.882586
2.009307
0.680252
2.372231
0.592372
0.951135
2.929805
2.573876
2.818143
0.658471
2.501318
2.547246
1.035805
1.770393
1.232185
3.928856
4.681605
2.913756
1.454038
3.591175
2.875997
1.948260
2.519224
0.919409
2.159578
1.035539
2.778637
1.523689
2.659685
