0.475961
-0.003745
0.201751
-0.078431
0.257561
0.226781
-0.131601
0.240098
0.182144
0.188018
-0.251297
0.485694
0.226668
0.178078
0.351861
0.105025
0.361006
-0.095217
0.015904
0.120807
0.411561
0.259666
0.121523
-0.172783
0.178505
0.496523
0.367747
0.065832
-0.098874
-1.258487
0.227293
0.066524
0.366086
0.337969
0.064090
-0.023227
0.316691
-0.178588
0.334190
0.290710
0.332641
-1.234211
0.287017
0.060540
0.172268
0.209941
-0.066134
0.304607
0.156655
0.376161
0.129629
0.441679
-0.155671
0.333368
0.270348
-1.245646
-0.014519
-1.245362
-0.170959
0.397758
0.330294
0.333815
-0.025856
0.397546
-0.071260
0.101627
0.247758
-0.098543
-0.006591
0.229477
0.304070
0.132682
0.324031
0.315286
0.335221
0.193352
-1.229758
0.345359
-1.252477
0.101228
0.000629
-1.236108
0.347698
0.293545
0.245314
0.020153
0.145641
-1.220442
0.051910
-0.281983
0.137589
-1.249804
0.373406
-1.226801
0.024325
-0.275341
0.233496
0.103883
0.493785
0.484973
0.165826
0.280165
-1.224280
0.326487
0.317461
-0.371166
0.189698
0.394735
-0.439575
0.276053
0.375443
0.068605
0.122260
-1.257387
0.390766
0.311297
-0.550890
0.270546
0.200491
0.066419
-1.230616
0.173624
0.343460
0.439110
0.098052
0.107956
-1.249978
0.279080
0.289593
0.574303
-0.139841
0.310602
-0.393204
0.452607
-1.228490
0.290863
-0.328524
-0.254198
0.430645
0.153962
0.248513
-1.226337
0.315816
-0.323768
0.180534
0.289275
-0.550928
-0.211506
0.187311
0.008052
0.025168
0.336760
-1.226954
0.157058
0.262721
0.425693
0.375053
0.356359
0.457172
0.328918
-0.003550
0.347181
-1.249073
-0.503980
-1.226854
0.333209
0.065745
0.015012
0.183167
0.365365
0.615549
0.395040
0.428121
0.206295
0.354795
0.422470
0.250839
-1.223967
0.143493
-1.240760
0.291899
0.356516
0.371233
0.399041
0.037365
0.144534
-0.075218
-1.277061
0.215157
-1.242093
0.178607
-0.323368
0.363664
0.436785
0.277720
0.069244
0.276694
0.140862
0.014320
-0.355566
