-0.786766
-0.184713
0.417269
0.221845
0.462894
0.398052
0.402223
0.211255
0.489186
0.228222
0.379805
0.191417
-0.793707
-0.789161
-0.790733
0.394238
-0.785938
0.310124
-0.346929
0.358708
0.286881
0.102678
0.466867
-0.789143
0.381852
0.348472
0.168527
0.458220
0.226402
0.355689
0.430699
0.329294
-0.791527
0.338501
0.506174
0.438860
0.396996
-0.790590
0.399346
0.413623
-0.792146
-0.790960
-0.788405
0.488191
0.275924
-0.788943
0.249840
0.282418
0.401659
-0.789080
0.486928
-0.246041
0.497312
0.242726
0.111468
-0.197739
0.400668
0.285304
0.517365
0.343152
-0.024584
-0.050494
0.455726
0.097152
-0.790363
-0.128857
0.465369
-0.038757
-0.779089
0.356952
-0.790480
0.211728
0.276201
-0.791378
0.321132
0.404187
-0.785784
-0.786200
0.240155
-0.785257
0.205518
0.227829
0.372414
0.308508
0.248100
0.377720
-0.791245
0.311099
0.163098
0.418154
0.465469
0.458688
-0.798047
-0.791903
0.289841
-0.789727
-0.787362
-0.786862
0.465848
-0.413794
