0.280328 0.276283
0.281560 0.277489
0.282986 0.278811
0.283083 0.279224
0.283307 0.279754
0.284230 0.280617
0.285670 0.281761
0.286320 0.282432
0.286985 0.283072
0.287536 0.283645
0.288782 0.284491
0.289797 0.285197
0.290525 0.285761
0.291662 0.286436
0.293641 0.287339
0.294711 0.287894
0.295198 0.288255
0.296317 0.288751
0.297964 0.289308
0.299496 0.289837
0.299475 0.289987
0.300374 0.290335
0.302414 0.290762
0.303392 0.291050
0.304731 0.291290
0.305605 0.291526
0.307632 0.291723
0.310136 0.291896
0.310603 0.291999
0.311410 0.292119
0.314309 0.292071
0.317207 0.292001
0.318264 0.291986
0.318339 0.292017
0.321206 0.291744
0.323641 0.291462
0.325793 0.291173
0.327266 0.290951
0.330417 0.290391
0.334135 0.289665
0.336629 0.289126
0.337336 0.288909
0.339989 0.288301
0.345652 0.286866
0.348725 0.286059
0.350189 0.285561
0.352469 0.284921
0.357967 0.283330
0.362149 0.282133
0.363920 0.281526
0.366653 0.280675
0.373226 0.278773
0.379103 0.277087
0.382551 0.276084
0.386515 0.274943
0.393407 0.273168
0.400139 0.271504
0.405631 0.270208
0.412549 0.268739
0.420273 0.267291
0.427887 0.266062
0.434811 0.265108
0.441423 0.264359
0.449541 0.263697
0.458328 0.263252
0.467841 0.263184
0.476201 0.263348
0.486625 0.264025
0.498034 0.265197
0.508616 0.266757
0.519320 0.268692
0.531138 0.271354
0.543065 0.274465
0.555845 0.278361
0.566660 0.281994
0.577978 0.286197
0.592325 0.292111
0.604301 0.297508
0.614980 0.302703
0.624060 0.307357
0.638058 0.315175
0.650511 0.322754
0.660117 0.328946
0.669842 0.335676
0.681070 0.343976
0.690611 0.351542
0.699205 0.358782
0.708500 0.367151
0.716508 0.374811
0.723000 0.381335
0.731160 0.390073
0.737814 0.397605
0.744369 0.405449
0.750397 0.413057
0.756059 0.420582
0.763075 0.430582
0.767370 0.436943
0.772335 0.444733
0.777102 0.452633
0.781022 0.459397
0.784585 0.465827
0.788541 0.473423
0.792019 0.480413
0.795482 0.487728
0.798489 0.494407
0.800449 0.498821
0.803023 0.505004
0.805553 0.511398
0.807904 0.517644
0.809888 0.523028
0.811416 0.527282
0.813554 0.533891
0.815538 0.540313
0.816686 0.543818
0.817760 0.547386
0.819546 0.553956
0.820910 0.559130
0.821906 0.562894
0.822172 0.563238
0.823652 0.569595
0.824528 0.573445
0.825212 0.576292
0.825510 0.577243
0.826675 0.582761
0.828119 0.590949
0.828874 0.595090
0.828570 0.592414
0.829161 0.595661
0.830804 0.606380
0.831282 0.609323
0.830786 0.605004
0.830692 0.603927
0.832486 0.617724
0.833265 0.623637
0.832573 0.617011
0.832505 0.615688
0.833493 0.623953
0.834435 0.632712
0.834151 0.628647
0.834226 0.628984
0.835075 0.638359
0.835639 0.644777
0.835525 0.643352
0.834946 0.636236
0.835769 0.646619
0.836662 0.659003
0.836239 0.652390
0.835990 0.648016
0.836367 0.653747
0.837273 0.671781
0.836908 0.664972
0.836017 0.651794
0.836244 0.656286
0.837260 0.671256
0.837110 0.670160
0.836505 0.661478
0.836745 0.665602
0.837401 0.676825
0.837481 0.680095
0.836981 0.673546
0.836770 0.672370
0.837409 0.685428
0.837497 0.689234
0.837292 0.686178
0.837152 0.686836
0.837345 0.694508
0.837521 0.702676
0.837207 0.696467
0.836408 0.685304
0.836590 0.695759
0.837291 0.714696
0.836734 0.706540
0.834905 0.679884
0.835861 0.702763
0.836631 0.743354
0.836181 0.720450
0.835230 0.697351
0.835648 0.714716
0.835944 0.748225
0.835665 0.736262
0.834693 0.709214
0.835069 0.722600
0.835328 0.755847
0.835173 0.753787
0.834795 0.731169
0.834394 0.729460
0.834685 0.752619
0.834470 0.760070
0.833876 0.740838
0.833591 0.739170
0.833476 0.773472
0.833264 0.782222
0.833243 0.764565
0.832778 0.748208
0.832746 0.769027
0.832536 0.779908
0.832307 0.767338
0.831811 0.757038
0.831670 0.766586
0.831345 0.765045
