0.371656
1.288544
0.680752
0.468340
0.801840
0.344789
0.662237
0.615678
0.712381
0.246212
0.370482
0.677255
0.749277
0.763551
0.124512
0.856605
0.552789
0.999808
0.194594
0.624472
0.794174
0.425826
1.198870
0.842234
1.089665
1.077774
0.800734
1.070913
0.994377
0.128668
0.336397
0.971340
1.355957
0.435900
0.819691
0.314437
0.382075
1.164096
0.503140
0.729522
0.208878
0.599675
0.666547
0.823775
0.517242
0.384248
0.139482
0.645356
0.375976
0.891051
0.500593
0.974897
0.951687
0.849087
0.733456
0.402915
0.842791
0.763048
0.459645
0.641999
0.200833
0.804120
0.224541
0.342037
0.828653
0.580097
0.563403
0.432823
0.282501
1.143672
0.934015
0.527676
0.672815
0.768532
0.848548
0.691326
0.716993
0.084739
0.818163
0.683838
0.241603
0.685271
1.188949
0.495395
0.233451
0.762472
0.438762
0.385440
0.666766
1.034242
0.357412
0.766820
0.609686
1.326185
0.402384
0.527182
0.605286
0.547402
0.977184
0.136446
0.337840
0.952800
0.549827
1.021051
1.119305
0.740053
0.608947
0.547583
0.526116
0.480969
0.530684
0.848226
0.236984
0.590035
0.269402
0.237739
0.765475
0.794710
1.036852
0.959340
0.977469
0.248898
0.722885
0.746771
0.928933
0.271103
0.321431
0.564369
0.532644
0.409952
0.356396
0.543291
0.232576
1.186381
0.060947
0.414707
0.757059
0.601087
0.756152
1.032332
0.825285
0.423505
0.358517
0.889616
0.218030
0.301143
0.824133
0.929886
0.943188
0.561879
0.600990
0.315336
0.664900
0.970179
0.190500
0.237042
0.432927
0.609491
1.340276
0.417058
0.560683
0.820192
0.801905
0.599136
0.835974
0.811142
0.298404
1.167627
0.450333
0.643498
0.328135
0.578295
0.661470
0.266892
1.171870
0.807408
0.519305
0.284075
0.527373
0.572797
1.165773
0.930786
0.807308
0.430006
1.011839
0.512461
0.456514
0.331742
0.267712
0.554217
0.363482
0.370606
0.993202
0.537596
0.246748
0.304936
0.391434
0.777391
0.699915
0.670633
0.082419
0.795816
0.619693
0.688272
0.322718
1.135446
0.701727
0.562076
0.804715
0.527596
0.130165
0.761147
0.627150
0.914162
0.752253
0.343081
0.340981
0.439367
0.345886
0.376467
0.626693
0.700987
0.746680
0.396448
0.227452
0.504023
1.170410
0.795197
0.878788
0.346077
0.127582
0.840372
0.842449
0.322427
0.428088
0.577025
0.527542
0.408727
0.388227
0.650101
0.350012
0.658976
0.364119
0.766170
0.996989
0.803190
0.682724
0.652044
0.640597
0.586222
0.694037
0.353032
0.848353
0.902400
0.605309
