70.893948
71.713379
72.990467
64.540633
66.368948
81.010650
64.541288
83.250653
73.169799
78.553346
64.540148
64.541124
86.107759
77.350895
77.800133
75.324160
67.074617
74.379795
75.896612
76.332120
71.951739
83.946502
86.108038
64.540997
64.540398
68.109539
79.983655
64.540808
83.946626
77.179424
80.847544
64.537768
64.542152
64.540039
72.907637
78.489399
66.350646
70.555010
83.119245
67.160642
78.128336
79.210576
83.363690
66.483355
64.539315
78.569549
72.730321
64.541257
67.648702
71.394904
78.614829
64.540728
85.670779
79.838979
86.108370
86.107804
86.108425
78.673948
64.540793
72.239368
77.997625
76.873300
64.541117
70.050932
72.354874
78.867074
64.541709
64.540589
71.953632
64.540594
84.049823
76.527077
64.541990
80.288768
64.540363
80.431091
86.107680
76.745220
82.196926
77.617507
80.385297
86.108421
64.541782
68.489215
72.100857
78.386556
80.571715
79.289849
74.202245
64.541227
82.762103
64.540708
73.009714
64.540063
80.136010
64.541438
71.402910
64.540742
64.540263
71.289418
78.554652
69.641378
72.159105
75.316141
64.540570
64.540850
64.541565
80.086809
82.113929
84.804850
77.834746
86.107866
86.107845
74.080548
73.491617
84.982436
77.675442
75.196330
84.977855
64.540832
64.541361
77.798260
82.288314
64.541115
64.540636
82.574090
72.433032
64.541394
64.541304
64.986620
69.578882
78.761168
64.541092
64.542679
74.705915
81.643622
69.356194
79.469802
85.377573
65.287320
86.107648
66.501709
64.541228
79.922019
76.144480
75.807609
64.541475
85.379447
64.541915
64.542129
77.366335
79.514307
64.541169
73.259345
68.645464
77.733026
64.541166
64.541021
64.541134
86.107724
80.057154
64.540955
82.903518
74.997090
71.271984
73.788710
81.313638
74.689602
79.383498
70.491260
77.252582
79.968073
75.046188
82.862608
64.539923
64.541954
86.107929
77.790763
71.245117
69.669793
64.541752
74.585734
84.169870
64.541018
78.522841
64.541330
70.665730
72.255771
67.755813
64.541135
81.275897
64.950459
64.541156
64.540933
72.459285
82.285108
69.798868
64.542622
72.534369
78.585561
74.653615
69.840384
64.541620
77.073987
86.108029
64.540464
64.542630
64.541995
76.151021
77.432429
64.541214
71.325911
81.776198
68.431145
73.852454
64.542017
75.921312
80.528299
64.541243
74.690668
68.664744
77.275112
77.813432
67.395374
71.431782
81.963861
76.540877
75.315598
74.007330
79.638516
77.700452
76.832286
71.898946
64.541184
78.339830
71.296767
68.905242
64.541003
66.715590
71.972544
82.364117
68.056442
64.542290
66.702179
72.954081
64.541260
82.448710
79.957096
64.540616
74.875743
70.469415
66.935137
81.090307
72.589500
79.787919
