0.347993 -0.095772 0.620096 0.413813
0.352850 -0.095066 0.624805 0.445823
0.353518 -0.091864 0.630433 0.477461
0.355107 -0.086982 0.640931 0.508149
0.364313 -0.073169 0.656473 0.600943
0.785580 0.439477 1.124844 0.972400
0.804641 0.445111 1.108164 1.026939
0.805468 0.457822 1.098030 1.071260
0.794055 0.463820 1.092396 1.100394
0.790720 0.469735 1.082506 1.127144
0.791022 0.512536 1.046963 1.203651
0.429821 0.918164 0.169915 0.701167
0.444138 0.924556 0.173764 0.732945
0.459889 0.941912 0.199128 0.816274
0.629274 0.190381 0.923504 0.547396
0.634700 0.196796 0.929173 0.577208
0.640609 0.201515 0.932079 0.602947
0.643086 0.204463 0.939466 0.647895
0.644882 0.215700 0.950158 0.717036
0.029741 0.089869 -0.038877 0.569606
0.032631 0.094478 -0.040109 0.605118
0.037783 0.091895 -0.038431 0.641623
0.033820 0.109935 -0.023933 0.761774
0.485225 0.603336 0.421813 0.678315
0.485829 0.608213 0.428825 0.706467
0.491043 0.613257 0.434250 0.734889
0.497359 0.618799 0.439031 0.761693
0.503092 0.625654 0.445196 0.787817
0.509884 0.634072 0.461002 0.847893
0.679982 0.356485 0.947068 0.835515
0.684172 0.364462 0.949856 0.869847
0.683795 0.374222 0.954281 0.905804
0.113261 0.030827 0.157155 0.925462
0.137694 0.034698 0.151595 0.956056
0.484431 1.177851 -0.010153 0.077425
0.471668 1.191575 -0.007010 0.140403
0.476078 1.203819 -0.002510 0.173572
0.493660 1.232253 0.012332 0.247492
0.581467 0.187490 0.849685 0.608637
0.585207 0.191614 0.854730 0.635003
0.595657 0.193077 0.857740 0.663942
0.594666 0.203171 0.867230 0.721992
0.813317 0.870838 0.868465 1.425421
0.816462 0.852487 0.853275 1.440635
0.809002 0.848200 0.849867 1.445083
0.584231 0.801832 0.490683 1.467423
0.554524 0.789128 0.511111 1.469769
0.347496 0.235491 0.369590 -0.405327
0.348326 0.218598 0.360902 -0.399285
0.349005 0.201029 0.352817 -0.392322
0.310036 0.175423 0.349719 -0.364605
0.292881 0.123530 0.331422 -0.327845
0.250282 0.084046 0.322611 -0.278655
0.813269 0.409166 1.086150 0.464178
0.820615 0.414913 1.089443 0.493302
0.823470 0.420215 1.094198 0.520712
0.827819 0.426333 1.108042 0.624010
0.587950 0.414309 0.713601 0.616592
0.592627 0.417902 0.718012 0.645278
0.183486 -0.081519 0.331375 0.745781
0.194737 -0.079101 0.338955 0.780564
0.200445 -0.074103 0.350827 0.817802
0.205005 -0.066816 0.360327 0.847420
0.414332 -0.042288 0.715033 0.509722
0.419637 -0.040111 0.716758 0.538901
0.419014 -0.034327 0.721948 0.570305
0.243895 0.222499 0.203291 -0.283148
0.235646 0.198339 0.182540 -0.257527
0.212240 0.182494 0.166213 -0.221658
0.159827 0.160905 0.137447 -0.127992
0.741422 0.528847 0.906891 0.507179
0.754810 0.535938 0.913366 0.562043
0.672024 1.350930 0.262016 0.336862
0.675453 1.353070 0.267440 0.365852
0.678675 1.355490 0.277439 0.393033
0.686585 1.358739 0.299379 0.464320
0.828984 0.611982 0.979502 0.291631
0.831269 0.617182 0.987387 0.319324
0.835919 0.617439 0.992268 0.347120
0.842637 0.620103 0.996750 0.374507
0.845585 0.622730 1.002686 0.402447
0.184432 -0.087353 0.350977 0.963638
0.185875 -0.072312 0.356120 1.001301
0.851101 0.547710 1.032893 -0.003321
0.859409 0.546983 1.049206 0.030111
0.867925 0.549132 1.063583 0.062689
0.880703 0.559641 1.090451 0.124506
0.892506 0.562152 1.111967 0.187592
0.905101 0.570833 1.127914 0.249224
0.995083 1.360919 0.865093 0.315850
0.974202 1.372500 0.863909 0.355368
0.987310 1.373916 0.865680 0.390315
0.980258 1.382996 0.864564 0.446313
0.789433 0.590396 0.968603 1.354117
0.810783 0.599051 0.941271 1.366003
0.778523 0.598766 0.955630 1.367713
0.779879 0.611152 0.934829 1.382906
0.947902 0.614732 1.164419 0.189414
0.952577 0.617872 1.173357 0.221946
0.957749 0.619886 1.180917 0.255654
0.969442 0.621979 1.191378 0.321646
0.412199 1.157439 -0.000423 0.723741
0.418878 1.161914 0.013372 0.752085
0.416357 1.166714 0.030157 0.775065
0.465150 1.178369 0.050036 0.839217
0.087924 0.340694 -0.139729 0.362196
0.090532 0.346591 -0.141027 0.397519
0.094241 0.353047 -0.142937 0.433113
0.090127 0.355113 -0.138773 0.513399
0.170631 0.040231 0.271664 0.992008
0.179615 0.050888 0.276855 1.022401
0.198697 0.052336 0.277544 1.040319
0.218183 0.088445 0.318839 1.139034
0.300028 0.004148 0.463530 0.442905
0.301452 0.004873 0.472714 0.472509
0.300316 0.007808 0.482536 0.503661
0.305432 0.009947 0.486035 0.533847
0.313424 0.011621 0.489255 0.563987
0.315925 0.022528 0.501820 0.626557
0.942339 1.348002 0.818592 0.448090
0.935648 1.354246 0.830285 0.514447
0.897558 0.731760 1.101568 1.111282
0.890645 0.737001 1.059420 1.181810
0.878007 0.743393 1.051996 1.203211
0.868375 0.738732 1.032192 1.230872
0.848201 0.722694 1.023243 1.245318
0.851035 0.728815 0.982786 1.286808
0.284755 0.196270 0.409245 1.252652
0.310928 0.226115 0.425818 1.284757
0.334612 0.256560 0.439546 1.312532
0.365926 0.288248 0.473662 1.337765
0.392096 0.314785 0.495887 1.357856
0.426495 0.372668 0.528261 1.383593
0.449083 0.391001 0.554050 1.398226
0.635574 0.274679 0.925502 1.194163
0.617831 0.302313 0.914107 1.235080
0.622091 0.322438 0.907790 1.255829
0.635687 0.368910 0.888113 1.297535
0.623615 0.401534 0.874716 1.327383
0.682574 0.140321 1.058083 0.442549
0.687234 0.144063 1.061255 0.471349
0.690472 0.148723 1.065547 0.500648
0.702592 0.155699 1.073302 0.555598
0.684888 0.276691 0.964886 0.386105
0.689622 0.277153 0.966851 0.414953
0.692026 0.281098 0.971236 0.442275
0.694279 0.284161 0.975577 0.470104
0.246465 0.067265 0.334296 0.447414
0.248435 0.067633 0.342843 0.484689
0.250157 0.068251 0.346966 0.510237
0.322431 1.005730 -0.134973 0.258216
0.320306 1.012450 -0.131914 0.297746
0.327714 1.027764 -0.130612 0.331963
0.333572 1.047321 -0.123351 0.407588
0.800499 0.280493 1.123598 0.554603
0.800480 0.291007 1.135320 0.612156
0.463562 0.190946 0.650092 0.585340
0.472425 0.192952 0.655385 0.610289
0.476081 0.196581 0.661199 0.634820
0.489602 0.206012 0.671169 0.695373
0.906265 1.379108 0.686556 0.350315
0.893184 1.388613 0.696382 0.455412
0.876972 1.393493 0.705808 0.513723
0.989710 1.260082 0.894611 0.307858
0.981048 1.284295 0.896263 0.411888
0.982411 1.288059 0.897577 0.437772
0.982090 1.298672 0.911441 0.525073
0.467415 1.266483 -0.038620 0.330540
0.470695 1.273992 -0.031261 0.360463
0.480128 1.297630 -0.002861 0.435626
0.513131 1.313833 0.034757 0.550636
0.422108 1.145626 -0.078388 0.147042
0.415669 1.156968 -0.073494 0.194083
0.421837 1.170422 -0.069317 0.232909
0.433859 1.188185 -0.063001 0.267634
0.724859 0.870485 0.733342 1.541278
0.727392 0.860613 0.776529 1.518444
0.745591 0.847041 0.784670 1.513700
0.276455 -0.067777 0.475038 0.345068
0.282639 -0.071404 0.482453 0.376629
0.785511 1.295784 0.492125 0.363113
0.788250 1.297917 0.501397 0.393938
0.789078 1.300252 0.506875 0.425702
0.576677 0.340061 0.786591 0.948569
0.578951 0.360469 0.790874 0.998000
0.589338 0.366816 0.791478 1.022774
0.586774 0.380844 0.797412 1.046039
0.409176 -0.108152 0.740164 0.496668
0.411891 -0.101424 0.750307 0.525820
0.414237 -0.097356 0.753787 0.556901
0.418036 -0.087250 0.761113 0.618464
1.032382 1.204810 0.996814 0.056831
1.040633 1.215657 1.002716 0.092214
1.038577 1.225530 1.014325 0.129467
0.411102 -0.198162 0.802757 0.387128
0.420482 -0.194576 0.811323 0.431452
0.420860 -0.189991 0.817740 0.455841
0.430621 -0.179872 0.832679 0.509944
0.432018 -0.170451 0.841684 0.572491
0.665802 1.000363 0.466819 1.468094
0.641849 0.981484 0.487668 1.474489
0.647278 0.964181 0.510176 1.484822
0.648079 0.950558 0.525644 1.491504
0.642895 0.931527 0.556972 1.502611
0.527096 1.290497 0.126754 0.736810
0.544429 1.291439 0.132785 0.753959
0.563255 1.287831 0.142417 0.789821
0.625178 1.396706 0.181950 0.511004
0.612194 1.394858 0.191969 0.550647
0.612563 1.391476 0.198262 0.580712
0.618822 1.384362 0.217167 0.657381
0.493645 -0.017909 0.832028 0.486358
0.497434 -0.015708 0.833987 0.515091
0.496357 -0.010169 0.839509 0.544074
0.517682 -0.000979 0.851017 0.610980
0.524877 0.007583 0.858728 0.656360
0.534189 0.013409 0.864632 0.707615
0.590267 0.238253 0.770810 -0.120920
0.595695 0.229334 0.784867 -0.087295
0.600021 0.222553 0.799808 -0.052699
0.609235 0.215562 0.828013 0.015876
0.612711 0.212128 0.847312 0.089534
0.623438 0.219210 0.864754 0.152767
0.802028 0.259668 1.160482 0.599016
0.803225 0.263952 1.164836 0.629580
0.804851 0.266843 1.167431 0.661611
0.807305 0.276260 1.176552 0.719303
0.896601 0.464571 1.162841 0.510042
0.900766 0.469154 1.166162 0.538689
0.888845 0.473290 1.177978 0.567323
0.894104 0.475013 1.184328 0.638043
0.249791 0.010711 0.424405 0.945663
0.260874 0.016296 0.425534 0.968730
0.275245 0.019313 0.427206 0.984979
0.475077 1.268085 -0.003153 0.500115
0.483731 1.272518 0.009976 0.540819
0.493903 1.279026 0.025394 0.575401
0.837353 1.408858 0.544801 0.357685
0.840742 1.410009 0.551114 0.387734
0.823258 1.414254 0.557415 0.426947
0.823430 1.415934 0.567035 0.488159
0.158650 0.090120 0.193484 0.684814
0.158793 0.095267 0.198463 0.717952
0.171245 0.093236 0.203544 0.749951
0.180458 0.099466 0.218285 0.809713
0.554152 0.119027 0.851586 0.534761
0.556484 0.125706 0.857438 0.564339
0.568301 0.126995 0.862168 0.589607
0.567583 0.133762 0.867627 0.615428
0.578255 0.136464 0.870771 0.644891
0.425352 0.082098 0.652996 0.840517
0.428499 0.087709 0.658309 0.860340
0.430947 0.101094 0.668959 0.900613
0.441681 0.118445 0.674554 0.955399
0.107562 0.316603 -0.053385 0.667649
0.106804 0.321035 -0.047614 0.706310
0.108111 0.330000 -0.042199 0.742224
0.120595 0.323740 -0.029044 0.815113
0.504574 1.305540 0.067050 0.644522
0.505465 1.303435 0.082271 0.676636
0.516873 1.303268 0.112416 0.737517
0.251639 0.530845 0.104091 0.916908
0.269733 0.531803 0.105084 0.940022
0.268247 0.543222 0.125436 0.972404
0.272033 0.538497 0.143647 1.015350
0.273958 0.543145 0.163109 1.046197
0.307680 0.564046 0.201601 1.125813
0.726453 0.560492 0.895234 1.294742
0.743611 0.570203 0.877607 1.306149
0.790484 1.416975 0.449391 0.359675
0.789845 1.419261 0.459321 0.396024
0.793708 1.419484 0.463871 0.423662
0.783266 1.422070 0.475305 0.492668
0.733947 0.429853 0.892951 -0.080536
0.741062 0.429654 0.910115 -0.047351
0.750663 0.429024 0.924874 -0.013183
0.761974 0.438040 0.951721 0.047607
0.097123 0.028746 0.060323 -0.148748
0.063589 0.018834 0.056989 -0.077511
0.042052 0.009518 0.057396 -0.006523
0.065623 -0.031514 0.054409 0.124682
0.683293 0.168654 1.012195 0.626315
0.684104 0.172614 1.017659 0.653316
0.679001 0.177026 1.023307 0.679288
0.685131 0.185895 1.032541 0.746916
0.572293 1.267483 0.171562 0.883084
0.582581 1.268168 0.183284 0.924837
0.582918 1.266196 0.192667 0.962237
0.616928 1.251457 0.213877 1.071982
0.169121 0.267456 0.103715 0.699236
0.176618 0.266781 0.108175 0.727574
0.191256 0.262474 0.111172 0.762879
0.185379 0.269180 0.124186 0.796511
0.750524 0.623854 0.871752 1.388607
0.755128 0.646131 0.868084 1.396811
0.752614 0.636005 0.862194 1.398685
0.753357 0.632515 0.848463 1.406639
1.039126 1.371495 0.988559 0.560703
1.056163 1.372921 0.993634 0.611486
1.041034 1.384259 0.995312 0.665525
1.056718 1.385936 0.989546 0.767882
0.296215 0.035994 0.417635 -0.083878
0.297526 0.015297 0.420457 -0.036408
0.282333 0.007108 0.425567 0.013400
0.285134 -0.012478 0.437103 0.107442
0.283639 -0.019866 0.449005 0.195182
0.293089 -0.028813 0.464428 0.271228
0.348115 -0.062321 0.593318 0.778318
0.360208 -0.049998 0.599022 0.829586
0.477067 0.874804 0.124720 -0.436897
0.469928 0.944884 0.077219 -0.394503
0.454971 1.019988 0.003759 -0.314195
0.454085 1.090519 -0.054563 -0.204418
0.794698 0.806428 0.816601 0.494615
0.796600 0.809288 0.821424 0.524096
0.793114 0.815278 0.832503 0.555474
0.322079 0.090400 0.466718 0.881881
0.330142 0.098188 0.468440 0.908928
0.334136 0.104386 0.478049 0.929099
0.347453 0.129039 0.497337 0.999639
0.605749 0.223334 0.868484 0.469137
0.609455 0.227065 0.871712 0.496775
0.611635 0.232889 0.876511 0.525363
0.620405 0.238141 0.886893 0.577232
0.637767 0.246858 0.892870 0.634952
0.749015 0.603819 0.836110 1.447937
0.745547 0.610683 0.837813 1.451562
0.743842 0.612128 0.834859 1.452937
0.660355 0.347635 0.863038 0.362867
0.661833 0.355069 0.871931 0.394902
0.666706 0.357408 0.876114 0.428384
0.668541 0.360607 0.879703 0.449894
0.670935 0.363957 0.884507 0.477258
0.386717 -0.020949 0.632489 0.384895
0.389545 -0.019143 0.636919 0.415818
0.394668 -0.016073 0.645671 0.443404
0.394575 -0.010718 0.655382 0.473311
0.400153 -0.008217 0.659632 0.502485
0.997995 0.487523 1.333356 0.605211
0.991965 0.489676 1.340419 0.639424
0.993968 0.495308 1.344972 0.668551
0.994867 0.507328 1.355637 0.759968
0.797360 0.427354 1.035268 0.554514
0.790959 0.431537 1.044491 0.581812
0.791114 0.434920 1.049835 0.609946
0.795676 0.436827 1.052244 0.639191
0.683859 1.325614 0.363030 0.566629
0.686230 1.325256 0.366684 0.606064
0.791294 0.373717 1.073133 0.548971
0.796732 0.378269 1.075998 0.576966
0.803575 0.383624 1.079243 0.607195
0.792098 0.385908 1.092104 0.661675
0.390185 0.272127 0.483831 1.004235
0.392789 0.290564 0.499019 1.041360
0.406607 0.308785 0.510984 1.077502
0.425327 0.343169 0.527577 1.133162
0.461930 0.380012 0.562966 1.187719
0.250219 -0.099119 0.456883 0.341047
0.259631 -0.106193 0.466069 0.373145
0.258264 -0.106985 0.471526 0.408323
0.262877 -0.108790 0.474831 0.443485
0.265225 -0.109245 0.485027 0.475690
0.269526 -0.103049 0.508809 0.562034
0.785495 1.287320 0.393681 -0.069561
0.782829 1.309632 0.399602 -0.020436
0.777781 1.328462 0.405889 0.029251
0.579357 1.336747 0.111012 0.258015
0.580065 1.341633 0.117338 0.299563
0.587524 1.347001 0.126119 0.334967
0.593334 1.359378 0.153684 0.408508
0.671505 0.603135 0.780809 1.399172
0.679304 0.611343 0.775629 1.401822
0.683085 0.627190 0.767788 1.402015
0.668005 0.618374 0.783775 1.417052
0.677542 0.644869 0.755241 1.418842
0.588165 0.080798 0.923761 0.620725
0.599399 0.081708 0.924703 0.650208
0.597356 0.086109 0.930375 0.673518
0.410712 0.396746 0.467991 1.211599
0.428027 0.411838 0.487865 1.234605
0.442740 0.431786 0.504738 1.252864
0.458478 0.454313 0.520065 1.268822
0.868152 0.400917 1.173297 0.435493
0.884067 0.406734 1.176206 0.511543
0.892819 0.413773 1.178986 0.551733
0.816347 1.333003 0.503943 0.129369
0.812681 1.341871 0.508477 0.169934
0.816335 1.347294 0.510479 0.207402
0.991653 0.655095 1.333164 1.190896
0.985146 0.674451 1.293879 1.260307
0.953929 0.666312 1.263590 1.306509
0.921522 0.678860 1.192286 1.381759
0.827498 1.331632 0.634532 0.574803
0.838944 1.330953 0.638023 0.598765
0.847974 1.330934 0.637884 0.630186
0.852832 1.331793 0.651554 0.719978
0.553514 0.362765 0.688734 0.594420
0.560245 0.368008 0.693140 0.622956
0.905796 0.571526 1.132102 0.286267
0.911265 0.570263 1.136545 0.316974
0.917232 0.573734 1.140499 0.344793
0.921071 0.582041 1.151440 0.405305
0.664074 0.264219 0.924063 0.258133
0.668851 0.266820 0.929393 0.284635
0.672418 0.272498 0.935854 0.312204
0.674585 0.275244 0.940381 0.341173
0.676987 0.281718 0.949126 0.379008
0.684377 0.286064 0.957064 0.440591
0.065976 0.284207 -0.076833 0.904832
0.095337 0.287810 -0.082412 0.935706
0.086260 0.303367 -0.052194 0.988762
0.108872 0.337461 -0.023471 1.066064
0.632343 0.876162 0.615960 1.546696
0.630539 0.866330 0.612374 1.540204
0.656398 0.875913 0.637567 1.559227
0.635259 0.865824 0.642426 1.548868
0.255704 0.059578 0.349163 0.261094
0.261249 0.053796 0.356114 0.298170
0.260354 0.054462 0.360867 0.333113
0.972244 0.459040 1.357601 0.757876
0.960980 0.459044 1.363572 0.795901
0.806305 0.401709 1.080522 0.603107
0.800467 0.405907 1.088379 0.631427
0.801592 0.404741 1.091096 0.661800
0.812347 0.419541 1.099551 0.719848
0.386835 0.684492 0.225427 0.725777
0.393716 0.689165 0.230540 0.755343
0.403403 0.695293 0.234522 0.784155
0.365026 -0.134768 0.685168 0.477967
0.367869 -0.129114 0.695934 0.508465
0.376409 -0.126207 0.701559 0.539069
0.379594 -0.122791 0.703619 0.569633
0.377309 -0.115662 0.709167 0.601888
0.395371 -0.107103 0.718248 0.657436
0.995167 1.346618 0.899537 0.411003
0.983145 1.358288 0.907441 0.481494
0.325777 0.219375 0.291392 -0.391727
0.299335 0.210789 0.286825 -0.376648
0.278038 0.199742 0.277878 -0.359019
0.264551 0.148859 0.248101 -0.323957
0.196673 0.115956 0.230578 -0.257405
0.585238 0.261182 0.746347 -0.077047
0.588534 0.256199 0.757267 -0.052453
0.593599 0.251645 0.772534 -0.012605
0.602056 0.247033 0.797220 0.058664
0.570590 1.210622 0.196722 0.583459
0.565419 1.212087 0.222438 0.642401
0.577558 1.210515 0.240214 0.698771
0.453417 0.223388 0.609935 0.604229
0.462686 0.225314 0.615539 0.628219
0.468426 0.229797 0.620906 0.658214
0.397359 0.034499 0.625398 0.719546
0.415444 0.054909 0.638691 0.814986
0.423914 1.216982 -0.058997 0.554202
0.434326 1.223130 -0.046500 0.589849
0.450198 1.232222 0.000419 0.696374
1.000087 0.522422 1.308325 0.417559
1.019185 0.534223 1.303046 0.445669
1.024238 0.527963 1.302273 0.474574
0.802698 0.322578 1.112009 0.111402
0.803164 0.318630 1.123800 0.148668
0.810783 0.319040 1.131665 0.180120
0.816246 0.318578 1.140483 0.217180
0.820806 0.320700 1.146297 0.242468
0.829569 0.323535 1.157906 0.305009
0.870747 0.620491 1.118753 1.379800
0.895041 0.638615 1.083711 1.398823
0.852938 0.629225 1.082271 1.407247
0.815755 0.980001 0.799704 1.493639
0.821440 0.961097 0.794971 1.500920
0.823990 0.950845 0.794857 1.503960
0.770555 0.955794 0.801107 1.507233
0.501289 0.292119 0.640528 0.602200
0.505452 0.295026 0.646053 0.624048
0.507556 0.300256 0.651582 0.649807
0.522451 0.307777 0.661091 0.709455
0.740874 0.208221 1.103540 0.361825
0.746588 0.207367 1.104112 0.392478
0.749291 0.210843 1.108068 0.420412
0.914390 0.393580 1.269791 0.660002
0.915172 0.399337 1.273849 0.689119
0.916572 0.409102 1.279689 0.723953
0.378170 0.136271 0.507160 0.140758
0.383911 0.133825 0.513729 0.176044
0.394030 0.130829 0.521302 0.209233
0.391117 0.137046 0.532370 0.275622
0.383020 0.133310 0.550398 0.623209
0.392906 0.135406 0.555934 0.650567
0.400937 0.138461 0.561655 0.674726
0.411242 0.149764 0.575460 0.739050
0.707789 0.259844 1.011504 0.444533
0.709955 0.263153 1.015808 0.473388
0.716436 0.265709 1.019894 0.499914
0.643203 0.211598 1.026922 1.010170
0.664176 0.221869 1.013446 1.067165
0.660221 0.238870 1.012950 1.100892
0.718582 0.523558 0.894234 1.390245
0.712752 0.530725 0.895845 1.396042
0.162357 0.042438 0.235812 0.738449
0.179513 0.037820 0.240737 0.766604
0.184732 0.040513 0.250133 0.803341
0.203919 0.051860 0.263061 0.868707
0.457663 0.119258 0.679501 0.464731
0.464714 0.121513 0.683290 0.492071
0.467829 0.124949 0.686558 0.519942
0.469710 0.135148 0.696567 0.577536
0.867928 0.499361 1.100603 0.565967
0.855043 0.499737 1.112058 0.594118
0.846806 0.501745 1.120308 0.617915
0.864994 0.510421 1.122900 0.684773
0.583354 0.305665 0.788110 0.792219
0.585475 0.314968 0.794309 0.824284
0.590644 0.319659 0.797297 0.848022
0.591579 0.339948 0.807426 0.917110
0.667955 1.290653 0.268443 1.164295
0.668797 1.262947 0.298378 1.240188
0.664837 1.193720 0.369686 1.353915
0.665406 1.126974 0.433543 1.423295
0.537130 0.066136 0.856129 0.529670
0.538314 0.070970 0.860614 0.559064
0.549728 0.075813 0.866168 0.590232
0.556970 0.084959 0.876352 0.637700
0.621055 0.244853 0.875789 0.595466
0.632544 0.245649 0.876763 0.624899
0.628561 0.250126 0.884574 0.652283
0.175650 0.310269 0.079110 0.656320
0.178886 0.316381 0.082704 0.685853
0.180991 0.318482 0.088086 0.721264
0.189121 0.321594 0.107688 0.798428
0.689814 0.113599 1.105614 0.788353
0.695569 0.117246 1.108449 0.820014
0.703488 0.127170 1.113407 0.864925
0.681827 0.143310 1.122324 0.939916
0.230704 -0.146430 0.457954 0.802822
0.242594 -0.140737 0.465956 0.831641
0.251869 -0.133053 0.475242 0.864333
0.984167 0.481046 1.285309 0.311897
0.986838 0.481618 1.289198 0.344433
0.989076 0.487414 1.293765 0.377013
1.000214 0.501327 1.298044 0.436311
0.627254 0.573161 0.590343 -0.328786
0.637581 0.572347 0.594871 -0.318226
0.647380 0.573158 0.600006 -0.307254
0.647652 0.585057 0.612214 -0.298516
0.651361 0.596535 0.623696 -0.288953
0.675636 0.601645 0.639535 -0.262885
0.297240 0.025719 0.457295 0.483424
0.298206 0.029470 0.461455 0.515848
0.456853 0.153494 0.735923 1.155316
0.464627 0.179682 0.734303 1.187051
0.475762 0.201728 0.739770 1.210968
0.498663 0.239835 0.738289 1.248624
0.905683 0.410402 1.224697 0.332972
0.913032 0.412517 1.226639 0.365263
0.917455 0.420180 1.231746 0.396975
0.919252 0.421641 1.234754 0.427685
0.312350 0.164957 0.390434 0.691905
0.319983 0.167760 0.396096 0.724507
0.539689 0.128730 0.799902 0.674330
0.542239 0.135198 0.803302 0.707959
0.542486 0.141593 0.808933 0.739816
0.545327 0.153845 0.820955 0.804831
0.364505 0.354739 0.391185 1.190425
0.372665 0.382335 0.423077 1.222377
0.394671 0.399426 0.449362 1.242866
1.090580 1.283336 1.075079 0.401066
1.075156 1.298005 1.083172 0.435402
1.085368 1.298947 1.091152 0.466697
1.082797 1.332951 1.078891 0.556081
0.547194 0.083188 0.933150 1.019081
0.546056 0.106918 0.931415 1.073843
0.546644 0.123189 0.927924 1.106449
0.540744 0.150536 0.929142 1.146145
0.570608 0.174371 0.914889 1.195082
0.586137 0.228578 0.896731 1.258942
0.263562 0.091297 0.395180 1.011331
0.284136 0.104797 0.406537 1.056605
0.297467 0.127878 0.428223 1.107658
0.304639 0.168018 0.439115 1.156332
0.326906 0.199094 0.456675 1.198774
0.830553 0.614663 0.990651 0.432078
0.828985 0.616646 0.997477 0.460967
0.840167 0.625066 0.999840 0.488536
0.415212 -0.096828 0.716196 0.102978
0.409866 -0.096500 0.724180 0.150174
0.426669 -0.096719 0.736022 0.188358
0.435768 -0.094158 0.746260 0.224735
0.848315 0.493974 1.206814 1.017531
0.863373 0.502679 1.186963 1.069916
0.872180 0.522349 1.163481 1.128510
0.870305 0.322574 1.229618 0.335780
0.879225 0.320809 1.228731 0.368949
0.883615 0.329121 1.234831 0.400227
0.881826 0.330562 1.242752 0.460596
0.848128 1.350741 0.569753 0.196019
0.849229 1.356123 0.579852 0.230433
0.845847 1.361244 0.583786 0.265788
0.856133 1.366277 0.595920 0.329855
0.560186 0.134553 0.848533 0.644364
0.572370 0.137741 0.852278 0.680811
0.577381 0.140622 0.856051 0.703373
0.568978 0.151101 0.865604 0.758541
0.759447 0.326078 1.077076 0.772648
0.770782 0.334023 1.079017 0.807783
0.160093 0.156726 0.134611 0.971695
0.160102 0.184719 0.155712 1.022045
0.538183 0.552978 0.674002 1.455086
0.568086 0.551107 0.668692 1.455783
0.587823 0.557121 0.665011 1.450341
0.550881 0.576821 0.683555 1.468701
0.569724 0.595056 0.683069 1.465233
0.741514 0.815236 0.575139 -0.351250
0.747924 0.845097 0.590716 -0.337847
0.757696 0.875032 0.603161 -0.321275
0.813436 0.922345 0.625571 -0.277672
0.852607 0.320219 1.186112 0.519689
0.842936 0.317099 1.192075 0.547348
0.579760 0.980839 0.397700 1.468805
0.602832 0.955130 0.439473 1.489013
0.150041 0.021884 0.209485 0.136850
0.151446 0.015859 0.211052 0.185163
0.164523 0.001973 0.215659 0.230973
0.164152 -0.001671 0.219987 0.273358
0.153510 0.002716 0.222815 0.312202
0.956151 0.749436 1.152267 0.804996
0.939978 0.752569 1.161130 0.846282
0.926143 0.766339 1.169318 0.891827
0.943786 0.764582 1.142097 0.993285
0.516872 1.226414 0.147519 0.724335
0.535990 1.228850 0.154422 0.745900
0.554093 1.226864 0.164139 0.781961
0.366779 1.107828 -0.087664 0.525328
0.374471 1.117178 -0.079322 0.555955
0.384621 1.129378 -0.067376 0.592916
0.389633 1.137755 -0.052888 0.630956
0.390909 1.147352 -0.021919 0.693708
0.906603 1.408003 0.748926 0.474457
0.914088 1.407744 0.756075 0.496410
0.947892 0.414626 1.276995 0.275239
0.949191 0.418859 1.283649 0.305213
0.956237 0.417458 1.284270 0.338327
0.960850 0.424127 1.288625 0.371512
0.962961 0.428924 1.292617 0.402582
0.871313 0.442430 1.130805 0.527167
0.866063 0.447032 1.139494 0.555618
0.857138 0.451525 1.149742 0.584179
0.901736 0.437860 1.197110 0.293800
0.903179 0.441839 1.203729 0.322040
0.649965 1.350287 0.243299 0.505250
0.637553 1.350352 0.251921 0.539392
0.644470 1.347024 0.259189 0.574728
0.635628 1.346014 0.279453 0.634655
0.683834 1.334031 0.344203 0.540054
0.690925 1.332586 0.349374 0.575430
0.680818 1.334274 0.361395 0.607321
0.697773 1.331982 0.374585 0.668577
0.363597 1.122185 -0.123790 0.528516
0.367611 1.135807 -0.112589 0.559121
0.375830 1.145700 -0.098342 0.602287
0.605827 0.153183 0.909403 0.708472
0.601855 0.160786 0.916197 0.745005
0.603497 0.164368 0.920703 0.768447
0.608899 0.176114 0.928610 0.821485
0.791741 0.936600 0.846969 1.493989
0.812618 0.901482 0.827469 1.507084
0.791962 0.895991 0.829079 1.512002
0.812925 0.867257 0.820634 1.518282
0.774087 0.576877 0.884978 1.498659
0.768839 0.578067 0.884074 1.500509
0.740395 0.549817 0.877775 1.510869
0.780553 0.583536 0.850741 1.503930
0.300013 0.113540 0.415084 0.965519
0.297985 0.131672 0.423932 1.006260
0.310996 0.143527 0.428249 1.035542
0.318294 0.193055 0.462855 1.119000
0.915072 1.422799 0.743453 0.557548
0.913709 1.423966 0.745518 0.584941
0.904484 1.427354 0.741876 0.645255
0.910298 1.427466 0.747811 0.715327
0.902255 1.060465 0.827309 0.307077
0.908975 1.066089 0.837363 0.347022
0.903357 1.076253 0.841297 0.383089
0.273059 0.142225 0.351826 0.634066
0.274117 0.148201 0.356412 0.664007
0.281312 0.148611 0.362164 0.691037
0.620592 1.152928 0.238118 1.250553
0.615142 1.132653 0.271221 1.297047
0.575672 1.117517 0.309216 1.330326
0.631093 1.061815 0.384243 1.404858
0.337288 1.055018 -0.087439 0.641814
0.342998 1.059592 -0.079375 0.671430
0.350594 1.072543 -0.062341 0.712772
0.363699 1.096254 -0.035814 0.766422
0.956188 0.449554 1.258669 0.523650
0.941686 0.453864 1.271654 0.553070
0.220079 0.116986 0.288194 0.979990
0.227831 0.137489 0.310039 1.035272
0.922290 0.686689 1.090025 0.253349
0.934725 0.689177 1.100925 0.311497
0.939726 0.694480 1.107527 0.340886
0.942892 0.696682 1.112999 0.371615
0.950350 0.707567 1.122950 0.428979
0.409419 0.536154 0.357919 1.262537
0.419780 0.547949 0.393002 1.286037
0.335646 0.072197 0.510315 0.647283
0.347384 0.073678 0.516263 0.673497
0.354825 0.077470 0.522042 0.698000
0.365764 0.088401 0.536220 0.760818
0.689787 1.266447 0.324854 0.252080
0.693185 1.271903 0.334971 0.284201
0.705251 1.281683 0.354255 0.384007
0.240464 0.008423 0.368584 0.533093
0.242399 0.009652 0.377948 0.564682
0.246548 0.011479 0.382904 0.595863
0.250303 0.023604 0.395495 0.666803
0.857716 0.420189 1.180024 0.715705
0.860659 0.421630 1.181275 0.748631
0.683579 0.334668 0.931793 0.657909
0.685501 0.339196 0.936213 0.690287
0.685839 0.342955 0.943170 0.721876
0.691950 0.351540 0.949180 0.769635
0.699927 1.303972 0.325330 0.244599
0.707085 1.313577 0.341625 0.319214
0.714076 1.318416 0.355307 0.379336
0.105351 0.046881 0.108313 0.385328
0.107129 0.051142 0.104350 0.419857
0.108849 0.046937 0.109521 0.456070
0.111627 0.043908 0.114635 0.498186
0.111548 0.047387 0.127971 0.609119
1.008307 1.356150 0.916900 0.407082
1.007783 1.360291 0.917647 0.432656
0.987449 1.370816 0.929370 0.487251
0.608620 1.366507 0.164500 0.424557
0.618012 1.368744 0.180484 0.474977
0.499071 0.118956 0.745504 0.505839
0.499220 0.124531 0.750944 0.534740
0.501507 0.128745 0.755456 0.563120
0.508541 0.132207 0.760753 0.587263
0.519175 0.136518 0.766617 0.617692
0.527007 0.144094 0.776383 0.669179
0.387216 0.582790 0.255898 0.573045
0.390464 0.589704 0.261213 0.600870
0.394645 0.590865 0.265616 0.628322
0.398867 0.597601 0.277754 0.684720
0.606960 0.491097 0.747023 1.395260
0.600686 0.499619 0.752052 1.397731
0.602813 0.506777 0.751795 1.401549
0.627001 0.516091 0.750002 1.410882
0.633374 0.164951 0.960980 0.421296
0.639224 0.165535 0.961689 0.449772
0.641460 0.169522 0.965561 0.477169
0.917967 0.478669 1.205372 0.469118
0.923140 0.475527 1.204551 0.498515
0.927118 0.480656 1.208676 0.533037
0.345153 -0.006498 0.565939 0.527112
0.352310 0.001644 0.575800 0.587210
0.352164 0.007757 0.581085 0.616900
0.355802 0.013322 0.585545 0.647979
0.379633 0.018828 0.597472 0.702425
1.047017 0.687254 1.283484 0.362492
1.053901 0.690285 1.286743 0.392069
1.061697 0.688715 1.287385 0.418867
0.966189 0.482957 1.379391 0.957476
0.940941 0.501445 1.385801 1.016238
0.820794 0.410183 1.097325 0.447646
0.818887 0.411435 1.103149 0.476372
0.829688 0.420204 1.105584 0.504413
0.839071 0.418699 1.103975 0.533523
0.468570 -0.049498 0.792462 0.359112
0.473351 -0.045973 0.798961 0.387591
0.477426 -0.039970 0.807932 0.414772
0.478671 -0.035278 0.814277 0.444997
0.485505 -0.032856 0.817633 0.473752
0.487926 -0.021626 0.831847 0.535864
0.086929 0.123009 0.012216 0.039466
0.071189 0.122160 0.014093 0.096675
0.070953 0.113813 0.012794 0.152488
0.812520 0.639540 0.978829 1.366011
0.778275 0.646808 0.994067 1.368527
0.972823 1.384410 0.856756 0.917690
0.987033 1.371474 0.858821 0.974433
0.985078 1.355285 0.859255 1.039967
0.971467 1.304699 0.857657 1.172699
0.441851 1.195520 -0.012875 0.599852
0.437443 1.197424 0.003062 0.635159
0.440180 1.200093 0.018502 0.666197
0.924096 0.445655 1.246828 0.607182
0.926694 0.450046 1.250702 0.646849
0.925979 0.455043 1.255750 0.674242
0.607579 0.232129 0.854858 0.672873
0.608915 0.237811 0.859921 0.709552
0.826153 0.606190 0.979100 0.295011
0.829905 0.607209 0.985244 0.324014
0.832846 0.610494 0.991505 0.350449
1.021172 0.762989 1.209694 0.482225
1.015082 0.762269 1.223578 0.512143
1.007516 0.762787 1.235377 0.538637
0.932284 0.478212 1.224542 0.424166
0.939104 0.487669 1.227707 0.452942
0.949966 0.486155 1.224038 0.482202
0.936026 0.493379 1.242926 0.546690
0.078529 0.087876 0.044614 0.556090
0.076701 0.095086 0.045555 0.591733
0.084784 0.092053 0.046410 0.626243
0.082131 0.103342 0.055901 0.702974
0.780614 0.614316 0.950219 1.087249
0.769717 0.615217 0.948052 1.107245
0.756774 0.611217 0.944938 1.125353
0.500637 0.303439 0.674783 0.965174
0.506095 0.317746 0.681798 1.000111
0.509591 0.334972 0.689322 1.034551
0.279889 0.143608 0.318824 0.146255
0.272986 0.145774 0.322160 0.186398
0.279708 0.139891 0.328032 0.232060
0.282084 0.137694 0.337924 0.297202
0.280993 0.143273 0.346816 0.362759
0.426534 0.266277 0.576518 1.063904
0.437936 0.281787 0.580418 1.092403
0.444107 0.309396 0.595336 1.129160
0.476418 0.347871 0.615681 1.182013
0.723757 0.268113 1.033276 0.457978
0.728664 0.271376 1.037413 0.484539
0.355767 1.052113 -0.083664 0.540943
0.358740 1.066248 -0.070698 0.576790
0.368135 1.075465 -0.061529 0.610804
0.459639 1.238597 0.009488 0.637327
0.455976 1.238639 0.026252 0.667709
0.734136 0.189640 1.103801 0.364418
0.735430 0.192270 1.107964 0.392717
0.742352 0.193856 1.109698 0.427773
0.751534 0.199240 1.116550 0.483987
0.581415 0.470495 0.735456 1.494887
0.615447 0.473712 0.732045 1.499306
0.529534 0.410047 0.613166 0.607589
0.532737 0.414531 0.618595 0.634772
0.537495 0.419200 0.625347 0.663716
0.543423 0.428711 0.634375 0.717136
0.950830 1.384713 0.806383 0.385417
0.951487 1.388253 0.807148 0.414709
0.948199 1.391114 0.808173 0.441550
0.905630 0.454438 1.191222 -0.042156
0.918198 0.459653 1.207246 -0.010743
0.926415 0.453771 1.226227 0.028437
0.932926 0.449395 1.244007 0.067555
1.004083 0.603637 1.269428 0.462547
1.011781 0.604332 1.270681 0.488715
1.013993 0.605045 1.275015 0.513653
0.995753 0.601762 1.297275 0.580673
0.679019 1.334227 0.322023 0.700592
0.680127 1.332744 0.334431 0.758723
0.686787 1.330686 0.340027 0.786098
0.679445 1.327617 0.352205 0.854861
0.387523 0.015928 0.637739 0.634272
0.405696 0.016566 0.643516 0.658751
0.412547 0.022133 0.649042 0.690490
0.421619 0.031074 0.660849 0.733865
0.566609 0.175876 0.827170 0.614311
0.577380 0.178678 0.829220 0.644218
0.828374 0.323156 1.157462 0.409451
0.832484 0.328547 1.162338 0.439073
0.835532 0.329772 1.165236 0.468420
0.854831 0.339733 1.167107 0.526176
0.450473 1.222872 0.008584 0.631063
0.471873 1.227695 0.020940 0.666908
0.455685 1.223671 0.038300 0.692959
0.474128 1.232726 0.069398 0.751284
0.695161 0.408913 0.936186 1.097422
0.686188 0.414822 0.931857 1.121887
0.295382 0.527344 0.135518 0.717218
0.289683 0.532631 0.145949 0.745807
0.302409 0.540942 0.150247 0.771393
0.301550 0.560755 0.175019 0.842461
1.004234 0.943851 1.085316 0.214232
1.009148 0.947982 1.090139 0.236671
1.017737 0.948888 1.095855 0.265855
0.015671 0.131580 -0.105263 0.544396
0.012058 0.137278 -0.103099 0.581756
0.016873 0.139715 -0.104620 0.618721
0.392371 -0.047208 0.667331 0.433351
0.399364 -0.041687 0.675875 0.494876
0.405071 -0.037064 0.684705 0.523595
0.403765 -0.031027 0.691407 0.553642
0.148684 0.039920 0.198180 0.532539
0.148833 0.044663 0.199686 0.566632
0.852342 0.734875 0.980104 0.562502
0.861982 0.733064 0.983554 0.591446
0.863242 0.735136 0.988780 0.618196
0.869282 0.746677 1.001386 0.682174
0.196100 0.314621 0.131028 0.802479
0.205758 0.324623 0.136931 0.830468
0.229148 0.328371 0.132591 0.858667
0.224316 0.362035 0.169732 0.940570
1.000975 0.587910 1.393678 0.834675
1.011055 0.589726 1.389740 0.888292
0.996209 0.605959 1.394717 0.948292
0.992388 0.623410 1.370663 1.087855
0.569980 0.602072 0.641944 1.399389
0.547943 0.606124 0.653425 1.405493
0.571516 0.606172 0.651075 1.409260
0.043420 -0.106070 0.092952 0.563377
0.037976 -0.104154 0.102148 0.601455
0.048446 -0.111036 0.108937 0.641123
0.039801 -0.097158 0.121474 0.718226
0.097289 0.054305 0.103482 0.652238
0.095062 0.059201 0.110927 0.692139
0.098420 0.063742 0.113493 0.723794
0.105675 0.063715 0.121308 0.768453
0.120331 0.063064 0.125273 0.801087
0.120882 0.080202 0.149081 0.877313
0.999473 0.574500 1.320818 0.635874
0.998585 0.581113 1.328148 0.665465
0.991509 0.582292 1.336625 0.707171
1.010422 0.591902 1.338949 0.797158
0.940704 0.429156 1.282631 0.551369
0.941166 0.431015 1.285853 0.580793
0.945657 0.429012 1.285038 0.609435
0.731781 1.250431 0.474662 0.631747
0.738092 1.251813 0.482205 0.669745
0.747897 1.251471 0.498724 0.782004
0.343663 0.280421 0.353630 0.021533
0.344960 0.274036 0.353550 0.056176
0.352046 0.267602 0.354376 0.091448
1.120020 1.136730 1.207853 0.444501
1.133243 1.139899 1.209047 0.474049
0.051533 0.007509 0.042441 0.650393
0.052877 0.010725 0.047166 0.691556
0.043957 0.021349 0.054532 0.728257
0.425307 -0.048939 0.724061 0.534774
0.423245 -0.040801 0.733393 0.570283
0.429104 -0.030664 0.740852 0.629660
0.101589 0.338948 -0.113580 0.484278
0.096238 0.334890 -0.109538 0.517430
0.093283 0.338341 -0.106747 0.552506
0.096558 0.346253 -0.106318 0.587154
0.100333 0.346492 -0.105846 0.620668
0.525943 1.266893 0.099741 0.799699
0.537062 1.265330 0.110946 0.836226
0.538971 1.264032 0.122896 0.868496
0.539918 1.259897 0.140484 0.938931
0.963172 0.453256 1.294824 0.569351
0.951053 0.456087 1.304922 0.595137
0.958785 0.472395 1.315919 0.701148
