-0.253948 -0.234105
-0.248272 -0.237211
-0.242180 -0.240495
-0.236393 -0.243573
-0.230515 -0.246654
-0.224129 -0.249935
-0.219000 -0.252551
-0.213055 -0.255519
-0.207499 -0.258250
-0.202691 -0.260589
-0.197215 -0.263198
-0.191838 -0.265716
-0.186336 -0.268243
-0.180013 -0.271086
-0.173440 -0.273965
-0.166682 -0.276844
-0.159564 -0.279802
-0.152216 -0.282770
-0.144162 -0.285933
-0.135918 -0.289042
-0.127271 -0.292198
-0.118519 -0.295275
-0.109643 -0.298274
-0.100813 -0.301153
-0.092701 -0.303674
-0.083712 -0.306360
-0.074855 -0.308893
-0.065668 -0.311395
-0.056259 -0.313831
-0.046304 -0.316286
-0.036292 -0.318581
-0.025220 -0.320974
-0.014103 -0.323209
-0.002716 -0.325330
0.008705 -0.327308
0.020169 -0.329109
0.031972 -0.330774
0.043923 -0.332350
0.055629 -0.333652
0.066763 -0.334788
0.078172 -0.335809
0.090064 -0.336724
0.101975 -0.337539
0.113914 -0.338123
0.125564 -0.338605
0.137568 -0.338969
0.150559 -0.339217
0.163574 -0.339368
0.176652 -0.339284
0.189922 -0.339109
0.202764 -0.338816
0.215766 -0.338400
0.229141 -0.337852
0.240846 -0.337280
0.252287 -0.336640
0.263898 -0.335911
0.275383 -0.335116
0.286678 -0.334267
0.297717 -0.333375
0.308271 -0.332467
0.320480 -0.331353
0.333619 -0.330081
0.345775 -0.328895
0.357640 -0.327572
0.370115 -0.326184
0.382533 -0.324749
0.394477 -0.323322
0.406631 -0.321821
0.417434 -0.320448
0.428201 -0.319047
0.438959 -0.317616
0.449813 -0.316140
0.460625 -0.314639
0.470548 -0.313236
0.480930 -0.311801
0.493704 -0.309872
0.503741 -0.308374
0.515154 -0.306643
0.526479 -0.304898
0.537063 -0.303299
0.546861 -0.301678
0.557061 -0.300032
0.566473 -0.298489
0.578081 -0.296562
0.590679 -0.294435
0.602745 -0.292358
0.613359 -0.290501
0.624495 -0.288517
0.635775 -0.286472
0.648206 -0.284235
0.659804 -0.281979
0.669890 -0.280034
0.681406 -0.277767
0.691819 -0.275673
0.702448 -0.273550
0.712471 -0.271379
0.722700 -0.269180
0.733747 -0.266746
0.745612 -0.264059
0.757042 -0.261458
0.768950 -0.258532
0.781388 -0.255444
0.792812 -0.252556
0.803941 -0.249536
0.816529 -0.246140
0.828602 -0.242691
0.841885 -0.238677
0.856075 -0.234326
0.869898 -0.229750
0.884066 -0.224900
0.898613 -0.219658
0.912903 -0.214236
0.926420 -0.208840
0.939579 -0.203318
0.952890 -0.197446
0.965793 -0.191533
0.975427 -0.186813
0.989082 -0.179959
1.001698 -0.173160
1.014868 -0.165763
1.032001 -0.155582
1.047443 -0.145643
1.063868 -0.134503
1.078555 -0.123741
1.091056 -0.114204
1.103433 -0.104089
1.118344 -0.091293
1.131626 -0.079107
1.142222 -0.068805
1.152662 -0.058310
1.160889 -0.049575
1.170704 -0.038760
1.181072 -0.026774
1.189797 -0.016235
1.198680 -0.005017
1.209726 0.009678
1.221997 0.027000
1.232476 0.042635
1.242071 0.057752
1.251338 0.072996
1.260922 0.089716
1.269369 0.105123
1.275043 0.115723
1.280524 0.126339
1.285921 0.137022
1.291926 0.149389
1.296921 0.159852
1.301592 0.169916
1.306118 0.179830
1.312960 0.195511
1.318012 0.207334
1.322762 0.218708
1.327612 0.230537
1.332385 0.242390
1.337194 0.254612
1.340729 0.263585
1.343552 0.270743
1.347028 0.279799
1.350388 0.288666
1.353464 0.296875
1.355603 0.302322
1.358290 0.309536
1.361148 0.317084
1.363815 0.324274
1.368124 0.336345
1.372045 0.347168
1.375648 0.357441
1.378383 0.364848
1.381098 0.372482
1.383930 0.380130
1.386399 0.386897
1.388481 0.392725
1.391400 0.400671
1.394030 0.408168
1.396625 0.415104
1.399594 0.423382
1.402279 0.430801
1.404196 0.435869
1.405773 0.439916
1.407176 0.443453
1.408866 0.447812
1.411067 0.453953
1.412389 0.456956
1.414688 0.463330
1.417078 0.469349
1.417420 0.469820
1.420007 0.476936
1.422436 0.482914
1.425081 0.490107
1.427074 0.494841
1.429655 0.501849
1.432537 0.508914
1.433963 0.512145
1.434678 0.513756
1.435923 0.516167
1.437562 0.520358
1.438843 0.522814
1.440943 0.527817
1.442055 0.530158
1.444009 0.534683
