0.999997
0.999836
1.000013
1.000012
0.999999
0.999989
0.999969
1.000014
0.999992
0.999998
1.000140
1.000005
0.999951
0.999992
0.999998
0.999999
0.999998
0.999950
0.999997
1.000000
1.000000
0.999992
1.000001
1.000009
0.999991
0.999999
0.999997
0.999983
0.999962
0.999999
0.999996
1.000333
0.999828
1.000178
0.999999
1.000000
0.999999
0.999993
0.999994
1.000000
0.999999
0.999996
1.000004
0.999994
1.000048
1.000002
1.000000
1.000048
0.999999
1.000000
0.999999
1.000004
0.999996
1.000004
0.999998
0.999997
0.999982
0.999992
0.999962
0.999999
1.000002
1.000002
0.999998
1.000013
0.999991
0.999999
0.999905
0.999926
1.000000
0.999954
0.999961
0.999991
0.999950
0.999997
0.999814
0.999887
0.999980
0.999998
0.999995
0.999997
0.999992
0.999996
0.999987
0.999999
1.000002
0.999954
0.999989
1.000003
1.000003
0.999978
1.000005
0.999975
0.999998
1.000684
1.000006
0.999926
1.000000
0.999988
1.000198
0.999995
0.999997
1.000001
1.000004
0.999990
1.000132
0.999990
0.999867
1.000001
0.999994
0.999998
0.999999
1.000016
0.999983
1.000006
1.000001
0.999990
0.999999
1.000001
1.000011
1.000013
0.999892
0.999999
1.000001
1.000011
0.999973
1.000002
1.000000
0.999943
1.000110
1.000012
1.000000
1.000000
0.999987
0.999850
1.000001
0.999996
1.000013
0.999998
0.999996
0.999999
0.999955
0.999999
0.999996
0.999999
1.000003
0.999990
0.999954
0.999951
1.000109
0.999958
0.999999
0.999978
1.000006
1.000001
1.000000
0.999994
0.999961
1.000004
0.999863
0.999992
0.999998
0.999989
0.999970
0.999830
1.000024
0.999999
1.000013
1.000000
1.000001
1.000000
1.000001
1.000003
1.000000
0.999975
1.000111
0.999362
0.999994
0.999977
1.000001
1.000003
0.999918
1.000001
0.999984
0.999977
1.000003
1.000010
1.000008
0.999999
0.999999
0.999986
0.999981
0.999999
1.000008
1.000004
1.000000
1.000000
0.999995
0.999552
1.000000
0.999998
0.999999
0.999999
0.999694
1.000001
1.000003
0.999959
0.999878
0.999521
1.000000
0.999992
0.999987
1.000001
0.999991
1.000003
1.000005
0.999883
0.999921
0.999997
1.000068
1.000000
1.000001
1.000000
1.000001
0.999834
1.000005
1.000011
0.999998
1.000010
1.000002
0.999997
0.999994
0.999999
1.000005
0.999966
0.999995
1.000000
1.000001
1.000001
1.000002
1.000000
1.000006
1.000010
0.999756
1.000000
1.000004
1.000010
0.999990
1.000010
0.999950
1.000025
0.999999
0.999998
1.000006
1.000008
0.999989
