57.775401
57.984368
58.193335
58.402302
58.611269
58.820236
59.029203
59.238170
59.447137
59.656105
59.865072
60.074039
60.283006
60.491973
60.700940
60.909907
61.118874
61.327841
61.536808
61.745776
61.954743
62.163710
62.372677
62.581644
62.790611
62.999578
63.208545
63.417512
63.626479
63.835446
64.044414
64.253381
64.462348
64.671315
64.880282
65.089249
65.298216
65.507183
65.716150
65.925117
66.134085
66.343052
66.552019
66.760986
66.969953
67.178920
67.387887
67.596854
67.805821
68.014788
68.223756
68.432723
68.641690
68.850657
69.059624
69.268591
69.477558
69.686525
69.895492
70.104459
70.313427
70.522394
70.731361
70.940328
71.149295
71.358262
71.567229
71.776196
71.985163
72.194130
72.403098
72.612065
72.821032
73.029999
73.238966
73.447933
73.656900
73.865867
74.074834
74.283801
74.492769
74.701736
74.910703
75.119670
75.328637
75.537604
75.746571
75.955538
76.164505
76.373472
76.582440
76.791407
77.000374
77.209341
77.418308
77.627275
77.836242
78.045209
78.254176
78.463143
78.672111
78.881078
79.090045
79.299012
79.507979
79.716946
79.925913
80.134880
80.343847
80.552814
80.761781
80.970749
81.179716
81.388683
81.597650
81.806617
82.015584
82.224551
82.433518
82.642485
82.851452
83.060420
83.269387
83.478354
83.687321
83.896288
84.105255
84.314222
84.523189
84.732156
84.941123
85.150091
85.359058
85.568025
85.776992
85.985959
86.194926
86.403893
86.612860
86.821827
87.030794
87.239762
87.448729
87.657696
87.866663
88.075630
88.284597
88.493564
88.702531
88.911498
89.120465
89.329433
89.538400
89.747367
89.956334
90.165301
90.374268
90.583235
90.792202
91.001169
91.210136
91.419104
91.628071
91.837038
92.046005
92.254972
92.463939
92.672906
92.881873
93.090840
93.299807
93.508775
93.717742
93.926709
94.135676
94.344643
94.553610
94.762577
94.971544
95.180511
95.389478
95.598446
95.807413
96.016380
96.225347
96.434314
96.643281
96.852248
97.061215
97.270182
97.479149
97.688116
97.897084
98.106051
98.315018
98.523985
98.732952
98.941919
99.150886
99.359853
