0.163064 0.505588
0.162347 0.515076
0.161708 0.525235
0.161186 0.534295
0.160753 0.543046
0.160406 0.552092
0.160156 0.561140
0.160001 0.570585
0.159931 0.579220
0.159958 0.587905
0.160091 0.596740
0.160275 0.604679
0.160518 0.612352
0.160830 0.619759
0.161231 0.627211
0.161682 0.634319
0.162203 0.641276
0.162821 0.648419
0.163447 0.655010
0.164137 0.661460
0.164957 0.668280
0.165761 0.674427
0.166544 0.680067
0.167391 0.685697
0.168216 0.690891
0.169086 0.695979
0.170061 0.701256
0.171199 0.707050
0.172371 0.712670
0.173517 0.717908
0.174698 0.723000
0.175878 0.727808
0.176934 0.731948
0.178060 0.736176
0.179283 0.740581
0.180483 0.744748
0.181684 0.748717
0.183163 0.753460
0.184547 0.757731
0.185991 0.762032
0.187412 0.766135
0.188850 0.770114
0.190266 0.773867
0.191801 0.777879
0.193351 0.781800
0.194990 0.785853
0.196614 0.789756
0.198237 0.793493
0.200025 0.797594
0.201742 0.801384
0.203500 0.805170
0.205347 0.809074
0.207276 0.813084
0.209285 0.817187
0.211280 0.821144
0.213410 0.825322
0.215558 0.829425
0.217836 0.833727
0.220074 0.837839
0.222387 0.842010
0.224776 0.846242
0.227196 0.850432
0.229751 0.854825
0.232408 0.859314
0.235165 0.863878
0.238037 0.868609
0.240903 0.873141
0.243925 0.877922
0.247036 0.882710
0.250262 0.887619
0.253616 0.892661
0.256989 0.897557
0.260557 0.902715
0.264181 0.907808
0.267918 0.912984
0.271776 0.918238
0.275609 0.923287
0.279543 0.928394
0.283693 0.933682
0.288021 0.939108
0.292544 0.944672
0.297021 0.950007
0.301707 0.955489
0.306342 0.960754
0.311053 0.965983
0.315868 0.971197
0.320793 0.976396
0.325943 0.981701
0.331132 0.986906
0.336276 0.991916
0.341584 0.996949
0.346832 1.001778
0.352290 1.006653
0.357761 1.011404
0.363307 1.016103
0.369056 1.020811
0.374697 1.025289
0.380474 1.029741
0.386432 1.034196
0.391995 1.038213
0.397710 1.042246
0.403809 1.046395
0.409848 1.050386
0.415711 1.054134
0.421676 1.057842
0.427510 1.061362
0.433132 1.064651
0.439009 1.068004
0.444860 1.071278
0.450982 1.074565
0.456861 1.077666
0.462631 1.080661
0.468444 1.083550
0.474122 1.086335
0.480056 1.089219
0.485566 1.091788
0.491445 1.094516
0.496890 1.097030
0.502282 1.099416
0.507782 1.101852
0.513155 1.104245
0.518617 1.106583
0.523807 1.108822
0.528951 1.111027
0.533824 1.113108
0.538466 1.115092
0.543287 1.117191
0.548451 1.119355
0.553414 1.121477
0.558172 1.123524
0.563252 1.125710
0.567202 1.127461
0.571377 1.129317
0.575391 1.131129
0.579339 1.132976
0.583204 1.134724
0.587065 1.136539
0.591126 1.138509
0.595358 1.140489
0.599428 1.142477
0.603035 1.144345
0.606626 1.146147
0.609742 1.147823
0.613027 1.149648
0.616354 1.151430
0.619102 1.153027
0.621491 1.154533
0.625208 1.156601
0.628529 1.158570
0.631715 1.160509
0.635211 1.162644
0.638411 1.164729
0.640801 1.166340
0.643187 1.168029
0.645160 1.169535
0.647756 1.171401
0.650188 1.173210
0.652639 1.175066
0.654881 1.176839
0.656939 1.178537
0.659048 1.180348
0.661151 1.182076
0.663283 1.183911
0.664738 1.185409
0.666434 1.186964
0.667966 1.188496
0.669296 1.189969
0.670738 1.191417
0.672403 1.193105
0.673948 1.194795
0.675755 1.196580
0.677527 1.198438
0.678795 1.199937
0.679912 1.201338
0.681272 1.202947
0.682581 1.204537
0.683990 1.206239
0.685537 1.208146
0.686544 1.209487
0.687582 1.210936
0.688621 1.212403
0.690147 1.214332
0.691234 1.215885
0.692582 1.217772
0.693388 1.219034
0.694401 1.220572
0.695404 1.222193
0.696169 1.223446
0.696867 1.224724
0.698159 1.226704
0.698934 1.228019
0.699762 1.229466
0.701030 1.231421
0.702074 1.233158
0.703152 1.234947
0.703617 1.236142
0.704353 1.237507
0.704848 1.238662
0.705295 1.239789
0.705701 1.240860
