0.230324 0.443275
0.230479 0.448332
0.230690 0.453442
0.230914 0.458403
0.231173 0.463307
0.231484 0.468229
0.231841 0.473124
0.232263 0.478077
0.232707 0.482897
0.233205 0.487709
0.233761 0.492527
0.234339 0.497194
0.234962 0.501829
0.235628 0.506396
0.236352 0.510953
0.237117 0.515442
0.237933 0.519878
0.238819 0.524338
0.239736 0.528705
0.240705 0.533021
0.241758 0.537382
0.242832 0.541604
0.243936 0.545730
0.245099 0.549836
0.246292 0.553857
0.247538 0.557828
0.248860 0.561804
0.250288 0.565873
0.251767 0.569897
0.253279 0.573845
0.254842 0.577741
0.256444 0.581554
0.258044 0.585226
0.259714 0.588901
0.261463 0.592600
0.263247 0.596248
0.265072 0.599829
0.267051 0.603561
0.269037 0.607193
0.271089 0.610826
0.273179 0.614420
0.275316 0.617969
0.277488 0.621450
0.279753 0.625003
0.282068 0.628533
0.284461 0.632099
0.286892 0.635642
0.289365 0.639124
0.291948 0.642720
0.294543 0.646243
0.297197 0.649774
0.299927 0.653347
0.302732 0.656964
0.305610 0.660624
0.308520 0.664261
0.311524 0.667980
0.314570 0.671698
0.317707 0.675498
0.320861 0.679269
0.324078 0.683083
0.327357 0.686943
0.330680 0.690818
0.334088 0.694796
0.337564 0.698829
0.341105 0.702909
0.344722 0.707107
0.348351 0.711234
0.352074 0.715519
0.355842 0.719806
0.359678 0.724190
0.363589 0.728674
0.367512 0.733105
0.371542 0.737701
0.375592 0.742272
0.379705 0.746926
0.383885 0.751659
0.388050 0.756308
0.392282 0.761044
0.396594 0.765836
0.400997 0.770723
0.405500 0.775703
0.409970 0.780579
0.414558 0.785565
0.419106 0.790447
0.423702 0.795346
0.428350 0.800248
0.433052 0.805150
0.437872 0.810117
0.442682 0.815013
0.447491 0.819850
0.452375 0.824694
0.457230 0.829446
0.462206 0.834239
0.467170 0.838960
0.472140 0.843635
0.477234 0.848343
0.482260 0.852930
0.487338 0.857498
0.492482 0.862061
0.497456 0.866427
0.502456 0.870774
0.507646 0.875202
0.512770 0.879539
0.517811 0.883761
0.522868 0.887961
0.527851 0.892070
0.532732 0.896067
0.537682 0.900095
0.542563 0.904065
0.547571 0.908085
0.552420 0.911995
0.557161 0.915835
0.561943 0.919668
0.566604 0.923432
0.571276 0.927236
0.575820 0.930920
0.580406 0.934679
0.584760 0.938304
0.589118 0.941914
0.593423 0.945540
0.597591 0.949122
0.601804 0.952736
0.605836 0.956272
0.609795 0.959798
0.613610 0.963255
0.617292 0.966657
0.620932 0.970108
0.624692 0.973669
0.628292 0.977181
0.631768 0.980648
0.635281 0.984215
0.638386 0.987488
0.641501 0.990834
0.644510 0.994148
0.647402 0.997449
0.650289 1.000751
0.653078 1.004060
0.655829 1.007437
0.658649 1.010890
0.661329 1.014307
0.663784 1.017594
0.666256 1.020902
0.668501 1.024072
0.670709 1.027300
0.672954 1.030565
0.674952 1.033649
0.676769 1.036618
0.678979 1.040050
0.680998 1.043359
0.682938 1.046635
0.684921 1.050034
0.686746 1.053340
0.688380 1.056381
0.689940 1.059420
0.691351 1.062316
0.692897 1.065447
0.694366 1.068524
0.695806 1.071616
0.697158 1.074634
0.698431 1.077585
0.699653 1.080554
0.700917 1.083536
0.702126 1.086530
0.703093 1.089237
0.704170 1.092054
0.705146 1.094796
0.706012 1.097441
0.706956 1.100141
0.707900 1.102937
0.708758 1.105674
0.709731 1.108541
0.710641 1.111391
0.711406 1.113998
0.712115 1.116526
0.712868 1.119170
0.713593 1.121785
0.714325 1.124450
0.715043 1.127181
0.715681 1.129635
0.716278 1.132095
0.716863 1.134549
0.717553 1.137265
0.718124 1.139738
0.718714 1.142349
0.719225 1.144657
0.719744 1.147071
0.720216 1.149472
0.720687 1.151732
0.721099 1.153943
0.721611 1.156500
0.722056 1.158745
0.722472 1.161009
0.722986 1.163544
0.723439 1.165937
0.723893 1.168344
0.724157 1.170354
0.724544 1.172532
0.724836 1.174538
0.725108 1.176509
0.725366 1.178438
