0.275016 0.208695
0.277007 0.213324
0.279014 0.217830
0.281189 0.222379
0.283478 0.226892
0.285826 0.231294
0.288245 0.235605
0.290728 0.239764
0.293370 0.243921
0.296088 0.247967
0.298864 0.251881
0.301836 0.255788
0.304973 0.259601
0.308232 0.263331
0.311577 0.266927
0.315081 0.270439
0.318696 0.273834
0.322385 0.277056
0.326323 0.280213
0.330378 0.283249
0.334427 0.286084
0.338746 0.288868
0.343367 0.291567
0.348117 0.294116
0.353183 0.296572
0.358405 0.298892
0.363661 0.301033
0.368848 0.302938
0.374221 0.304716
0.379933 0.306390
0.385818 0.307935
0.391964 0.309372
0.398715 0.310721
0.405603 0.311911
0.412557 0.312938
0.419903 0.313843
0.427549 0.314637
0.434751 0.315238
0.442548 0.315750
0.450506 0.316150
0.458884 0.316454
0.467534 0.316683
0.476580 0.316847
0.485651 0.316920
0.495036 0.316949
0.504495 0.316939
0.514403 0.316918
0.524620 0.316928
0.534697 0.316930
0.545370 0.317013
0.556266 0.317184
0.567214 0.317457
0.578224 0.317851
0.589298 0.318389
0.600725 0.319147
0.611987 0.320083
0.623461 0.321284
0.634756 0.322699
0.646398 0.324463
0.657986 0.326534
0.669490 0.328924
0.681015 0.331693
0.692279 0.334755
0.703292 0.338126
0.714034 0.341813
0.724623 0.345839
0.735045 0.350285
0.745228 0.355045
0.755000 0.360077
0.764538 0.365443
0.773808 0.371129
0.782775 0.377167
0.791419 0.383460
0.799689 0.390016
0.807700 0.396896
0.815435 0.404093
0.822878 0.411651
0.830113 0.419619
0.836744 0.427508
0.843032 0.435587
0.848967 0.443832
0.854615 0.452394
0.859952 0.461170
0.864988 0.470236
0.869757 0.479642
0.874184 0.489236
0.878268 0.498996
0.881988 0.508815
0.885348 0.518660
0.888482 0.529007
0.891260 0.539354
0.893756 0.550018
0.895925 0.560762
0.897778 0.571563
0.899325 0.582262
0.900582 0.593034
0.901571 0.603986
0.902288 0.614787
0.902755 0.625330
0.902979 0.636586
0.902986 0.647408
0.902785 0.657841
0.902405 0.668168
0.901823 0.678708
0.901098 0.688952
0.900204 0.699273
0.899127 0.709782
0.897988 0.719688
0.896783 0.729280
0.895489 0.738549
0.894109 0.747816
0.892686 0.756865
0.891139 0.765924
0.889561 0.774785
0.888090 0.782837
0.886377 0.791584
0.884828 0.799347
0.883191 0.807344
0.881431 0.815465
0.879775 0.822996
0.878153 0.830285
0.876472 0.837480
0.874777 0.844654
0.873092 0.851632
0.871338 0.858748
0.869531 0.865943
0.867888 0.872450
0.866290 0.878492
0.864714 0.884421
0.863099 0.890408
0.861649 0.895645
0.859805 0.902360
0.858085 0.908489
0.856342 0.914629
0.854676 0.920484
0.852888 0.926551
0.851206 0.932232
0.849714 0.937205
0.848213 0.941982
0.846751 0.946624
0.845201 0.951640
0.843563 0.956776
0.841827 0.962329
0.840270 0.967223
0.838650 0.972153
0.836877 0.977714
0.835044 0.983538
0.833745 0.987150
0.832376 0.991069
0.830990 0.995009
0.829802 0.998150
0.828589 1.001436
0.826913 1.006379
0.825344 1.010965
0.823624 1.016162
0.822253 1.019960
0.820847 1.023880
0.819501 1.027560
0.818100 1.031464
0.816654 1.035556
0.815339 1.039186
0.813949 1.042996
0.812681 1.046379
0.811174 1.050854
0.809716 1.055006
0.808279 1.059170
0.806836 1.063439
0.805383 1.067667
0.804150 1.071064
0.802955 1.074388
0.801831 1.077326
0.800791 1.079992
0.799523 1.083674
0.798217 1.087563
0.797083 1.090744
0.795961 1.093904
0.794937 1.096686
0.794074 1.098795
0.792861 1.102471
0.791755 1.105753
0.790687 1.108912
0.789914 1.110711
0.788942 1.113494
0.788189 1.115273
0.787095 1.118747
0.786186 1.121364
0.785350 1.123694
0.784334 1.126959
0.783364 1.130108
0.782769 1.131308
0.781856 1.134236
0.781036 1.136717
0.780467 1.137819
0.779810 1.139444
0.779190 1.140848
0.778340 1.143792
0.777573 1.146253
0.776746 1.149157
0.775934 1.152123
0.775123 1.155143
