0.264940 0.337003
0.266249 0.341751
0.267575 0.346383
0.268993 0.351022
0.270477 0.355613
0.272003 0.360111
0.273574 0.364524
0.275201 0.368841
0.276912 0.373134
0.278676 0.377342
0.280487 0.381455
0.282400 0.385545
0.284416 0.389584
0.286501 0.393555
0.288649 0.397437
0.290889 0.401261
0.293199 0.405002
0.295577 0.408643
0.298089 0.412252
0.300677 0.415780
0.303302 0.419181
0.306063 0.422549
0.308984 0.425882
0.311995 0.429127
0.315172 0.432336
0.318446 0.435461
0.321778 0.438469
0.325153 0.441336
0.328652 0.444131
0.332334 0.446885
0.336134 0.449559
0.340082 0.452168
0.344312 0.454767
0.348662 0.457269
0.353112 0.459666
0.357779 0.462011
0.362620 0.464286
0.367408 0.466377
0.372491 0.468445
0.377724 0.470428
0.383204 0.472359
0.388868 0.474220
0.394764 0.476020
0.400795 0.477722
0.407044 0.479364
0.413439 0.480923
0.420112 0.482445
0.426997 0.483912
0.433980 0.485289
0.441291 0.486657
0.448808 0.487989
0.456478 0.489279
0.464307 0.490535
0.472296 0.491767
0.480541 0.493023
0.488858 0.494267
0.497377 0.495555
0.505956 0.496861
0.514789 0.498256
0.523714 0.499729
0.532711 0.501296
0.541811 0.502994
0.550901 0.504809
0.559950 0.506756
0.568923 0.508858
0.577899 0.511155
0.586775 0.513667
0.595589 0.516402
0.604158 0.519327
0.612604 0.522504
0.620889 0.525940
0.628918 0.529629
0.636744 0.533580
0.644252 0.537763
0.651538 0.542233
0.658581 0.546993
0.665313 0.552022
0.671835 0.557388
0.677881 0.562842
0.683624 0.568523
0.689055 0.574417
0.694170 0.580525
0.699011 0.586866
0.703541 0.593388
0.707818 0.600153
0.711799 0.607072
0.715491 0.614126
0.718901 0.621284
0.722020 0.628460
0.724954 0.635884
0.727634 0.643339
0.730114 0.650920
0.732383 0.658584
0.734450 0.666250
0.736326 0.673852
0.738040 0.681530
0.739612 0.689235
0.741034 0.696874
0.742318 0.704412
0.743534 0.712166
0.744632 0.719721
0.745615 0.727185
0.746522 0.734558
0.747370 0.741973
0.748152 0.749260
0.748888 0.756538
0.749585 0.763843
0.750224 0.770921
0.750829 0.777830
0.751381 0.784670
0.751922 0.791435
0.752444 0.798059
0.752931 0.804721
0.753405 0.811248
0.753852 0.817447
0.754292 0.823898
0.754701 0.829967
0.755115 0.836034
0.755504 0.842180
0.755876 0.848069
0.756240 0.853806
0.756575 0.859556
0.756908 0.865226
0.757225 0.870802
0.757534 0.876387
0.757836 0.881962
0.758112 0.887251
0.758348 0.892448
0.758574 0.897541
0.758789 0.902620
0.758966 0.907443
0.759178 0.912682
0.759357 0.917715
0.759524 0.922723
0.759670 0.927575
0.759802 0.932549
0.759909 0.937336
0.759983 0.941839
0.760030 0.946343
0.760060 0.950740
0.760090 0.955182
0.760108 0.959721
0.760128 0.964318
0.760111 0.968650
0.760083 0.973056
0.760062 0.977588
0.760035 0.982135
0.759931 0.986071
0.759823 0.990035
0.759703 0.993986
0.759548 0.997672
0.759384 1.001337
0.759272 1.005568
0.759137 1.009625
0.759015 1.013846
0.758839 1.017621
0.758659 1.021413
0.758466 1.025110
0.758274 1.028853
0.758082 1.032633
0.757864 1.036206
0.757661 1.039903
0.757434 1.043403
0.757230 1.047170
0.757027 1.050910
0.756815 1.054588
0.756594 1.058233
0.756386 1.061939
0.756146 1.065316
0.755894 1.068604
0.755651 1.071841
0.755392 1.074926
0.755159 1.078310
0.754931 1.081740
0.754685 1.084925
0.754440 1.088083
0.754189 1.091099
0.753909 1.093836
0.753695 1.097143
0.753460 1.100256
0.753225 1.103311
0.752959 1.105911
0.752719 1.108806
0.752443 1.111316
0.752241 1.114435
0.752006 1.117216
0.751752 1.119840
0.751554 1.122834
0.751343 1.125724
0.751072 1.127928
0.750878 1.130756
0.750659 1.133376
0.750410 1.135542
0.750177 1.137856
0.749940 1.140085
0.749734 1.142723
0.749551 1.145288
0.749366 1.147927
0.749190 1.150563
0.749017 1.153201
