0.251345
0.131468
0.201774
0.276595
0.244761
0.147861
-0.051969
0.210808
0.188216
0.286142
-1.140133
0.315799
-1.158867
0.167155
0.163932
0.266744
0.035849
0.295832
0.191844
0.226161
-1.152216
0.222707
-0.036242
0.178008
-1.139827
0.144095
0.284589
0.215576
0.294883
0.050961
0.099559
0.244645
0.123746
0.079535
0.102348
0.020618
0.291525
0.484208
0.386624
0.230955
0.035056
0.291429
-1.148233
0.268104
0.305564
0.118021
0.342734
-1.156408
-1.154053
0.097599
0.229699
0.265788
0.274749
0.358732
0.237757
0.182409
-1.159294
0.273193
-1.144521
-1.146033
0.324336
0.117266
-1.125865
0.273172
0.145891
0.254698
0.418480
0.335214
0.331834
0.401082
0.224633
0.149598
0.287908
0.146240
0.245465
0.157549
0.368800
0.282087
-0.074494
0.251717
-1.161440
0.273802
0.191248
0.312083
0.234074
0.411484
0.159709
0.215422
0.309095
0.195562
0.200765
0.187124
0.421134
0.202917
-1.133585
0.292006
0.079838
-1.157126
0.195552
-1.159861
0.541211
0.162409
0.030081
-1.147925
0.060947
0.228329
0.176327
-1.150572
-0.426440
0.350788
0.089484
-1.149227
0.010806
0.151796
0.268215
0.126254
-0.003197
0.218189
0.259189
0.018156
0.084930
0.156296
0.064117
0.199086
0.350758
-1.158672
0.088670
0.060569
0.231597
0.014542
0.314311
0.178806
-1.159852
0.342786
0.250009
0.246064
0.424769
-1.149318
0.201919
0.321938
0.081858
0.101934
0.120485
0.139692
0.263357
0.145205
-0.000238
-0.011082
0.341846
-1.155490
