1.285753
1.140502
1.223571
1.318632
1.277316
1.159352
0.949359
1.234676
1.207094
1.331281
0.319777
1.371355
0.313842
1.181938
1.178134
1.305707
1.036499
1.344244
1.211481
1.253778
0.315936
1.249454
0.964407
1.194835
0.319875
1.154994
1.329216
1.240576
1.342970
1.052282
1.104684
1.277168
1.131728
1.082784
1.107769
1.020832
1.338467
1.622889
1.472003
1.259803
1.035678
1.338339
0.317197
1.307482
1.357391
1.125267
1.408794
0.314614
0.315356
1.102520
1.258222
1.304458
1.316200
1.431513
1.268401
1.200105
0.313707
1.314154
0.318376
0.317895
1.383113
1.124418
0.324372
1.314126
1.157070
1.290072
1.519650
1.398240
1.393521
1.493440
1.251863
1.161367
1.333635
1.157474
1.278216
1.170638
1.445999
1.325894
0.928213
1.286231
0.313035
1.314955
1.210759
1.366268
1.263738
1.509055
1.173169
1.240385
1.362192
1.215994
1.222337
1.205777
1.523689
1.224971
0.321877
1.339110
1.083112
0.314388
1.215982
0.313530
1.718087
1.176342
1.030538
0.317294
1.062843
1.256499
1.192828
0.316456
0.652829
1.420186
1.093609
0.316882
1.010865
1.163923
1.307629
1.134570
0.996808
1.243822
1.295878
1.018322
1.088640
1.169173
1.066217
1.220287
1.420144
0.313903
1.092720
1.062441
1.260612
1.014648
1.369315
1.195789
0.313533
1.408868
1.284037
1.278982
1.529236
0.316853
1.223749
1.379799
1.085302
1.107311
1.128043
1.149919
1.301291
1.156277
0.999762
0.988979
1.407544
0.314903
