1.197419
1.882640
1.280625
0.700439
0.977288
3.053359
1.973018
0.844160
0.689069
2.053193
2.027756
2.749656
1.065016
1.535868
0.195587
2.786645
1.343992
2.191087
0.473774
2.896055
1.295427
2.619366
0.790979
0.640466
2.155061
1.823371
3.316236
2.647347
2.398806
1.130149
1.247475
0.849638
2.736071
1.687789
1.687365
1.228893
0.449999
0.944002
3.179226
1.996592
1.257447
2.079734
2.299677
1.392260
1.749885
1.153205
2.008407
0.853682
1.051593
1.271405
2.108900
0.886849
2.384115
0.727623
1.333873
0.972193
0.960302
2.626122
0.525387
1.200720
2.463909
1.452646
1.587004
2.283873
2.080410
0.801811
0.280444
1.275372
2.517656
2.587066
0.406659
2.137376
1.172562
0.844334
0.711667
2.061931
1.833881
2.459224
0.479292
1.633728
0.645799
1.377548
1.446400
1.889442
1.104977
2.810811
2.523296
1.270009
1.863145
1.056875
1.649867
0.954126
2.132535
1.602585
1.291386
2.206366
1.462494
0.799758
0.697579
0.891758
2.506773
0.801820
0.826837
1.560259
1.434134
0.700782
1.425643
1.363719
0.765348
2.185319
2.645881
1.544692
3.789397
1.623327
2.241910
2.592613
1.227181
1.426932
0.858039
1.879504
1.517471
1.153834
0.454250
2.421494
0.872442
1.074960
1.432910
1.324115
2.087404
1.123336
1.261853
2.606653
0.930741
2.691593
1.168357
1.738225
2.367058
2.492816
0.870671
2.298432
1.363681
1.044793
1.490224
3.288510
1.457058
0.720447
1.206964
2.001272
1.693476
1.594941
