0.275908 0.119861
0.277990 0.123978
0.280093 0.128027
0.282377 0.132143
0.284785 0.136258
0.287260 0.140305
0.289815 0.144302
0.292439 0.148175
0.295237 0.152078
0.298121 0.155904
0.301069 0.159627
0.304234 0.163371
0.307579 0.167037
0.311060 0.170650
0.314636 0.174151
0.318389 0.177589
0.322265 0.180933
0.326220 0.184111
0.330446 0.187237
0.334803 0.190259
0.339147 0.193085
0.343790 0.195877
0.348764 0.198593
0.353874 0.201163
0.359330 0.203648
0.364954 0.206006
0.370603 0.208190
0.376148 0.210125
0.381885 0.211936
0.387985 0.213650
0.394261 0.215246
0.400814 0.216749
0.408029 0.218185
0.415370 0.219470
0.422753 0.220601
0.430548 0.221629
0.438658 0.222576
0.446219 0.223325
0.454423 0.224025
0.462775 0.224641
0.471570 0.225200
0.480647 0.225731
0.490148 0.226255
0.499640 0.226721
0.509463 0.227202
0.519345 0.227691
0.529714 0.228245
0.540429 0.228912
0.550957 0.229606
0.562158 0.230493
0.573606 0.231549
0.585108 0.232773
0.596674 0.234183
0.608308 0.235800
0.620351 0.237740
0.632203 0.239888
0.644305 0.242381
0.656205 0.245103
0.668510 0.248269
0.680764 0.251768
0.692933 0.255603
0.705145 0.259847
0.717069 0.264352
0.728726 0.269136
0.740103 0.274200
0.751320 0.279576
0.762405 0.285366
0.773236 0.291422
0.783652 0.297691
0.793838 0.304257
0.803762 0.311102
0.813413 0.318275
0.822734 0.325648
0.831697 0.333248
0.840421 0.341149
0.848889 0.349345
0.857109 0.357911
0.865156 0.366897
0.872564 0.375713
0.879636 0.384695
0.886360 0.393816
0.892837 0.403301
0.899014 0.413005
0.904922 0.423068
0.910594 0.433549
0.915930 0.444276
0.920925 0.455240
0.925538 0.466306
0.929773 0.477480
0.933808 0.489381
0.937450 0.501369
0.940795 0.513896
0.943767 0.526624
0.946367 0.539566
0.948585 0.552502
0.950447 0.565624
0.951969 0.579138
0.953128 0.592533
0.953947 0.605633
0.954435 0.619874
0.954606 0.633551
0.954496 0.646638
0.954126 0.659611
0.953463 0.672916
0.952594 0.685776
0.951476 0.698741
0.950086 0.711966
0.948620 0.724258
0.947052 0.736081
0.945394 0.747342
0.943595 0.758604
0.941726 0.769548
0.939706 0.780420
0.937631 0.791009
0.935730 0.800433
0.933468 0.810793
0.931474 0.819746
0.929313 0.829062
0.926996 0.838480
0.924836 0.847079
0.922711 0.855367
0.920534 0.863451
0.918307 0.871540
0.916098 0.879350
0.913764 0.887356
0.911332 0.895473
0.909158 0.902662
0.907117 0.909127
0.905088 0.915476
0.902987 0.921908
0.901186 0.927297
0.898655 0.934755
0.896350 0.941394
0.893996 0.948049
0.891748 0.954349
0.889332 0.960859
0.887076 0.966878
0.885147 0.971970
0.883258 0.976716
0.881417 0.981323
0.879375 0.986481
0.877219 0.991719
0.874840 0.997562
0.872775 1.002555
0.870644 1.007512
0.868181 1.013348
0.865571 1.019563
0.864049 1.022770
0.862362 1.026424
0.860644 1.030108
0.859317 1.032743
0.857913 1.035617
0.855630 1.040593
0.853529 1.045138
0.851110 1.050481
0.849389 1.054000
0.847594 1.057677
0.845911 1.061050
0.844110 1.064715
0.842208 1.068625
0.840541 1.071986
0.838760 1.075495
0.837196 1.078508
0.835101 1.082961
0.833146 1.086917
0.831198 1.090932
0.829207 1.095121
0.827224 1.099175
0.825657 1.102233
0.824134 1.105248
0.822784 1.107704
0.821573 1.109872
0.819880 1.113313
0.818097 1.117018
0.816652 1.119847
0.815221 1.122658
0.813973 1.125011
0.813037 1.126575
0.811383 1.130011
0.809922 1.133008
0.808525 1.135860
0.807737 1.137033
0.806516 1.139437
0.805738 1.140640
0.804230 1.143881
0.803099 1.146104
0.802097 1.148021
0.800707 1.151028
0.799385 1.153950
0.798869 1.154485
0.797650 1.157107
0.796617 1.159215
0.796139 1.159600
0.795454 1.160646
0.794850 1.161411
0.793665 1.164197
0.792673 1.166289
0.791521 1.168994
0.790369 1.171802
0.789208 1.174683
