1.377049
1.043044
1.267587
0.916345
1.055617
0.929268
1.322439
0.945065
1.436785
1.061485
1.374687
1.084084
0.814984
1.243907
1.079518
0.601977
0.821324
1.263120
1.070434
0.749230
1.334017
1.342077
1.484004
1.215282
1.269892
1.351808
1.378359
0.964693
1.114260
0.782225
1.318631
0.456527
1.065294
1.037085
0.787771
0.778659
1.106526
0.758641
1.431807
0.560080
1.087095
0.580124
1.196537
1.135110
0.384081
1.078109
1.160154
1.295795
1.364649
0.953728
1.182366
0.971968
1.059226
1.458369
0.663247
0.725324
0.088236
1.076152
0.501668
0.749323
1.152207
0.910021
1.361494
1.032122
1.217530
0.804098
1.213017
0.700534
1.149733
0.618767
1.303303
1.336214
1.189312
1.207312
1.161533
1.241447
0.870459
1.423206
1.226785
0.655899
0.718241
1.029537
1.150687
1.075490
1.350059
0.902371
1.207179
1.369752
1.047067
0.599551
1.363953
1.203962
1.340845
1.178511
1.252043
1.401573
0.656459
1.180149
1.231056
1.134592
