70.878209
79.778963
62.473551
86.837516
62.572940
79.520232
67.519792
70.665644
68.748802
75.374173
58.282540
69.303222
67.911887
86.815428
59.541887
80.403968
66.012373
74.091343
74.531192
59.807957
69.172014
76.632679
58.187400
58.306024
66.364812
74.353916
85.870886
86.997026
86.670694
58.287115
66.520685
67.905911
61.208275
76.316942
58.092654
86.641952
76.030539
86.974750
78.504065
58.487160
69.452995
58.126720
73.094628
58.179499
70.636421
70.619623
86.719863
70.976131
58.043559
67.779702
82.727522
75.153104
69.629674
82.613295
59.618780
58.231336
86.608624
58.152866
84.923743
68.019605
73.950352
61.457287
86.800719
67.055632
69.901439
58.216346
72.127602
84.953690
74.047276
75.721422
78.453062
71.058833
70.152271
78.561280
80.978107
69.679211
58.121713
71.938915
58.247267
73.008226
58.108160
58.091566
71.923477
57.661880
73.802155
58.188464
58.171166
86.800190
58.132432
58.443808
68.155613
58.196250
72.922232
58.108422
86.629710
57.997385
58.106940
58.207382
85.237988
69.890690
58.151044
70.214285
86.767639
69.852308
78.840911
87.017524
60.431908
77.194745
58.156943
71.011674
72.684621
86.719517
62.958134
58.253449
73.639791
61.114730
86.751400
78.204494
79.456713
86.785905
58.099677
76.770942
65.134821
76.564991
57.943946
58.155807
58.195854
82.435978
80.451161
81.171562
86.684818
68.040258
86.772555
78.904369
58.060915
86.901934
58.124693
86.674267
72.254083
79.116209
73.375991
86.772226
76.723721
58.153904
67.376836
79.228004
58.142225
86.974539
86.156343
86.641166
68.063001
70.784726
58.118966
83.342528
69.687606
80.593835
79.343999
69.277549
61.492242
78.031044
58.543860
68.769705
58.192098
86.620235
58.106402
68.309077
81.295905
77.203892
86.807729
63.556809
76.435048
78.243582
69.397223
70.160383
75.548659
63.158030
83.018444
86.793895
74.627542
58.062897
69.222335
75.320802
68.527855
76.795797
72.624296
58.183305
84.386814
58.356374
72.783256
58.150307
79.537882
75.719857
70.385047
76.304425
79.945462
71.636707
64.618544
71.913587
57.977015
86.653966
