0.120256 0.665268
0.123542 0.672098
0.127749 0.680696
0.130766 0.686022
0.135614 0.695203
0.139655 0.702155
0.144367 0.710183
0.149550 0.718749
0.154329 0.726182
0.160385 0.735616
0.165514 0.743020
0.171936 0.752267
0.122960 0.906693
0.127968 0.912305
0.134177 0.919188
0.139786 0.925178
0.146811 0.932606
0.153151 0.939032
0.160534 0.946407
0.167565 0.953177
0.175528 0.960670
0.182886 0.967339
0.191577 0.975067
0.199448 0.981817
0.929048 0.251349
0.937504 0.262931
0.945343 0.274457
0.953256 0.287062
0.961522 0.301476
0.969804 0.317528
0.977957 0.335267
0.985382 0.353551
0.992570 0.373986
0.999470 0.397156
1.006486 0.426476
1.012433 0.459622
0.483586 0.066503
0.495934 0.067948
0.505061 0.068967
0.513844 0.069972
0.526756 0.071632
0.534225 0.072559
0.546186 0.074274
0.556572 0.075850
0.565501 0.077281
0.578101 0.079523
0.587076 0.081209
0.598138 0.083476
0.852088 0.715594
0.847284 0.736840
0.842062 0.758232
0.836680 0.779417
0.831233 0.799948
0.826151 0.818496
0.821440 0.835180
0.817055 0.850673
0.813025 0.864633
0.809157 0.877917
0.805692 0.889868
0.802236 0.901897
0.108376 0.795213
0.113113 0.802456
0.117969 0.809631
0.123046 0.816849
0.128236 0.823950
0.133500 0.830873
0.139183 0.838161
0.145453 0.845947
0.152013 0.853799
0.159181 0.862086
0.166906 0.870708
0.174825 0.879192
0.311808 0.801333
0.317857 0.806875
0.323618 0.812020
0.329524 0.817181
0.335795 0.822521
0.342027 0.827706
0.348307 0.832802
0.354767 0.837932
0.361069 0.842802
0.367961 0.848012
0.374391 0.852753
0.381133 0.857608
0.388941 0.660254
0.395909 0.666655
0.402894 0.673197
0.409876 0.679780
0.416913 0.686499
0.423947 0.693263
0.431030 0.700124
0.438168 0.707044
0.445358 0.714049
0.452615 0.721101
0.459849 0.728128
0.467124 0.735177
0.128532 0.886657
0.134898 0.893977
0.141535 0.901378
0.149015 0.909475
0.157045 0.917897
0.165441 0.926393
0.174105 0.934851
0.182868 0.943101
0.192275 0.951668
0.202279 0.960468
0.213136 0.969669
0.223463 0.978067
0.103926 0.822024
0.108877 0.829216
0.113527 0.835626
0.118302 0.842024
0.123390 0.848634
0.129583 0.856545
0.136083 0.864525
0.142615 0.872243
0.149173 0.879717
0.156318 0.887600
0.164020 0.895810
0.172329 0.904380
0.697516 0.820359
0.698465 0.826628
0.699391 0.832826
0.700301 0.838968
0.701273 0.845348
0.702261 0.851816
0.703188 0.857972
0.703992 0.863679
0.704774 0.869252
0.705564 0.874832
0.706471 0.880840
0.707348 0.886691
0.576964 -0.047560
0.594681 -0.040709
0.613981 -0.032602
0.632763 -0.024063
0.650812 -0.015238
0.669683 -0.005385
0.686277 0.003806
0.704598 0.014456
0.720512 0.024149
0.737218 0.034712
0.752769 0.044906
0.768477 0.055535
0.135861 0.752680
0.140308 0.759573
0.144610 0.766004
0.149096 0.772473
0.153845 0.779171
0.158884 0.786046
0.164480 0.793531
0.170562 0.801386
0.176828 0.809202
0.183476 0.817176
0.190408 0.825211
0.197555 0.833160
0.277816 0.355911
0.284924 0.359083
0.292276 0.361981
0.298605 0.364226
0.305153 0.366255
0.312625 0.368274
0.321050 0.370243
0.329843 0.371986
0.337164 0.373153
0.344615 0.374119
0.353416 0.375096
0.363482 0.376003
0.815066 0.347538
0.824063 0.357227
0.832577 0.367388
0.840328 0.377638
0.847897 0.388762
0.855122 0.400663
0.862146 0.413794
0.868362 0.427096
0.873958 0.440906
0.879107 0.455949
0.883708 0.472160
0.887512 0.489091
0.422052 0.513105
0.430280 0.515577
0.438608 0.518203
0.446588 0.520787
0.454756 0.523609
0.462847 0.526557
0.470733 0.529580
0.478640 0.532818
0.486483 0.536241
0.494095 0.539765
0.501709 0.543549
0.509208 0.547533
0.670261 0.465501
0.679081 0.472776
0.687391 0.480565
0.695311 0.488994
0.702735 0.497977
0.709811 0.507745
0.716251 0.517933
0.722074 0.528523
0.727439 0.539769
0.732408 0.551952
0.736813 0.564696
0.740595 0.577836
1.028959 0.521947
1.029797 0.569048
1.028603 0.604987
1.024528 0.654631
1.017109 0.710097
1.009968 0.750976
0.998048 0.807435
0.986345 0.855106
0.975421 0.894802
0.960494 0.943284
0.950146 0.973518
0.939641 1.001610
0.056666 0.905655
0.060123 0.910496
0.064039 0.915878
0.067996 0.921194
0.071902 0.926250
0.076510 0.932166
0.080289 0.936732
0.085400 0.943005
0.089312 0.947523
0.095219 0.954486
0.099212 0.958841
0.105754 0.966223
0.622345 1.199908
0.627163 1.201664
0.632359 1.203566
0.635740 1.205038
0.639272 1.206571
0.643539 1.208433
0.646873 1.210020
0.649750 1.211447
0.653805 1.213521
0.657042 1.215284
0.659744 1.216838
0.662432 1.218547
0.528152 0.433308
0.541337 0.435254
0.554710 0.437696
0.567414 0.440456
0.579554 0.443566
0.591670 0.447278
0.603630 0.451591
0.614835 0.456258
0.625558 0.461437
0.636204 0.467374
0.646422 0.473927
0.655844 0.480821
0.264547 0.477956
0.270740 0.481639
0.277163 0.485189
0.283845 0.488648
0.290738 0.491977
0.297917 0.495258
0.305260 0.498416
0.312874 0.501532
0.320636 0.504561
0.328605 0.507561
0.336704 0.510500
0.344925 0.513399
0.656158 1.038857
0.659815 1.042925
0.663558 1.047159
0.666399 1.050781
0.669357 1.054678
0.672004 1.058327
0.674799 1.062297
0.677318 1.066149
0.680052 1.070293
0.682462 1.074246
0.684429 1.077838
0.686589 1.081683
0.563571 1.227114
0.569589 1.228521
0.574293 1.229718
0.580035 1.231076
0.586074 1.232589
0.590873 1.233765
0.595021 1.234881
0.599788 1.236077
0.604848 1.237444
0.608280 1.238362
0.611406 1.239259
0.616317 1.240622
0.657128 1.195074
0.660187 1.197102
0.662945 1.199010
0.665651 1.200965
0.668443 1.203047
0.671153 1.205117
0.673888 1.207388
0.675836 1.209154
0.678046 1.211250
0.680258 1.213363
0.681826 1.215099
0.683433 1.216844
0.151200 0.731913
0.156693 0.740287
0.162535 0.748897
0.168872 0.757935
0.175399 0.766867
0.182752 0.776623
0.190341 0.786243
0.198830 0.796602
0.207446 0.806628
0.217047 0.817279
0.226614 0.827375
0.237691 0.838588
0.159830 0.904483
0.169419 0.914278
0.179442 0.924090
0.190339 0.934355
0.202066 0.944905
0.214594 0.955690
0.227199 0.966049
0.240071 0.976124
0.253703 0.986317
0.267884 0.996417
0.282408 1.006240
0.296727 1.015428
0.394729 0.512588
0.402282 0.514823
0.409991 0.517178
0.417824 0.519656
0.425366 0.522069
0.433266 0.524766
0.440885 0.527433
0.448545 0.530254
0.456183 0.533214
0.463624 0.536231
0.471187 0.539503
0.478515 0.542830
0.219736 0.228000
0.219736 0.228000
0.219736 0.228000
0.219736 0.228000
0.219736 0.228000
0.219736 0.228000
0.219736 0.228000
0.219736 0.228000
0.219736 0.228000
0.219736 0.228000
0.221094 0.229546
0.224643 0.234158
0.881137 0.248426
0.883091 0.250495
0.885140 0.252690
0.886987 0.254698
0.888824 0.256722
0.890687 0.258807
0.892601 0.260973
0.894592 0.263272
0.896406 0.265386
0.898424 0.267784
0.900205 0.269928
0.902211 0.272390
0.877914 0.345111
0.885026 0.355803
0.892232 0.367742
0.898741 0.379714
0.904672 0.391826
0.910483 0.405111
0.915972 0.419444
0.921087 0.435022
0.925709 0.451720
0.929507 0.468605
0.932654 0.486514
0.935116 0.506108
0.797009 0.251082
0.805402 0.256872
0.813493 0.262810
0.821306 0.268902
0.829172 0.275413
0.836840 0.282166
0.844450 0.289297
0.851749 0.296583
0.858905 0.304193
0.865732 0.311936
0.872228 0.319794
0.878756 0.328230
0.854874 0.275583
0.864899 0.285854
0.874378 0.296392
0.883357 0.307247
0.892213 0.318923
0.901246 0.332029
0.909706 0.345670
0.917938 0.360498
0.925235 0.375319
0.932192 0.391406
0.938976 0.409703
0.945098 0.429398
0.880476 0.604527
0.878201 0.628128
0.875084 0.650911
0.871124 0.674584
0.866333 0.698723
0.861027 0.722581
0.855059 0.747329
0.848703 0.771822
0.842142 0.795747
0.835954 0.817611
0.830132 0.837514
0.824992 0.854513
0.516934 0.967492
0.525672 0.971495
0.533110 0.974966
0.541974 0.978998
0.548925 0.982299
0.556648 0.985935
0.564275 0.989575
0.570462 0.992627
0.578018 0.996402
0.584207 0.999630
0.590487 1.002951
0.596788 1.006411
0.222393 0.139018
0.223686 0.140445
0.227651 0.145430
0.230821 0.149516
0.235659 0.154574
0.238528 0.157962
0.244484 0.163175
0.246849 0.165822
0.253959 0.171042
0.256410 0.173363
0.263307 0.177796
0.266984 0.180317
0.773795 0.141043
0.786209 0.148457
0.798252 0.156079
0.809724 0.163757
0.821032 0.171731
0.832037 0.179920
0.842935 0.188476
0.853772 0.197475
0.864487 0.206899
0.874673 0.216395
0.884617 0.226237
0.894092 0.236211
0.580805 0.164425
0.590223 0.165253
0.598461 0.166058
0.608133 0.167184
0.618404 0.168564
0.627547 0.169928
0.635801 0.171277
0.645417 0.173050
0.655062 0.175022
0.663774 0.176958
0.671654 0.178845
0.680701 0.181213
0.766463 0.146273
0.779186 0.153525
0.791485 0.160999
0.803251 0.168570
0.814939 0.176533
0.826248 0.184705
0.837267 0.193145
0.848113 0.201937
0.859161 0.211446
0.869651 0.221052
0.879945 0.231096
0.889612 0.241157
0.412188 0.951995
0.424937 0.958559
0.438090 0.965055
0.450939 0.971156
0.462941 0.976706
0.475211 0.982175
0.487213 0.987418
0.499056 0.992459
0.510550 0.997249
0.521449 1.001794
0.532314 1.006246
0.542401 1.010426
0.457014 0.376484
0.470575 0.376123
0.483968 0.375789
0.497616 0.375536
0.511113 0.375411
0.524441 0.375451
0.537876 0.375733
0.551244 0.376277
0.564516 0.377147
0.577924 0.378414
0.590882 0.380026
0.603795 0.382108
0.434009 1.101609
0.438199 1.103149
0.440750 1.104074
0.444065 1.105291
0.446927 1.106321
0.449907 1.107365
0.453242 1.108553
0.456016 1.109504
0.459284 1.110646
0.461843 1.111531
0.465413 1.112736
0.468035 1.113604
0.186036 0.807257
0.193325 0.815845
0.200842 0.824330
0.208976 0.833184
0.217110 0.841677
0.225960 0.850550
0.235175 0.859394
0.244680 0.868154
0.254784 0.877091
0.265164 0.885896
0.276150 0.894815
0.287177 0.903375
0.633704 1.167779
0.637424 1.169576
0.640582 1.171269
0.644602 1.173342
0.647080 1.174824
0.651162 1.177102
0.654194 1.178978
0.656951 1.180749
0.659835 1.182703
0.662517 1.184677
0.664713 1.186350
0.667340 1.188382
0.607829 0.862957
0.613419 0.869465
0.618658 0.875798
0.623788 0.882150
0.628946 0.888691
0.633917 0.895180
0.638564 0.901504
0.642924 0.907687
0.647244 0.913951
0.651496 0.920343
0.655583 0.926692
0.659265 0.932712
0.419057 0.241142
0.432248 0.240659
0.444828 0.240071
0.458626 0.239403
0.470055 0.238706
0.481963 0.237987
0.493676 0.237291
0.506490 0.236638
0.520433 0.236084
0.534645 0.235658
0.548361 0.235419
0.560973 0.235324
0.028783 0.840806
0.030410 0.843924
0.032805 0.848612
0.036378 0.855555
0.036860 0.855949
0.041158 0.863967
0.043132 0.867140
0.045908 0.871763
0.049707 0.878105
0.051184 0.880098
0.056145 0.888073
0.058410 0.891225
0.706975 0.358578
0.717066 0.363834
0.727095 0.369716
0.736742 0.376056
0.746004 0.382877
0.754843 0.390132
0.763298 0.397866
0.771650 0.406397
0.779411 0.415262
0.786729 0.424624
0.793507 0.434360
0.799792 0.444543
0.591952 1.018510
0.598323 1.021848
0.603675 1.024896
0.609591 1.028293
0.616036 1.032097
0.621382 1.035503
0.625718 1.038462
0.630490 1.041869
0.635771 1.045661
0.640494 1.049329
0.644092 1.052428
0.647751 1.055691
0.280546 0.826430
0.290775 0.835660
0.301470 0.844897
0.312530 0.854034
0.323715 0.862861
0.335217 0.871552
0.347090 0.880139
0.359023 0.888404
0.371414 0.896615
0.384406 0.904853
0.397297 0.912679
0.409803 0.919961
0.271852 0.688590
0.277169 0.694566
0.282725 0.700829
0.288182 0.706871
0.293747 0.712975
0.299653 0.719416
0.305649 0.725896
0.311644 0.732222
0.317848 0.738703
0.324340 0.745382
0.330789 0.751879
0.337245 0.758247
0.489808 0.323853
0.506231 0.322964
0.522775 0.322236
0.537340 0.321711
0.554063 0.321544
0.570537 0.321767
0.585532 0.322304
0.601720 0.323472
0.617190 0.325130
0.631475 0.327179
0.646414 0.330003
0.660406 0.333271
0.425358 0.822876
0.431630 0.827584
0.437730 0.832084
0.443945 0.836589
0.450063 0.840948
0.456204 0.845261
0.462361 0.849513
0.468637 0.853786
0.474884 0.857980
0.481114 0.862109
0.487592 0.866347
0.494213 0.870619
0.052319 0.864390
0.056638 0.871211
0.060909 0.877671
0.065500 0.884347
0.070442 0.891325
0.075679 0.898483
0.081590 0.906320
0.087708 0.914101
0.094311 0.922259
0.101221 0.930473
0.108654 0.939007
0.116378 0.947577
0.456891 1.011764
0.469646 1.017030
0.481999 1.022012
0.494225 1.026768
0.505939 1.031269
0.517102 1.035450
0.528022 1.039542
0.538187 1.043326
0.548228 1.047041
0.557580 1.050606
0.566375 1.053998
0.575074 1.057389
0.158446 0.937985
0.160592 0.940140
0.162752 0.942248
0.164777 0.944216
0.167196 0.946590
0.168777 0.948071
0.171402 0.950577
0.173094 0.952146
0.175541 0.954469
0.177805 0.956553
0.179854 0.958428
0.182473 0.960835
0.651574 0.059701
0.662630 0.063866
0.673260 0.068063
0.684034 0.072518
0.694081 0.076875
0.704930 0.081790
0.714375 0.086261
0.724714 0.091321
0.734176 0.096173
0.743933 0.101345
0.752979 0.106320
0.762956 0.112000
0.885064 0.298010
0.886766 0.300118
0.888705 0.302563
0.890444 0.304795
0.892323 0.307258
0.894076 0.309582
0.895861 0.312011
0.897704 0.314549
0.899548 0.317148
0.901184 0.319495
0.903225 0.322494
0.904905 0.324991
0.041724 0.807085
0.044880 0.813797
0.046797 0.817485
0.047821 0.819144
0.050536 0.824374
0.053911 0.830742
0.055637 0.833589
0.057077 0.835820
0.060775 0.842314
0.064323 0.848279
0.066212 0.851070
0.068546 0.854594
0.512509 0.767796
0.521004 0.776053
0.529595 0.784387
0.538160 0.792715
0.546718 0.801072
0.555035 0.809263
0.563272 0.817445
0.571435 0.825667
0.579503 0.833932
0.587226 0.842023
0.594761 0.850103
0.602062 0.858147
0.544902 1.065617
0.554948 1.069186
0.564525 1.072606
0.573446 1.075938
0.582588 1.079399
0.590983 1.082679
0.598588 1.085878
0.605887 1.089066
0.613205 1.092377
0.619532 1.095507
0.625081 1.098511
0.630291 1.101431
0.914298 0.362638
0.921413 0.376972
0.928266 0.392685
0.934807 0.409983
0.940850 0.429004
0.945965 0.448762
0.950216 0.469525
0.953806 0.493895
0.956035 0.518692
0.957014 0.545634
0.956452 0.576703
0.953936 0.610499
0.088856 0.901835
0.094225 0.908739
0.097620 0.912737
0.103304 0.919700
0.107645 0.924698
0.113126 0.931003
0.118496 0.936977
0.124358 0.943385
0.130102 0.949491
0.136305 0.955937
0.143082 0.962823
0.149623 0.969275
0.245730 0.750861
0.253593 0.759939
0.261499 0.768697
0.269635 0.777427
0.278449 0.786604
0.287702 0.795839
0.297269 0.805028
0.306790 0.813817
0.317013 0.822867
0.327741 0.831989
0.338673 0.840890
0.349765 0.849547
0.795925 0.762301
0.793699 0.774287
0.791273 0.787202
0.789357 0.796704
0.786874 0.810027
0.785014 0.819142
0.783023 0.829419
0.780887 0.840755
0.779392 0.847635
0.777309 0.859207
0.775751 0.867031
0.774127 0.875557
0.687531 0.959754
0.689725 0.965562
0.691816 0.971307
0.693792 0.976966
0.695734 0.982618
0.697543 0.988136
0.699227 0.993527
0.700935 0.999009
0.702509 1.004337
0.703992 1.009588
0.705437 1.014786
0.706796 1.019909
0.300937 0.929991
0.312559 0.937961
0.324445 0.945782
0.336505 0.953388
0.349317 0.961131
0.362424 0.968701
0.375210 0.975774
0.387876 0.982478
0.400334 0.988819
0.413154 0.995070
0.425929 1.001038
0.439120 1.006967
0.456331 0.341017
0.465364 0.340517
0.475057 0.339998
0.482136 0.339480
0.492416 0.339003
0.501390 0.338553
0.509165 0.338133
0.519688 0.337822
0.528287 0.337554
0.537127 0.337372
0.547498 0.337380
0.555853 0.337390
0.443252 0.715930
0.448978 0.721487
0.454643 0.726968
0.460274 0.732413
0.466054 0.737981
0.471725 0.743421
0.477479 0.748922
0.483357 0.754517
0.489276 0.760120
0.495092 0.765605
0.500977 0.771131
0.506830 0.776607
0.968359 0.330538
0.976273 0.348636
0.983915 0.368806
0.991113 0.391037
0.998301 0.418319
1.004006 0.445877
1.008781 0.477925
1.012118 0.514973
1.013346 0.555579
1.011711 0.604826
1.006073 0.661836
0.996814 0.719651
0.405985 0.529499
0.415473 0.532968
0.424972 0.536609
0.434407 0.540402
0.443754 0.544365
0.453064 0.548568
0.462235 0.552967
0.471257 0.557583
0.480174 0.562470
0.488943 0.567624
0.497512 0.573012
0.505913 0.578685
0.341420 0.638595
0.347392 0.643866
0.353318 0.649164
0.359467 0.654767
0.365645 0.660492
0.371708 0.666135
0.377874 0.671942
0.384133 0.677882
0.390371 0.683872
0.396576 0.689820
0.402940 0.695979
0.409441 0.702297
0.531118 1.155905
0.542088 1.158960
0.552659 1.161926
0.562606 1.164664
0.571745 1.167285
0.580878 1.169904
0.589255 1.172383
0.596953 1.174705
0.604134 1.177043
0.611361 1.179398
0.617848 1.181730
0.623917 1.183996
0.191918 0.835717
0.200292 0.844777
0.208822 0.853609
0.218046 0.862786
0.227782 0.872069
0.237912 0.881312
0.248642 0.890688
0.259710 0.899945
0.271287 0.909195
0.283118 0.918220
0.295494 0.927256
0.307529 0.935653
0.705374 0.060406
0.719418 0.067661
0.733328 0.075201
0.746639 0.082739
0.760114 0.090698
0.773373 0.098871
0.786320 0.107201
0.799000 0.115713
0.811372 0.124371
0.822952 0.132846
0.834344 0.141530
0.845692 0.150552
0.661891 0.374318
0.671900 0.378060
0.681537 0.382148
0.690975 0.386668
0.699778 0.391381
0.708324 0.396471
0.716690 0.402028
0.724884 0.408074
0.732742 0.414519
0.740038 0.421130
0.747215 0.428330
0.754222 0.436140
0.535503 0.850388
0.537144 0.851679
0.539198 0.853248
0.540979 0.854618
0.542928 0.856131
0.544663 0.857483
0.546562 0.858938
0.548404 0.860381
0.550248 0.861800
0.552150 0.863289
0.553740 0.864550
0.555853 0.866178
0.506419 0.493182
0.517372 0.496611
0.527860 0.500236
0.538270 0.504280
0.548317 0.508635
0.558183 0.513418
0.567852 0.518661
0.577164 0.524304
0.586186 0.530402
0.594905 0.536975
0.603146 0.543881
0.611047 0.551253
0.354555 0.849065
0.356876 0.850817
0.359001 0.852412
0.361221 0.854066
0.363529 0.855765
0.365541 0.857238
0.367882 0.858937
0.369994 0.860458
0.372313 0.862117
0.374593 0.863734
0.376723 0.865232
0.379010 0.866826
0.916432 0.588834
0.914840 0.608056
0.912484 0.628103
0.908800 0.653027
0.904764 0.675209
0.900351 0.696190
0.894521 0.721484
0.888959 0.743285
0.883064 0.764751
0.875585 0.790899
0.869994 0.809177
0.864701 0.825731
0.620503 1.010204
0.625210 1.013565
0.629245 1.016667
0.633539 1.020086
0.637279 1.023224
0.641438 1.026772
0.644951 1.029954
0.648373 1.033259
0.651692 1.036563
0.655167 1.040120
0.658370 1.043543
0.661421 1.047000
0.487474 0.787169
0.489284 0.788743
0.491019 0.790256
0.492845 0.791838
0.494655 0.793400
0.496371 0.794888
0.498234 0.796484
0.499906 0.797930
0.501768 0.799525
0.503555 0.801057
0.505437 0.802658
0.507212 0.804180
0.505789 0.779158
0.514097 0.786828
0.522516 0.794565
0.531052 0.802377
0.539480 0.810112
0.547657 0.817662
0.555831 0.825240
0.563836 0.832762
0.571758 0.840293
0.579464 0.847757
0.587181 0.855350
0.594602 0.862866
0.348264 0.941819
0.361413 0.949713
0.374507 0.957222
0.387329 0.964273
0.399915 0.970909
0.413272 0.977647
0.426807 0.984207
0.440212 0.990420
0.453054 0.996180
0.465573 1.001596
0.478241 1.006881
0.490559 1.011915
0.089578 0.800357
0.094151 0.807799
0.098867 0.815177
0.103734 0.822447
0.108745 0.829681
0.114000 0.836979
0.119671 0.844597
0.125240 0.851749
0.131194 0.859191
0.137851 0.867253
0.144655 0.875165
0.151994 0.883442
0.616958 1.066837
0.620627 1.069029
0.625564 1.071873
0.629414 1.074290
0.633532 1.076902
0.637671 1.079676
0.640873 1.082080
0.644699 1.084898
0.647695 1.087282
0.651737 1.090473
0.654323 1.092879
0.658088 1.096140
0.589262 1.095445
0.595142 1.097738
0.600353 1.099903
0.607002 1.102705
0.613473 1.105476
0.617599 1.107543
0.621971 1.109743
0.627705 1.112620
0.632380 1.115172
0.636293 1.117445
0.640018 1.119818
0.644413 1.122548
0.586176 0.379527
0.588771 0.379856
0.591509 0.380240
0.594272 0.380659
0.596783 0.381029
0.599900 0.381575
0.602111 0.381915
0.605264 0.382514
0.607401 0.382880
0.610358 0.383487
0.612824 0.383975
0.615314 0.384503
0.650154 1.013831
0.654203 1.018127
0.657317 1.021797
0.660750 1.025856
0.664111 1.029993
0.666800 1.033588
0.669737 1.037623
0.672469 1.041544
0.674918 1.045247
0.677469 1.049218
0.679808 1.053106
0.682158 1.057087
0.890925 1.065563
0.886564 1.073576
0.883009 1.079868
0.877630 1.089209
0.872564 1.097682
0.867824 1.105343
0.863906 1.111457
0.861680 1.114726
0.859167 1.118320
0.857024 1.121354
0.854291 1.125269
0.850980 1.130039
0.335979 1.004620
0.348530 1.011630
0.360758 1.018166
0.372870 1.024373
0.384800 1.030241
0.396749 1.035870
0.409000 1.041433
0.420939 1.046612
0.433856 1.052003
0.446055 1.056909
0.457329 1.061267
0.468590 1.065489
0.755553 0.592363
0.756131 0.595774
0.756571 0.598489
0.757047 0.601612
0.757488 0.604798
0.757858 0.607532
0.758270 0.610884
0.758599 0.613763
0.758981 0.617044
0.759257 0.619857
0.759565 0.623229
0.759853 0.626372
0.822878 0.271153
0.833283 0.279987
0.843650 0.289561
0.853644 0.299619
0.863122 0.310024
0.872020 0.320690
0.880758 0.332155
0.889394 0.344651
0.897851 0.358278
0.905666 0.372416
0.912884 0.387203
0.919396 0.402390
0.494576 0.910357
0.497182 0.911788
0.499256 0.912925
0.501547 0.914199
0.503938 0.915492
0.506130 0.916709
0.508572 0.918034
0.510497 0.919079
0.513123 0.920492
0.515077 0.921585
0.517629 0.922940
0.519587 0.924032
0.222713 0.055242
0.225395 0.058804
0.230853 0.065064
0.233634 0.068889
0.238983 0.074366
0.242755 0.078424
0.247880 0.083092
0.252885 0.087430
0.257548 0.091247
0.263591 0.095581
0.268028 0.098716
0.275210 0.102982
0.520139 1.012177
0.525966 1.014518
0.531830 1.016837
0.536958 1.018935
0.543186 1.021417
0.549472 1.023899
0.555310 1.026255
0.560624 1.028440
0.565428 1.030460
0.569931 1.032421
0.574562 1.034420
0.579879 1.036721
0.633283 0.976610
0.638214 0.981412
0.642913 0.986281
0.647560 0.991245
0.652122 0.996410
0.656345 1.001447
0.660555 1.006652
0.664466 1.011843
0.668257 1.017088
0.671347 1.021784
0.674654 1.026860
0.677543 1.031703
0.685538 1.095650
0.687448 1.099049
0.689339 1.102566
0.690961 1.105824
0.692584 1.109163
0.694728 1.113364
0.696265 1.116714
0.697744 1.120111
0.699608 1.124221
0.700684 1.127114
0.702149 1.130724
0.703307 1.133944
0.692220 0.534009
0.698996 0.545610
0.705243 0.558100
0.710906 0.571440
0.716027 0.585818
0.720394 0.600635
0.723921 0.615403
0.727070 0.631683
0.729506 0.647989
0.731441 0.665067
0.732803 0.682029
0.733789 0.699823
0.773415 0.459712
0.780512 0.472114
0.787051 0.485573
0.792995 0.500257
0.798009 0.515481
0.802128 0.531270
0.805539 0.548487
0.808032 0.566468
0.809651 0.585886
0.810295 0.605044
0.810093 0.626754
0.809028 0.647555
0.636731 1.067740
0.640711 1.070690
0.644178 1.073534
0.648337 1.076859
0.652656 1.080542
0.656620 1.084110
0.659433 1.087003
0.663071 1.090636
0.665892 1.093736
0.668504 1.096861
0.671814 1.100628
0.674348 1.103937
0.662203 0.411681
0.671911 0.416536
0.681322 0.421858
0.690435 0.427684
0.699202 0.433997
0.707577 0.440772
0.715448 0.447929
0.723112 0.455750
0.730421 0.464145
0.737182 0.472901
0.743511 0.482161
0.749303 0.491781
0.439242 0.520061
0.441505 0.520827
0.443585 0.521509
0.445724 0.522233
0.447909 0.522988
0.449962 0.523688
0.452256 0.524525
0.454244 0.525210
0.456471 0.526035
0.458481 0.526757
0.460646 0.527572
0.462763 0.528377
0.632501 0.726371
0.637145 0.736855
0.641612 0.747390
0.645923 0.758011
0.650118 0.768767
0.654105 0.779391
0.657983 0.790106
0.661700 0.800720
0.665227 0.811173
0.668609 0.821489
0.671894 0.831789
0.675006 0.841837
0.474972 0.664618
0.482496 0.672006
0.489982 0.679548
0.497393 0.687179
0.504718 0.694876
0.512028 0.702712
0.519327 0.710677
0.526561 0.718695
0.533759 0.726798
0.540907 0.734966
0.548008 0.743195
0.555007 0.751427
0.564654 0.344377
0.571503 0.344657
0.578315 0.345023
0.585001 0.345478
0.591628 0.346016
0.598460 0.346685
0.604782 0.347389
0.611352 0.348249
0.617720 0.349196
0.624298 0.350298
0.630517 0.351462
0.636798 0.352764
0.616542 1.066904
0.621209 1.069601
0.625929 1.072400
0.630821 1.075452
0.636192 1.078959
0.640830 1.082197
0.644578 1.085072
0.648364 1.088096
0.652110 1.091238
0.656231 1.094738
0.659769 1.098090
0.662983 1.101260
0.343997 0.957463
0.358869 0.966197
0.373704 0.974476
0.388408 0.982280
0.402965 0.989644
0.417761 0.996797
0.432668 1.003656
0.448020 1.010404
0.462525 1.016496
0.476623 1.022220
0.490298 1.027611
0.503745 1.032751
0.798515 0.811115
0.796894 0.818226
0.795245 0.825514
0.793600 0.832680
0.792025 0.839642
0.790542 0.846261
0.789079 0.852700
0.787633 0.859129
0.786196 0.865604
0.784780 0.872074
0.783505 0.877760
0.782180 0.883789
0.718788 0.711561
0.719769 0.724836
0.720561 0.738132
0.721236 0.751338
0.721783 0.764494
0.722242 0.777515
0.722626 0.790393
0.722974 0.802830
0.723288 0.815077
0.723586 0.827119
0.723896 0.838732
0.724176 0.849925
0.940063 0.198334
0.950893 0.212007
0.960842 0.225538
0.971120 0.240800
0.982267 0.259215
0.993250 0.279826
1.004246 0.303685
1.015153 0.331753
1.026114 0.366766
1.036732 0.411688
1.046588 0.477729
1.050992 0.561838
0.372703 0.660857
0.378477 0.666219
0.384288 0.671671
0.390163 0.677239
0.395979 0.682779
0.401960 0.688529
0.407836 0.694189
0.413830 0.699990
0.419880 0.705851
0.425829 0.711606
0.431984 0.717566
0.438057 0.723426
0.659622 0.955556
0.663323 0.961238
0.666489 0.966391
0.669552 0.971610
0.672847 0.977230
0.675712 0.982472
0.678387 0.987627
0.681206 0.993074
0.683688 0.998213
0.686049 1.003338
0.688311 1.008384
0.690468 1.013424
0.422255 0.853658
0.424528 0.855212
0.426695 0.856683
0.428881 0.858162
0.431122 0.859660
0.433194 0.861047
0.435346 0.862471
0.437693 0.864005
0.439638 0.865283
0.441849 0.866727
0.443968 0.868092
0.446062 0.869446
0.207284 0.678352
0.212666 0.685452
0.218017 0.692366
0.223767 0.699735
0.230017 0.707700
0.236524 0.715837
0.242972 0.723666
0.249650 0.731635
0.256928 0.740174
0.264665 0.749042
0.272461 0.757650
0.280474 0.766250
0.663652 0.936762
0.667613 0.943823
0.671432 0.950931
0.674986 0.957874
0.678321 0.964726
0.681610 0.971667
0.684649 0.978472
0.687471 0.985096
0.690217 0.991755
0.692668 0.998146
0.695097 1.004614
0.697345 1.010981
0.183123 0.816558
0.186035 0.819951
0.189164 0.823555
0.192411 0.827248
0.195682 0.830867
0.199198 0.834732
0.202850 0.838677
0.206642 0.842718
0.210186 0.846370
0.213739 0.850005
0.217453 0.853706
0.221215 0.857408
0.445059 0.349587
0.457206 0.348939
0.469213 0.348258
0.481774 0.347578
0.494466 0.346956
0.507241 0.346410
0.520235 0.345987
0.533317 0.345750
0.546620 0.345725
0.559851 0.345962
0.572784 0.346478
0.585744 0.347316
0.207319 0.854424
0.215697 0.862799
0.224222 0.870989
0.233008 0.879124
0.241855 0.886986
0.251673 0.895409
0.261936 0.903854
0.272332 0.912072
0.282901 0.920101
0.293858 0.928099
0.304985 0.935898
0.316395 0.943576
0.287396 0.380768
0.292196 0.382668
0.299455 0.385225
0.305416 0.387099
0.311729 0.388861
0.319581 0.390841
0.325106 0.391986
0.333430 0.393619
0.340511 0.394761
0.347370 0.395675
0.356729 0.396884
0.363060 0.397378
0.906747 0.387109
0.908243 0.390291
0.909632 0.393380
0.910854 0.396121
0.912412 0.399756
0.913403 0.402164
0.915092 0.406341
0.915988 0.408591
0.917492 0.412571
0.918668 0.415731
0.919960 0.419363
0.921279 0.423257
0.668271 0.557879
0.673252 0.566093
0.677963 0.574728
0.682405 0.583762
0.686560 0.593162
0.690523 0.603215
0.694017 0.613154
0.697326 0.623782
0.700183 0.634130
0.702759 0.644791
0.705202 0.656135
0.707363 0.667571
0.267571 0.631829
0.273872 0.638113
0.280105 0.644324
0.286452 0.650652
0.292941 0.657205
0.299592 0.663958
0.306501 0.671051
0.313471 0.678201
0.320636 0.685607
0.327948 0.693159
0.335283 0.700658
0.342772 0.708305
0.346058 0.493585
0.356645 0.496635
0.366987 0.499442
0.378017 0.502474
0.389212 0.505544
0.400162 0.508517
0.411582 0.511768
0.423057 0.515168
0.434286 0.518631
0.445711 0.522416
0.457037 0.526439
0.468033 0.530622
0.505653 1.005399
0.515097 1.009218
0.524567 1.012979
0.532564 1.016229
0.541615 1.019815
0.550102 1.023231
0.557007 1.026124
0.565425 1.029559
0.572721 1.032662
0.579101 1.035513
0.586438 1.038748
0.592722 1.041690
0.606357 1.078945
0.610837 1.081126
0.616484 1.083919
0.622047 1.086843
0.625752 1.088969
0.630377 1.091658
0.635501 1.094765
0.638726 1.096949
0.642505 1.099605
0.647009 1.102749
0.649996 1.105099
0.653602 1.108022
0.624043 0.679437
0.625093 0.681507
0.626179 0.683689
0.627209 0.685775
0.628237 0.687893
0.629324 0.690158
0.630256 0.692147
0.631303 0.694363
0.632283 0.696501
0.633260 0.698633
0.634258 0.700840
0.635197 0.702973
0.094083 0.714271
0.096853 0.720034
0.100042 0.726483
0.103319 0.732786
0.106839 0.739385
0.110626 0.746205
0.114461 0.752859
0.118588 0.759780
0.122905 0.766742
0.127360 0.773707
0.132097 0.780857
0.137061 0.788076
0.734066 0.208964
0.746413 0.214338
0.758187 0.219959
0.769587 0.225895
0.780683 0.232152
0.791641 0.238837
0.802370 0.245904
0.812673 0.253233
0.822722 0.260942
0.832384 0.268911
0.842251 0.277680
0.851480 0.286538
0.466624 0.624008
0.476703 0.632634
0.486624 0.641613
0.496375 0.650907
0.505966 0.660511
0.515418 0.670419
0.524699 0.680562
0.533803 0.690910
0.542799 0.701513
0.551682 0.712341
0.560393 0.723305
0.568956 0.734416
0.302300 0.479465
0.307389 0.481437
0.312788 0.483456
0.317893 0.485238
0.323129 0.487000
0.328911 0.488937
0.334440 0.490674
0.339833 0.492285
0.345830 0.494111
0.351746 0.495844
0.357333 0.497381
0.363392 0.499092
0.678358 0.434942
0.687360 0.441158
0.695989 0.447877
0.704255 0.455135
0.712046 0.462848
0.719553 0.471231
0.726684 0.480247
0.733347 0.489823
0.739284 0.499534
0.744830 0.509905
0.749967 0.520997
0.754690 0.532846
0.276491 0.450082
0.279932 0.451803
0.283423 0.453468
0.286991 0.455092
0.290662 0.456690
0.294358 0.458220
0.298114 0.459706
0.301974 0.461170
0.305863 0.462574
0.309886 0.463969
0.313885 0.465285
0.318080 0.466625
0.665033 0.725926
0.668844 0.739198
0.672391 0.752425
0.675793 0.765833
0.678973 0.779103
0.681878 0.791937
0.684833 0.805287
0.687478 0.817875
0.690021 0.830308
0.692555 0.842829
0.694831 0.854561
0.697134 0.866436
0.401028 0.959881
0.403699 0.961292
0.406592 0.962796
0.409440 0.964253
0.412366 0.965754
0.415081 0.967127
0.417852 0.968510
0.420780 0.969977
0.423360 0.971252
0.426547 0.972794
0.429450 0.974211
0.432079 0.975463
0.294250 0.503582
0.301674 0.507025
0.309312 0.510400
0.317128 0.513709
0.325164 0.517018
0.333349 0.520287
0.341678 0.523562
0.350184 0.526876
0.358790 0.530219
0.367489 0.533612
0.376307 0.537118
0.385166 0.540706
0.796928 0.379813
0.801245 0.384628
0.805343 0.389454
0.809423 0.394535
0.813269 0.399605
0.817064 0.404903
0.820600 0.410142
0.824142 0.415697
0.827636 0.421537
0.830981 0.427495
0.834253 0.433714
0.837452 0.440259
0.256230 0.313590
0.259277 0.315788
0.262553 0.317976
0.266065 0.320170
0.270412 0.322585
0.274964 0.324923
0.279378 0.327045
0.282985 0.328710
0.286685 0.330309
0.290835 0.331943
0.295947 0.333747
0.301286 0.335456
0.586571 0.148118
0.605323 0.150436
0.622012 0.152920
0.638339 0.155832
0.656189 0.159629
0.672348 0.163626
0.687595 0.167939
0.703840 0.173156
0.718780 0.178523
0.733191 0.184297
0.747538 0.190661
0.761681 0.197540
0.185767 0.945162
0.195180 0.953656
0.204537 0.961807
0.214304 0.969999
0.225277 0.978924
0.236064 0.987331
0.246885 0.995442
0.258088 1.003519
0.270164 1.011877
0.281895 1.019657
0.293912 1.027291
0.306061 1.034681
0.076116 0.790488
0.080090 0.797553
0.084173 0.804490
0.088707 0.811923
0.093301 0.819168
0.098123 0.826460
0.103120 0.833710
0.108313 0.841002
0.113775 0.848383
0.119290 0.855549
0.125273 0.863075
0.131695 0.870920
0.450613 0.533625
0.452593 0.534392
0.454789 0.535297
0.456736 0.536071
0.458901 0.536984
0.460866 0.537792
0.462993 0.538712
0.465023 0.539586
0.467062 0.540481
0.469133 0.541410
0.471058 0.542263
0.473225 0.543284
0.829054 0.404353
0.835791 0.415348
0.842164 0.427108
0.848223 0.439851
0.853591 0.452949
0.858313 0.466514
0.862440 0.480615
0.866139 0.496340
0.869072 0.512439
0.871296 0.529619
0.872733 0.547735
0.873321 0.567243
0.663824 0.989292
0.665932 0.992398
0.667933 0.995477
0.669894 0.998544
0.671859 1.001678
0.673750 1.004788
0.675624 1.007942
0.677533 1.011173
0.679234 1.014235
0.680772 1.017173
0.682366 1.020174
0.683866 1.023169
0.536868 1.165761
0.545969 1.168278
0.554694 1.170626
0.563153 1.172939
0.571759 1.175344
0.580365 1.177733
0.587447 1.179781
0.593952 1.181679
0.599867 1.183548
0.606395 1.185554
0.613051 1.187756
0.617961 1.189485
0.590970 0.725784
0.596713 0.734721
0.602363 0.743786
0.607857 0.752872
0.613267 0.762085
0.618488 0.771252
0.623595 0.780482
0.628597 0.789783
0.633401 0.798991
0.638107 0.808262
0.642653 0.817481
0.647010 0.826592
0.590263 0.843448
0.593134 0.846561
0.595939 0.849649
0.598893 0.852884
0.601747 0.856066
0.604611 0.859287
0.607355 0.862438
0.610052 0.865552
0.612669 0.868631
0.615208 0.871679
0.617852 0.874838
0.620470 0.878023
0.515773 0.226244
0.524151 0.225956
0.534288 0.225751
0.543973 0.225623
0.551351 0.225511
0.559365 0.225490
0.568587 0.225616
0.578501 0.225902
0.587273 0.226239
0.595415 0.226643
0.603827 0.227191
0.613436 0.228013
0.264022 0.369176
0.269993 0.372672
0.275578 0.375660
0.281315 0.378430
0.288054 0.381308
0.295501 0.384126
0.303051 0.386645
0.309904 0.388651
0.316844 0.390416
0.324488 0.392118
0.333306 0.393842
0.342474 0.395365
0.298586 0.333630
0.305379 0.335684
0.311002 0.337184
0.318465 0.338931
0.324184 0.340074
0.332285 0.341503
0.337860 0.342273
0.346795 0.343385
0.352226 0.343831
0.362330 0.344675
0.367255 0.344807
0.378162 0.345325
0.956204 0.396640
0.960751 0.410675
0.965447 0.427462
0.969134 0.442943
0.973438 0.465351
0.975958 0.482327
0.978497 0.506458
0.979792 0.528139
0.980254 0.555950
0.979535 0.581157
0.977464 0.610442
0.973824 0.642203
0.932752 0.689665
0.924793 0.724711
0.915298 0.761269
0.904764 0.797510
0.894383 0.830603
0.884268 0.860739
0.875421 0.885694
0.867986 0.905619
0.860843 0.924329
0.854834 0.939309
0.848760 0.954280
0.843020 0.968147
0.520450 0.904037
0.522407 0.905216
0.524756 0.906571
0.526742 0.907764
0.528846 0.909002
0.531202 0.910358
0.532831 0.911362
0.535456 0.912861
0.536768 0.913680
0.539151 0.915093
0.541033 0.916221
0.543300 0.917535
0.210438 0.303417
0.210438 0.303417
0.210438 0.303417
0.214197 0.309404
0.217222 0.314531
0.220141 0.319254
0.224102 0.324644
0.228669 0.330176
0.232559 0.334796
0.236126 0.338861
0.240744 0.343386
0.246016 0.348011
0.577968 0.482895
0.587373 0.487210
0.596445 0.491882
0.605291 0.496984
0.613806 0.502471
0.622078 0.508426
0.629846 0.514662
0.637431 0.521445
0.644482 0.528466
0.651334 0.536063
0.657885 0.544167
0.664048 0.552674
0.904598 0.246420
0.915200 0.259284
0.925850 0.273389
0.935948 0.288083
0.945466 0.303403
0.955326 0.321229
0.964762 0.340648
0.973739 0.362086
0.982501 0.386972
0.990578 0.415516
0.997333 0.446915
1.003019 0.485953
0.696402 0.196171
0.710331 0.200687
0.724277 0.205775
0.737817 0.211263
0.751048 0.217237
0.763449 0.223375
0.775516 0.229899
0.787482 0.236977
0.799500 0.244712
0.810922 0.252715
0.821914 0.261071
0.832309 0.269632
0.467850 0.280828
0.481395 0.279842
0.494887 0.278865
0.509562 0.277953
0.525278 0.277185
0.540994 0.276614
0.556702 0.276303
0.571287 0.276268
0.586129 0.276593
0.600778 0.277274
0.615822 0.278448
0.630757 0.280109
0.842547 0.305811
0.853181 0.317111
0.862980 0.328609
0.872247 0.340641
0.881366 0.353825
0.890427 0.368594
0.898553 0.383648
0.906045 0.399593
0.912724 0.416131
0.919352 0.435728
0.924848 0.455994
0.929385 0.477854
0.253515 0.500659
0.259668 0.504942
0.266077 0.509146
0.272717 0.513245
0.279579 0.517251
0.286685 0.521224
0.294001 0.525139
0.301518 0.529014
0.309242 0.532903
0.317146 0.536793
0.325213 0.540702
0.333431 0.544677
0.779104 0.567810
0.780803 0.578481
0.782169 0.589467
0.783231 0.600689
0.783982 0.611892
0.784443 0.623599
0.784608 0.635327
0.784494 0.647883
0.784129 0.660140
0.783546 0.672592
0.782724 0.685060
0.781672 0.697952
0.563804 -0.081223
0.579449 -0.074998
0.596480 -0.067691
0.613600 -0.059821
0.630455 -0.051493
0.647035 -0.042748
0.662198 -0.034260
0.677339 -0.025380
0.692274 -0.016202
0.707064 -0.006769
0.721954 0.003042
0.736435 0.012873
0.533624 0.790641
0.535243 0.792212
0.536897 0.793802
0.538599 0.795447
0.540127 0.796933
0.541913 0.798650
0.543497 0.800186
0.545164 0.801806
0.546830 0.803415
0.548384 0.804940
0.550053 0.806561
0.551607 0.808076
0.096546 0.791350
0.098339 0.794226
0.100086 0.796962
0.102065 0.800047
0.104222 0.803423
0.106559 0.807024
0.109008 0.810718
0.111415 0.814283
0.113879 0.817883
0.116304 0.821314
0.118536 0.824396
0.120903 0.827647
0.464727 0.992787
0.467294 0.993919
0.470055 0.995107
0.473027 0.996355
0.475189 0.997301
0.478483 0.998661
0.480798 0.999641
0.483883 1.000940
0.486151 1.001892
0.488967 1.003032
0.491649 1.004154
0.494297 1.005215
0.374955 0.014108
0.386550 0.016700
0.398173 0.019087
0.409745 0.021213
0.421932 0.023295
0.434769 0.025379
0.448744 0.027551
0.464063 0.029875
0.479875 0.032278
0.495876 0.034722
0.511853 0.037259
0.526866 0.039751
0.151509 0.878059
0.157481 0.884617
0.164449 0.892090
0.171466 0.899389
0.178733 0.906688
0.186832 0.914568
0.194323 0.921620
0.202942 0.929497
0.211705 0.937227
0.219967 0.944243
0.230021 0.952576
0.238920 0.959651
0.575340 0.171012
0.589040 0.172116
0.598303 0.172938
0.611526 0.174464
0.621506 0.175735
0.633903 0.177652
0.643976 0.179385
0.655445 0.181660
0.665872 0.183950
0.676499 0.186541
0.686728 0.189298
0.696960 0.192323
0.315979 0.386113
0.323045 0.387694
0.330873 0.389218
0.340056 0.390783
0.349533 0.392123
0.357495 0.392954
0.365748 0.393633
0.375082 0.394286
0.385215 0.394860
0.396061 0.395347
0.405748 0.395537
0.415437 0.395607
0.290417 1.130237
0.306349 1.138506
0.322718 1.146448
0.339810 1.154171
0.356492 1.161200
0.372859 1.167661
0.388823 1.173566
0.405241 1.179273
0.422065 1.184759
0.438963 1.189976
0.454540 1.194533
0.469704 1.198751
0.372840 1.062734
0.392682 1.071786
0.412856 1.080344
0.433451 1.088498
0.453346 1.095886
0.472365 1.102525
0.490860 1.108632
0.507181 1.113861
0.524415 1.119164
0.540600 1.124004
0.554619 1.128237
0.566974 1.132066
0.519642 0.073240
0.534216 0.075037
0.551373 0.077459
0.569513 0.080366
0.586372 0.083399
0.602334 0.086608
0.619150 0.090446
0.636971 0.095053
0.654091 0.099983
0.669672 0.104917
0.684801 0.110178
0.700910 0.116298
0.216370 0.758214
0.224063 0.767589
0.231778 0.776579
0.240005 0.785864
0.249013 0.795613
0.258123 0.805064
0.267582 0.814483
0.277990 0.824394
0.288579 0.834045
0.299311 0.843362
0.310886 0.852988
0.322793 0.862430
0.474883 0.737864
0.481911 0.744680
0.489062 0.751590
0.496289 0.758541
0.503455 0.765411
0.510584 0.772229
0.517634 0.778958
0.524817 0.785796
0.532032 0.792658
0.539098 0.799406
0.546162 0.806166
0.553182 0.812924
0.290402 1.035051
0.305429 1.044146
0.320490 1.052770
0.336577 1.061475
0.352584 1.069632
0.368495 1.077276
0.383962 1.084290
0.399621 1.091018
0.415986 1.097628
0.431859 1.103708
0.446815 1.109174
0.461474 1.114269
0.347149 0.549399
0.356511 0.553924
0.365939 0.558564
0.375436 0.563379
0.384962 0.568374
0.394484 0.573575
0.403973 0.578979
0.413408 0.584605
0.422775 0.590482
0.432054 0.596609
0.441251 0.603024
0.450296 0.609643
0.377836 0.670443
0.384819 0.677045
0.391853 0.683771
0.398932 0.690586
0.406092 0.697510
0.413221 0.704413
0.420441 0.711418
0.427745 0.718478
0.435053 0.725504
0.442542 0.732677
0.450035 0.739804
0.457597 0.746945
0.565626 0.422915
0.568275 0.423419
0.570678 0.423862
0.573462 0.424443
0.575505 0.424831
0.578531 0.425529
0.580650 0.425965
0.583254 0.426584
0.585682 0.427160
0.588098 0.427764
0.590617 0.428411
0.592891 0.429018
0.813878 0.429028
0.819205 0.438418
0.824189 0.448246
0.829073 0.459094
0.833295 0.469816
0.837179 0.481202
0.840623 0.492946
0.843470 0.504629
0.846108 0.517789
0.848264 0.531556
0.849830 0.545707
0.850858 0.559874
0.360400 0.887458
0.362679 0.888996
0.365189 0.890676
0.367731 0.892362
0.370312 0.894056
0.372652 0.895580
0.375268 0.897269
0.377894 0.898951
0.380576 0.900649
0.383010 0.902183
0.385586 0.903785
0.388112 0.905349
0.730639 0.688866
0.731460 0.703174
0.732011 0.717479
0.732359 0.732059
0.732533 0.745968
0.732580 0.760013
0.732518 0.773903
0.732418 0.787380
0.732243 0.800421
0.732080 0.813313
0.731947 0.826008
0.731821 0.838377
0.067098 0.712664
0.069761 0.719581
0.072952 0.727486
0.076541 0.735861
0.080136 0.743664
0.083110 0.749582
0.086348 0.755819
0.089821 0.762222
0.094006 0.769846
0.098601 0.777901
0.103566 0.786224
0.108683 0.794376
0.191893 1.152594
0.205886 1.162069
0.220506 1.171348
0.234803 1.179836
0.249801 1.188168
0.265627 1.196339
0.281425 1.203919
0.297384 1.211019
0.313712 1.217765
0.330603 1.224244
0.348171 1.230480
0.365262 1.236115
0.384631 0.728553
0.393354 0.736983
0.402218 0.745390
0.411126 0.753682
0.420250 0.762014
0.429376 0.770181
0.438659 0.778311
0.448187 0.786476
0.458013 0.794702
0.467762 0.802692
0.477518 0.810535
0.487185 0.818172
0.546531 0.392285
0.556627 0.393144
0.565923 0.394068
0.575841 0.395339
0.584740 0.396630
0.594376 0.398353
0.603160 0.400134
0.612116 0.402232
0.620908 0.404611
0.629196 0.407114
0.637928 0.410129
0.645678 0.413077
0.651762 1.099765
0.655828 1.103110
0.659078 1.106107
0.662292 1.109114
0.665124 1.112008
0.667705 1.114864
0.670865 1.118204
0.673281 1.121151
0.675887 1.124317
0.678031 1.127178
0.680229 1.130180
0.682593 1.133392
0.318931 -0.104828
0.327496 -0.101344
0.331733 -0.099550
0.340638 -0.096163
0.347508 -0.093640
0.353748 -0.091423
0.363854 -0.088090
0.368438 -0.086575
0.377854 -0.083655
0.385826 -0.081293
0.392031 -0.079513
0.404233 -0.076094
0.797268 0.489703
0.798338 0.492437
0.799235 0.494838
0.800187 0.497464
0.801075 0.500042
0.801937 0.502575
0.802832 0.505369
0.803677 0.508047
0.804438 0.510592
0.805315 0.513619
0.805968 0.516049
0.806705 0.518773
0.958812 0.344704
0.966054 0.361516
0.973058 0.380129
0.979676 0.400761
0.985953 0.424327
0.991294 0.449720
0.995583 0.477276
0.998626 0.507556
1.000210 0.541829
0.999630 0.583222
0.996277 0.628576
0.989659 0.678163
0.441184 0.887514
0.443662 0.889002
0.445889 0.890348
0.448212 0.891722
0.450579 0.893131
0.452848 0.894466
0.455273 0.895869
0.457915 0.897405
0.459884 0.898538
0.462805 0.900200
0.464702 0.901306
0.467364 0.902809
0.754628 0.170963
0.765804 0.176704
0.776551 0.182604
0.786861 0.188607
0.796573 0.194600
0.806407 0.201026
0.816465 0.207985
0.825896 0.214906
0.835117 0.222060
0.844089 0.229426
0.853505 0.237619
0.861988 0.245452
0.161728 0.994707
0.167035 0.999517
0.172937 1.004816
0.179007 1.010175
0.185343 1.015620
0.191644 1.020925
0.198429 1.026538
0.205215 1.031982
0.211777 1.037127
0.218332 1.042158
0.225121 1.047224
0.232122 1.052334
1.006972 0.436536
1.013314 0.477591
1.017225 0.525925
1.017623 0.575935
1.014083 0.633656
1.005395 0.699992
0.991274 0.772355
0.973900 0.842313
0.955211 0.905503
0.938963 0.953288
0.925455 0.988541
0.912281 1.019595
0.135594 0.783807
0.141911 0.792870
0.147835 0.800919
0.154982 0.810385
0.162827 0.820339
0.170404 0.829451
0.179229 0.839688
0.188584 0.850015
0.198250 0.860208
0.208640 0.870621
0.220037 0.881549
0.231181 0.891661
0.248219 0.504360
0.253860 0.508575
0.259717 0.512684
0.265798 0.516739
0.272067 0.520703
0.278545 0.524610
0.285217 0.528491
0.292069 0.532324
0.299111 0.536172
0.306319 0.540015
0.313681 0.543871
0.321184 0.547779
0.641606 0.398485
0.650155 0.401573
0.658494 0.404938
0.666884 0.408746
0.674406 0.412515
0.682410 0.416964
0.689905 0.421568
0.696939 0.426320
0.704115 0.431662
0.710768 0.437098
0.717221 0.442884
0.723400 0.448966
0.612938 1.009513
0.619005 1.013645
0.624783 1.017766
0.630538 1.022040
0.635645 1.026179
0.640999 1.030657
0.645655 1.034865
0.650119 1.039097
0.654651 1.043673
0.658970 1.048262
0.662885 1.052688
0.666777 1.057383
0.929376 0.412086
0.934335 0.427187
0.938721 0.442964
0.942464 0.458986
0.945713 0.476329
0.948693 0.497844
0.950444 0.517106
0.951376 0.536904
0.951477 0.562536
0.950267 0.589281
0.948160 0.613164
0.944889 0.639051
0.499624 0.966655
0.508605 0.970713
0.515903 0.974013
0.524871 0.978006
0.531811 0.981179
0.540628 0.985076
0.546591 0.987872
0.555051 0.991694
0.561170 0.994591
0.568703 0.998094
0.574604 1.000996
0.581399 1.004377
0.093777 0.808639
0.096086 0.812223
0.098546 0.815985
0.100927 0.819531
0.103413 0.823158
0.105934 0.826781
0.108527 0.830460
0.111278 0.834291
0.114021 0.838025
0.116848 0.841790
0.119869 0.845780
0.123165 0.850078
