-1.370201676502168786e-01 2.482391441733418913e-01 2.244353297944172987e-01 -1.513736503890239227e-01
-3.861026536203060466e-02 1.357669086488194621e-02 -7.747005417391150672e-06 -1.795037958063210870e-01
-5.072161359137865588e-01 2.564247103915778814e-01 3.588746006466228544e-01 -1.547350347341729104e-01
-5.892159111318522047e-02 -7.495960315678673602e-02 -6.603916753801261641e-02 -2.805772632979467440e-01
-6.048644229079619405e-01 -2.844849024659674708e-01 -4.871556412044486528e-02 2.263441338903177669e-01
-2.367947747308508932e-02 -1.123839142900649735e-01 -1.352752082748509277e-01 -2.886024365092461630e-01
-2.638543020435378805e-01 -3.132354281623346837e-01 -1.866609401705771054e-01 1.867957224306463215e-01
-5.811288206439510842e-03 -2.969793830482869712e-02 -6.852994045152462077e-02 -1.723627436087195597e-01
-8.451783080413464988e-02 1.638663387355008827e-01 1.821706565810246592e-01 5.955513530205528740e-03
2.698278635281433496e-02 4.665895964233067461e-02 2.976169452898808770e-02 8.031465649114902239e-02
-2.824308740824243436e-01 2.012912202395547856e-01 2.513450893164748123e-01 -7.322523921828326399e-02
2.409950824533058436e-02 5.101383772122607130e-02 7.019253263832599121e-02 2.751171790301237263e-01
-3.405244054798047815e-01 -1.909999470380772668e-01 -9.454722662243336684e-02 6.211830336114287227e-02
1.255066093556591461e-02 3.171168802971679329e-02 2.149437551966354096e-02 2.697537576304619988e-01
-1.555518895460967221e-01 -2.164864342554392029e-01 -1.775904080503287463e-01 6.003010426692473311e-02
9.702571607623654629e-03 -4.635748202659328854e-02 3.871121110497207501e-02 4.247026906370282573e-02
6.316148969017429393e-02 1.498734092788754912e-01 1.560586504972039656e-01 5.118593932873485297e-01
5.342461191525440384e-02 -1.473838907640922236e-01 -1.211767991270760597e-01 2.599851258328061618e-02
-8.044669600918041841e-03 3.914453747459663313e-04 -1.955533435185611256e-03 -2.629874958563660492e-02
1.728143889324521010e-02 -8.535960717677881782e-02 -1.012013391324931705e-01 7.018817581953394613e-02
-1.923007319803994933e-02 -4.857885768304099489e-02 -3.307629266516377842e-02 -3.790355595176442965e-02
4.800852013631245856e-03 -5.670913921536144958e-02 -5.794615656169728284e-03 1.480709020442192922e-02
-1.302994756590735055e-02 -9.385179166182084157e-03 -4.283970133340778835e-02 1.145951559817850844e-02
1.309296740225383004e-01 -4.045232058181740253e-01 4.663508302297670327e-01 -2.675881176775440212e-02
6.359447179360432079e-02 1.169460223486775141e-01 1.340016147694288728e-01 4.352272351663777350e-01
4.443784231635135307e-02 -1.217789503002681406e-01 -1.073178973548581244e-01 5.587030297027249098e-02
4.418444285498941866e-03 -4.329940142979343820e-02 -3.290815323249548369e-02 -2.305917651670436400e-02
9.738787435125991279e-03 -1.802353673651613947e-02 -9.873725981639194793e-02 5.067603466497177384e-02
-7.095272839108680667e-03 -5.367498839858084181e-02 -2.319276234109624718e-02 -4.661864860871606231e-02
5.071133635849308340e-03 -2.851302683927255457e-02 6.219498921846688261e-02 -2.836299719827431454e-02
2.449015577439667395e-03 7.045284529434610483e-03 1.135281601742007575e-02 -9.550996298889675995e-03
1.522118083952986589e-01 -5.102795395724585292e-01 5.450539985078849403e-01 -6.318710620307940729e-02
