7.979613494873046875e+01
8.013704681396484375e+01
8.047795104980468750e+01
8.081886291503906250e+01
8.115977478027343750e+01
8.150067901611328125e+01
8.184159088134765625e+01
8.218249511718750000e+01
8.252340698242187500e+01
8.286431884765625000e+01
8.320522308349609375e+01
8.354613494873046875e+01
5.156717681884765625e+01
5.229771041870117188e+01
5.302824401855468750e+01
5.375877380371093750e+01
5.448930740356445312e+01
5.521984100341796875e+01
5.595037078857421875e+01
5.668090438842773438e+01
5.741143798828125000e+01
5.814196777343750000e+01
5.887250137329101562e+01
5.960303497314453125e+01
7.900338745117187500e+01
7.970256042480468750e+01
8.040173339843750000e+01
8.110091400146484375e+01
8.180008697509765625e+01
8.249926757812500000e+01
8.319844055175781250e+01
8.389761352539062500e+01
8.459678649902343750e+01
8.529596710205078125e+01
8.599514007568359375e+01
8.669432067871093750e+01
7.752054595947265625e+01
7.769261169433593750e+01
7.786467742919921875e+01
7.803674316406250000e+01
7.820880889892578125e+01
7.838087463378906250e+01
7.855294036865234375e+01
7.872500610351562500e+01
7.889706420898437500e+01
7.906912994384765625e+01
7.924119567871093750e+01
7.941326141357421875e+01
9.444904327392578125e+01
9.511365509033203125e+01
9.577825927734375000e+01
9.644287109375000000e+01
9.710748291015625000e+01
9.777208709716796875e+01
9.843669128417968750e+01
9.910130310058593750e+01
9.976591491699218750e+01
1.004305191040039062e+02
1.010951309204101562e+02
1.017597351074218750e+02
6.383095550537109375e+01
6.453001403808593750e+01
6.522908020019531250e+01
6.592813873291015625e+01
6.662720489501953125e+01
6.732626342773437500e+01
6.802532958984375000e+01
6.872438812255859375e+01
6.942344665527343750e+01
7.012251281738281250e+01
7.082157135009765625e+01
7.152063751220703125e+01
7.375148010253906250e+01
7.435639953613281250e+01
7.496131134033203125e+01
7.556623077392578125e+01
7.617114257812500000e+01
7.677606201171875000e+01
7.738097381591796875e+01
7.798589324951171875e+01
7.859080505371093750e+01
7.919572448730468750e+01
7.980063629150390625e+01
8.040555572509765625e+01
9.696171569824218750e+01
9.754676055908203125e+01
9.813180541992187500e+01
9.871685791015625000e+01
9.930190277099609375e+01
9.988695526123046875e+01
1.004720001220703125e+02
1.010570526123046875e+02
1.016420974731445312e+02
1.022271423339843750e+02
1.028121948242187500e+02
1.033972396850585938e+02
7.961164855957031250e+01
8.020348358154296875e+01
8.079532623291015625e+01
8.138716125488281250e+01
8.197900390625000000e+01
8.257084655761718750e+01
8.316268157958984375e+01
8.375452423095703125e+01
8.434635925292968750e+01
8.493820190429687500e+01
8.553003692626953125e+01
8.612187957763671875e+01
6.212173843383789062e+01
6.285723876953125000e+01
6.359273910522460938e+01
6.432823944091796875e+01
6.506373596191406250e+01
6.579924011230468750e+01
6.653474426269531250e+01
6.727024078369140625e+01
6.800573730468750000e+01
6.874124145507812500e+01
6.947673797607421875e+01
7.021224212646484375e+01
8.604232025146484375e+01
8.657832336425781250e+01
8.711431884765625000e+01
8.765032196044921875e+01
8.818632507324218750e+01
8.872232055664062500e+01
8.925832366943359375e+01
8.979431915283203125e+01
9.033032226562500000e+01
9.086631774902343750e+01
9.140232086181640625e+01
9.193832397460937500e+01
6.511761474609375000e+01
6.579845428466796875e+01
6.647928619384765625e+01
6.716012573242187500e+01
6.784095764160156250e+01
6.852179718017578125e+01
6.920263671875000000e+01
6.988346862792968750e+01
7.056430816650390625e+01
7.124514007568359375e+01
7.192597961425781250e+01
7.260681915283203125e+01
4.808762359619140625e+01
4.872885131835937500e+01
4.937007904052734375e+01
5.001130676269531250e+01
5.065253448486328125e+01
5.129376220703125000e+01
5.193498992919921875e+01
5.257621765136718750e+01
5.321744537353515625e+01
5.385867309570312500e+01
5.449990081787109375e+01
5.514112854003906250e+01
6.475901031494140625e+01
6.532782745361328125e+01
6.589665222167968750e+01
6.646546936035156250e+01
6.703429412841796875e+01
6.760311126708984375e+01
6.817193603515625000e+01
6.874075317382812500e+01
6.930957794189453125e+01
6.987840270996093750e+01
7.044721984863281250e+01
7.101604461669921875e+01
6.850886535644531250e+01
6.909667968750000000e+01
6.968449401855468750e+01
7.027231597900390625e+01
7.086013031005859375e+01
7.144794464111328125e+01
7.203575897216796875e+01
7.262358093261718750e+01
7.321139526367187500e+01
7.379920959472656250e+01
7.438702392578125000e+01
7.497483825683593750e+01
7.984454345703125000e+01
8.046962738037109375e+01
8.109471130371093750e+01
8.171978759765625000e+01
8.234487152099609375e+01
8.296995544433593750e+01
8.359503173828125000e+01
8.422011566162109375e+01
8.484519958496093750e+01
8.547027587890625000e+01
8.609535980224609375e+01
8.672044372558593750e+01
5.976037597656250000e+01
6.038352203369140625e+01
6.100666427612304688e+01
6.162980651855468750e+01
6.225294494628906250e+01
6.287608337402343750e+01
6.349922943115234375e+01
6.412236785888671875e+01
6.474551391601562500e+01
6.536865234375000000e+01
6.599179840087890625e+01
6.661493682861328125e+01
9.854451751708984375e+01
9.915731811523437500e+01
9.977011108398437500e+01
1.003829193115234375e+02
1.009957122802734375e+02
1.016085128784179688e+02
1.022213134765625000e+02
1.028341140747070312e+02
1.034469146728515625e+02
1.040597076416015625e+02
1.046725158691406250e+02
1.052853088378906250e+02
7.780744934082031250e+01
7.797309112548828125e+01
7.813874053955078125e+01
7.830438232421875000e+01
7.847003173828125000e+01
7.863568115234375000e+01
7.880132293701171875e+01
7.896697235107421875e+01
7.913261413574218750e+01
7.929826354980468750e+01
7.946390533447265625e+01
7.962955474853515625e+01
5.705737304687500000e+01
5.791671752929687500e+01
5.877605819702148438e+01
5.963540267944335938e+01
6.049474334716796875e+01
6.135408782958984375e+01
6.221342849731445312e+01
6.307277297973632812e+01
6.393211364746093750e+01
6.479145812988281250e+01
6.565080261230468750e+01
6.651013946533203125e+01
8.104287719726562500e+01
8.121460723876953125e+01
8.138632965087890625e+01
8.155805206298828125e+01
8.172978210449218750e+01
8.190150451660156250e+01
8.207322692871093750e+01
8.224495697021484375e+01
8.241667938232421875e+01
8.258840942382812500e+01
8.276013183593750000e+01
8.293185424804687500e+01
7.967009735107421875e+01
8.029770660400390625e+01
8.092531585693359375e+01
8.155291748046875000e+01
8.218052673339843750e+01
8.280813598632812500e+01
8.343574523925781250e+01
8.406335449218750000e+01
8.469096374511718750e+01
8.531857299804687500e+01
8.594617462158203125e+01
8.657378387451171875e+01
6.562117004394531250e+01
6.629976654052734375e+01
6.697837066650390625e+01
6.765696716308593750e+01
6.833557128906250000e+01
6.901416778564453125e+01
6.969276428222656250e+01
7.037136840820312500e+01
7.104996490478515625e+01
7.172856140136718750e+01
7.240716552734375000e+01
7.308576202392578125e+01
7.039441680908203125e+01
7.114644622802734375e+01
7.189847564697265625e+01
7.265050506591796875e+01
7.340253448486328125e+01
7.415456390380859375e+01
7.490659332275390625e+01
7.565861511230468750e+01
7.641064453125000000e+01
7.716267395019531250e+01
7.791470336914062500e+01
7.866673278808593750e+01
7.697907257080078125e+01
7.767933654785156250e+01
7.837959289550781250e+01
7.907984924316406250e+01
7.978011322021484375e+01
8.048036956787109375e+01
8.118063354492187500e+01
8.188088989257812500e+01
8.258114624023437500e+01
8.328141021728515625e+01
8.398166656494140625e+01
8.468193054199218750e+01
9.893741607666015625e+01
9.931184387207031250e+01
9.968627929687500000e+01
1.000607147216796875e+02
1.004351425170898438e+02
1.008095779418945312e+02
1.011840057373046875e+02
1.015584411621093750e+02
1.019328765869140625e+02
1.023073043823242188e+02
1.026817398071289062e+02
1.030561676025390625e+02
6.722514343261718750e+01
6.792666625976562500e+01
6.862818908691406250e+01
6.932971191406250000e+01
7.003124237060546875e+01
7.073276519775390625e+01
7.143428802490234375e+01
7.213581848144531250e+01
7.283734130859375000e+01
7.353886413574218750e+01
7.424039459228515625e+01
7.494191741943359375e+01
7.509321594238281250e+01
7.526213836669921875e+01
7.543106079101562500e+01
7.559999084472656250e+01
7.576891326904296875e+01
7.593784332275390625e+01
7.610676574707031250e+01
7.627568817138671875e+01
7.644461822509765625e+01
7.661354064941406250e+01
7.678247070312500000e+01
7.695139312744140625e+01
6.877074432373046875e+01
6.944042205810546875e+01
7.011009216308593750e+01
7.077976989746093750e+01
7.144944763183593750e+01
7.211911773681640625e+01
7.278879547119140625e+01
7.345847320556640625e+01
7.412814331054687500e+01
7.479782104492187500e+01
7.546749877929687500e+01
7.613716888427734375e+01
7.339695739746093750e+01
7.356552886962890625e+01
7.373410034179687500e+01
7.390267181396484375e+01
7.407124328613281250e+01
7.423981475830078125e+01
7.440838623046875000e+01
7.457695770263671875e+01
7.474552917480468750e+01
7.491410064697265625e+01
7.508267211914062500e+01
7.525124359130859375e+01
6.900545501708984375e+01
6.970629882812500000e+01
7.040715026855468750e+01
7.110799407958984375e+01
7.180884552001953125e+01
7.250968933105468750e+01
7.321053314208984375e+01
7.391138458251953125e+01
7.461222839355468750e+01
7.531307220458984375e+01
7.601392364501953125e+01
7.671476745605468750e+01
9.507695770263671875e+01
9.572086334228515625e+01
9.636476898193359375e+01
9.700868225097656250e+01
9.765258789062500000e+01
9.829649353027343750e+01
9.894039916992187500e+01
9.958430480957031250e+01
1.002282180786132812e+02
1.008721237182617188e+02
1.015160293579101562e+02
1.021599426269531250e+02
7.662966918945312500e+01
7.680020141601562500e+01
7.697072601318359375e+01
7.714125061035156250e+01
7.731178283691406250e+01
7.748230743408203125e+01
7.765283203125000000e+01
7.782336425781250000e+01
7.799388885498046875e+01
7.816441345214843750e+01
7.833494567871093750e+01
7.850547027587890625e+01
6.308536529541015625e+01
6.325819778442382812e+01
6.343103027343750000e+01
6.360386657714843750e+01
6.377669906616210938e+01
6.394953155517578125e+01
6.412236022949218750e+01
6.429519653320312500e+01
6.446803283691406250e+01
6.464086151123046875e+01
6.481369781494140625e+01
6.498652648925781250e+01
7.838175201416015625e+01
7.883844757080078125e+01
7.929513549804687500e+01
7.975183105468750000e+01
8.020852661132812500e+01
8.066522216796875000e+01
8.112191772460937500e+01
8.157860565185546875e+01
8.203530120849609375e+01
8.249199676513671875e+01
8.294869232177734375e+01
8.340538024902343750e+01
7.347456359863281250e+01
7.404549407958984375e+01
7.461643218994140625e+01
7.518737030029296875e+01
7.575830841064453125e+01
7.632924652099609375e+01
7.690017700195312500e+01
7.747111511230468750e+01
7.804205322265625000e+01
7.861299133300781250e+01
7.918392944335937500e+01
7.975486755371093750e+01
6.271767044067382812e+01
6.337486267089843750e+01
6.403205108642578125e+01
6.468923950195312500e+01
6.534643554687500000e+01
6.600362396240234375e+01
6.666081237792968750e+01
6.731800842285156250e+01
6.797519683837890625e+01
6.863238525390625000e+01
6.928957366943359375e+01
6.994676971435546875e+01
7.196350097656250000e+01
7.263863372802734375e+01
7.331375885009765625e+01
7.398889160156250000e+01
7.466402435302734375e+01
7.533914947509765625e+01
7.601428222656250000e+01
7.668940734863281250e+01
7.736454010009765625e+01
7.803967285156250000e+01
7.871479797363281250e+01
7.938993072509765625e+01
9.741143798828125000e+01
9.791506958007812500e+01
9.841869354248046875e+01
9.892231750488281250e+01
9.942594146728515625e+01
9.992956542968750000e+01
1.004331970214843750e+02
1.009368209838867188e+02
1.014404449462890625e+02
1.019440689086914062e+02
1.024476928710937500e+02
1.029513244628906250e+02
7.682610321044921875e+01
7.699828338623046875e+01
7.717045593261718750e+01
7.734263610839843750e+01
7.751481628417968750e+01
7.768698883056640625e+01
7.785916900634765625e+01
7.803134155273437500e+01
7.820352172851562500e+01
7.837569427490234375e+01
7.854787445068359375e+01
7.872005462646484375e+01
5.287826156616210938e+01
5.361774444580078125e+01
5.435723114013671875e+01
5.509671783447265625e+01
5.583620071411132812e+01
5.657568740844726562e+01
5.731517028808593750e+01
5.805465698242187500e+01
5.879413986206054688e+01
5.953362655639648438e+01
6.027310943603515625e+01
6.101259613037109375e+01
7.619047546386718750e+01
7.696311950683593750e+01
7.773576354980468750e+01
7.850840759277343750e+01
7.928105163574218750e+01
8.005369567871093750e+01
8.082634735107421875e+01
8.159899139404296875e+01
8.237163543701171875e+01
8.314427947998046875e+01
8.391692352294921875e+01
8.468956756591796875e+01
5.144221496582031250e+01
5.219031906127929688e+01
5.293841934204101562e+01
5.368651962280273438e+01
5.443462371826171875e+01
5.518272399902343750e+01
5.593082427978515625e+01
5.667892456054687500e+01
5.742702484130859375e+01
5.817512512207031250e+01
5.892322540283203125e+01
5.967132949829101562e+01
5.932276153564453125e+01
6.007594299316406250e+01
6.082912445068359375e+01
6.158230209350585938e+01
6.233548355102539062e+01
6.308866500854492188e+01
6.384184265136718750e+01
6.459502410888671875e+01
6.534820556640625000e+01
6.610138702392578125e+01
6.685456848144531250e+01
6.760774230957031250e+01
5.896704864501953125e+01
5.943284988403320312e+01
5.989865112304687500e+01
6.036445617675781250e+01
6.083025741577148438e+01
6.129605865478515625e+01
6.176185989379882812e+01
6.222766113281250000e+01
6.269346618652343750e+01
6.315926742553710938e+01
6.362506866455078125e+01
6.409087371826171875e+01
7.912790679931640625e+01
7.930020141601562500e+01
7.947249603271484375e+01
7.964479064941406250e+01
7.981709289550781250e+01
7.998938751220703125e+01
8.016168212890625000e+01
8.033398437500000000e+01
8.050627899169921875e+01
8.067857360839843750e+01
8.085086822509765625e+01
8.102317047119140625e+01
6.260768127441406250e+01
6.319684600830078125e+01
6.378601455688476562e+01
6.437518310546875000e+01
6.496434783935546875e+01
6.555352020263671875e+01
6.614268493652343750e+01
6.673185729980468750e+01
6.732102203369140625e+01
6.791018676757812500e+01
6.849935913085937500e+01
6.908852386474609375e+01
5.713492584228515625e+01
5.775498962402343750e+01
5.837506103515625000e+01
5.899512481689453125e+01
5.961519241333007812e+01
6.023526000976562500e+01
6.085532760620117188e+01
6.147539520263671875e+01
6.209545898437500000e+01
6.271552658081054688e+01
6.333559417724609375e+01
6.395566177368164062e+01
7.957787322998046875e+01
8.037411499023437500e+01
8.117035675048828125e+01
8.196659851074218750e+01
8.276284790039062500e+01
8.355908966064453125e+01
8.435533142089843750e+01
8.515158081054687500e+01
8.594782257080078125e+01
8.674406433105468750e+01
8.754031372070312500e+01
8.833655548095703125e+01
5.881546783447265625e+01
5.952305603027343750e+01
6.023064422607421875e+01
6.093823623657226562e+01
6.164582443237304688e+01
6.235341644287109375e+01
6.306100463867187500e+01
6.376859283447265625e+01
6.447618103027343750e+01
6.518376922607421875e+01
6.589136505126953125e+01
6.659895324707031250e+01
5.682508468627929688e+01
5.728932189941406250e+01
5.775356292724609375e+01
5.821780014038085938e+01
5.868203735351562500e+01
5.914627456665039062e+01
5.961051177978515625e+01
6.007475280761718750e+01
6.053899002075195312e+01
6.100322723388671875e+01
6.146746444702148438e+01
6.193170166015625000e+01
8.895066833496093750e+01
8.951766967773437500e+01
9.008467864990234375e+01
9.065168762207031250e+01
9.121868896484375000e+01
9.178569030761718750e+01
9.235269927978515625e+01
9.291970825195312500e+01
9.348670959472656250e+01
9.405371093750000000e+01
9.462071990966796875e+01
9.518772888183593750e+01
9.207122039794921875e+01
9.265605163574218750e+01
9.324087524414062500e+01
9.382570648193359375e+01
9.441053771972656250e+01
9.499536132812500000e+01
9.558019256591796875e+01
9.616502380371093750e+01
9.674985504150390625e+01
9.733468627929687500e+01
9.791950988769531250e+01
9.850434112548828125e+01
7.904608154296875000e+01
7.965822601318359375e+01
8.027037048339843750e+01
8.088250732421875000e+01
8.149465179443359375e+01
8.210678863525390625e+01
8.271893310546875000e+01
8.333107757568359375e+01
8.394321441650390625e+01
8.455535888671875000e+01
8.516749572753906250e+01
8.577964019775390625e+01
3.300556564331054688e+01
3.346967315673828125e+01
3.393377685546875000e+01
3.439788436889648438e+01
3.486198806762695312e+01
3.532609176635742188e+01
3.579019927978515625e+01
3.625430297851562500e+01
3.671841049194335938e+01
3.718251419067382812e+01
3.764662170410156250e+01
3.811072540283203125e+01
7.626896667480468750e+01
7.659488677978515625e+01
7.692080688476562500e+01
7.724672698974609375e+01
7.757264709472656250e+01
7.789856719970703125e+01
7.822448730468750000e+01
7.855041503906250000e+01
7.887633514404296875e+01
7.920225524902343750e+01
7.952817535400390625e+01
7.985409545898437500e+01
8.108776092529296875e+01
8.126033020019531250e+01
8.143289184570312500e+01
8.160546112060546875e+01
8.177803039550781250e+01
8.195059204101562500e+01
8.212316131591796875e+01
8.229573059082031250e+01
8.246829223632812500e+01
8.264086151123046875e+01
8.281343078613281250e+01
8.298599243164062500e+01
8.452758789062500000e+01
8.469969940185546875e+01
8.487181091308593750e+01
8.504392242431640625e+01
8.521603393554687500e+01
8.538814544677734375e+01
8.556025695800781250e+01
8.573236846923828125e+01
8.590447998046875000e+01
8.607659149169921875e+01
8.624870300292968750e+01
8.642081451416015625e+01
8.860744476318359375e+01
8.911445617675781250e+01
8.962146759033203125e+01
9.012847900390625000e+01
9.063549804687500000e+01
9.114250946044921875e+01
9.164952087402343750e+01
9.215653991699218750e+01
9.266354370117187500e+01
9.317056274414062500e+01
9.367757415771484375e+01
9.418458557128906250e+01
4.038385391235351562e+01
4.097781372070312500e+01
4.157177734375000000e+01
4.216574096679687500e+01
4.275970077514648438e+01
4.335366058349609375e+01
4.394762420654296875e+01
4.454158782958984375e+01
4.513555145263671875e+01
4.572951126098632812e+01
4.632347106933593750e+01
4.691743469238281250e+01
9.098944854736328125e+01
9.166732025146484375e+01
9.234518432617187500e+01
9.302305603027343750e+01
9.370092010498046875e+01
9.437878417968750000e+01
9.505665588378906250e+01
9.573451995849609375e+01
9.641239166259765625e+01
9.709025573730468750e+01
9.776812744140625000e+01
9.844599151611328125e+01
7.778495788574218750e+01
7.839840698242187500e+01
7.901185607910156250e+01
7.962531280517578125e+01
8.023876953125000000e+01
8.085221862792968750e+01
8.146567535400390625e+01
8.207912445068359375e+01
8.269258117675781250e+01
8.330603027343750000e+01
8.391947937011718750e+01
8.453293609619140625e+01
8.392896270751953125e+01
8.450960540771484375e+01
8.509025573730468750e+01
8.567089843750000000e+01
8.625154113769531250e+01
8.683219146728515625e+01
8.741283416748046875e+01
8.799347686767578125e+01
8.857412719726562500e+01
8.915476989746093750e+01
8.973541259765625000e+01
9.031605529785156250e+01
7.138516998291015625e+01
7.200181579589843750e+01
7.261846923828125000e+01
7.323512268066406250e+01
7.385176849365234375e+01
7.446842193603515625e+01
7.508507537841796875e+01
7.570172119140625000e+01
7.631837463378906250e+01
7.693502807617187500e+01
7.755167388916015625e+01
7.816832733154296875e+01
4.165128326416015625e+01
4.225420379638671875e+01
4.285711669921875000e+01
4.346003341674804688e+01
4.406295013427734375e+01
4.466586685180664062e+01
4.526878356933593750e+01
4.587169647216796875e+01
4.647461700439453125e+01
4.707752990722656250e+01
4.768045043945312500e+01
4.828336334228515625e+01
7.001240539550781250e+01
7.073271179199218750e+01
7.145301055908203125e+01
7.217331695556640625e+01
7.289361572265625000e+01
7.361392211914062500e+01
7.433422851562500000e+01
7.505452728271484375e+01
7.577483367919921875e+01
7.649513244628906250e+01
7.721543884277343750e+01
7.793573760986328125e+01
5.592175674438476562e+01
5.668361282348632812e+01
5.744547271728515625e+01
5.820732879638671875e+01
5.896918869018554688e+01
5.973104476928710938e+01
6.049290466308593750e+01
6.125476074218750000e+01
6.201661682128906250e+01
6.277847671508789062e+01
6.354033660888671875e+01
6.430218505859375000e+01
6.708182525634765625e+01
6.777091217041015625e+01
6.846000671386718750e+01
6.914910125732421875e+01
6.983819580078125000e+01
7.052728271484375000e+01
7.121637725830078125e+01
7.190547180175781250e+01
7.259455871582031250e+01
7.328365325927734375e+01
7.397274780273437500e+01
7.466184234619140625e+01
6.990579986572265625e+01
7.073011779785156250e+01
7.155445098876953125e+01
7.237877655029296875e+01
7.320310974121093750e+01
7.402744293212890625e+01
7.485176849365234375e+01
7.567610168457031250e+01
7.650042724609375000e+01
7.732476043701171875e+01
7.814908599853515625e+01
7.897341918945312500e+01
5.440719604492187500e+01
5.522177124023437500e+01
5.603634262084960938e+01
5.685091781616210938e+01
5.766549301147460938e+01
5.848006820678710938e+01
5.929464340209960938e+01
6.010922241210937500e+01
6.092379760742187500e+01
6.173837280273437500e+01
6.255294799804687500e+01
6.336752319335937500e+01
6.031970596313476562e+01
6.090528869628906250e+01
6.149087524414062500e+01
6.207646179199218750e+01
6.266204071044921875e+01
6.324762725830078125e+01
6.383320617675781250e+01
6.441879272460937500e+01
6.500437164306640625e+01
6.558995819091796875e+01
6.617553710937500000e+01
6.676112365722656250e+01
5.371083831787109375e+01
5.400310134887695312e+01
5.429536437988281250e+01
5.458762741088867188e+01
5.487989044189453125e+01
5.517215347290039062e+01
5.546441650390625000e+01
5.575667953491210938e+01
5.604894256591796875e+01
5.634120559692382812e+01
5.663346862792968750e+01
5.692573547363281250e+01
6.665554809570312500e+01
6.732501220703125000e+01
6.799448394775390625e+01
6.866394805908203125e+01
6.933341979980468750e+01
7.000288391113281250e+01
7.067235565185546875e+01
7.134181976318359375e+01
7.201129150390625000e+01
7.268075561523437500e+01
7.335022735595703125e+01
7.401969146728515625e+01
7.750125885009765625e+01
7.767313385009765625e+01
7.784500122070312500e+01
7.801687622070312500e+01
7.818875122070312500e+01
7.836062622070312500e+01
7.853250122070312500e+01
7.870437622070312500e+01
7.887625122070312500e+01
7.904812622070312500e+01
7.922000122070312500e+01
7.939187622070312500e+01
5.243552780151367188e+01
5.299544525146484375e+01
5.355536270141601562e+01
5.411528015136718750e+01
5.467519760131835938e+01
5.523511505126953125e+01
5.579502868652343750e+01
5.635494995117187500e+01
5.691486358642578125e+01
5.747478103637695312e+01
5.803469848632812500e+01
5.859461593627929688e+01
7.290219116210937500e+01
7.364387512207031250e+01
7.438556671142578125e+01
7.512725067138671875e+01
7.586893463134765625e+01
7.661062622070312500e+01
7.735231018066406250e+01
7.809400177001953125e+01
7.883568572998046875e+01
7.957736968994140625e+01
8.031906127929687500e+01
8.106074523925781250e+01
6.793592834472656250e+01
6.858579254150390625e+01
6.923566436767578125e+01
6.988552856445312500e+01
7.053540039062500000e+01
7.118526458740234375e+01
7.183513641357421875e+01
7.248500061035156250e+01
7.313487243652343750e+01
7.378474426269531250e+01
7.443460845947265625e+01
7.508448028564453125e+01
8.426251220703125000e+01
8.483889770507812500e+01
8.541528320312500000e+01
8.599167633056640625e+01
8.656806182861328125e+01
8.714444732666015625e+01
8.772083282470703125e+01
8.829722595214843750e+01
8.887361145019531250e+01
8.944999694824218750e+01
9.002638244628906250e+01
9.060276794433593750e+01
6.634274291992187500e+01
6.699042510986328125e+01
6.763811492919921875e+01
6.828579711914062500e+01
6.893348693847656250e+01
6.958116912841796875e+01
7.022885894775390625e+01
7.087654113769531250e+01
7.152423095703125000e+01
7.217191314697265625e+01
7.281960296630859375e+01
7.346728515625000000e+01
7.357432556152343750e+01
7.374256896972656250e+01
7.391082000732421875e+01
7.407907104492187500e+01
7.424732208251953125e+01
7.441557312011718750e+01
7.458382415771484375e+01
7.475206756591796875e+01
7.492031860351562500e+01
7.508856964111328125e+01
7.525682067871093750e+01
7.542507171630859375e+01
8.000354766845703125e+01
8.017620086669921875e+01
8.034886169433593750e+01
8.052152252197265625e+01
8.069417572021484375e+01
8.086683654785156250e+01
8.103949737548828125e+01
8.121215057373046875e+01
8.138481140136718750e+01
8.155747222900390625e+01
8.173013305664062500e+01
8.190278625488281250e+01
7.933109283447265625e+01
7.950332641601562500e+01
7.967555999755859375e+01
7.984779357910156250e+01
8.002002716064453125e+01
8.019226074218750000e+01
8.036449432373046875e+01
8.053672790527343750e+01
8.070896148681640625e+01
8.088119506835937500e+01
8.105342864990234375e+01
8.122566223144531250e+01
8.832325744628906250e+01
8.883078765869140625e+01
8.933831787109375000e+01
8.984584808349609375e+01
9.035337829589843750e+01
9.086091613769531250e+01
9.136844635009765625e+01
9.187597656250000000e+01
9.238350677490234375e+01
9.289103698730468750e+01
9.339856719970703125e+01
9.390609741210937500e+01
4.936507415771484375e+01
4.997147369384765625e+01
5.057787322998046875e+01
5.118426895141601562e+01
5.179066467285156250e+01
5.239706420898437500e+01
5.300345993041992188e+01
5.360985565185546875e+01
5.421625518798828125e+01
5.482265090942382812e+01
5.542904663085937500e+01
5.603544616699218750e+01
8.177501678466796875e+01
8.194787597656250000e+01
8.212074279785156250e+01
8.229360198974609375e+01
8.246646118164062500e+01
8.263932800292968750e+01
8.281218719482421875e+01
8.298504638671875000e+01
8.315790557861328125e+01
8.333077239990234375e+01
8.350363159179687500e+01
8.367649078369140625e+01
7.684069824218750000e+01
7.700587463378906250e+01
7.717105102539062500e+01
7.733622741699218750e+01
7.750140380859375000e+01
7.766658020019531250e+01
7.783175659179687500e+01
7.799693298339843750e+01
7.816210937500000000e+01
7.832728576660156250e+01
7.849246215820312500e+01
7.865763854980468750e+01
6.160504150390625000e+01
6.233693313598632812e+01
6.306882476806640625e+01
6.380071258544921875e+01
6.453260803222656250e+01
6.526449584960937500e+01
6.599638366699218750e+01
6.672827911376953125e+01
6.746016693115234375e+01
6.819206237792968750e+01
6.892395019531250000e+01
6.965584564208984375e+01
7.974671173095703125e+01
8.054410552978515625e+01
8.134150695800781250e+01
8.213890075683593750e+01
8.293629455566406250e+01
8.373369598388671875e+01
8.453108978271484375e+01
8.532849121093750000e+01
8.612588500976562500e+01
8.692328643798828125e+01
8.772068023681640625e+01
8.851808166503906250e+01
8.406477355957031250e+01
8.462789916992187500e+01
8.519102478027343750e+01
8.575415039062500000e+01
8.631727600097656250e+01
8.688040924072265625e+01
8.744353485107421875e+01
8.800666046142578125e+01
8.856978607177734375e+01
8.913291168212890625e+01
8.969604492187500000e+01
9.025917053222656250e+01
7.038260650634765625e+01
7.055178833007812500e+01
7.072096252441406250e+01
7.089014434814453125e+01
7.105932617187500000e+01
7.122850036621093750e+01
7.139768218994140625e+01
7.156686401367187500e+01
7.173604583740234375e+01
7.190522003173828125e+01
7.207440185546875000e+01
7.224358367919921875e+01
9.529345703125000000e+01
9.596184539794921875e+01
9.663023376464843750e+01
9.729861450195312500e+01
9.796700286865234375e+01
9.863539123535156250e+01
9.930377197265625000e+01
9.997216033935546875e+01
1.006405487060546875e+02
1.013089370727539062e+02
1.019773178100585938e+02
1.026457061767578125e+02
5.938104248046875000e+01
5.955389404296875000e+01
5.972674560546875000e+01
5.989959716796875000e+01
6.007244873046875000e+01
6.024530029296875000e+01
6.041815185546875000e+01
6.059100341796875000e+01
6.076385498046875000e+01
6.093670654296875000e+01
6.110955810546875000e+01
6.128240966796875000e+01
5.092605590820312500e+01
5.167343521118164062e+01
5.242081451416015625e+01
5.316819000244140625e+01
5.391556549072265625e+01
5.466294097900390625e+01
5.541032028198242188e+01
5.615769958496093750e+01
5.690507507324218750e+01
5.765245056152343750e+01
5.839982986450195312e+01
5.914720535278320312e+01
4.304559707641601562e+01
4.356215667724609375e+01
4.407872009277343750e+01
4.459527969360351562e+01
4.511183929443359375e+01
4.562840270996093750e+01
4.614496231079101562e+01
4.666152191162109375e+01
4.717808532714843750e+01
4.769464874267578125e+01
4.821120834350585938e+01
4.872776794433593750e+01
5.230820083618164062e+01
5.276724243164062500e+01
5.322628021240234375e+01
5.368532180786132812e+01
5.414436340332031250e+01
5.460340499877929688e+01
5.506244659423828125e+01
5.552148437500000000e+01
5.598052597045898438e+01
5.643956756591796875e+01
5.689860916137695312e+01
5.735765075683593750e+01
8.794888305664062500e+01
8.865274047851562500e+01
8.935660552978515625e+01
9.006047058105468750e+01
9.076432800292968750e+01
9.146818542480468750e+01
9.217205047607421875e+01
9.287591552734375000e+01
9.357977294921875000e+01
9.428363037109375000e+01
9.498749542236328125e+01
9.569136047363281250e+01
6.359140014648437500e+01
6.376636505126953125e+01
6.394132995605468750e+01
6.411630249023437500e+01
6.429126739501953125e+01
6.446623229980468750e+01
6.464119720458984375e+01
6.481616973876953125e+01
6.499113464355468750e+01
6.516609954833984375e+01
6.534106445312500000e+01
6.551603698730468750e+01
7.842302703857421875e+01
7.859328460693359375e+01
7.876354217529296875e+01
7.893379211425781250e+01
7.910404968261718750e+01
7.927430725097656250e+01
7.944456481933593750e+01
7.961482238769531250e+01
7.978507995605468750e+01
7.995533752441406250e+01
8.012559509277343750e+01
8.029584503173828125e+01
5.771851348876953125e+01
5.827547454833984375e+01
5.883243942260742188e+01
5.938940429687500000e+01
5.994636535644531250e+01
6.050333023071289062e+01
6.106029510498046875e+01
6.161725616455078125e+01
6.217422103881835938e+01
6.273118209838867188e+01
6.328814697265625000e+01
6.384510803222656250e+01
6.726917266845703125e+01
6.786267089843750000e+01
6.845616912841796875e+01
6.904966735839843750e+01
6.964315795898437500e+01
7.023665618896484375e+01
7.083015441894531250e+01
7.142364501953125000e+01
7.201714324951171875e+01
7.261064147949218750e+01
7.320413208007812500e+01
7.379763031005859375e+01
4.678618240356445312e+01
4.729358291625976562e+01
4.780097961425781250e+01
4.830838394165039062e+01
4.881578445434570312e+01
4.932318878173828125e+01
4.983058929443359375e+01
5.033798980712890625e+01
5.084539031982421875e+01
5.135279464721679688e+01
5.186019897460937500e+01
5.236759948730468750e+01
6.818636322021484375e+01
6.864073944091796875e+01
6.909511566162109375e+01
6.954949951171875000e+01
7.000387573242187500e+01
7.045825195312500000e+01
7.091262817382812500e+01
7.136701202392578125e+01
7.182138824462890625e+01
7.227576446533203125e+01
7.273014068603515625e+01
7.318452453613281250e+01
6.432586669921875000e+01
6.500485229492187500e+01
6.568383026123046875e+01
6.636280822753906250e+01
6.704179382324218750e+01
6.772077178955078125e+01
6.839974975585937500e+01
6.907872772216796875e+01
6.975771331787109375e+01
7.043669128417968750e+01
7.111566925048828125e+01
7.179464721679687500e+01
4.770353317260742188e+01
4.811779022216796875e+01
4.853204345703125000e+01
4.894629669189453125e+01
4.936054992675781250e+01
4.977480316162109375e+01
5.018905639648437500e+01
5.060331344604492188e+01
5.101756668090820312e+01
5.143182373046875000e+01
5.184607696533203125e+01
5.226033401489257812e+01
7.946849822998046875e+01
8.004462432861328125e+01
8.062075042724609375e+01
8.119686889648437500e+01
8.177299499511718750e+01
8.234911346435546875e+01
8.292523956298828125e+01
8.350136566162109375e+01
8.407748413085937500e+01
8.465361022949218750e+01
8.522972869873046875e+01
8.580585479736328125e+01
5.308305358886718750e+01
5.337230682373046875e+01
5.366156768798828125e+01
5.395082092285156250e+01
5.424008178710937500e+01
5.452933502197265625e+01
5.481859588623046875e+01
5.510784912109375000e+01
5.539710998535156250e+01
5.568636322021484375e+01
5.597562408447265625e+01
5.626488113403320312e+01
6.902650451660156250e+01
6.949935913085937500e+01
6.997221374511718750e+01
7.044507598876953125e+01
7.091793060302734375e+01
7.139079284667968750e+01
7.186364746093750000e+01
7.233650207519531250e+01
7.280936431884765625e+01
7.328221893310546875e+01
7.375508117675781250e+01
7.422793579101562500e+01
4.273829650878906250e+01
4.330382156372070312e+01
4.386934661865234375e+01
4.443487167358398438e+01
4.500039672851562500e+01
4.556592178344726562e+01
4.613144683837890625e+01
4.669697189331054688e+01
4.726249694824218750e+01
4.782802200317382812e+01
4.839354705810546875e+01
4.895907211303710938e+01
8.234710693359375000e+01
8.299363708496093750e+01
8.364016723632812500e+01
8.428669738769531250e+01
8.493323516845703125e+01
8.557976531982421875e+01
8.622629547119140625e+01
8.687283325195312500e+01
8.751936340332031250e+01
8.816589355468750000e+01
8.881242370605468750e+01
8.945896148681640625e+01
5.061344146728515625e+01
5.124119567871093750e+01
5.186894989013671875e+01
5.249670410156250000e+01
5.312445831298828125e+01
5.375221252441406250e+01
5.437996673583984375e+01
5.500772094726562500e+01
5.563547515869140625e+01
5.626322555541992188e+01
5.689097976684570312e+01
5.751873397827148438e+01
7.191664123535156250e+01
7.258805847167968750e+01
7.325947570800781250e+01
7.393089294433593750e+01
7.460231018066406250e+01
7.527372741699218750e+01
7.594514465332031250e+01
7.661656188964843750e+01
7.728797912597656250e+01
7.795939636230468750e+01
7.863081359863281250e+01
7.930223083496093750e+01
8.908650207519531250e+01
8.973308563232421875e+01
9.037966918945312500e+01
9.102626037597656250e+01
9.167284393310546875e+01
9.231942749023437500e+01
9.296601867675781250e+01
9.361260223388671875e+01
9.425919342041015625e+01
9.490577697753906250e+01
9.555236816406250000e+01
9.619895172119140625e+01
5.545230865478515625e+01
5.594338226318359375e+01
5.643446350097656250e+01
5.692554473876953125e+01
5.741662216186523438e+01
5.790769958496093750e+01
5.839878082275390625e+01
5.888985824584960938e+01
5.938093566894531250e+01
5.987201690673828125e+01
6.036309432983398438e+01
6.085417556762695312e+01
8.372113800048828125e+01
8.440863800048828125e+01
8.509613037109375000e+01
8.578362274169921875e+01
8.647112274169921875e+01
8.715861511230468750e+01
8.784610748291015625e+01
8.853359985351562500e+01
8.922109985351562500e+01
8.990859222412109375e+01
9.059608459472656250e+01
9.128358459472656250e+01
4.353544998168945312e+01
4.412538528442382812e+01
4.471532058715820312e+01
4.530525588989257812e+01
4.589519500732421875e+01
4.648513031005859375e+01
4.707506561279296875e+01
4.766500091552734375e+01
4.825493621826171875e+01
4.884487152099609375e+01
4.943480682373046875e+01
5.002474212646484375e+01
8.432656097412109375e+01
8.470889282226562500e+01
8.509123229980468750e+01
8.547356414794921875e+01
8.585590362548828125e+01
8.623823547363281250e+01
8.662057495117187500e+01
8.700290679931640625e+01
8.738524627685546875e+01
8.776757812500000000e+01
8.814991760253906250e+01
8.853224945068359375e+01
5.953868484497070312e+01
6.014595413208007812e+01
6.075322723388671875e+01
6.136049652099609375e+01
6.196776580810546875e+01
6.257503890991210938e+01
6.318230819702148438e+01
6.378958129882812500e+01
6.439685058593750000e+01
6.500411987304687500e+01
6.561138916015625000e+01
6.621865844726562500e+01
5.730957031250000000e+01
5.792562484741210938e+01
5.854167938232421875e+01
5.915773773193359375e+01
5.977379226684570312e+01
6.038984680175781250e+01
6.100590133666992188e+01
6.162195587158203125e+01
6.223801422119140625e+01
6.285406875610351562e+01
6.347012710571289062e+01
6.408618164062500000e+01
4.568387603759765625e+01
4.641042327880859375e+01
4.713697433471679688e+01
4.786352539062500000e+01
4.859007263183593750e+01
4.931661987304687500e+01
5.004316711425781250e+01
5.076971817016601562e+01
5.149626922607421875e+01
5.222281646728515625e+01
5.294936370849609375e+01
5.367591476440429688e+01
8.315023803710937500e+01
8.382311248779296875e+01
8.449598693847656250e+01
8.516886901855468750e+01
8.584174346923828125e+01
8.651461791992187500e+01
8.718750000000000000e+01
8.786037445068359375e+01
8.853324890136718750e+01
8.920612335205078125e+01
8.987899780273437500e+01
9.055187988281250000e+01
7.318579864501953125e+01
7.335485839843750000e+01
7.352391815185546875e+01
7.369298553466796875e+01
7.386204528808593750e+01
7.403110504150390625e+01
7.420016479492187500e+01
7.436923217773437500e+01
7.453829193115234375e+01
7.470735168457031250e+01
7.487641906738281250e+01
7.504547882080078125e+01
7.053709411621093750e+01
7.116802215576171875e+01
7.179895782470703125e+01
7.242988586425781250e+01
7.306082153320312500e+01
7.369174957275390625e+01
7.432267761230468750e+01
7.495361328125000000e+01
7.558454132080078125e+01
7.621547698974609375e+01
7.684640502929687500e+01
7.747734069824218750e+01
7.916313934326171875e+01
7.968579864501953125e+01
8.020845794677734375e+01
8.073112487792968750e+01
8.125378417968750000e+01
8.177644348144531250e+01
8.229911041259765625e+01
8.282176971435546875e+01
8.334442901611328125e+01
8.386709594726562500e+01
8.438975524902343750e+01
8.491241455078125000e+01
4.543164825439453125e+01
4.612234497070312500e+01
4.681304550170898438e+01
4.750374603271484375e+01
4.819444274902343750e+01
4.888514709472656250e+01
4.957584381103515625e+01
5.026654434204101562e+01
5.095724487304687500e+01
5.164794540405273438e+01
5.233864593505859375e+01
5.302934265136718750e+01
6.156583404541015625e+01
6.178944396972656250e+01
6.201305389404296875e+01
6.223666763305664062e+01
6.246027755737304688e+01
6.268389129638671875e+01
6.290750122070312500e+01
6.313111114501953125e+01
6.335472488403320312e+01
6.357833480834960938e+01
6.380194854736328125e+01
6.402555847167968750e+01
7.573944854736328125e+01
7.643277740478515625e+01
7.712610626220703125e+01
7.781943511962890625e+01
7.851276397705078125e+01
7.920609283447265625e+01
7.989942169189453125e+01
8.059275054931640625e+01
8.128607940673828125e+01
8.197941589355468750e+01
8.267274475097656250e+01
8.336607360839843750e+01
7.707330322265625000e+01
7.724341583251953125e+01
7.741352081298828125e+01
7.758363342285156250e+01
7.775373840332031250e+01
7.792385101318359375e+01
7.809396362304687500e+01
7.826406860351562500e+01
7.843418121337890625e+01
7.860429382324218750e+01
7.877439880371093750e+01
7.894451141357421875e+01
6.726557159423828125e+01
6.789737701416015625e+01
6.852917480468750000e+01
6.916098022460937500e+01
6.979278564453125000e+01
7.042459106445312500e+01
7.105639648437500000e+01
7.168820190429687500e+01
7.232000732421875000e+01
7.295180511474609375e+01
7.358361053466796875e+01
7.421541595458984375e+01
5.706584167480468750e+01
5.788746643066406250e+01
5.870909118652343750e+01
5.953071594238281250e+01
6.035234069824218750e+01
6.117396545410156250e+01
6.199559020996093750e+01
6.281721496582031250e+01
6.363883972167968750e+01
6.446046447753906250e+01
6.528208923339843750e+01
6.610371398925781250e+01
4.570471954345703125e+01
4.616898345947265625e+01
4.663323974609375000e+01
4.709749603271484375e+01
4.756175994873046875e+01
4.802601623535156250e+01
4.849027252197265625e+01
4.895453643798828125e+01
4.941879653930664062e+01
4.988305664062500000e+01
5.034731292724609375e+01
5.081157302856445312e+01
5.198419952392578125e+01
5.273281860351562500e+01
5.348143768310546875e+01
5.423005676269531250e+01
5.497867584228515625e+01
5.572729492187500000e+01
5.647591400146484375e+01
5.722453308105468750e+01
5.797315216064453125e+01
5.872177124023437500e+01
5.947039031982421875e+01
6.021900939941406250e+01
2.330619049072265625e+01
2.376914596557617188e+01
2.423210144042968750e+01
2.469505691528320312e+01
2.515801239013671875e+01
2.562096405029296875e+01
2.608391952514648438e+01
2.654687500000000000e+01
2.700983047485351562e+01
2.747278213500976562e+01
2.793573760986328125e+01
2.839869308471679688e+01
7.484863281250000000e+01
7.545635986328125000e+01
7.606408691406250000e+01
7.667181396484375000e+01
7.727954101562500000e+01
7.788726043701171875e+01
7.849498748779296875e+01
7.910271453857421875e+01
7.971044158935546875e+01
8.031816101074218750e+01
8.092588806152343750e+01
8.153361511230468750e+01
6.520058441162109375e+01
6.588211059570312500e+01
6.656362915039062500e+01
6.724515533447265625e+01
6.792668151855468750e+01
6.860820770263671875e+01
6.928973388671875000e+01
6.997125244140625000e+01
7.065277862548828125e+01
7.133430480957031250e+01
7.201583099365234375e+01
7.269735717773437500e+01
4.090549087524414062e+01
4.143143463134765625e+01
4.195737457275390625e+01
4.248332214355468750e+01
4.300926208496093750e+01
4.353520584106445312e+01
4.406114959716796875e+01
4.458708953857421875e+01
4.511303329467773438e+01
4.563897705078125000e+01
4.616491699218750000e+01
4.669086456298828125e+01
6.537189483642578125e+01
6.610029602050781250e+01
6.682870483398437500e+01
6.755710601806640625e+01
6.828550720214843750e+01
6.901391601562500000e+01
6.974231719970703125e+01
7.047071838378906250e+01
7.119911956787109375e+01
7.192752838134765625e+01
7.265592956542968750e+01
7.338433074951171875e+01
7.410382843017578125e+01
7.427444458007812500e+01
7.444506072998046875e+01
7.461566925048828125e+01
7.478628540039062500e+01
7.495690155029296875e+01
7.512751770019531250e+01
7.529812622070312500e+01
7.546874237060546875e+01
7.563935852050781250e+01
7.580997467041015625e+01
7.598059082031250000e+01
7.461521911621093750e+01
7.478382110595703125e+01
7.495242309570312500e+01
7.512101745605468750e+01
7.528961944580078125e+01
7.545822143554687500e+01
7.562682342529296875e+01
7.579541778564453125e+01
7.596401977539062500e+01
7.613262176513671875e+01
7.630122375488281250e+01
7.646981811523437500e+01
7.952622222900390625e+01
8.028080749511718750e+01
8.103538513183593750e+01
8.178996276855468750e+01
8.254454040527343750e+01
8.329911804199218750e+01
8.405369567871093750e+01
8.480828094482421875e+01
8.556285858154296875e+01
8.631743621826171875e+01
8.707201385498046875e+01
8.782659912109375000e+01
5.273549652099609375e+01
5.347698593139648438e+01
5.421847534179687500e+01
5.495996475219726562e+01
5.570145416259765625e+01
5.644294357299804688e+01
5.718443298339843750e+01
5.792592239379882812e+01
5.866741943359375000e+01
5.940890502929687500e+01
6.015039825439453125e+01
6.089188385009765625e+01
8.284819030761718750e+01
8.356082916259765625e+01
8.427347564697265625e+01
8.498611450195312500e+01
8.569876098632812500e+01
8.641139984130859375e+01
8.712403869628906250e+01
8.783668518066406250e+01
8.854932403564453125e+01
8.926196289062500000e+01
8.997460937500000000e+01
9.068724822998046875e+01
8.343580627441406250e+01
8.398719787597656250e+01
8.453858947753906250e+01
8.508998107910156250e+01
8.564136505126953125e+01
8.619275665283203125e+01
8.674414825439453125e+01
8.729553985595703125e+01
8.784693145751953125e+01
8.839832305908203125e+01
8.894971466064453125e+01
8.950110626220703125e+01
7.203097534179687500e+01
7.266816711425781250e+01
7.330535125732421875e+01
7.394254302978515625e+01
7.457972717285156250e+01
7.521691894531250000e+01
7.585410308837890625e+01
7.649128723144531250e+01
7.712847900390625000e+01
7.776566314697265625e+01
7.840285491943359375e+01
7.904003906250000000e+01
6.086210632324218750e+01
6.103067779541015625e+01
6.119924545288085938e+01
6.136781311035156250e+01
6.153638458251953125e+01
6.170495223999023438e+01
6.187351989746093750e+01
6.204208755493164062e+01
6.221065521240234375e+01
6.237922668457031250e+01
6.254779434204101562e+01
6.271636199951171875e+01
1.033597030639648438e+02
1.039163818359375000e+02
1.044730606079101562e+02
1.050297393798828125e+02
1.055864181518554688e+02
1.061430969238281250e+02
1.066997756958007812e+02
1.072564544677734375e+02
1.078131408691406250e+02
1.083698120117187500e+02
1.089264984130859375e+02
1.094831695556640625e+02
6.808092498779296875e+01
6.864765930175781250e+01
6.921439361572265625e+01
6.978112792968750000e+01
7.034785461425781250e+01
7.091458892822265625e+01
7.148132324218750000e+01
7.204804992675781250e+01
7.261478424072265625e+01
7.318151855468750000e+01
7.374824523925781250e+01
7.431497955322265625e+01
7.787869262695312500e+01
7.861878967285156250e+01
7.935889434814453125e+01
8.009899139404296875e+01
8.083908843994140625e+01
8.157918548583984375e+01
8.231928253173828125e+01
8.305937957763671875e+01
8.379948425292968750e+01
8.453958129882812500e+01
8.527967834472656250e+01
8.601977539062500000e+01
6.614411163330078125e+01
6.675505828857421875e+01
6.736601257324218750e+01
6.797696685791015625e+01
6.858792114257812500e+01
6.919886779785156250e+01
6.980982208251953125e+01
7.042077636718750000e+01
7.103173065185546875e+01
7.164267730712890625e+01
7.225363159179687500e+01
7.286458587646484375e+01
7.292793273925781250e+01
7.349037170410156250e+01
7.405281066894531250e+01
7.461524963378906250e+01
7.517768859863281250e+01
7.574012756347656250e+01
7.630256652832031250e+01
7.686500549316406250e+01
7.742744445800781250e+01
7.798988342285156250e+01
7.855232238769531250e+01
7.911476135253906250e+01
7.384954833984375000e+01
7.446697998046875000e+01
7.508440399169921875e+01
7.570183563232421875e+01
7.631926727294921875e+01
7.693669128417968750e+01
7.755412292480468750e+01
7.817155456542968750e+01
7.878897857666015625e+01
7.940641021728515625e+01
8.002383422851562500e+01
8.064126586914062500e+01
6.103460693359375000e+01
6.146526336669921875e+01
6.189591598510742188e+01
6.232656860351562500e+01
6.275722503662109375e+01
6.318787765502929688e+01
6.361853408813476562e+01
6.404918670654296875e+01
6.447984313964843750e+01
6.491049194335937500e+01
6.534114837646484375e+01
6.577180480957031250e+01
6.762525177001953125e+01
6.819450378417968750e+01
6.876376342773437500e+01
6.933301544189453125e+01
6.990227508544921875e+01
7.047153472900390625e+01
7.104078674316406250e+01
7.161004638671875000e+01
7.217929840087890625e+01
7.274855804443359375e+01
7.331781768798828125e+01
7.388706970214843750e+01
7.831451416015625000e+01
7.890080261230468750e+01
7.948709869384765625e+01
8.007339477539062500e+01
8.065969085693359375e+01
8.124598693847656250e+01
8.183228302001953125e+01
8.241857910156250000e+01
8.300486755371093750e+01
8.359116363525390625e+01
8.417745971679687500e+01
8.476375579833984375e+01
6.248092651367187500e+01
6.296398162841796875e+01
6.344704055786132812e+01
6.393009948730468750e+01
6.441315460205078125e+01
6.489621734619140625e+01
6.537927246093750000e+01
6.586232757568359375e+01
6.634539031982421875e+01
6.682844543457031250e+01
6.731150054931640625e+01
6.779456329345703125e+01
8.708615112304687500e+01
8.725824737548828125e+01
8.743033599853515625e+01
8.760243225097656250e+01
8.777452087402343750e+01
8.794660949707031250e+01
8.811870574951171875e+01
8.829079437255859375e+01
8.846289062500000000e+01
8.863497924804687500e+01
8.880706787109375000e+01
8.897916412353515625e+01
9.077632904052734375e+01
9.119177246093750000e+01
9.160720825195312500e+01
9.202265167236328125e+01
9.243809509277343750e+01
9.285353088378906250e+01
9.326897430419921875e+01
9.368441772460937500e+01
9.409985351562500000e+01
9.451529693603515625e+01
9.493074035644531250e+01
9.534617614746093750e+01
6.376079940795898438e+01
6.438452148437500000e+01
6.500824737548828125e+01
6.563196563720703125e+01
6.625569152832031250e+01
6.687941741943359375e+01
6.750313568115234375e+01
6.812686157226562500e+01
6.875057983398437500e+01
6.937430572509765625e+01
6.999803161621093750e+01
7.062174987792968750e+01
9.200161743164062500e+01
9.266517639160156250e+01
9.332874298095703125e+01
9.399230957031250000e+01
9.465587615966796875e+01
9.531943511962890625e+01
9.598300170898437500e+01
9.664656829833984375e+01
9.731013488769531250e+01
9.797369384765625000e+01
9.863726043701171875e+01
9.930082702636718750e+01
6.639710998535156250e+01
6.709596252441406250e+01
6.779482269287109375e+01
6.849367523193359375e+01
6.919253540039062500e+01
6.989138793945312500e+01
7.059024810791015625e+01
7.128910827636718750e+01
7.198796081542968750e+01
7.268682098388671875e+01
7.338567352294921875e+01
7.408453369140625000e+01
7.507063293457031250e+01
7.589292144775390625e+01
7.671520996093750000e+01
7.753749084472656250e+01
7.835977935791015625e+01
7.918206787109375000e+01
8.000435638427734375e+01
8.082664489746093750e+01
8.164892578125000000e+01
8.247121429443359375e+01
8.329350280761718750e+01
8.411579132080078125e+01
7.766399383544921875e+01
7.833811950683593750e+01
7.901224517822265625e+01
7.968637084960937500e+01
8.036049652099609375e+01
8.103462219238281250e+01
8.170874786376953125e+01
8.238287353515625000e+01
8.305699920654296875e+01
8.373112487792968750e+01
8.440525054931640625e+01
8.507937622070312500e+01
7.949061584472656250e+01
8.031555938720703125e+01
8.114049530029296875e+01
8.196543884277343750e+01
8.279037475585937500e+01
8.361531066894531250e+01
8.444025421142578125e+01
8.526519012451171875e+01
8.609013366699218750e+01
8.691506958007812500e+01
8.774001312255859375e+01
8.856494903564453125e+01
8.228966522216796875e+01
8.290135955810546875e+01
8.351304626464843750e+01
8.412474060058593750e+01
8.473643493652343750e+01
8.534812164306640625e+01
8.595981597900390625e+01
8.657150268554687500e+01
8.718319702148437500e+01
8.779488372802734375e+01
8.840657806396484375e+01
8.901826477050781250e+01
7.402658843994140625e+01
7.459478759765625000e+01
7.516299438476562500e+01
7.573119354248046875e+01
7.629939270019531250e+01
7.686759948730468750e+01
7.743579864501953125e+01
7.800400543212890625e+01
7.857220458984375000e+01
7.914041137695312500e+01
7.970861053466796875e+01
8.027680969238281250e+01
6.361500549316406250e+01
6.423525238037109375e+01
6.485550689697265625e+01
6.547575378417968750e+01
6.609600830078125000e+01
6.671625518798828125e+01
6.733650207519531250e+01
6.795674896240234375e+01
6.857699584960937500e+01
6.919724273681640625e+01
6.981749725341796875e+01
7.043774414062500000e+01
1.116332397460937500e+02
1.121811752319335938e+02
1.127291107177734375e+02
1.132770385742187500e+02
1.138249664306640625e+02
1.143729019165039062e+02
1.149208374023437500e+02
1.154687652587890625e+02
1.160167007446289062e+02
1.165646362304687500e+02
1.171125640869140625e+02
1.176604919433593750e+02
6.740559387207031250e+01
6.803752136230468750e+01
6.866944122314453125e+01
6.930136871337890625e+01
6.993328857421875000e+01
7.056521606445312500e+01
7.119713592529296875e+01
7.182906341552734375e+01
7.246098327636718750e+01
7.309291076660156250e+01
7.372483062744140625e+01
7.435675811767578125e+01
6.834191894531250000e+01
6.903337860107421875e+01
6.972483062744140625e+01
7.041629028320312500e+01
7.110774230957031250e+01
7.179919433593750000e+01
7.249065399169921875e+01
7.318210601806640625e+01
7.387356567382812500e+01
7.456501770019531250e+01
7.525647735595703125e+01
7.594792938232421875e+01
4.724422836303710938e+01
4.783067321777343750e+01
4.841712188720703125e+01
4.900357055664062500e+01
4.959001541137695312e+01
5.017646026611328125e+01
5.076290893554687500e+01
5.134935379028320312e+01
5.193579864501953125e+01
5.252224731445312500e+01
5.310869216918945312e+01
5.369513702392578125e+01
6.908616638183593750e+01
6.989162445068359375e+01
7.069708251953125000e+01
7.150254058837890625e+01
7.230799102783203125e+01
7.311344909667968750e+01
7.391890716552734375e+01
7.472435760498046875e+01
7.552981567382812500e+01
7.633527374267578125e+01
7.714073181152343750e+01
7.794618225097656250e+01
8.464211273193359375e+01
8.492463684082031250e+01
8.520715332031250000e+01
8.548967742919921875e+01
8.577220153808593750e+01
8.605471801757812500e+01
8.633724212646484375e+01
8.661976623535156250e+01
8.690228271484375000e+01
8.718480682373046875e+01
8.746733093261718750e+01
8.774984741210937500e+01
8.461418151855468750e+01
8.528005981445312500e+01
8.594594573974609375e+01
8.661183166503906250e+01
8.727771759033203125e+01
8.794360351562500000e+01
8.860948944091796875e+01
8.927537536621093750e+01
8.994125366210937500e+01
9.060713958740234375e+01
9.127302551269531250e+01
9.193891143798828125e+01
7.549178314208984375e+01
7.608029174804687500e+01
7.666880798339843750e+01
7.725731658935546875e+01
7.784583282470703125e+01
7.843434143066406250e+01
7.902285766601562500e+01
7.961136627197265625e+01
8.019988250732421875e+01
8.078839111328125000e+01
8.137690734863281250e+01
8.196541595458984375e+01
7.786720275878906250e+01
7.854273223876953125e+01
7.921826934814453125e+01
7.989379882812500000e+01
8.056933593750000000e+01
8.124487304687500000e+01
8.192041015625000000e+01
8.259593963623046875e+01
8.327147674560546875e+01
8.394700622558593750e+01
8.462254333496093750e+01
8.529808044433593750e+01
5.607260131835937500e+01
5.684308242797851562e+01
5.761356353759765625e+01
5.838404846191406250e+01
5.915452957153320312e+01
5.992501068115234375e+01
6.069549179077148438e+01
6.146597290039062500e+01
6.223645401000976562e+01
6.300693511962890625e+01
6.377741622924804688e+01
6.454789733886718750e+01
6.183568191528320312e+01
6.200807571411132812e+01
6.218046951293945312e+01
6.235286712646484375e+01
6.252526092529296875e+01
6.269765472412109375e+01
6.287004852294921875e+01
6.304244232177734375e+01
6.321483612060546875e+01
6.338722991943359375e+01
6.355962371826171875e+01
6.373201751708984375e+01
6.749890136718750000e+01
6.819939422607421875e+01
6.889988708496093750e+01
6.960038757324218750e+01
7.030088043212890625e+01
7.100137329101562500e+01
7.170186614990234375e+01
7.240236663818359375e+01
7.310285949707031250e+01
7.380335235595703125e+01
7.450384521484375000e+01
7.520434570312500000e+01
5.998078155517578125e+01
6.077713394165039062e+01
6.157348632812500000e+01
6.236983489990234375e+01
6.316618728637695312e+01
6.396253585815429688e+01
6.475888824462890625e+01
6.555523681640625000e+01
6.635159301757812500e+01
6.714794158935546875e+01
6.794429016113281250e+01
6.874064636230468750e+01
5.678657913208007812e+01
5.759217071533203125e+01
5.839775848388671875e+01
5.920334625244140625e+01
6.000893402099609375e+01
6.081452178955078125e+01
6.162010955810546875e+01
6.242569732666015625e+01
6.323128509521484375e+01
6.403687286376953125e+01
6.484246063232421875e+01
6.564804840087890625e+01
7.099858856201171875e+01
7.161345672607421875e+01
7.222833251953125000e+01
7.284320831298828125e+01
7.345808410644531250e+01
7.407295227050781250e+01
7.468782806396484375e+01
7.530270385742187500e+01
7.591757965087890625e+01
7.653245544433593750e+01
7.714732360839843750e+01
7.776219940185546875e+01
8.105455780029296875e+01
8.170584869384765625e+01
8.235714721679687500e+01
8.300843811035156250e+01
8.365972900390625000e+01
8.431101989746093750e+01
8.496231079101562500e+01
8.561360931396484375e+01
8.626490020751953125e+01
8.691619110107421875e+01
8.756748962402343750e+01
8.821878051757812500e+01
6.593502044677734375e+01
6.657086944580078125e+01
6.720671844482421875e+01
6.784256744384765625e+01
6.847841644287109375e+01
6.911426544189453125e+01
6.975011444091796875e+01
7.038596343994140625e+01
7.102181243896484375e+01
7.165766143798828125e+01
7.229351043701171875e+01
7.292935943603515625e+01
4.352928543090820312e+01
4.418849182128906250e+01
4.484769439697265625e+01
4.550690460205078125e+01
4.616610717773437500e+01
4.682531356811523438e+01
4.748451995849609375e+01
4.814372253417968750e+01
4.880292892456054688e+01
4.946213531494140625e+01
5.012134170532226562e+01
5.078054809570312500e+01
7.202128601074218750e+01
7.272279357910156250e+01
7.342430877685546875e+01
7.412581634521484375e+01
7.482732391357421875e+01
7.552883148193359375e+01
7.623034667968750000e+01
7.693185424804687500e+01
7.763336181640625000e+01
7.833486938476562500e+01
7.903638458251953125e+01
7.973789215087890625e+01
6.147012710571289062e+01
6.211212158203125000e+01
6.275411987304687500e+01
6.339611816406250000e+01
6.403811645507812500e+01
6.468010711669921875e+01
6.532210540771484375e+01
6.596410369873046875e+01
6.660609436035156250e+01
6.724809265136718750e+01
6.789009094238281250e+01
6.853208923339843750e+01
1.009211273193359375e+02
1.015380935668945312e+02
1.021550598144531250e+02
1.027720184326171875e+02
1.033889846801757812e+02
1.040059509277343750e+02
1.046229095458984375e+02
1.052398757934570312e+02
1.058568420410156250e+02
1.064738006591796875e+02
1.070907669067382812e+02
1.077077331542968750e+02
6.220205307006835938e+01
6.290879821777343750e+01
6.361554718017578125e+01
6.432229614257812500e+01
6.502904510498046875e+01
6.573579406738281250e+01
6.644254302978515625e+01
6.714929199218750000e+01
6.785603332519531250e+01
6.856278228759765625e+01
6.926953125000000000e+01
6.997627258300781250e+01
5.944287109375000000e+01
6.011658096313476562e+01
6.079029083251953125e+01
6.146400070190429688e+01
6.213771057128906250e+01
6.281141662597656250e+01
6.348512649536132812e+01
6.415883636474609375e+01
6.483255004882812500e+01
6.550625610351562500e+01
6.617996215820312500e+01
6.685367584228515625e+01
6.442047119140625000e+01
6.511621093750000000e+01
6.581195068359375000e+01
6.650769805908203125e+01
6.720343780517578125e+01
6.789917755126953125e+01
6.859491729736328125e+01
6.929066467285156250e+01
6.998640441894531250e+01
7.068214416503906250e+01
7.137789154052734375e+01
7.207363128662109375e+01
6.129755783081054688e+01
6.146994018554687500e+01
6.164232254028320312e+01
6.181470489501953125e+01
6.198708724975585938e+01
6.215946960449218750e+01
6.233185195922851562e+01
6.250423431396484375e+01
6.267661285400390625e+01
6.284899902343750000e+01
6.302137756347656250e+01
6.319376373291015625e+01
6.563282775878906250e+01
6.646800231933593750e+01
6.730318450927734375e+01
6.813836669921875000e+01
6.897354888916015625e+01
6.980872344970703125e+01
7.064390563964843750e+01
7.147908782958984375e+01
7.231427001953125000e+01
7.314944458007812500e+01
7.398462677001953125e+01
7.481980895996093750e+01
4.979946136474609375e+01
5.046974945068359375e+01
5.114003753662109375e+01
5.181032562255859375e+01
5.248060989379882812e+01
5.315089416503906250e+01
5.382118225097656250e+01
5.449147033691406250e+01
5.516175460815429688e+01
5.583203887939453125e+01
5.650232696533203125e+01
5.717261505126953125e+01
9.066609954833984375e+01
9.133495330810546875e+01
9.200380706787109375e+01
9.267266082763671875e+01
9.334151458740234375e+01
9.401036834716796875e+01
9.467922210693359375e+01
9.534807586669921875e+01
9.601692962646484375e+01
9.668578338623046875e+01
9.735463714599609375e+01
9.802349090576171875e+01
5.719144439697265625e+01
5.768643188476562500e+01
5.818141937255859375e+01
5.867640686035156250e+01
5.917139053344726562e+01
5.966637802124023438e+01
6.016136550903320312e+01
6.065635299682617188e+01
6.115134048461914062e+01
6.164632797241210938e+01
6.214131164550781250e+01
6.263629913330078125e+01
7.950978851318359375e+01
8.025946807861328125e+01
8.100914764404296875e+01
8.175882720947265625e+01
8.250850677490234375e+01
8.325818634033203125e+01
8.400786590576171875e+01
8.475755310058593750e+01
8.550723266601562500e+01
8.625691223144531250e+01
8.700659179687500000e+01
8.775627136230468750e+01
7.466292572021484375e+01
7.549211883544921875e+01
7.632131195068359375e+01
7.715051269531250000e+01
7.797970581054687500e+01
7.880889892578125000e+01
7.963809204101562500e+01
8.046728515625000000e+01
8.129647827148437500e+01
8.212567138671875000e+01
8.295487213134765625e+01
8.378406524658203125e+01
8.415483856201171875e+01
8.448384857177734375e+01
8.481286621093750000e+01
8.514188385009765625e+01
8.547089385986328125e+01
8.579991149902343750e+01
8.612892150878906250e+01
8.645793914794921875e+01
8.678695678710937500e+01
8.711596679687500000e+01
8.744498443603515625e+01
8.777400207519531250e+01
4.628046417236328125e+01
4.694229125976562500e+01
4.760412597656250000e+01
4.826595687866210938e+01
4.892778778076171875e+01
4.958962249755859375e+01
5.025145339965820312e+01
5.091328430175781250e+01
5.157511901855468750e+01
5.223694992065429688e+01
5.289878082275390625e+01
5.356061553955078125e+01
8.404221343994140625e+01
8.421424865722656250e+01
8.438628387451171875e+01
8.455831909179687500e+01
8.473035430908203125e+01
8.490238952636718750e+01
8.507442474365234375e+01
8.524645996093750000e+01
8.541849517822265625e+01
8.559053039550781250e+01
8.576257324218750000e+01
8.593460845947265625e+01
2.785771942138671875e+01
2.839278030395507812e+01
2.892783737182617188e+01
2.946289443969726562e+01
2.999795150756835938e+01
3.053300857543945312e+01
3.106806564331054688e+01
3.160312271118164062e+01
3.213817977905273438e+01
3.267324066162109375e+01
3.320829772949218750e+01
3.374335479736328125e+01
