0.266897 0.181904
0.268589 0.182625
0.270356 0.183321
0.272223 0.183990
0.273938 0.184595
0.275021 0.185007
0.275995 0.185409
0.276995 0.185762
0.278560 0.186211
0.280637 0.186733
0.282866 0.187191
0.285118 0.187632
0.286711 0.187928
0.287974 0.188186
0.289261 0.188425
0.290581 0.188645
0.292859 0.188914
0.295232 0.189144
0.297740 0.189331
0.300136 0.189486
0.301636 0.189572
0.303294 0.189674
0.305012 0.189716
0.306794 0.189759
0.309638 0.189773
0.312649 0.189697
0.315566 0.189619
0.318242 0.189488
0.320340 0.189387
0.322366 0.189287
0.324625 0.189115
0.327609 0.188885
0.331197 0.188573
0.334746 0.188227
0.338341 0.187845
0.340971 0.187547
0.343851 0.187224
0.346601 0.186865
0.349789 0.186456
0.353904 0.185943
0.358492 0.185313
0.363127 0.184694
0.367432 0.184069
0.370930 0.183558
0.374495 0.183049
0.378150 0.182488
0.382743 0.181825
0.387967 0.181083
0.393467 0.180307
0.398931 0.179548
0.403897 0.178858
0.408909 0.178177
0.414260 0.177473
0.420049 0.176744
0.426257 0.176011
0.432715 0.175256
0.439395 0.174554
0.445961 0.173874
0.452813 0.173230
0.459999 0.172635
0.467063 0.172079
0.474831 0.171566
0.483307 0.171102
0.491314 0.170746
0.499897 0.170473
0.508589 0.170303
0.518051 0.170254
0.527970 0.170356
0.538301 0.170633
0.548252 0.171067
0.558227 0.171643
0.568591 0.172455
0.579119 0.173466
0.591089 0.174864
0.603189 0.176580
0.615340 0.178570
0.627470 0.180867
0.639486 0.183453
0.651448 0.186329
0.663208 0.189449
0.675872 0.193198
0.688758 0.197407
0.701556 0.202015
0.714129 0.206935
0.726626 0.212242
0.739201 0.218025
0.751660 0.224197
0.763743 0.230665
0.775814 0.237580
0.787883 0.244992
0.800126 0.253053
0.811944 0.261378
0.823243 0.269855
0.834710 0.279047
0.845808 0.288545
0.856983 0.298728
0.867975 0.309409
0.879316 0.321182
0.890222 0.333308
0.900817 0.345930
0.911229 0.359218
0.921340 0.373120
0.930462 0.386643
0.939160 0.400585
0.946707 0.413709
0.954057 0.427640
0.960929 0.442014
0.966889 0.455929
0.972130 0.469744
0.976663 0.483479
0.980460 0.497001
0.983524 0.510204
0.985853 0.522798
0.987633 0.535668
0.988740 0.547614
0.989359 0.560192
0.989430 0.572797
0.988971 0.585265
0.988086 0.596845
0.986749 0.608848
0.984934 0.621160
0.982644 0.633733
0.979885 0.646692
0.976377 0.660982
0.972528 0.674920
0.968199 0.689165
0.963285 0.703932
0.958124 0.718391
0.952270 0.733704
0.945937 0.749232
0.939260 0.764754
0.931780 0.781279
0.924108 0.797404
0.916010 0.813713
0.907829 0.829440
0.899336 0.845227
0.891210 0.859702
0.883237 0.873475
0.874856 0.887539
0.866592 0.900985
0.858332 0.914040
0.851087 0.925177
0.843100 0.937158
0.836117 0.947323
0.828963 0.957470
0.822109 0.967040
0.816406 0.974702
0.810728 0.982239
0.806069 0.988284
0.801025 0.994689
0.796158 1.000855
0.791008 1.007275
0.786561 1.012642
0.782833 1.017058
0.779317 1.021164
0.776259 1.024644
0.773234 1.028108
0.769820 1.031965
0.766002 1.036415
0.762539 1.040308
0.759344 1.043893
0.757116 1.046240
0.754507 1.049075
0.751969 1.051823
0.749873 1.054052
0.747460 1.056653
0.745420 1.058780
0.743771 1.060355
0.742178 1.061912
0.739815 1.064501
0.737668 1.066825
0.735541 1.069193
0.733507 1.071358
0.732018 1.072906
0.730747 1.074065
0.729462 1.075309
0.728489 1.076124
0.726728 1.078062
0.724894 1.080139
0.723133 1.082216
0.721355 1.084291
0.720699 1.084715
0.720092 1.085007
0.719393 1.085534
0.718457 1.086406
0.716524 1.088844
0.714715 1.091221
0.713454 1.092750
0.712427 1.093869
0.712330 1.093446
0.712173 1.093047
0.712587 1.091794
0.710904 1.094079
0.708987 1.096870
0.707299 1.099362
0.705251 1.102653
0.705116 1.102253
0.705395 1.100965
0.705879 1.099498
0.706436 1.098003
