55.744466
61.229342
55.596998
65.444424
55.882354
65.260197
81.933834
77.041920
61.902239
76.576714
79.369606
55.631380
78.738006
62.470816
55.602699
88.043773
88.138410
69.595740
65.867706
69.351710
79.286790
71.196240
71.071777
55.694030
74.365227
88.053822
55.805679
87.861413
55.549495
55.638862
55.616115
74.517256
77.835429
62.624776
75.473498
63.517723
88.045341
82.370243
88.012591
71.340223
64.325807
55.699365
71.484719
74.933250
70.457706
55.687776
78.502089
63.278954
68.348277
72.331957
76.530935
69.900587
79.502506
71.924246
74.277647
55.668354
74.378196
79.372629
83.504701
65.641247
69.701703
55.566429
76.437838
73.761437
55.634925
55.455402
55.606552
55.695015
68.560518
70.459894
55.698752
63.005955
63.125829
75.192351
66.665143
55.700254
55.698230
70.821141
60.441326
69.287451
75.512757
58.175987
88.026747
73.095463
72.614377
63.588265
55.709771
82.833460
68.673035
81.552905
72.071125
55.513273
75.014407
75.250311
71.956635
57.516231
88.054248
55.559100
74.102784
69.890037
55.645474
73.327553
76.124677
55.737156
88.021721
71.836888
88.038874
71.522305
59.302729
88.000907
72.481664
84.479352
55.684453
70.142494
55.569472
76.071420
88.343598
72.031803
69.380858
88.071440
73.093930
69.829776
64.911670
61.530883
71.978526
55.585147
67.532147
55.570393
66.717391
79.665925
70.439218
78.160270
88.055473
81.069795
78.433511
70.737337
87.957392
59.670669
88.193687
76.618024
56.387898
83.372917
61.854856
55.733166
69.357606
55.562347
67.976880
65.109525
55.725824
79.281198
69.515823
72.841263
73.818457
55.611666
75.574431
60.237746
78.673665
76.546689
70.432299
65.679151
55.604475
74.016465
70.455477
88.486896
72.046336
72.047408
88.017500
55.534014
55.705580
88.042671
65.271654
55.626704
61.563352
59.912020
75.550824
88.122730
74.151859
59.951343
74.735921
55.581989
61.848876
87.974187
64.232153
79.811676
80.258758
78.072697
57.213377
55.556398
55.601437
68.200350
87.917481
63.323753
87.984306
77.692813
76.227137
55.855332
69.682630
88.044695
73.069545
55.596629
