0.231817 0.091303
0.231290 0.090342
0.229986 0.093800
0.227292 0.104937
0.225835 0.108948
0.224900 0.109911
0.222327 0.119276
0.219850 0.127786
0.218312 0.131445
0.216108 0.138101
0.213569 0.146063
0.211208 0.152968
0.208490 0.161207
0.206218 0.167363
0.203380 0.175659
0.199482 0.187932
0.197484 0.192590
0.195431 0.197353
0.191379 0.209587
0.188500 0.217316
0.186271 0.222610
0.182762 0.232445
0.179091 0.242821
0.176127 0.250659
0.172892 0.259437
0.169450 0.268974
0.166092 0.278253
0.162189 0.289524
0.159329 0.297247
0.155902 0.307078
0.152361 0.317500
0.149190 0.326833
0.146366 0.335049
0.142780 0.346355
0.139631 0.356376
0.137226 0.363827
0.134163 0.374155
0.131024 0.385286
0.128471 0.394429
0.125928 0.403993
0.123512 0.413508
0.121199 0.423094
0.118974 0.432903
0.116902 0.442598
0.114951 0.452411
0.113099 0.462528
0.111615 0.471175
0.110181 0.480420
0.108860 0.489898
0.107724 0.499094
0.106650 0.509286
0.105873 0.517908
0.105178 0.527544
0.104683 0.536453
0.104343 0.545462
0.104156 0.554868
0.104146 0.564342
0.104319 0.573771
0.104649 0.582681
0.105199 0.592408
0.105892 0.601398
0.106865 0.611461
0.108133 0.622101
0.109434 0.631233
0.110983 0.640685
0.112863 0.650830
0.115038 0.661225
0.117337 0.671028
0.120072 0.681663
0.123098 0.692326
0.126469 0.703214
0.130232 0.714389
0.134710 0.726665
0.139016 0.737542
0.143653 0.748473
0.149247 0.760876
0.154828 0.772423
0.160700 0.783867
0.167479 0.796383
0.174511 0.808626
0.181578 0.820299
0.189199 0.832288
0.197300 0.844436
0.205360 0.855971
0.213950 0.867734
0.222429 0.878836
0.231743 0.890576
0.241001 0.901725
0.249985 0.912100
0.259487 0.922632
0.268456 0.932172
0.277760 0.941683
0.286661 0.950410
0.295834 0.959058
0.304179 0.966608
0.312924 0.974241
0.321589 0.981509
0.330085 0.988368
0.338600 0.994987
0.347528 1.001657
0.355005 1.007057
0.362898 1.012551
0.371550 1.018379
0.379436 1.023508
0.386862 1.028173
0.394717 1.032989
0.402164 1.037409
0.408541 1.041123
0.416246 1.045469
0.423957 1.049706
0.430154 1.053090
0.436774 1.056621
0.443751 1.060266
0.449527 1.063298
0.455466 1.066367
0.462111 1.069740
0.468200 1.072833
0.474247 1.075892
0.479946 1.078799
0.485496 1.081635
0.490586 1.084297
0.495236 1.086779
0.500748 1.089615
0.505326 1.092159
0.509063 1.094322
0.515055 1.097454
0.519364 1.100001
0.522210 1.101843
0.526895 1.104588
0.532047 1.107668
0.534683 1.109542
0.537747 1.111692
0.542454 1.114709
0.544713 1.116565
0.545583 1.117743
0.549918 1.120769
0.552957 1.123190
0.553972 1.124529
0.557400 1.127199
0.561610 1.130595
0.561861 1.131504
0.563780 1.133419
0.567890 1.137078
0.569467 1.138917
0.569562 1.139775
0.572995 1.143170
0.575240 1.145679
0.575181 1.146444
0.577393 1.149074
0.580780 1.152834
0.580405 1.153330
0.581715 1.155379
0.583507 1.157925
0.584588 1.159808
0.585452 1.161478
0.587411 1.164372
0.588371 1.166276
0.588751 1.167457
0.589996 1.169708
0.592086 1.173214
0.592294 1.174286
0.592704 1.175600
0.593887 1.178019
0.594965 1.180354
0.595335 1.181699
0.596720 1.184615
0.597720 1.187020
0.598040 1.188260
0.598791 1.190385
0.600269 1.193831
0.600427 1.194882
0.601066 1.196996
0.601670 1.198890
0.602288 1.200941
0.602743 1.202814
0.603270 1.204653
0.603585 1.206162
0.603523 1.206814
0.604209 1.209080
0.605250 1.212480
0.604693 1.211867
0.604717 1.212716
0.605636 1.215948
0.605638 1.216503
0.604886 1.215292
0.606028 1.219240
0.606937 1.222596
0.606441 1.222060
0.607047 1.224466
0.608105 1.228706
0.607218 1.226346
0.606981 1.226441
0.607916 1.230435
0.607733 1.230250
0.607059 1.228433
0.608575 1.234577
0.609127 1.237803
0.608580 1.236297
0.609069 1.238860
0.610085 1.243941
