0.000000 0.000121 0.215481
0.000000 0.002166 0.198592
0.000000 0.008100 0.177448
0.000000 0.020186 0.182340
0.000000 0.001485 0.208664
0.000000 0.011512 0.177394
0.000000 0.014888 0.159580
0.000000 0.018420 0.170147
0.000000 0.015924 0.159452
0.000000 0.003209 0.195773
0.000000 0.011155 0.152241
0.000000 0.043170 0.181660
0.000000 0.033388 0.219297
0.000000 0.019041 0.159749
0.000000 0.021336 0.156075
0.000000 0.010065 0.160452
0.000000 0.003987 0.122150
0.389489 0.022554 0.224018
0.921031 -0.602183 0.295920
0.000000 0.013534 0.166170
0.000000 0.030292 0.184708
0.000000 0.004804 0.131116
0.000000 0.000927 0.102184
0.000000 0.066555 0.210329
0.000000 0.079565 0.231658
0.000000 0.004503 0.133297
0.000000 0.011729 0.184009
0.000000 0.000431 0.110589
0.000000 0.001775 0.113476
0.000000 0.009190 0.113586
0.000000 0.005704 0.120364
0.000000 -0.003567 0.179611
