0.681818
1.461065
1.398351
0.344131
1.329217
1.398124
1.209831
1.170096
1.183679
1.471000
1.071999
1.361673
1.282455
1.137642
1.175632
1.250163
1.246285
1.225599
0.331292
1.718685
0.343450
1.255216
1.357199
1.504057
1.400519
0.748865
1.403050
0.337851
1.339350
0.337143
1.401693
1.287815
0.341054
0.345666
0.913388
1.141873
1.314381
1.350259
1.007251
0.344354
1.478970
1.545289
1.496202
1.506361
0.931604
0.344593
1.178335
1.240134
1.592488
1.415179
0.928476
1.134010
1.169659
1.224283
0.928211
0.651841
0.345133
0.344224
1.014026
1.187924
1.355734
1.226905
1.161291
1.233301
1.205833
1.440606
1.523716
1.378185
1.648660
1.629151
1.171166
0.584527
1.338936
0.343750
1.119834
1.483374
1.299737
1.152775
1.295372
0.336499
0.345317
0.344466
1.015062
1.212794
0.345722
0.330352
1.463782
1.594795
1.126254
0.338359
1.336772
0.345703
1.494754
1.033121
0.918082
1.407723
0.349934
0.340513
1.113927
1.186992
1.014804
0.908756
1.357960
0.828508
1.152246
0.578514
0.945715
1.131050
1.293064
1.255508
1.342834
1.293173
0.982158
1.374990
1.179872
0.764672
1.214541
1.232111
1.453098
1.345753
0.338124
1.261863
1.045324
1.381400
0.447223
1.386659
0.340219
1.263608
1.643249
0.928518
1.497238
0.925909
1.215451
1.363049
1.051885
1.456807
0.341229
0.337200
1.509158
1.482979
1.425283
1.102782
1.274376
0.337137
1.113358
1.133464
1.480196
1.221905
1.124878
1.234858
0.861308
1.138513
1.172590
0.966115
0.344183
0.830882
1.247446
1.327129
1.397714
1.644573
1.348252
1.649879
1.223381
1.136405
1.240497
1.095864
1.263848
1.382911
1.172893
1.610912
0.565043
1.331770
1.177024
1.351069
1.540963
0.344788
1.400989
1.592702
1.611176
1.229748
1.302586
1.271697
1.318411
1.403019
1.283993
1.233927
1.413496
1.347419
1.391484
0.344764
1.670360
1.340572
1.337708
0.989974
1.499361
1.658389
0.658029
1.323664
0.344072
1.070115
