30.655459
31.088188
31.520916
31.953645
32.386374
32.819102
33.251831
33.684560
34.117288
34.550017
34.982746
35.415475
35.848203
36.280932
36.713661
37.146389
37.579118
38.011847
38.444575
38.877304
39.310033
39.742761
40.175490
40.608219
41.040947
41.473676
41.906405
42.339134
42.771862
43.204591
43.637320
44.070048
44.502777
44.935506
45.368234
45.800963
46.233692
46.666420
47.099149
47.531878
47.964607
48.397335
48.830064
49.262793
49.695521
50.128250
50.560979
50.993707
51.426436
51.859165
52.291893
52.724622
53.157351
53.590080
54.022808
54.455537
54.888266
55.320994
55.753723
56.186452
56.619180
57.051909
57.484638
57.917366
58.350095
58.782824
59.215553
59.648281
60.081010
60.513739
60.946467
61.379196
61.811925
62.244653
62.677382
63.110111
63.542839
63.975568
64.408297
64.841025
65.273754
65.706483
66.139212
66.571940
67.004669
67.437398
67.870126
68.302855
68.735584
69.168312
69.601041
70.033770
70.466498
70.899227
71.331956
71.764685
72.197413
72.630142
73.062871
73.495599
73.928328
74.361057
74.793785
75.226514
75.659243
76.091971
76.524700
76.957429
77.390158
77.822886
78.255615
78.688344
79.121072
79.553801
79.986530
80.419258
80.851987
81.284716
81.717444
82.150173
82.582902
83.015631
83.448359
83.881088
84.313817
84.746545
85.179274
85.612003
86.044731
86.477460
86.910189
87.342917
87.775646
88.208375
88.641103
89.073832
89.506561
89.939290
90.372018
90.804747
91.237476
91.670204
92.102933
92.535662
92.968390
93.401119
93.833848
94.266576
94.699305
95.132034
95.564763
95.997491
96.430220
96.862949
97.295677
97.728406
98.161135
98.593863
99.026592
99.459321
99.892049
100.324778
100.757507
101.190236
101.622964
102.055693
102.488422
102.921150
103.353879
103.786608
104.219336
104.652065
105.084794
105.517522
105.950251
106.382980
106.815709
107.248437
107.681166
108.113895
108.546623
108.979352
109.412081
109.844809
110.277538
110.710267
111.142995
111.575724
112.008453
112.441181
112.873910
113.306639
113.739368
114.172096
114.604825
115.037554
115.470282
115.903011
116.335740
116.768468
