0.026081 0.115575 0.158507
0.029455 0.116580 0.160378
0.032795 0.117587 0.162345
0.036072 0.118581 0.164384
0.039359 0.119583 0.166566
0.042634 0.120625 0.168726
0.045773 0.121884 0.170053
0.048805 0.123155 0.171279
0.051830 0.124473 0.172481
0.054905 0.125819 0.173832
0.057955 0.127182 0.175233
0.061112 0.128392 0.177521
0.064258 0.129556 0.180088
0.067416 0.130727 0.182806
0.070544 0.131912 0.185571
0.073636 0.133105 0.188376
0.076593 0.134442 0.190562
0.079496 0.135935 0.192289
0.082382 0.137432 0.194108
0.085293 0.138975 0.195984
0.088145 0.140514 0.197875
0.091029 0.141939 0.200364
0.093932 0.143163 0.203675
0.096805 0.144422 0.206939
0.099667 0.145698 0.210264
0.102464 0.146971 0.213588
0.105239 0.148378 0.216566
0.107955 0.150017 0.218826
0.110642 0.151613 0.221293
0.113352 0.153292 0.223682
0.116064 0.154982 0.226173
0.118694 0.156566 0.228919
0.121267 0.157828 0.232657
0.123934 0.159204 0.236390
0.126502 0.160567 0.240031
0.129123 0.161973 0.243787
0.131655 0.163410 0.247334
0.134214 0.165155 0.250145
0.136733 0.166889 0.253003
0.139236 0.168632 0.255893
0.141676 0.170357 0.258790
0.144153 0.172119 0.261752
0.146659 0.173620 0.265663
0.149102 0.175039 0.269752
0.151586 0.176517 0.273846
0.154018 0.177987 0.277911
0.156471 0.179476 0.282037
0.158856 0.181231 0.285302
0.161283 0.183123 0.288325
0.163740 0.185053 0.291360
0.166236 0.187024 0.294410
0.168712 0.189002 0.297440
0.171200 0.190763 0.301183
0.173616 0.192319 0.305375
0.176140 0.193978 0.309543
0.178610 0.195608 0.313695
0.181142 0.197296 0.317837
0.183714 0.199210 0.321409
0.186251 0.201264 0.324500
0.188891 0.203426 0.327500
0.191560 0.205583 0.330544
0.194301 0.207734 0.333716
0.196951 0.209673 0.337280
0.199632 0.211525 0.341130
0.202335 0.213342 0.345071
0.205004 0.215207 0.348775
0.207668 0.217035 0.352495
0.210540 0.219086 0.355924
0.213516 0.221361 0.358814
0.216534 0.223634 0.361667
0.219553 0.225884 0.364497
0.222548 0.228028 0.367487
0.225598 0.230246 0.370247
0.228788 0.232348 0.373512
0.232158 0.234498 0.376842
0.235444 0.236609 0.379996
0.238754 0.238684 0.383191
0.242261 0.240826 0.386381
0.245704 0.243108 0.388814
0.249210 0.245393 0.391200
0.252879 0.247678 0.393698
0.256580 0.249935 0.396189
0.260236 0.252097 0.398742
0.264167 0.254364 0.401260
0.268163 0.256624 0.403732
0.272252 0.258901 0.406140
0.276440 0.261204 0.408452
0.280648 0.263482 0.410720
0.284942 0.265766 0.412893
0.289252 0.268036 0.414968
0.293580 0.270295 0.416948
0.298060 0.272575 0.418953
0.302686 0.274909 0.420874
0.307348 0.277227 0.422753
0.312234 0.279602 0.424674
0.317131 0.281973 0.426496
0.322096 0.284348 0.428301
0.327119 0.286737 0.430046
0.332165 0.289115 0.431761
0.337400 0.291574 0.433413
0.342705 0.294053 0.435052
0.347887 0.296468 0.436617
0.353341 0.298996 0.438262
0.358702 0.301398 0.440244
0.364296 0.303953 0.442030
0.369804 0.306476 0.443758
0.375554 0.309141 0.445417
0.381443 0.311902 0.447012
0.387294 0.314629 0.448753
0.393178 0.317403 0.450388
0.399122 0.320192 0.452247
0.405063 0.323018 0.454028
0.411100 0.325897 0.455994
0.417180 0.328829 0.457990
0.423394 0.331887 0.459906
0.429749 0.335058 0.461775
0.436087 0.338280 0.463575
0.442442 0.341562 0.465193
0.448921 0.344935 0.467082
0.455353 0.348306 0.469145
0.461946 0.351830 0.471205
0.468520 0.355355 0.473501
0.475189 0.359009 0.475787
0.481798 0.362657 0.478137
0.488401 0.366350 0.480643
0.495286 0.370297 0.482823
0.502303 0.374392 0.484971
0.509262 0.378491 0.486878
0.516173 0.382609 0.489034
0.523146 0.386801 0.491075
0.530095 0.391013 0.493351
0.537015 0.395221 0.496180
0.544049 0.399578 0.498554
0.551141 0.403974 0.501076
0.558249 0.408433 0.503885
0.565452 0.412974 0.506106
0.572395 0.417372 0.508421
0.579471 0.421878 0.510745
0.586713 0.426511 0.512899
0.594189 0.431321 0.514815
0.601683 0.436147 0.517245
0.608835 0.440712 0.519759
0.616044 0.445336 0.521994
0.623335 0.450003 0.524395
0.630695 0.454701 0.526749
0.637819 0.459227 0.529288
0.644783 0.463642 0.531256
0.652469 0.468514 0.533365
0.660429 0.473545 0.534985
0.668602 0.478690 0.536747
0.676746 0.483791 0.538204
0.684570 0.488656 0.539738
0.691623 0.492943 0.542233
0.698662 0.497238 0.544238
0.705696 0.501488 0.546159
0.712612 0.505652 0.548076
0.720025 0.510100 0.549935
0.728044 0.514939 0.551344
0.736065 0.519755 0.552548
0.744140 0.524605 0.553764
0.751922 0.529244 0.555024
0.759848 0.533991 0.556035
0.767325 0.538439 0.557316
0.774651 0.542803 0.559001
0.781954 0.547150 0.560590
0.789244 0.551516 0.562205
0.796009 0.555574 0.564117
0.802694 0.559634 0.565613
0.811024 0.564712 0.566321
0.819109 0.569688 0.567004
0.827221 0.574709 0.567595
0.835617 0.579954 0.568208
0.843754 0.585093 0.568706
0.850879 0.589651 0.569744
0.857750 0.594096 0.570924
0.864662 0.598621 0.572053
0.871445 0.603120 0.573144
0.877950 0.607506 0.574217
0.884961 0.612269 0.574913
0.892787 0.617627 0.575145
0.900235 0.622825 0.575354
0.907552 0.628004 0.575515
0.914968 0.633318 0.575642
0.922460 0.638760 0.575761
0.928684 0.643375 0.576940
0.934731 0.647956 0.577580
0.940972 0.652725 0.578458
0.947411 0.657675 0.579496
0.953713 0.662603 0.580225
0.960107 0.667687 0.580292
0.966730 0.673009 0.580088
0.973241 0.678309 0.579800
0.979575 0.683543 0.579519
0.985767 0.688738 0.579203
0.991783 0.693849 0.579200
0.997621 0.698845 0.579707
1.003071 0.703609 0.580240
1.008338 0.708261 0.580701
1.014045 0.713298 0.581188
1.019507 0.718173 0.581601
