57.618341
64.866210
62.222475
75.830849
68.685265
65.013932
103.478724
70.440499
82.588957
91.217196
82.273956
82.628774
96.593247
77.973160
85.749697
62.453427
72.340333
104.702142
77.958327
87.473364
80.500106
81.262906
67.405859
71.595963
84.012204
67.111597
47.778209
85.222842
98.285187
55.642340
68.523957
70.770690
72.267058
85.865932
100.809528
82.000467
103.350849
68.429161
81.362755
82.238998
79.171478
89.177241
84.092687
77.893729
88.907028
74.413109
68.148480
70.588433
65.091321
84.967141
90.091394
58.727919
69.734779
91.791828
63.407868
59.436440
107.103482
78.273538
84.507884
61.143155
60.963564
94.770585
91.211899
86.538536
79.905046
69.735356
64.045375
75.987176
94.211162
77.815571
66.603318
67.550925
65.523448
80.516494
73.259871
82.843779
82.727439
92.951601
82.935928
80.768066
76.406397
85.504959
64.755327
69.523261
92.153536
96.942544
91.400686
61.849745
69.047374
82.463414
50.976186
79.826851
66.106356
72.570668
79.511201
88.847115
103.062196
63.943747
80.549017
58.642477
74.474286
56.936553
84.858182
78.548475
75.623635
86.470497
76.765038
67.655660
77.056850
112.682269
76.702206
66.912254
96.043872
86.833280
76.324024
90.921830
56.660633
69.295118
72.048353
84.923410
109.182279
68.026883
110.458545
94.247343
61.514096
64.877704
73.429980
79.977445
71.585454
60.340455
74.738013
76.148912
86.298592
77.089952
64.992573
98.232166
81.975069
58.036776
90.756124
80.199991
72.943489
60.037201
65.558142
67.580954
67.815648
87.399738
70.194325
76.280117
103.491950
96.114862
56.474973
65.244431
109.699161
59.220595
81.729887
120.500070
98.912349
69.457115
70.051087
61.121780
68.584115
70.675690
83.486734
62.700252
80.185488
72.865353
93.113710
79.675917
100.804564
79.930006
42.192095
93.865633
95.639673
73.043493
82.952693
80.015235
81.420690
82.285559
69.764448
84.453572
72.936781
86.196286
68.761922
73.870351
65.324389
62.565749
71.256708
63.062667
64.878611
57.547282
71.550748
72.165651
77.709913
63.523086
65.304010
70.413608
65.337535
87.646677
82.623085
66.817334
109.277281
72.837043
67.672681
67.365413
55.413520
80.257696
76.890242
70.692774
57.889735
71.004928
84.479330
68.741067
99.403286
95.814362
84.015753
63.558960
63.264943
79.364431
64.769495
82.406821
76.066453
70.720136
67.960025
66.865830
79.597718
68.970363
96.763281
70.629036
77.365779
48.839289
74.770953
99.944820
69.532694
84.702669
70.192494
99.520179
81.060208
74.011147
58.992881
67.325529
81.606862
63.017653
72.985250
97.204610
71.604387
102.598233
73.396011
89.005231
90.813275
79.659433
65.701675
65.372635
90.211989
77.075860
80.872166
74.264808
63.226768
85.506188
82.844685
81.534435
83.987633
100.501738
66.593531
67.767837
83.956117
80.163583
78.414908
78.873048
60.475410
53.702622
81.229030
83.517435
76.672315
83.459231
55.355483
103.968566
78.642105
75.592909
75.832271
83.720801
54.287766
47.550882
63.436673
74.826683
96.012967
76.420194
68.222971
90.382741
99.926776
101.847065
87.452054
116.032925
71.973096
67.312279
66.364667
78.861600
59.202550
87.742083
70.030478
61.111154
73.492633
101.845319
86.160547
65.258576
77.775932
59.423142
68.044870
54.720112
92.591094
62.154875
61.534236
93.317645
75.666457
91.556011
72.149279
58.028801
75.785321
56.726798
67.547893
74.844940
77.357715
84.208887
65.195141
78.025539
83.255129
62.220176
69.829234
75.010657
87.117185
72.716092
88.351373
65.375007
81.155709
68.557399
89.182408
68.680544
96.883365
70.562981
61.054110
77.572354
57.551980
77.078632
58.022825
54.413176
58.404201
77.253806
71.494827
94.236609
73.165195
64.228502
66.910354
80.752196
65.184115
87.032677
90.895698
84.984199
81.533721
87.795743
71.238888
65.598807
87.625972
66.705648
61.195448
86.433562
72.694995
68.031658
111.252857
100.642599
93.565307
83.044604
65.121726
113.906354
98.109663
98.910179
56.809414
71.655063
49.032276
80.157215
70.244776
48.946427
78.997213
72.143761
75.299428
76.178905
80.511329
95.178375
49.902305
72.052753
80.145296
83.312690
65.057516
74.010555
70.867016
78.673862
71.051450
70.720941
77.803538
64.329267
66.574815
58.001261
92.442668
56.933760
73.225458
71.382009
66.383654
88.907732
83.393154
66.058193
69.461663
74.418090
58.726571
79.547287
54.545183
64.995619
67.286631
61.653438
106.682930
71.152999
58.172181
87.281737
85.685905
74.724983
77.354887
62.237180
76.654670
74.489842
73.181879
82.479535
89.210009
65.929168
68.412450
86.236626
92.199504
75.560968
81.354303
68.919190
93.250592
60.537045
58.837469
88.486745
76.498562
87.216775
65.158028
60.321533
69.861956
74.440887
61.286680
69.654719
67.356667
78.752091
75.270787
79.166482
64.509535
66.975099
72.540823
74.760853
66.456040
78.957607
72.997885
66.552250
45.141962
68.898765
80.861599
83.534341
84.507764
64.101534
96.232607
66.164581
76.310228
60.417665
71.363127
66.467400
72.172979
74.994602
77.664795
95.214014
70.289215
65.484523
69.212045
68.868102
73.846400
84.060532
85.296692
79.376996
72.530604
66.074068
100.103978
65.935862
60.495731
90.949948
48.810861
74.259889
75.166071
60.773943
74.942724
73.272797
78.940213
66.536140
63.801938
100.122579
62.257596
60.794599
77.503988
74.897605
66.263544
70.373252
92.770638
60.325466
92.204963
66.480949
63.522255
67.425755
71.308059
71.850080
75.075963
80.240906
67.282951
59.235863
84.071105
80.453324
67.741004
67.334384
104.309455
82.175859
78.970781
85.722894
74.395766
74.542903
66.685711
77.274713
108.583511
65.751481
75.705943
79.417487
67.831573
67.250285
64.844776
56.728070
64.845338
78.689482
78.114373
57.003681
62.262362
83.712355
69.733613
63.802971
76.136524
72.888478
76.443525
89.742995
54.410096
107.708680
69.748460
91.837819
95.815660
57.327032
66.793920
70.302398
69.823288
76.652586
71.419131
73.319139
101.420685
65.029875
81.855170
67.076680
62.874497
65.859704
53.785004
78.623399
61.283901
63.482451
70.773483
54.058368
72.844212
64.094421
62.121909
69.443590
76.548145
78.287815
70.408808
68.721027
106.260043
62.946929
87.071301
74.166354
80.225751
69.930771
67.115129
81.364987
65.312824
66.810587
69.473852
81.875611
64.553091
61.629651
87.180911
59.080369
70.250952
68.224248
79.776492
79.445094
63.986285
62.421237
81.411181
67.561159
78.077221
59.855127
60.193725
80.305127
80.899444
67.342852
72.279490
76.490430
73.251569
55.537018
88.828144
82.979124
72.803401
66.351642
76.607466
84.813059
64.241959
56.490647
66.245858
85.476949
72.544359
66.493743
65.932938
67.916982
76.075155
80.567946
61.673095
63.800361
95.848603
90.871294
86.604199
47.616786
62.519077
73.197828
88.692018
89.152432
59.698539
84.417105
77.542987
90.465957
92.076305
74.372657
88.068137
87.411057
88.928549
79.211582
58.041323
71.697869
88.898325
65.046960
74.262718
79.169858
58.323077
62.724878
94.181077
70.015017
61.728178
67.707812
81.920516
62.111579
110.952318
67.866601
76.635327
68.518876
69.484355
79.565387
91.147576
57.972349
84.985000
104.488040
69.595463
69.203021
86.541997
96.203919
69.894351
77.172334
97.415494
92.200772
61.203079
73.833502
76.679316
86.325598
77.738884
81.702255
63.812344
55.362094
83.333403
80.896355
78.959277
80.307095
69.749638
78.692053
70.280477
78.771640
71.138849
95.844464
58.754692
74.202857
70.462774
71.388670
97.725040
82.097274
70.283991
72.348825
70.464535
76.171333
67.474998
70.977591
70.490020
62.737581
77.210821
90.821274
59.670260
72.464583
62.648207
70.405560
61.125126
91.313737
75.192322
83.917433
64.245941
59.855525
63.945948
60.221834
71.850549
58.379212
65.507799
74.067578
56.183843
62.643786
69.138628
64.791958
72.621721
101.880260
47.458920
63.514962
65.223692
65.798872
74.999533
61.354642
74.681309
61.953284
70.389935
76.139980
53.212920
63.144708
66.188047
75.146783
73.814278
79.316948
75.961145
44.791009
68.533424
71.457657
54.518102
81.749934
75.775196
100.610514
51.621168
77.453102
52.149082
92.586814
65.599647
96.973001
78.788421
78.911763
74.574184
63.194401
76.263234
49.367923
75.813260
88.920704
74.876892
96.066205
80.761188
84.198972
77.882237
79.484021
78.408032
80.664972
66.057654
59.969878
95.565565
73.051606
78.697393
78.736561
76.923100
90.329532
65.326886
93.611521
87.984765
84.775219
77.804780
66.154003
73.898133
87.933917
81.142563
82.851844
67.545903
83.006910
73.266424
89.499535
92.807855
89.036997
76.167095
71.629490
61.366448
77.522472
88.632895
92.274285
83.080056
82.357138
76.097160
64.556203
66.185098
67.789546
84.661143
78.888274
67.553358
75.994051
91.198772
89.199589
82.775524
83.564660
75.449117
67.421195
87.155643
87.785775
80.191868
94.596592
84.898977
78.746574
82.370274
88.241144
83.935902
55.132100
68.234685
66.932563
94.533366
99.665574
76.959547
78.317853
67.929508
84.169673
67.497877
71.302523
84.542887
103.639257
80.822368
85.160517
76.865302
78.886386
84.883356
80.015758
78.084990
69.614179
75.181066
89.488594
72.432530
69.812196
59.026513
75.402270
80.426796
82.865608
68.842092
90.294079
101.939957
72.622759
74.734115
86.822165
69.943364
77.717047
74.711569
84.047486
91.673494
78.466982
65.297729
80.130163
76.553420
60.650175
69.917254
89.729405
68.926403
70.821679
96.731717
90.858929
74.217343
78.923102
95.339445
77.188072
64.468712
69.585847
71.577455
79.498363
69.849860
75.135843
82.809960
88.721524
74.272015
81.353825
73.152448
90.539483
83.898653
80.547099
72.603070
79.955640
75.892743
77.230552
62.753637
51.187332
83.334986
78.123942
73.082691
67.733849
86.486869
62.198199
70.970350
97.208779
76.283977
46.709600
79.980494
58.730844
93.543239
79.907568
72.345422
60.618274
97.932639
70.821937
80.012517
67.357586
88.872797
81.296036
85.348279
76.455312
57.812160
90.403966
78.156864
78.034949
90.426482
69.791711
61.702038
79.732708
82.504051
82.271375
87.115831
80.373428
68.697457
85.423428
80.539398
63.152314
64.641681
73.152893
86.859818
80.868323
54.674294
71.822437
81.033066
74.849029
55.377300
74.114429
88.760869
77.716737
99.246985
62.888515
85.900552
89.709220
68.669535
71.520875
88.854924
83.557804
58.905428
69.932255
59.981396
86.065607
88.231685
74.364485
79.954728
79.317667
48.308060
69.099972
82.971496
80.935237
89.912393
81.416788
64.416091
65.598170
74.472561
61.664871
107.871058
79.268721
92.212004
64.945071
65.137056
91.183796
85.020475
98.728726
92.331103
94.304304
82.630553
80.262499
77.186773
73.375505
72.879990
62.838330
77.404134
73.015571
50.389446
93.703047
74.140780
85.545321
74.901573
85.035422
59.214698
75.871258
70.713040
83.675316
66.176552
80.737336
62.212458
77.416425
71.343353
78.646578
84.972585
62.900679
54.654640
55.394852
89.626683
75.152474
90.464103
87.674415
71.307309
59.536591
87.542315
81.683332
88.193695
60.165216
87.629362
74.191469
66.022024
65.073688
67.122504
73.141070
65.585998
75.452925
64.883814
55.678908
88.788249
74.752156
92.233455
83.501329
72.557456
80.371270
53.054957
85.567700
74.892960
64.993792
91.269406
82.031223
81.917579
91.869986
68.065845
65.617155
70.169353
77.933240
82.303215
79.311314
67.145333
82.734440
67.009999
86.645729
77.530962
95.375518
96.601040
70.284949
76.007795
82.282042
70.992808
55.850825
78.199643
78.226102
59.464540
64.253004
75.606323
66.076198
69.196579
88.448010
81.731237
77.730304
84.578228
89.825469
91.755059
58.796271
77.941668
81.323684
70.056645
73.396823
95.316632
68.338459
62.502074
87.217669
81.864078
87.610707
76.462463
61.970921
77.726946
85.086438
93.497359
80.446361
86.411012
47.676828
80.317607
94.673298
91.752516
85.626079
81.673787
64.981923
83.258469
43.300688
84.514986
84.020037
77.924971
90.093627
88.568949
89.464731
71.412297
88.567754
81.138466
100.404705
90.959855
77.690040
73.788287
97.180432
87.913598
78.482652
87.112424
87.399285
86.590515
66.578724
82.760659
92.598802
82.526089
100.587693
87.839303
92.655657
85.235569
69.270295
74.808840
81.242392
82.898667
72.484150
73.840910
81.049866
61.051389
78.421802
102.475053
87.960237
74.815964
84.009352
91.316841
62.097334
86.116950
44.656760
75.168045
84.289535
105.980691
74.567802
71.347087
55.012869
82.685553
91.969401
62.600561
84.280601
81.636990
82.523914
94.147381
83.289666
77.907237
80.719482
94.902322
70.902864
82.660950
74.096552
56.204220
60.894767
62.772891
75.120294
92.837456
83.268301
85.096316
66.501112
70.306522
80.540887
81.011685
77.753849
73.090048
96.263540
78.796436
85.750570
104.261213
86.279443
96.936963
94.408373
82.769161
91.218764
60.007105
84.156626
76.408012
86.731428
81.844588
66.569992
55.243106
97.547373
90.687079
71.858015
68.685383
83.434441
82.896955
80.134322
71.384858
62.168302
69.858404
90.381110
71.826406
105.997613
68.911500
69.490811
57.157967
67.457579
67.539004
78.618577
72.421829
96.029718
75.050475
72.170193
84.314791
82.384177
64.757470
77.613032
84.770176
66.166985
77.302306
94.876745
80.716317
83.524909
88.443075
81.124360
92.751083
77.096976
61.332089
95.974936
99.627854
61.378790
71.504660
88.692690
76.053444
79.399119
81.463882
87.509036
64.143155
77.929673
81.280946
85.902902
79.797287
65.412302
94.647882
65.137478
77.644374
65.781290
61.304318
75.128461
89.655667
78.120881
99.438588
76.660225
101.782297
85.736264
81.896319
88.862957
76.813602
76.958268
70.991635
81.632099
78.157705
79.435095
86.985324
68.641481
80.090342
77.734652
61.571288
65.204722
73.697905
96.091252
87.058200
82.023283
99.868950
87.719688
83.382432
75.885624
68.147903
78.149900
81.912604
86.210045
61.632583
90.380175
73.166174
87.845190
74.627462
63.143677
69.572200
73.603504
70.709249
61.066558
80.865833
61.179556
88.837785
76.899758
75.295232
78.382338
72.258441
64.458429
67.444519
87.148267
67.051289
62.746651
47.461840
67.447419
58.285041
83.386288
70.793602
66.986979
85.040805
66.635468
52.236146
68.558639
72.653395
73.302183
84.234378
96.391813
48.048134
76.922533
70.973375
54.388589
68.812624
65.203062
63.658977
81.779687
44.769994
79.344808
62.954603
88.783368
68.540738
70.679572
106.724530
66.952956
72.836797
62.093176
91.287569
85.323819
66.014381
76.027753
85.782131
55.874589
71.643860
60.901153
81.547304
86.070912
83.871435
67.412536
74.822128
85.712834
94.913568
63.362355
70.616477
98.228868
66.070418
89.119825
69.861896
69.887810
85.658464
73.485714
62.010089
50.619808
68.223233
68.795649
87.626016
69.967552
60.881641
74.353446
64.991935
60.908977
74.381399
95.074058
66.640681
84.332432
94.494066
67.332952
101.951539
94.822158
91.620060
57.602014
83.622960
66.309464
66.575583
89.660011
68.132988
66.089908
86.532724
61.679798
81.519620
50.623062
61.482970
73.932550
81.123107
83.133536
87.277358
73.470920
69.202227
74.937736
82.772787
95.684071
59.744863
102.360957
71.483547
57.239242
67.713030
68.252974
72.414680
70.292353
69.786131
40.709417
71.232522
71.317658
84.135321
72.280854
79.073491
62.383719
58.223363
61.398260
62.043244
67.391698
78.093396
73.366763
41.621031
68.424780
61.590586
51.525884
59.244612
80.874163
63.782721
82.247477
75.709724
67.527335
63.142379
66.737689
57.717714
71.186865
50.530978
73.396698
98.206396
50.827269
73.227719
55.414228
74.244591
68.863822
89.749284
101.747720
64.348850
67.601685
56.705663
67.528309
87.329674
75.453456
64.339931
86.928553
63.000780
60.487840
74.384592
74.047895
55.860883
51.478459
62.113944
61.031733
70.215896
58.592765
78.370693
52.706071
41.935173
76.010384
64.326272
82.397477
47.500784
42.786294
72.533171
57.367933
59.824811
74.721042
64.250046
62.974262
53.513718
67.864964
59.854314
102.660881
87.264142
60.348564
50.022119
68.642668
70.137938
67.217356
42.515313
71.361097
92.229674
69.738530
66.294889
68.668886
59.912922
59.168850
53.363545
61.466350
72.243040
72.308122
60.865624
60.435225
93.963872
74.989258
88.673880
89.282787
84.832312
59.413989
53.182205
81.875272
83.835129
57.844442
79.078082
67.054320
84.902185
72.912998
73.947225
62.450322
79.721010
80.256189
53.820658
73.873332
83.681722
65.859927
94.965754
67.633864
73.693750
77.940547
75.174080
86.679489
82.933878
97.962181
72.281461
83.714789
75.742343
61.754415
68.986133
86.025931
82.671618
74.326291
95.322063
80.475535
94.619180
93.126574
72.218187
88.165640
82.087923
80.962634
62.128569
60.678970
60.017393
82.253167
81.032146
95.860576
86.162287
91.285346
86.978600
90.402334
90.552956
66.430443
90.464373
51.001254
92.424335
81.730617
78.718296
68.337539
83.945420
99.774510
73.009426
92.446871
74.574582
83.961419
49.363030
79.356383
59.962545
71.412225
62.714102
74.284657
80.919713
84.032054
89.660509
83.826616
81.600250
66.481996
75.813084
104.903625
75.470245
67.550021
68.383015
81.223893
102.910445
86.816906
85.425172
92.135718
90.031605
95.763829
61.551603
53.799905
82.870379
92.805581
99.882587
97.600026
90.369531
73.380769
79.647732
81.513411
94.681027
94.112379
83.254165
74.676733
84.183834
65.581024
76.774652
88.805363
80.844274
69.759442
100.948216
66.351143
86.738076
96.099186
60.935714
81.051023
87.893524
90.138077
71.892702
75.721320
