-0.044097 0.214988 0.204766
-0.041329 0.216500 0.206135
-0.038553 0.218068 0.207516
-0.035746 0.219710 0.208937
-0.032968 0.221382 0.210303
-0.030206 0.223062 0.211791
-0.027379 0.224589 0.214236
-0.024493 0.226164 0.216896
-0.021632 0.227742 0.219684
-0.018841 0.229327 0.222412
-0.016061 0.230957 0.225205
-0.013383 0.232782 0.227201
-0.010726 0.234686 0.228998
-0.008113 0.236636 0.230749
-0.005510 0.238633 0.232564
-0.002917 0.240666 0.234432
-0.000270 0.242620 0.237038
0.002370 0.244504 0.240247
0.004980 0.246431 0.243457
0.007527 0.248362 0.246711
0.010075 0.250353 0.250045
0.012567 0.252520 0.252876
0.015013 0.254918 0.254934
0.017433 0.257330 0.257128
0.019816 0.259792 0.259363
0.022205 0.262337 0.261702
0.024547 0.264799 0.264481
0.026863 0.267136 0.268133
0.029158 0.269596 0.271669
0.031377 0.272022 0.275372
0.033543 0.274503 0.279059
0.035727 0.277173 0.282557
0.037935 0.280219 0.285070
0.040016 0.283191 0.287677
0.042117 0.286268 0.290442
0.044132 0.289364 0.293176
0.046160 0.292556 0.296214
0.048078 0.295519 0.300109
0.049980 0.298600 0.304034
0.051847 0.301775 0.308001
0.053710 0.305066 0.312007
0.055498 0.308387 0.316005
0.057262 0.311999 0.319024
0.059039 0.315801 0.321892
0.060747 0.319612 0.324805
0.062453 0.323536 0.327771
0.064113 0.327534 0.330724
0.065745 0.331474 0.334661
0.067293 0.335335 0.338869
0.068793 0.339257 0.343101
0.070242 0.343229 0.347352
0.071681 0.347292 0.351615
0.073135 0.351614 0.355087
0.074668 0.356314 0.358086
0.076112 0.360923 0.361099
0.077595 0.365711 0.364111
0.079035 0.370484 0.367103
0.080420 0.375183 0.370722
0.081810 0.379889 0.374806
0.083133 0.384496 0.378937
0.084468 0.389208 0.382986
0.085794 0.393989 0.386859
0.087253 0.399116 0.390200
0.088766 0.404423 0.393178
0.090328 0.409875 0.396001
0.091954 0.415359 0.398940
0.093672 0.421080 0.401836
0.095280 0.426458 0.404931
0.096842 0.431592 0.408463
0.098477 0.436878 0.411992
0.100204 0.442229 0.415391
0.102073 0.447788 0.418493
0.103997 0.453310 0.421710
0.105981 0.458881 0.424277
0.107953 0.464309 0.426663
0.110120 0.469920 0.429082
0.112410 0.475546 0.431282
0.114706 0.481080 0.433442
0.117149 0.486556 0.436175
0.119689 0.491957 0.438773
0.122293 0.497344 0.441201
0.125034 0.502700 0.443450
0.128010 0.508187 0.445477
0.130926 0.513365 0.447424
0.133972 0.518500 0.449276
0.137121 0.523544 0.451060
0.140367 0.528479 0.452812
0.143776 0.533353 0.454433
0.147341 0.538235 0.456093
0.151076 0.543037 0.457678
0.154977 0.547742 0.459195
0.158979 0.552382 0.460665
0.163021 0.556794 0.462088
0.167220 0.561098 0.463406
0.171452 0.565273 0.464691
0.175853 0.569344 0.465941
0.180393 0.573316 0.467129
0.185078 0.577186 0.468304
0.189950 0.580985 0.469436
0.194830 0.584577 0.470596
0.199839 0.588060 0.471724
0.205151 0.591518 0.472812
0.210434 0.594816 0.473908
0.216017 0.598098 0.474568
0.221542 0.601147 0.475454
0.227353 0.604168 0.476365
0.233082 0.606962 0.477381
0.238840 0.609596 0.478485
0.244843 0.612198 0.479446
0.250991 0.614700 0.480533
0.257280 0.617119 0.481437
0.263743 0.619454 0.482446
0.270293 0.621683 0.483328
0.276970 0.623819 0.484232
0.283694 0.625850 0.485327
0.290346 0.627689 0.486465
0.297248 0.629525 0.487808
0.304191 0.631213 0.489312
0.311211 0.632849 0.490678
0.318459 0.634453 0.491935
0.325711 0.635978 0.493334
0.333068 0.637419 0.494485
0.340535 0.638833 0.495816
0.348124 0.640170 0.497063
0.355904 0.641500 0.498268
0.363453 0.642708 0.499905
0.371009 0.643879 0.501698
0.378639 0.644986 0.503700
0.386546 0.646148 0.505595
0.394378 0.647233 0.507578
0.402403 0.648358 0.509422
0.410584 0.649524 0.510760
0.418733 0.650671 0.512643
0.426796 0.651795 0.514325
0.435017 0.652992 0.515836
0.443060 0.654136 0.517864
0.451512 0.655402 0.519834
0.459852 0.656689 0.521806
0.468033 0.657992 0.523951
0.475970 0.659289 0.526331
0.483979 0.660697 0.528223
0.492285 0.662229 0.529883
0.500580 0.663836 0.531833
0.508789 0.665520 0.533577
0.516917 0.667283 0.535319
0.525295 0.669217 0.536808
0.533823 0.671283 0.538799
0.541566 0.673253 0.540610
0.549002 0.675226 0.542843
0.556211 0.677231 0.544863
0.563444 0.679336 0.547107
0.571060 0.681700 0.549232
0.579367 0.684449 0.550194
0.587770 0.687377 0.551665
0.596048 0.690376 0.553040
0.604486 0.693595 0.554384
0.612416 0.696754 0.555710
0.619791 0.699800 0.557457
0.627046 0.702872 0.559221
0.634365 0.706113 0.560989
0.641853 0.709521 0.562524
0.649309 0.713048 0.564326
0.657079 0.716817 0.565665
0.665118 0.720862 0.566612
0.673039 0.724929 0.567467
0.681080 0.729190 0.568314
0.689485 0.733701 0.568672
0.697983 0.738370 0.569413
0.704861 0.742276 0.570856
0.711998 0.746402 0.572290
0.718927 0.750453 0.573626
0.725669 0.754489 0.574957
0.732456 0.758567 0.576215
0.740230 0.763271 0.576888
0.748185 0.768130 0.577331
0.756026 0.772970 0.577739
0.763911 0.777877 0.578100
0.772057 0.782986 0.578449
0.779460 0.787674 0.578989
0.786019 0.791932 0.579972
0.792842 0.796353 0.580901
0.799683 0.800812 0.581801
0.806313 0.805163 0.582662
0.812745 0.809410 0.583458
0.820457 0.814424 0.583139
0.828056 0.819339 0.583195
0.835434 0.824137 0.582989
0.842498 0.828760 0.582548
0.849571 0.833389 0.582360
0.856395 0.837872 0.582795
0.862926 0.842199 0.583506
0.869268 0.846384 0.584141
0.875758 0.850654 0.584770
0.882272 0.854917 0.585386
0.888947 0.859262 0.585675
0.895515 0.863506 0.585262
0.902575 0.868012 0.584885
0.909527 0.872414 0.584424
0.916050 0.876584 0.584001
0.922529 0.880683 0.583503
