-0.264348
0.085637
-0.091342
0.235468
-0.246787
0.424832
-0.804529
0.595828
-0.014080
-0.157091
-0.717502
0.046014
-0.193669
-0.589997
0.211094
1.860285
-0.318063
-0.663508
0.442351
-0.097131
-0.087316
-0.237028
1.017239
0.786031
-0.056679
-0.174975
-0.872706
-0.676927
-0.890850
0.046303
0.639574
0.637416
0.836556
-1.386898
-0.318361
0.083538
-0.593174
-0.191836
0.635028
0.817781
0.730903
-0.029962
-0.661120
-0.244772
-0.493662
-0.992739
-0.345765
0.471012
0.615501
-0.002960
-0.898606
-0.174233
0.002587
-0.026827
0.165133
1.147366
-0.926136
0.544796
-0.394493
0.444270
0.796883
-0.236774
-1.424169
-0.512734
0.671182
0.307630
1.014230
0.642645
-0.893245
1.374998
1.677502
-0.172836
0.128387
-0.263221
0.017027
-0.262155
0.154096
-0.527003
-0.065124
-0.090469
0.691571
-1.612713
1.397967
0.227705
-0.246325
-0.361107
0.139550
0.406684
-0.793966
0.298088
0.795407
-0.330154
0.066613
0.079758
-0.381547
0.102031
-0.564512
0.077063
0.722628
-0.480451
1.288692
0.066708
-0.506852
-0.471048
0.173292
0.052970
-0.514850
-0.862834
-0.216247
-1.733673
1.157390
1.284595
0.323461
-0.397849
0.853031
-0.140685
-0.413361
-0.456782
1.089587
0.328365
-0.928603
0.815240
-0.919622
-0.277257
0.646168
0.864071
0.407917
0.560422
-0.100350
0.924073
-0.611775
0.948944
0.220749
1.022516
0.456607
0.032704
1.178070
-0.165131
-0.811849
-0.080931
-0.526474
0.171102
-0.580538
0.207698
1.144137
0.336659
1.124904
0.671896
-0.801597
-0.088180
-0.576546
1.373453
-0.757579
-0.186001
-0.441769
-1.080682
-0.356412
0.203391
0.503490
1.306019
1.488398
-0.099999
-0.204770
-0.363749
-0.317712
-0.139438
-0.102694
-0.568557
-0.680472
-0.134432
-1.289112
0.019209
-0.968538
0.116469
-0.719902
1.126465
0.132824
0.345877
-0.028871
-0.046894
0.332090
-0.259694
-0.177428
-0.197684
0.649960
-0.649702
-0.017543
-0.339394
1.171401
0.136865
0.154483
-0.199219
-2.133123
0.617132
0.785857
-0.307811
-0.882592
-0.520955
0.254622
1.249653
-0.942582
0.558489
0.162392
-0.173515
1.998916
0.509740
-0.551993
0.747764
-0.827375
0.732391
-0.423212
1.099709
-0.464170
-1.074092
-0.028281
0.335264
-0.025770
1.566084
0.277944
-0.235478
0.526843
-0.488039
1.998916
0.468436
-1.113035
-0.367268
-0.546406
0.859328
0.484644
-0.509459
-0.070818
-0.618989
-0.211429
-0.384692
0.901490
-0.390458
0.220078
-0.115870
-0.344744
-0.746929
-0.025304
0.520268
0.310442
0.387540
1.653831
-0.779212
0.953985
-0.338378
-0.229241
0.041831
0.720152
-0.465536
0.181599
0.961919
1.097821
-0.069558
-0.399180
-0.853856
0.712404
0.803651
-0.253230
-0.766866
0.390527
0.352145
-0.781857
0.733146
-0.877053
-0.028478
0.478694
-0.579600
0.471055
0.568527
0.460594
-1.664279
0.035131
-1.248617
-1.330364
-0.060990
-0.410726
-0.375453
1.998916
-0.246127
-0.134082
-0.209996
-0.217008
1.235398
1.155413
-0.704378
-0.508688
-1.034348
-0.566166
-0.889957
1.089738
0.469407
-0.027500
-0.201590
-0.312207
-0.131342
0.863584
0.568078
0.167485
-0.683086
0.173755
-0.824414
1.594037
-0.394628
0.829910
0.815133
-0.003727
0.692247
-0.960128
-0.176215
-0.114669
-1.050146
-0.436794
0.529461
0.772516
0.352853
-0.592491
0.498436
-0.832342
-0.124820
0.484823
-0.981656
-0.057708
1.150355
0.597437
-0.465936
0.087462
-0.608402
-0.426903
0.764373
0.574295
1.998916
-0.875381
1.361784
-0.094363
1.159268
-0.376275
0.657266
0.330894
-0.532020
1.998916
-0.408153
0.041776
1.205508
-1.198072
-0.738703
0.463008
0.822458
-0.542573
0.600677
-0.126961
-0.418065
-0.949806
0.887737
0.384516
-0.249576
0.031038
1.294200
-2.030091
0.789952
0.677184
-0.302210
-0.659129
-0.265018
-0.929265
-0.920597
-0.644912
0.546912
1.453645
-0.599524
-0.495771
-0.842726
0.845358
0.595907
0.800150
0.264791
1.387771
-0.343462
0.270075
0.656435
0.521237
0.996981
0.012693
-0.665865
-0.557915
-0.562002
0.042796
0.661135
0.446623
-0.523257
-0.794357
0.353847
1.051811
-0.114820
-1.362889
0.175180
1.120017
0.387300
-0.186824
1.998916
-1.200306
-0.578462
0.733177
-1.219182
0.149063
0.866220
0.483804
1.998916
-1.117825
1.087991
0.728447
1.506857
0.204434
0.834656
-1.061142
-0.037363
0.846827
-0.212645
-0.512006
0.512543
0.244558
-0.717766
0.723787
0.040855
1.723442
1.998916
-1.324983
1.505462
-0.758564
-0.232296
-0.887808
0.543320
-0.769601
1.718199
-0.804865
0.801914
-0.789153
-0.350179
0.175128
-0.116661
-0.404218
0.347973
-0.020459
1.181356
1.249205
0.537178
-0.293466
1.635923
0.369385
-0.003587
-0.350224
-0.030230
0.811675
1.054718
-0.218046
0.152045
-0.206269
-0.231054
-0.193248
-0.244109
0.040308
-0.343689
-0.706141
-0.090682
-0.022798
-0.087725
0.595530
-1.550587
0.140244
1.512032
1.436051
0.592548
0.768120
-0.479861
1.217116
1.023140
-0.899749
0.283434
1.799611
-0.606756
-0.437883
-1.427101
-0.102941
1.341678
-0.094973
-1.321472
-0.492728
-0.965998
0.710792
-0.028012
0.646598
-0.125011
0.126626
-0.315329
0.001511
-0.041381
0.511602
-0.516095
-0.804365
-0.592619
0.748189
0.210503
-0.528437
0.856824
0.496879
-0.659796
-0.180591
-0.238351
0.760694
0.453261
-0.062264
1.771593
-1.001841
1.116705
0.036976
-0.100387
-0.512893
-0.388680
-0.096524
0.632084
-1.554381
0.499529
-0.662660
0.519026
0.564586
-0.332589
-0.263450
0.621951
-0.590394
-0.115196
0.952236
0.042577
0.402902
-0.116522
0.169321
1.422884
-0.202873
-0.092896
0.829648
0.363155
1.025864
-0.596779
0.899549
-0.360814
0.868274
1.770842
-0.699123
-0.645911
0.607116
-0.992753
-0.721035
0.068008
-0.473501
-0.029016
0.451646
0.361623
0.920995
1.383446
1.152785
-0.197805
-0.809224
0.068232
0.882874
-0.951285
0.832264
0.816858
0.013127
-1.103126
-0.030408
0.091850
-0.447489
-0.140174
0.594519
1.067513
1.200261
0.006923
0.177805
0.270319
1.123381
0.657189
-1.040818
0.652121
0.143246
-0.522761
-0.580178
0.319500
0.676345
0.857784
0.096320
1.998916
-0.504498
0.287218
-0.511272
-0.393806
0.065624
-1.097541
0.105921
0.152321
0.827421
-0.297546
-0.299526
0.354861
0.351326
-0.453738
0.949753
-0.630686
-0.102481
0.290171
0.812111
0.538314
-0.436092
0.177341
0.119226
1.998916
0.238619
0.797535
0.338197
-0.113080
0.605924
-0.109525
-0.329172
0.006195
1.364093
0.295286
0.832836
0.720516
0.360038
0.282104
-1.556451
1.044479
-0.192025
1.086936
-0.461208
-0.118787
-0.612865
-1.128057
0.412983
-0.205305
-0.407309
-0.115613
1.998916
0.299349
-0.456604
-0.044154
0.112428
-0.989314
0.913455
-0.000441
-0.257643
0.290510
-0.036646
-0.657418
0.269162
-0.795252
-0.290782
0.178931
-0.587314
-0.858350
-0.629867
1.431720
-1.207502
1.807902
0.321684
0.592042
-0.768043
-0.190691
-0.965965
-0.770233
0.232580
0.792483
0.105816
0.169820
-1.074904
-0.370939
-0.188847
0.256415
-0.438152
-0.551184
1.211193
0.709941
-0.142517
-0.253810
1.101701
0.681487
1.132436
-0.087049
-1.262767
-0.153376
0.790386
0.456023
0.188009
0.919772
-0.003452
-0.060106
1.683129
0.950919
0.887188
0.870525
0.687983
-0.516906
-0.747898
1.263585
-0.878087
-0.430044
-0.879775
-0.200134
0.457883
0.598023
1.110715
1.127296
0.254009
0.217867
1.039389
0.340108
0.030618
-0.160329
-0.187379
0.726601
-0.277576
-0.029489
0.792745
-0.472263
0.109855
1.707758
-0.427719
-0.904863
0.880568
-0.902812
0.567442
-0.549038
0.267484
0.963198
-0.254280
-0.073336
0.436272
0.384146
1.677900
-1.157718
0.216241
-0.400374
0.321842
0.888655
-0.071625
1.081600
0.535069
-1.217317
1.324344
-0.132537
0.672257
0.444179
0.375696
0.688647
1.369157
1.447290
1.998916
0.672890
0.736288
-0.697598
-0.006891
0.178587
0.692843
-0.478436
0.795584
-0.693317
-0.681777
-1.080867
-0.677745
-1.454174
1.030907
0.630457
0.306462
0.263124
1.567165
-0.464365
0.579764
-0.237148
-0.240267
-0.600433
0.340133
0.074326
-0.333039
-0.096337
0.053221
0.445223
-1.102555
0.108064
-0.473755
0.567051
0.000275
0.725188
1.404713
-0.336311
0.138652
-0.513437
-0.851976
-0.344128
0.256396
0.437219
-0.753646
-0.584554
-0.932383
-0.903462
-0.114873
-0.003912
0.192948
-0.358717
-0.888743
0.014146
-0.900758
0.098820
-0.629138
-0.257191
-1.051939
-0.553888
-0.009579
-0.662434
-0.248338
0.602462
-0.913201
0.054203
0.090819
-0.803589
-0.430444
0.893373
-0.022697
-0.802569
-0.058829
0.200564
0.058530
1.421559
0.131184
-0.439553
-0.975241
0.108557
-0.636013
-0.241891
0.195778
-0.230739
-0.784323
-0.483233
1.631320
-0.434811
-0.307469
-0.623507
-0.838546
0.025969
-0.453352
-0.519267
1.740883
-0.325324
0.696073
-0.733981
-0.177791
-0.351821
-0.427072
-0.140697
0.284657
-0.499918
0.157029
-0.540596
-0.772356
-0.063912
-0.368051
0.114824
0.278937
-0.693248
-0.136307
-0.656765
-0.801927
-0.489144
-1.124052
1.458493
-0.107368
-0.008387
-0.371768
0.698451
0.251729
-0.067075
-0.565363
0.028534
0.503323
0.644018
-1.662521
-1.162566
-0.226800
-0.432254
-0.832057
0.494960
-1.223205
0.786769
0.808879
-1.103313
-1.301874
-0.470145
-1.032721
1.184053
0.300197
-0.287358
0.331435
0.232823
0.276490
-0.755975
-0.165914
-0.012166
-0.802864
-0.497977
-0.053553
-0.717228
1.714318
0.233819
0.270370
-0.275548
-0.972226
0.806486
-0.340259
-0.077567
-0.390570
1.559317
0.109121
-0.432069
1.540448
-0.546996
-0.125349
0.523690
0.675240
1.377072
-0.228262
0.152929
0.551338
-0.423557
-0.671640
-0.098264
0.483332
0.114267
0.335352
-0.623540
0.181794
0.208350
-0.475213
-0.448626
0.052915
0.065617
-0.406020
0.211872
0.804114
-0.252471
-0.158535
0.039851
-0.108945
0.889826
1.282542
-0.097857
0.702964
-0.153811
-0.287094
0.353806
-0.009052
0.017134
0.316796
-0.751733
0.213531
-0.740705
0.245465
-0.473331
-0.715080
-0.839066
-0.742002
0.089750
-0.249412
-0.212406
0.002258
0.178405
-0.940014
0.154487
-0.892723
-0.147081
0.272064
-0.999914
0.300269
-0.532812
-0.323120
0.177359
1.068340
0.180632
1.146900
0.720642
0.069902
-0.573619
-0.825704
0.300503
-0.122799
0.232295
-1.209772
-0.562625
0.124622
0.427472
0.641529
-0.381029
0.731470
-0.445654
0.103021
-0.128413
-0.056770
0.062765
-0.205856
-0.107426
0.677786
0.101297
1.318228
0.442516
0.078227
0.080376
0.013872
0.330076
-0.985993
0.092709
0.961873
-0.119020
0.388496
0.196810
-0.358529
-0.627662
-0.338436
0.051103
-1.014844
-0.865912
0.628405
-0.757205
-0.861332
0.038774
-0.953214
-1.793015
-0.970963
0.112797
-0.596170
0.429417
-0.001242
-0.383522
0.073161
-0.688222
-0.176093
-0.421642
0.224434
0.118618
1.133898
0.226692
0.210243
-0.000597
0.116184
-0.827395
-0.309177
0.508010
0.003855
-0.503111
-0.088791
-0.388012
-0.955560
-0.487993
0.372346
-0.085799
-0.476257
-0.325726
0.121445
-0.597981
-0.302491
-1.713331
0.873543
-0.081666
0.625274
0.378952
-0.454251
-0.642937
-0.219309
-0.706266
-1.059092
-1.171754
-0.517132
-0.983369
-0.375456
-0.007400
-0.199757
-0.666275
-0.061810
-0.948679
-1.081468
-0.123585
0.408430
0.659903
-0.889193
-0.247713
-0.334884
-0.091831
-0.373261
-0.318596
-0.167082
1.095362
-0.428550
0.079997
-0.140308
0.423577
-0.088475
-0.782186
-0.507020
-0.085451
0.123916
0.354103
0.829295
-0.140706
-0.012114
-0.700436
-0.029266
-0.333116
-0.586703
0.015119
-0.232750
-0.362519
-0.340844
-0.425135
0.016288
-0.853907
-1.148451
-0.307128
-0.189589
-0.316805
-0.039680
-0.002118
-0.276247
-0.416049
-0.196410
-0.119424
-0.507214
-0.335775
-0.584471
0.236971
-0.980054
-0.214358
-0.420132
-0.041661
-0.047416
0.053411
-0.566873
-1.036815
-0.096375
-0.319168
0.104500
-0.292730
0.607942
-0.110445
-0.030173
0.787874
0.129651
-1.300826
-0.021416
0.012176
0.334517
0.325947
1.254739
0.084194
-1.368334
-0.069664
-1.486439
0.621216
-0.480571
-0.189591
-0.066992
-0.759718
-0.776146
-0.191194
-0.935902
1.019406
0.002491
-0.351002
-0.221827
-1.053625
-0.180030
0.274033
0.790250
0.102115
-0.824297
0.101724
0.414271
-0.119811
-0.583778
0.450034
-0.113253
-0.345665
-0.802112
-0.307965
0.306861
-0.083909
-0.028518
-0.050266
0.224273
0.544667
0.154484
0.149915
-1.255328
-0.508182
0.021498
-0.503117
1.419138
0.041387
-0.481087
-0.170666
-1.039374
-0.202366
0.276887
-0.090598
-0.059646
-0.238308
0.413683
-0.387091
0.625450
0.137722
0.864294
-0.659504
0.095177
-0.186126
0.148931
0.060386
-0.818537
0.100124
0.320616
-0.373416
1.362377
-0.377272
0.961373
-0.776692
1.323120
-0.148879
-0.390533
-0.504088
0.635569
-0.802263
-0.129996
-0.899653
0.074948
1.163664
-0.078089
-0.014427
1.019356
0.289921
-1.237945
0.217539
-1.051522
-0.343238
0.421103
-0.146675
0.830084
0.266715
-1.070079
-0.430180
1.212269
-1.114775
-0.216152
-0.137362
0.188866
0.038357
-1.073514
0.668105
-0.096410
0.100407
0.768552
0.034462
0.048294
-0.400394
-0.082594
-0.383364
-0.095262
1.059416
-0.340448
0.155677
-0.441092
-0.890135
-0.461227
-0.249963
-0.829611
0.126376
-0.540037
-0.346260
0.450062
-0.472421
-0.948126
0.764694
-0.304374
-0.356052
0.512340
-0.427013
-0.570882
-0.511536
-0.643724
-0.181624
1.210779
-0.050636
0.690964
-0.519115
-0.509848
-0.083252
-0.536257
-0.509079
0.316299
-0.993923
0.292553
-0.055473
0.468757
-0.147793
-0.356774
0.025659
-0.170663
-0.390608
-0.344312
0.934908
-1.317129
0.860530
0.362016
0.638434
1.232466
0.588179
-0.219419
0.996040
-0.728771
0.680848
-0.504230
0.245221
0.856730
0.572230
1.341060
-0.201263
1.175580
-0.415281
0.609855
0.409574
-0.026515
-0.277513
0.169509
0.124389
-0.204112
0.870009
0.238993
-0.130871
0.048502
-0.450616
-0.117958
1.781595
0.832114
-0.260278
0.362682
0.630993
-0.084930
-0.349164
-0.482666
0.073340
0.426938
-0.082060
0.912344
-0.012027
-0.897284
0.469844
0.125315
0.006802
-0.583511
-0.402775
-0.578385
-0.901156
-0.395408
0.133522
0.160826
-0.793903
0.361800
-0.202794
-1.327789
-0.500112
0.318660
-0.134009
-0.528107
-0.321660
-0.067132
-1.123568
0.567765
-1.195989
0.948260
0.330057
-0.121584
0.138416
-0.968633
-0.209194
0.000669
0.014316
-0.042773
-0.381385
-0.459874
1.016997
-1.487786
-0.471130
-0.136236
-0.217925
0.057186
-0.161768
-0.273595
-0.553164
-0.444268
-0.338335
-0.201546
0.636485
-0.536265
0.352993
0.776883
0.012872
-0.539982
0.822860
-0.486642
0.729202
0.183736
-1.471840
0.073163
-0.386345
-0.415060
-0.825367
-0.226469
-0.051677
0.780743
0.792336
-1.009682
-0.150295
-0.771990
-0.530774
0.264656
-0.384733
0.104627
-0.645495
-0.012354
0.436501
0.379470
-0.188402
-0.104615
-0.011237
-0.852302
0.398081
0.200604
-0.227082
-0.958794
0.231162
-0.105831
0.535483
-0.377781
0.559049
0.443461
0.371693
0.489086
-0.900867
-0.487198
-0.460775
0.221925
-0.589067
0.954604
0.909651
0.255043
-0.819296
-0.312266
0.567587
-0.022509
0.177050
-1.121007
-0.699009
0.194184
1.453698
-0.447854
-0.818898
0.296928
-0.369668
0.175439
0.271773
-0.518895
0.005743
-0.710578
1.010861
0.040184
-1.307713
0.379188
0.357831
0.334043
-0.684216
-0.729218
1.240004
0.678144
0.137525
-0.427261
-0.121535
-0.231937
-0.010766
-0.045834
1.061199
-0.622271
-0.777316
-0.066296
-0.390753
0.196477
-0.457429
-0.344151
0.406132
0.281600
0.702497
-0.644686
0.685166
1.165389
-0.773100
-0.671905
-0.076061
-1.433297
0.608641
0.412914
-0.114846
-0.103295
0.761879
-0.039595
-0.573923
0.369692
0.076723
0.971984
0.710983
-0.162467
0.707823
-1.344243
0.495198
0.871054
-0.438625
0.440701
-0.014260
-0.297690
-0.203481
0.314978
1.053382
0.665579
-0.109817
-0.012528
0.524975
-0.550345
-0.996986
-0.688405
-0.178070
0.080465
0.671894
-1.066292
0.400064
-0.576199
-0.155940
0.268485
0.384890
-1.341343
-0.439587
-0.674475
-0.312542
0.266386
-0.637679
0.784807
-0.644238
0.743033
0.271718
-0.633914
-1.050215
-0.212217
0.160818
0.621561
-0.257012
-0.782904
-0.053797
-0.459219
-0.334724
0.697776
-0.635344
-0.155704
0.442777
0.586306
0.197662
0.075352
0.044994
0.529229
-0.828794
0.140650
-0.235134
-0.879843
-0.078448
-0.714373
0.646471
-0.131404
0.263163
-0.399920
0.367863
0.332026
0.190662
0.115981
-0.203838
-0.242219
-0.494005
-0.123329
-0.457493
0.716756
0.481876
0.148536
-0.548143
-0.265524
0.208700
-0.289433
-0.101289
0.170383
-0.377940
-0.538514
0.139700
-1.143212
-0.217023
-0.681721
0.562481
-0.616499
-0.336324
-0.844061
0.572549
-0.089886
-0.160649
-0.275572
-0.872020
-0.076572
0.477980
-0.147053
-0.485994
-0.370228
-0.292622
-0.481587
-0.147901
-0.497275
0.017247
-0.360299
-0.339497
-0.927317
0.057436
-0.625796
0.109491
1.126959
-0.244356
0.261942
0.265293
-0.641118
0.634420
-0.203236
-0.547165
0.316995
0.365979
0.290491
-1.012595
-0.391262
0.756786
