-0.247683
-0.455174
0.737263
-0.430377
0.940443
-0.566804
-0.361452
3.216078
-1.156393
-0.276488
-1.376797
-0.020829
0.402147
-0.145156
0.151755
-1.045546
0.762053
-0.782093
1.227903
0.928041
1.911330
0.946092
-0.782660
-0.552279
0.309059
0.775384
-0.200584
1.221046
-0.903179
-0.273326
0.201142
1.206767
-1.835453
0.957301
0.328184
-1.156039
-0.993155
-0.493092
-1.547801
0.152498
0.031472
-1.345072
-0.638792
1.003382
-0.698153
0.163705
-0.776043
0.598326
1.033077
0.350317
1.100671
2.171468
-0.320565
-0.051899
-1.164441
-0.779266
-0.708030
-0.818868
0.388596
1.618120
0.555993
0.390123
0.973288
1.097192
1.735892
-1.664363
-1.020851
-0.352968
-0.518884
0.264537
1.298564
-1.160430
1.928782
0.609504
1.360898
-0.126471
0.652472
0.206536
0.507459
0.024025
-0.353738
1.611441
-0.004990
-0.343551
0.646135
0.823824
0.689345
-1.295023
-2.526465
-0.249266
0.610034
3.009086
-2.120765
0.745398
1.567037
-0.574662
-0.431184
-0.394533
-1.891275
-0.770254
-1.438849
-1.096326
0.343797
-1.064728
-0.274937
-0.339736
-0.925654
1.475202
0.116165
-1.867129
-0.684035
-1.352318
0.293729
0.555325
-0.148862
0.630780
-0.875533
0.441163
1.134769
-0.239694
-0.097883
-0.641643
1.118812
0.910256
1.323078
-0.491669
0.100706
-1.211715
0.661045
1.795877
0.013301
-0.052695
-0.557011
-2.081597
0.500338
0.091286
-0.345223
0.741905
0.244261
-0.165044
0.185727
-0.502538
-0.512604
-1.328968
-0.239477
-0.816972
0.185637
0.488261
-0.342244
2.310002
-0.604261
-0.674167
-0.392815
0.460880
-1.061141
1.242193
0.439095
-1.012463
1.207305
-0.153694
0.919396
0.731787
-0.468990
-0.270964
0.735613
-0.229987
-1.641023
-0.999422
1.709795
-1.701555
-0.103867
-0.525665
1.411428
0.275771
-1.635109
0.971693
0.453232
1.428585
1.461219
-0.509094
-0.429728
1.899276
0.232321
-0.734705
-0.997985
0.233452
-0.461621
-0.961045
-0.507432
-0.080370
-0.590979
-0.948157
0.824787
-2.513761
0.108648
-0.076068
-0.511598
-1.341625
-1.045055
0.212525
