0.230539
-0.573033
0.552811
-0.156723
0.143437
0.648375
0.295367
0.332710
-0.043351
-0.068250
-0.028589
0.126366
-0.844268
-0.171151
0.148765
-0.031623
0.197739
-0.575514
-0.614527
-0.213387
0.402630
-0.033975
0.463050
-0.265013
0.178631
-0.325647
0.603301
0.521050
0.206677
-1.725739
0.657813
-1.103316
0.000743
0.300411
0.254652
-0.148831
-0.285698
0.109887
0.310451
0.220743
-0.393070
-0.069185
-1.055539
-0.520248
-0.381134
0.015628
-0.033908
-0.367008
-0.278115
-0.518931
0.052399
0.696352
0.268013
0.161798
-1.456458
0.211890
-1.290580
-0.206942
-0.037883
-0.465001
-1.035628
-0.327550
-0.050433
-0.493167
-1.436489
-0.075556
0.047643
0.483973
0.720384
-0.842556
0.023620
0.364304
0.431655
-0.241532
0.300491
0.317386
0.194964
0.062836
0.529731
-1.345944
-0.079270
0.509235
-0.089431
-0.878841
0.407277
-0.160270
0.016257
-0.170236
0.447382
0.214966
0.068606
0.354612
0.219361
-0.505919
-0.013847
0.034302
-0.228448
-1.365402
-1.345683
0.422621
0.082100
0.037782
-0.141740
0.302328
-1.403250
0.499505
-0.008288
-0.013495
-0.275405
-0.283010
0.359846
0.520322
0.281514
0.107370
0.098388
-0.464259
-0.090201
0.565324
-0.008265
-1.375071
0.460122
-0.039741
0.402340
-0.287643
0.429660
0.334009
-0.216715
0.265047
-0.135811
-0.334308
-0.187209
-0.492585
0.246218
0.075191
0.271392
0.224058
0.832648
0.088212
0.307747
0.281529
0.066293
0.100599
0.091223
0.006691
-0.638095
-0.138736
0.127840
0.452646
0.306899
-1.131452
0.428114
0.154544
0.156246
0.117531
0.467593
0.066796
0.099650
0.187948
0.174469
0.380845
-0.186137
0.688571
-0.215515
0.327202
0.341577
-0.316987
-0.429494
0.311687
0.043614
0.100632
-0.252757
0.087729
0.211459
0.560521
-0.436868
0.358777
0.038107
-1.328721
0.521854
0.465113
-0.104758
0.076287
-0.004749
-0.230459
0.074565
0.518823
0.043622
0.303540
0.004274
0.415897
0.280556
-0.007883
0.257211
0.476539
0.038111
-0.274408
-0.269702
-0.426281
0.727693
0.258927
