0.344200 0.262166
0.344842 0.265525
0.345506 0.268902
0.346177 0.272254
0.346883 0.275652
0.347779 0.279433
0.348667 0.283146
0.349606 0.286925
0.350487 0.290527
0.351302 0.293947
0.352116 0.297327
0.352969 0.300743
0.353940 0.304366
0.355038 0.308197
0.356184 0.312070
0.357372 0.315976
0.358410 0.319541
0.359404 0.322976
0.360373 0.326325
0.361389 0.329728
0.362693 0.333621
0.364098 0.337640
0.365527 0.341652
0.366981 0.345652
0.368139 0.349088
0.369304 0.352501
0.370468 0.355872
0.371857 0.359575
0.373516 0.363679
0.375219 0.367810
0.376984 0.371982
0.378595 0.375855
0.379998 0.379354
0.381444 0.382890
0.382892 0.386394
0.384696 0.390393
0.386687 0.394618
0.388715 0.398848
0.390813 0.403125
0.392596 0.406903
0.394311 0.410543
0.396136 0.414302
0.397978 0.418052
0.400252 0.422354
0.402573 0.426672
0.404931 0.430990
0.407278 0.435248
0.409390 0.439155
0.411522 0.443052
0.413711 0.446983
0.416089 0.451123
0.418697 0.455523
0.421357 0.459946
0.424068 0.464389
0.426619 0.468590
0.429104 0.472677
0.431591 0.476735
0.434145 0.480839
0.436934 0.485201
0.439971 0.489824
0.443031 0.494444
0.445983 0.498902
0.448817 0.503170
0.451683 0.507458
0.454640 0.511830
0.457692 0.516282
0.460889 0.520872
0.464062 0.525406
0.467364 0.530064
0.470697 0.534730
0.473925 0.539242
0.477189 0.543767
0.480411 0.548227
0.483844 0.552887
0.487366 0.557627
0.490804 0.562242
0.494317 0.566915
0.497915 0.571656
0.501463 0.576303
0.504984 0.580897
0.508573 0.585532
0.512343 0.590345
0.516148 0.595156
0.519935 0.599909
0.523875 0.604789
0.527645 0.609438
0.531409 0.614038
0.535274 0.618709
0.539160 0.623363
0.543199 0.628120
0.547246 0.632840
0.551363 0.637586
0.555247 0.642008
0.559393 0.646655
0.563501 0.651202
0.567713 0.655798
0.571887 0.660278
0.576105 0.664733
0.580210 0.668996
0.584467 0.673341
0.588751 0.677634
0.593042 0.681851
0.597446 0.686103
0.602029 0.690454
0.606450 0.694551
0.610750 0.698443
0.614983 0.702183
0.619287 0.705910
0.624272 0.710172
0.629041 0.714130
0.633928 0.718123
0.638656 0.721870
0.643139 0.725286
0.647589 0.728594
0.652340 0.732104
0.657140 0.735556
0.661877 0.738855
0.666578 0.742059
0.671262 0.745190
0.675975 0.748238
0.680673 0.751219
0.685389 0.754169
0.689855 0.756821
0.694514 0.759591
0.699290 0.762401
0.704194 0.765277
0.709016 0.768004
0.713397 0.770380
0.717665 0.772634
0.721923 0.774874
0.726112 0.776990
0.730985 0.779612
0.735836 0.782225
0.740590 0.784710
0.745165 0.787079
0.749026 0.788921
0.752861 0.790768
0.756592 0.792496
0.760761 0.794553
0.765226 0.796863
0.769612 0.799137
0.773968 0.801396
0.777709 0.803223
0.781350 0.805055
0.784559 0.806545
0.787908 0.808196
0.791728 0.810219
0.795864 0.812518
0.799730 0.814630
0.803707 0.816913
0.806848 0.818628
0.809529 0.820036
0.812328 0.821545
0.815179 0.823129
0.818669 0.825304
0.822318 0.827554
0.825788 0.829767
0.829026 0.831861
0.831477 0.833457
0.833908 0.835037
0.836426 0.836754
0.839027 0.838597
0.842248 0.840950
0.845398 0.843308
0.848433 0.845703
0.850931 0.847679
0.853150 0.849475
0.855495 0.851431
0.857609 0.853270
0.860130 0.855520
0.862670 0.857868
0.865359 0.860437
0.867788 0.862837
0.869780 0.864846
0.871585 0.866730
0.873372 0.868645
0.875152 0.870606
0.877349 0.873101
0.879542 0.875660
0.881627 0.878181
0.883537 0.880557
0.884923 0.882412
0.886470 0.884523
0.887903 0.886554
0.889452 0.888785
0.891282 0.891381
0.893029 0.893965
0.894903 0.896760
0.896359 0.899115
0.897645 0.901351
0.898996 0.903719
0.900247 0.906002
0.901619 0.908525
0.903390 0.911602
0.905032 0.914612
0.906656 0.917736
0.907744 0.920087
0.908809 0.922454
0.909884 0.924893
0.910972 0.927378
