0.329328 0.281890
0.329673 0.285699
0.330028 0.289510
0.330404 0.293375
0.330781 0.297211
0.331037 0.300621
0.331331 0.304137
0.331616 0.307602
0.331975 0.311303
0.332416 0.315246
0.332889 0.319266
0.333364 0.323272
0.333783 0.327065
0.334143 0.330644
0.334500 0.334204
0.334864 0.337757
0.335372 0.341748
0.335946 0.345926
0.336573 0.350241
0.337204 0.354528
0.337666 0.358271
0.338097 0.361900
0.338551 0.365575
0.339029 0.369300
0.339750 0.373739
0.340507 0.378247
0.341305 0.382844
0.341987 0.387086
0.342530 0.390891
0.343090 0.394706
0.343652 0.398515
0.344362 0.402725
0.345253 0.407432
0.346163 0.412141
0.347117 0.416935
0.347882 0.421180
0.348572 0.425199
0.349288 0.429260
0.350008 0.433311
0.350981 0.438018
0.352046 0.442942
0.353091 0.447772
0.354176 0.452665
0.355039 0.456942
0.355924 0.461250
0.356839 0.465610
0.357815 0.470095
0.358994 0.475064
0.360213 0.480099
0.361450 0.485146
0.362625 0.489994
0.363717 0.494581
0.364833 0.499194
0.365974 0.503837
0.367272 0.508830
0.368670 0.514019
0.370126 0.519297
0.371599 0.524574
0.372992 0.529593
0.374290 0.534346
0.375638 0.539157
0.377100 0.544191
0.378728 0.549561
0.380389 0.554933
0.382059 0.560252
0.383738 0.565522
0.385395 0.570674
0.387136 0.575937
0.388866 0.581096
0.390649 0.586286
0.392574 0.591702
0.394551 0.597139
0.396620 0.602659
0.398659 0.608028
0.400706 0.613301
0.402894 0.618748
0.405115 0.624146
0.407367 0.629482
0.409763 0.634971
0.412257 0.640499
0.414797 0.645983
0.417273 0.651193
0.419857 0.656461
0.422557 0.661784
0.425282 0.667004
0.428219 0.672404
0.431276 0.677828
0.434371 0.683132
0.437531 0.688348
0.440771 0.693521
0.444089 0.698613
0.447474 0.703612
0.451169 0.708848
0.454849 0.713874
0.458612 0.718791
0.462458 0.723625
0.466484 0.728482
0.470662 0.733322
0.475004 0.738118
0.479438 0.742834
0.483948 0.747403
0.488547 0.751845
0.493222 0.756176
0.497896 0.760322
0.502845 0.764504
0.508022 0.768667
0.513480 0.772886
0.518997 0.776945
0.523893 0.780360
0.529048 0.783769
0.534289 0.787108
0.539777 0.790444
0.545623 0.793844
0.551675 0.797235
0.557495 0.800321
0.563267 0.803215
0.569125 0.806003
0.575154 0.808772
0.581321 0.811505
0.587354 0.814008
0.593498 0.816470
0.599701 0.818870
0.606109 0.821243
0.612310 0.823426
0.618325 0.825435
0.624198 0.827322
0.629994 0.829077
0.636413 0.831063
0.642921 0.833032
0.649437 0.834969
0.655815 0.836775
0.661211 0.838150
0.666603 0.839512
0.671866 0.840772
0.677328 0.842116
0.683645 0.843808
0.689936 0.845502
0.696069 0.847107
0.701530 0.848482
0.706427 0.849619
0.711361 0.850820
0.716017 0.851870
0.721428 0.853299
0.726878 0.854767
0.732580 0.856356
0.738000 0.857878
0.742622 0.859114
0.746745 0.860209
0.750896 0.861317
0.754812 0.862361
0.759654 0.863850
0.764922 0.865591
0.769863 0.867279
0.774569 0.868932
0.778373 0.870209
0.781662 0.871329
0.785101 0.872565
0.788678 0.873919
0.793166 0.875752
0.797354 0.877497
0.801362 0.879236
0.805115 0.880911
0.807968 0.882224
0.810766 0.883567
0.813647 0.884979
0.816965 0.886694
0.820399 0.888519
0.823630 0.890328
0.827092 0.892339
0.829848 0.893988
0.832368 0.895523
0.834670 0.896987
0.837251 0.898703
0.840067 0.900635
0.843075 0.902784
0.846071 0.905024
0.848877 0.907195
0.850988 0.908886
0.853083 0.910639
0.855286 0.912537
0.857508 0.914523
0.860155 0.916907
0.862595 0.919192
0.865068 0.921584
0.867309 0.923847
0.869134 0.925846
0.871049 0.927965
0.872556 0.929795
0.874542 0.932106
0.876632 0.934551
0.878649 0.936998
0.880525 0.939401
0.882266 0.941710
0.883477 0.943589
0.884754 0.945555
0.885966 0.947453
0.887727 0.950043
0.889524 0.952729
0.891063 0.955229
0.892605 0.957801
