0.306140 0.478489
0.306054 0.487300
0.306072 0.496962
0.306098 0.506431
0.306168 0.516162
0.306276 0.525925
0.306289 0.534440
0.306349 0.543055
0.306440 0.551451
0.306651 0.560489
0.881109 0.833273
0.882855 0.835307
0.885013 0.837959
0.886891 0.840313
0.888827 0.842820
0.889618 0.843841
0.890052 0.844372
0.890740 0.845298
0.892674 0.847937
0.894630 0.850705
0.319443 0.400324
0.320260 0.413221
0.320237 0.421705
0.320746 0.432901
0.321434 0.445023
0.321369 0.453155
0.322418 0.467044
0.322790 0.477239
0.323446 0.488727
0.324451 0.501802
0.544980 0.602501
0.549540 0.607777
0.554037 0.612956
0.558740 0.618310
0.563452 0.623640
0.568143 0.628879
0.572700 0.633916
0.577412 0.639067
0.582242 0.644284
0.587054 0.649414
0.397898 0.407256
0.401631 0.413991
0.404613 0.419631
0.407553 0.425129
0.411625 0.431971
0.415690 0.438711
0.418990 0.444384
0.422660 0.450430
0.427089 0.457315
0.431242 0.463770
0.543355 0.755346
0.556494 0.764818
0.570108 0.773669
0.584073 0.781848
0.598346 0.789404
0.612800 0.796295
0.627387 0.802639
0.641830 0.808368
0.656345 0.813717
0.670790 0.818707
0.582956 0.548356
0.590904 0.556352
0.598685 0.564246
0.606655 0.572385
0.614664 0.580611
0.622733 0.588973
0.630159 0.596700
0.637931 0.604839
0.645453 0.612719
0.652558 0.620157
0.787402 0.968956
0.792836 0.970612
0.798512 0.972599
0.803119 0.974319
0.809525 0.977094
0.818032 0.980937
0.824847 0.984359
0.831729 0.988075
0.839048 0.992238
0.843467 0.995458
0.884931 0.921509
0.887038 0.924512
0.889024 0.927483
0.891076 0.930621
0.892842 0.933523
0.894786 0.936757
0.896479 0.939753
0.898271 0.942986
0.899723 0.945697
0.899723 0.945697
0.440062 0.281207
0.439791 0.281817
0.449276 0.288815
0.449218 0.289550
0.454950 0.293913
0.460926 0.298267
0.461631 0.299398
0.471402 0.305840
0.472508 0.307165
0.478859 0.311465
0.565283 0.696770
0.570909 0.702147
0.576850 0.707644
0.582546 0.712731
0.588810 0.718142
0.594548 0.722891
0.601011 0.728087
0.607062 0.732718
0.613405 0.737429
0.619718 0.741937
0.525958 0.606902
0.531824 0.614054
0.537786 0.621223
0.543696 0.628214
0.549695 0.635193
0.555784 0.642131
0.561972 0.649040
0.568302 0.655962
0.574602 0.662684
0.580765 0.669103
0.711401 0.845215
0.715468 0.846510
0.717673 0.846959
0.720485 0.847692
0.724267 0.848863
0.726265 0.849266
0.729361 0.850153
0.732734 0.851186
0.734665 0.851581
0.738254 0.852728
0.879656 0.981345
0.879656 0.981345
0.879656 0.981345
0.879656 0.981345
0.879656 0.981345
0.879656 0.981345
0.879656 0.981345
0.879656 0.981345
0.879656 0.981345
0.879656 0.981345
0.429980 0.599533
0.433993 0.607446
0.438118 0.615335
0.442484 0.623389
0.446891 0.631282
0.451422 0.639113
0.456174 0.647010
0.461111 0.654902
0.466196 0.662707
0.471408 0.670371
0.296622 0.391484
0.296081 0.397156
0.295624 0.404495
0.294935 0.408029
0.294537 0.417292
0.293769 0.418523
0.293431 0.430209
0.292653 0.431067
0.292250 0.441730
0.291562 0.444970
0.164035 0.601068
0.162246 0.609736
0.160480 0.618971
0.158015 0.634260
0.155929 0.648997
0.154199 0.663912
0.153088 0.675221
0.152148 0.687695
0.151569 0.698373
0.151135 0.713323
0.631302 0.533210
0.634866 0.536604
0.638462 0.540077
0.641866 0.543372
0.645261 0.546686
0.648649 0.550021
0.652312 0.553645
0.655957 0.557286
0.659727 0.561095
0.662632 0.564012
0.683637 0.930962
0.690724 0.931659
0.699662 0.932672
0.705644 0.933275
0.705951 0.932893
0.705046 0.932491
0.710934 0.933206
0.718993 0.934350
0.728016 0.935609
0.727043 0.935224
0.807828 0.955886
0.813384 0.958337
0.819240 0.961149
0.822745 0.962946
0.824139 0.963823
0.826563 0.965273
0.831558 0.967976
0.836684 0.970959
0.838518 0.972322
0.839986 0.973589
0.206705 0.422222
0.202858 0.432666
0.195978 0.453765
0.191244 0.467607
0.189453 0.471382
0.185831 0.481614
0.179620 0.501599
0.174622 0.517898
0.172432 0.524073
0.169578 0.533150
0.678925 0.914766
0.685793 0.915210
0.695083 0.916264
0.699002 0.916261
0.712567 0.918281
0.710884 0.917236
0.727057 0.920087
0.727196 0.919645
0.738523 0.921677
0.742812 0.922308
0.460297 0.397637
0.470203 0.406939
0.477008 0.413622
0.484863 0.421010
0.494963 0.429987
0.501907 0.436473
0.511616 0.444989
0.520596 0.452917
0.529657 0.460887
0.539795 0.469683
0.299105 0.324750
0.298635 0.328265
0.298116 0.331089
0.297582 0.333630
0.297093 0.337093
0.296685 0.342415
0.296283 0.348168
0.295871 0.353818
0.295292 0.356195
0.294735 0.358804
0.422673 0.338873
0.428652 0.345376
0.434203 0.351326
0.437335 0.355140
0.440990 0.359299
0.447053 0.365299
0.453860 0.371729
0.459648 0.377240
0.464119 0.381678
0.468595 0.386021
0.696046 0.962480
0.700077 0.962511
0.703098 0.962565
0.708279 0.962844
0.716626 0.963479
0.724249 0.964175
0.731152 0.964892
0.737243 0.965570
0.744338 0.966445
0.749053 0.967133
0.673990 0.941715
0.683911 0.941560
0.697928 0.942266
0.719268 0.944435
0.732244 0.945765
0.739067 0.946537
0.750269 0.948159
0.764906 0.951156
0.773786 0.953160
0.778935 0.954367
0.263060 0.538733
0.261624 0.549511
0.260142 0.565479
0.258915 0.577204
0.257783 0.592613
0.256878 0.606027
0.256237 0.620986
0.255898 0.636007
0.255851 0.650144
0.256255 0.665623
0.337013 0.478779
0.337813 0.486067
0.338919 0.494395
0.340186 0.503261
0.341578 0.512440
0.342824 0.520917
0.343911 0.528690
0.345082 0.536568
0.346574 0.545473
0.348181 0.554516
0.359638 0.630578
0.359903 0.631658
0.360221 0.632880
0.360663 0.634448
0.361047 0.635836
0.361347 0.636976
0.361759 0.638420
0.362265 0.640114
0.362640 0.641434
0.362952 0.642576
0.274071 0.387542
0.271585 0.401082
0.269206 0.412444
0.266858 0.422469
0.264486 0.432880
0.262027 0.444117
0.259512 0.455732
0.256560 0.471781
0.253588 0.487989
0.250684 0.503952
0.333269 0.488929
0.333884 0.492712
0.333717 0.493241
0.334372 0.497175
0.334175 0.497559
0.334849 0.501584
0.334681 0.502059
0.335336 0.505992
0.335179 0.506479
0.335894 0.510633
0.368691 0.207377
0.371545 0.212958
0.372659 0.216008
0.375826 0.221705
0.376789 0.224399
0.380371 0.230296
0.381402 0.232919
0.385282 0.238837
0.386278 0.241266
0.390333 0.247044
0.528087 0.543305
0.535459 0.551462
0.542849 0.559630
0.550174 0.567712
0.557556 0.575835
0.565105 0.584110
0.572527 0.592227
0.580065 0.600445
0.587692 0.608702
0.595215 0.616792
0.295943 0.320182
0.295045 0.326173
0.294130 0.332216
0.293190 0.337806
0.292249 0.344273
0.291305 0.351918
0.290329 0.359648
0.289333 0.367468
0.288285 0.376016
0.287227 0.384331
0.221044 0.559071
0.219286 0.569419
0.218534 0.572254
0.217257 0.579568
0.215456 0.592152
0.214608 0.596763
0.213719 0.601993
0.212384 0.612729
0.211381 0.621083
0.210624 0.626958
0.397262 0.560060
0.399214 0.565183
0.401224 0.570355
0.403247 0.575486
0.405365 0.580727
0.407480 0.585885
0.409592 0.590964
0.411827 0.596195
0.414117 0.601444
0.416484 0.606738
0.748593 0.892956
0.751994 0.893436
0.760035 0.895564
0.769499 0.898241
0.772643 0.899033
0.779204 0.901064
0.787651 0.903918
0.790031 0.904690
0.795639 0.906800
0.802657 0.909693
0.343216 0.345600
0.344480 0.352624
0.345794 0.359678
0.347182 0.366817
0.348643 0.374039
0.350172 0.381333
0.351762 0.388662
0.353426 0.396063
0.355182 0.403580
0.357045 0.411237
0.492371 0.645503
0.498330 0.653549
0.504505 0.661578
0.510823 0.669482
0.517296 0.677258
0.523987 0.684966
0.530852 0.692531
0.537875 0.699919
0.545112 0.707186
0.552469 0.714204
0.866424 0.952496
0.868187 0.954384
0.869866 0.956279
0.871768 0.958350
0.873170 0.960089
0.874437 0.961766
0.876047 0.963748
0.877263 0.965444
0.879089 0.967719
0.880611 0.969759
0.861462 1.018606
0.861462 1.018606
0.861462 1.018606
0.861462 1.018606
0.861462 1.018606
0.861462 1.018606
0.861462 1.018606
0.861462 1.018606
0.861462 1.018606
0.861462 1.018606
0.776597 0.823911
0.778641 0.824836
0.780213 0.825493
0.782353 0.826537
0.783723 0.827066
0.785916 0.828142
0.787204 0.828677
0.789515 0.829836
0.790481 0.830168
0.793022 0.831513
0.187722 0.361760
0.187574 0.361403
0.187588 0.360615
0.187772 0.359364
0.187568 0.359082
0.183256 0.369905
0.179733 0.378615
0.175984 0.387885
0.172085 0.397621
0.169487 0.403834
0.538038 0.597616
0.541658 0.601874
0.545226 0.606062
0.548872 0.610295
0.552543 0.614527
0.556271 0.618783
0.559993 0.623009
0.563753 0.627243
0.567509 0.631434
0.571173 0.635494
0.709478 0.910540
0.713674 0.910671
0.726263 0.912837
0.727814 0.912691
0.741032 0.915300
0.741227 0.914980
0.754974 0.918017
0.754156 0.917605
0.766755 0.920705
0.766446 0.920416
0.746869 0.955777
0.751130 0.956442
0.755569 0.957226
0.762999 0.958717
0.764921 0.958989
0.773860 0.961151
0.772841 0.960668
0.784971 0.964042
0.783313 0.963414
0.792331 0.966315
0.889598 0.963123
0.889598 0.963123
0.889598 0.963123
0.889598 0.963123
0.889598 0.963123
0.889598 0.963123
0.889598 0.963123
0.889598 0.963123
0.889598 0.963123
0.889598 0.963123
0.414731 0.735118
0.418374 0.740407
0.422061 0.745518
0.425938 0.750603
0.430005 0.755690
0.434150 0.760612
0.438499 0.765528
0.442935 0.770287
0.447851 0.775299
0.452828 0.780110
0.985067 0.824012
0.985067 0.824012
0.985067 0.824012
0.985067 0.824012
0.985067 0.824012
0.985067 0.824012
0.985067 0.824012
0.985067 0.824012
0.985067 0.824012
0.985067 0.824012
0.248050 0.306833
0.244184 0.320660
0.243646 0.319712
0.240846 0.328532
0.238845 0.333723
0.237723 0.335430
0.233342 0.349860
0.233868 0.345122
0.228937 0.361413
0.227900 0.362621
0.477174 0.564691
0.486049 0.577274
0.495203 0.589928
0.504731 0.602711
0.514507 0.615446
0.524548 0.628100
0.534946 0.640722
0.545541 0.653072
0.556507 0.665286
0.567651 0.677096
0.317119 0.722197
0.320400 0.732458
0.324217 0.743046
0.328465 0.753554
0.333120 0.763822
0.338081 0.773678
0.344067 0.784398
0.350129 0.794058
0.356960 0.803893
0.364842 0.814074
0.486195 0.604016
0.491498 0.611543
0.496923 0.619070
0.502577 0.626720
0.508279 0.634257
0.514055 0.641697
0.520003 0.649142
0.526101 0.656552
0.532279 0.663830
0.538613 0.671053
0.606550 0.897582
0.611380 0.898480
0.608677 0.897562
0.614265 0.898588
0.617813 0.899152
0.614534 0.898136
0.621443 0.899444
0.623574 0.899691
0.621005 0.898836
0.628622 0.900282
0.527260 0.675620
0.534013 0.683201
0.540837 0.690547
0.547875 0.697813
0.555040 0.704868
0.562413 0.711806
0.570038 0.718659
0.577708 0.725201
0.585459 0.731473
0.593381 0.737571
0.727516 0.737609
0.728421 0.738139
0.730136 0.739369
0.731872 0.740648
0.732794 0.741170
0.735285 0.743146
0.735620 0.743083
0.737766 0.744707
0.739065 0.745592
0.740065 0.746125
0.854838 0.555845
0.856784 0.558013
0.860018 0.562437
0.863983 0.568233
0.867415 0.573172
0.870629 0.577795
0.872772 0.580441
0.875729 0.584676
0.879211 0.589956
0.882107 0.594186
0.727132 0.962712
0.734467 0.963502
0.736357 0.963535
0.748888 0.965360
0.746096 0.964819
0.758875 0.967076
0.758206 0.966790
0.766998 0.968600
0.769834 0.969099
0.775862 0.970479
0.204367 0.387950
0.203287 0.390256
0.202275 0.392359
0.201089 0.394973
0.199890 0.397530
0.198871 0.399678
0.197526 0.402777
0.196843 0.403951
0.194430 0.410452
0.191873 0.417376
0.772991 0.798224
0.776069 0.800096
0.776629 0.800095
0.779421 0.801725
0.780388 0.802032
0.782982 0.803590
0.784045 0.803938
0.786101 0.805083
0.787604 0.805835
0.789375 0.806755
0.664246 0.973282
0.673020 0.973345
0.683687 0.973569
0.691551 0.973855
0.694395 0.973775
0.699099 0.973707
0.701387 0.973659
0.704854 0.973678
0.708231 0.973749
0.711480 0.973881
0.336493 0.294622
0.337050 0.299032
0.337793 0.303928
0.338393 0.308367
0.339146 0.313191
0.339860 0.317855
0.340587 0.322506
0.341448 0.327475
0.342144 0.331945
0.343131 0.337142
0.291273 0.310976
0.290772 0.314681
0.290252 0.316950
0.289732 0.319387
0.289202 0.321542
0.288680 0.323638
0.288151 0.326092
0.287625 0.328453
0.287069 0.332679
0.286512 0.336629
0.102350 0.408436
0.098654 0.417982
0.093950 0.430372
0.100452 0.413240
0.093785 0.430805
0.092024 0.435549
0.097373 0.421216
0.089325 0.442843
0.090409 0.439928
0.092704 0.433663
0.441061 0.699816
0.445163 0.705905
0.449724 0.712363
0.454309 0.718530
0.458991 0.724516
0.463925 0.730509
0.469195 0.736583
0.474312 0.742156
0.479909 0.747945
0.485674 0.753580
0.384786 0.464891
0.387110 0.471048
0.389606 0.477434
0.392114 0.483769
0.394711 0.490185
0.397388 0.496664
0.400091 0.503111
0.402954 0.509754
0.405797 0.516282
0.408770 0.522952
0.251462 0.390615
0.247371 0.408093
0.244899 0.415753
0.241791 0.426769
0.238312 0.439905
0.236218 0.445470
0.231015 0.467632
0.229794 0.468663
0.224810 0.489815
0.222485 0.497117
0.339374 0.356923
0.340974 0.367628
0.342716 0.378547
0.344596 0.389680
0.346566 0.400826
0.348855 0.412649
0.351346 0.424770
0.353974 0.437012
0.356786 0.449488
0.359785 0.462172
0.676625 0.854490
0.681410 0.855741
0.685099 0.856585
0.686233 0.856526
0.691470 0.857962
0.694390 0.858548
0.696276 0.858743
0.701296 0.860152
0.703590 0.860504
0.706089 0.860950
0.478298 0.525379
0.483251 0.531788
0.487693 0.537585
0.492674 0.543934
0.497420 0.549984
0.502319 0.556165
0.507325 0.562418
0.512418 0.568722
0.517519 0.575015
0.522718 0.581336
0.163754 0.500142
0.157880 0.518663
0.152394 0.536830
0.148358 0.550618
0.145632 0.560048
0.142673 0.570934
0.139347 0.584199
0.135054 0.603435
0.130956 0.624245
0.128209 0.640288
0.360520 0.580249
0.363195 0.591401
0.366145 0.602848
0.369207 0.614074
0.372548 0.625468
0.376392 0.637479
0.380260 0.648831
0.384357 0.659988
0.389113 0.671829
0.394210 0.683446
0.790536 0.988584
0.790946 0.988673
0.793575 0.989502
0.801324 0.992183
0.808886 0.994966
0.813054 0.996659
0.813374 0.997028
0.814290 0.997763
0.819364 0.999990
0.824822 1.002441
0.685036 0.736750
0.693232 0.742380
0.701177 0.747599
0.709125 0.752682
0.716932 0.757453
0.724528 0.761963
0.732319 0.766526
0.740002 0.770905
0.747477 0.775031
0.754616 0.778912
0.445204 0.459094
0.450715 0.466503
0.456094 0.473648
0.462028 0.481299
0.467920 0.488803
0.473947 0.496377
0.480293 0.504199
0.486812 0.512129
0.493354 0.520022
0.500205 0.528170
0.311971 0.373196
0.312033 0.381255
0.312154 0.389782
0.312180 0.397717
0.311830 0.403220
0.311536 0.409024
0.311402 0.415856
0.311564 0.424992
0.311739 0.434206
0.311645 0.441511
0.947346 0.635722
0.944701 0.627587
0.951888 0.643820
0.950988 0.639950
0.953708 0.645438
0.957771 0.654722
0.952740 0.641108
0.962640 0.664684
0.958296 0.652564
0.962038 0.660993
0.190508 0.397790
0.191005 0.393720
0.179810 0.423894
0.180223 0.420529
0.169728 0.449187
0.167145 0.454807
0.159862 0.474878
0.154756 0.488860
0.149997 0.502381
0.143026 0.523888
0.253219 0.408438
0.251261 0.420391
0.251879 0.414888
0.251191 0.418112
0.250302 0.422829
0.251064 0.416564
0.249309 0.426824
0.249522 0.424227
0.249080 0.425867
0.247869 0.432599
0.756882 0.977390
0.756216 0.977086
0.763101 0.978325
0.769516 0.979656
0.767960 0.979113
0.779155 0.981941
0.780893 0.982293
0.785146 0.983417
0.794133 0.986259
0.791771 0.985446
0.647946 0.802043
0.660374 0.806959
0.672557 0.811463
0.684581 0.815737
0.696352 0.819737
0.707901 0.823582
0.719202 0.827331
0.729974 0.830831
0.740642 0.834418
0.750795 0.837840
0.517156 0.599197
0.522009 0.605246
0.526607 0.610933
0.531197 0.616562
0.536043 0.622397
0.540719 0.627973
0.545636 0.633728
0.550587 0.639450
0.555383 0.644898
0.560360 0.650451
0.775647 0.946289
0.773466 0.945593
0.779112 0.947157
0.780075 0.947432
0.779651 0.947214
0.786453 0.949342
0.784795 0.948714
0.787313 0.949493
0.792278 0.951158
0.788868 0.949890
0.571594 0.680614
0.580025 0.688975
0.588949 0.697456
0.598235 0.705886
0.607056 0.713477
0.616081 0.720842
0.625901 0.728517
0.635598 0.735690
0.645156 0.742355
0.654672 0.748636
0.596735 0.763435
0.602748 0.767133
0.608765 0.770668
0.614799 0.774057
0.620905 0.777372
0.627057 0.780592
0.633222 0.783711
0.639373 0.786695
0.645531 0.789560
0.651700 0.792355
0.699531 0.545582
0.705960 0.552278
0.711965 0.558638
0.717453 0.564524
0.723506 0.571146
0.728537 0.576671
0.733976 0.582766
0.739281 0.588770
0.744676 0.594977
0.749834 0.600943
0.428638 0.567746
0.431477 0.573333
0.434384 0.578953
0.437350 0.584588
0.440355 0.590206
0.443448 0.595872
0.446595 0.601534
0.449786 0.607169
0.453040 0.612803
0.456422 0.618521
0.443727 0.341621
0.448777 0.346820
0.455021 0.352796
0.465342 0.361458
0.471000 0.366682
0.479105 0.373461
0.490242 0.382105
0.495787 0.386918
0.505583 0.394447
0.516620 0.402686
0.518804 0.798435
0.528571 0.804134
0.538621 0.809533
0.548472 0.814372
0.558776 0.819034
0.569125 0.823315
0.579270 0.827158
0.589758 0.830866
0.600186 0.834259
0.611096 0.837640
0.793263 0.582848
0.796135 0.586020
0.802386 0.594175
0.807541 0.600832
0.811017 0.604939
0.817195 0.613368
0.821260 0.618483
0.825550 0.624022
0.829595 0.629177
0.833456 0.634054
0.298439 0.357841
0.297566 0.364004
0.296779 0.372593
0.296021 0.381869
0.295267 0.391824
0.294511 0.402375
0.293595 0.410004
0.292599 0.416616
0.291641 0.423394
0.290706 0.431844
0.344977 0.414625
0.346398 0.422278
0.347900 0.430075
0.349429 0.437863
0.350805 0.445162
0.352154 0.452300
0.353591 0.459589
0.355101 0.466991
0.356857 0.474952
0.358728 0.483117
0.490472 0.665869
0.493415 0.669761
0.496400 0.673625
0.499481 0.677530
0.502545 0.681322
0.505683 0.685123
0.508884 0.688919
0.512087 0.692620
0.515389 0.696357
0.518692 0.699991
0.378961 0.254867
0.381487 0.259429
0.383306 0.263038
0.386452 0.268123
0.387936 0.271147
0.391553 0.276500
0.392739 0.279079
0.397486 0.285369
0.397984 0.287097
0.403824 0.294187
0.613338 0.626487
0.619149 0.632588
0.624813 0.638492
0.630672 0.644534
0.636099 0.650066
0.642098 0.656129
0.647480 0.661480
0.654313 0.668278
0.658880 0.672600
0.665763 0.679236
0.356949 0.249619
0.358153 0.253327
0.359769 0.257683
0.361279 0.261762
0.362226 0.264824
0.363076 0.267680
0.364426 0.271323
0.366312 0.275759
0.368263 0.280181
0.369325 0.283165
0.811039 0.845877
0.811788 0.846250
0.813156 0.847018
0.814231 0.847583
0.815091 0.848039
0.816558 0.848865
0.817428 0.849361
0.818517 0.849953
0.819750 0.850661
0.820512 0.851086
0.770819 0.755989
0.771151 0.755922
0.772275 0.756615
0.774834 0.758748
0.773876 0.757487
0.776904 0.759959
0.777653 0.760331
0.778195 0.760502
0.781454 0.763203
0.780445 0.761906
0.340649 0.363899
0.341747 0.371472
0.343413 0.380552
0.344920 0.389069
0.346192 0.396808
0.347890 0.405611
0.349902 0.415098
0.351471 0.423305
0.353180 0.431765
0.355439 0.441498
0.919256 0.914538
0.919256 0.914538
0.919256 0.914538
0.919256 0.914538
0.919256 0.914538
0.919256 0.914538
0.919256 0.914538
0.919256 0.914538
0.919256 0.914538
0.919256 0.914538
0.751825 0.997106
0.755426 0.997543
0.764564 0.999161
0.764514 0.999032
0.777887 1.002012
0.775358 1.001287
0.787201 1.004326
0.787461 1.004347
0.796427 1.007122
0.802656 1.009133
0.312253 0.305372
0.311952 0.308766
0.311636 0.312116
0.311663 0.317831
0.311504 0.322248
0.311103 0.325065
0.311094 0.330648
0.311116 0.336428
0.310636 0.338750
0.310476 0.343379
0.793178 0.817577
0.799472 0.820824
0.805512 0.824042
0.811551 0.827376
0.817158 0.830551
0.822580 0.833785
0.827954 0.837158
0.833223 0.840576
0.838236 0.844028
0.843301 0.847667
0.387739 0.543174
0.388362 0.544946
0.388953 0.546644
0.389491 0.548225
0.390142 0.550034
0.390679 0.551599
0.391260 0.553251
0.391945 0.555109
0.392458 0.556608
0.393084 0.558334
0.517686 0.626847
0.526010 0.637223
0.534644 0.647614
0.543350 0.657716
0.552337 0.667737
0.561481 0.677502
0.570856 0.687057
0.580302 0.696215
0.590305 0.705443
0.599970 0.713841
0.259715 0.516042
0.258795 0.520215
0.257483 0.531281
0.256653 0.534850
0.255329 0.546977
0.254530 0.550860
0.253304 0.563773
0.252596 0.566833
0.251506 0.580123
0.250853 0.583403
0.743557 0.897160
0.750159 0.898586
0.756677 0.900185
0.762005 0.901436
0.769507 0.903515
0.773150 0.904511
0.780123 0.906658
0.782771 0.907379
0.790202 0.910051
0.792433 0.910759
0.603600 0.562910
0.608029 0.567406
0.612572 0.572048
0.617234 0.576800
0.621850 0.581549
0.626501 0.586375
0.630470 0.590480
0.634933 0.595111
0.639347 0.599733
0.643827 0.604425
0.651543 0.645366
0.655513 0.649403
0.659760 0.653703
0.664231 0.658218
0.668602 0.662588
0.673219 0.667174
0.677335 0.671196
0.681096 0.674783
0.685035 0.678492
0.688901 0.682087
0.976235 0.701832
0.977671 0.705809
0.978164 0.706850
0.979489 0.710204
0.981391 0.716157
0.984446 0.726507
0.987965 0.739740
0.989656 0.746049
0.988551 0.742029
0.988510 0.742579
0.324931 0.330559
0.325392 0.339230
0.325856 0.347820
0.326530 0.357270
0.326979 0.365696
0.327858 0.375826
0.328226 0.383795
0.329410 0.395042
0.329751 0.402822
0.331159 0.414747
0.437828 0.545068
0.442653 0.553572
0.447570 0.562068
0.452615 0.570603
0.457802 0.579184
0.463103 0.587762
0.468590 0.596426
0.474213 0.605087
0.479980 0.613737
0.485893 0.622363
0.215661 0.516449
0.212268 0.531811
0.210036 0.541264
0.209140 0.543541
0.205844 0.559812
0.203649 0.570452
0.202545 0.574614
0.199935 0.589455
0.198036 0.600416
0.196862 0.606527
0.598519 0.661702
0.604526 0.667758
0.610682 0.673845
0.617320 0.680268
0.623443 0.686026
0.629722 0.691791
0.637010 0.698362
0.642813 0.703314
0.649699 0.709144
0.656686 0.714906
0.238930 0.310821
0.237675 0.314095
0.236160 0.318332
0.234526 0.322968
0.232740 0.328035
0.231002 0.332906
0.228992 0.338681
0.227236 0.343425
0.225265 0.348938
0.223179 0.354780
0.290316 0.358398
0.289552 0.359143
0.288836 0.367108
0.288083 0.372593
0.287310 0.374683
0.286538 0.384610
0.285763 0.386964
0.284971 0.391553
0.284114 0.401979
0.283380 0.401394
0.299648 0.355353
0.298558 0.362482
0.297611 0.372494
0.296793 0.385492
0.295587 0.391601
0.294665 0.404084
0.293663 0.416501
0.292423 0.422763
0.291474 0.437899
0.290379 0.449538
0.340512 0.356464
0.341632 0.362507
0.342206 0.366946
0.343416 0.373128
0.344058 0.377679
0.345298 0.383836
0.346068 0.388658
0.347309 0.394689
0.348164 0.399634
0.349475 0.405748
0.280943 0.507588
0.280758 0.508605
0.280621 0.513582
0.280424 0.511419
0.280272 0.515553
0.280118 0.517726
0.279928 0.516455
0.279799 0.522698
0.279623 0.521661
0.279454 0.523446
0.377023 0.516337
0.380002 0.526247
0.383405 0.536880
0.386987 0.547664
0.390650 0.558354
0.394605 0.569372
0.398610 0.580180
0.402895 0.591214
0.407517 0.602530
0.412230 0.613598
0.468914 0.642270
0.473120 0.648636
0.477473 0.655029
0.481903 0.661330
0.486452 0.667593
0.491164 0.673864
0.495974 0.680039
0.500904 0.686143
0.505950 0.692160
0.511128 0.698102
0.308131 0.297363
0.308131 0.297363
0.308131 0.297363
0.308131 0.297363
0.308131 0.297363
0.308131 0.297363
0.308131 0.297363
0.308131 0.297363
0.308131 0.297363
0.308131 0.297363
0.209806 0.587985
0.208956 0.592564
0.208055 0.597612
0.207097 0.603483
0.206048 0.610849
0.205004 0.618879
0.204022 0.627044
0.203175 0.634750
0.202453 0.641945
0.201820 0.648959
0.698248 0.872048
0.710534 0.874522
0.719670 0.876071
0.730756 0.878434
0.743651 0.881634
0.750867 0.883079
0.759633 0.885311
0.771492 0.888932
0.779039 0.891235
0.785069 0.893211
0.190670 0.538421
0.188029 0.548167
0.185287 0.558883
0.182436 0.570784
0.179192 0.585845
0.176236 0.600778
0.173304 0.617312
0.171088 0.631197
0.169150 0.645163
0.167440 0.660257
0.903232 0.634986
0.904583 0.636429
0.904214 0.634268
0.905446 0.635406
0.910012 0.643770
0.914519 0.652195
0.914797 0.651389
0.914490 0.649311
0.916742 0.652738
0.920671 0.660152
0.278370 0.303135
0.276906 0.308770
0.275364 0.314959
0.273800 0.321098
0.272121 0.328142
0.270368 0.335521
0.268611 0.342645
0.266737 0.350335
0.264738 0.358645
0.262739 0.366756
0.661924 0.705868
0.666452 0.709538
0.671506 0.713638
0.677100 0.718166
0.682120 0.722042
0.687017 0.725720
0.692241 0.729636
0.697302 0.733281
0.702260 0.736771
0.707468 0.740409
0.734055 0.906526
0.739753 0.907671
0.746278 0.908990
0.751004 0.910004
0.754752 0.910738
0.758390 0.911513
0.761930 0.912299
0.765084 0.913075
0.768031 0.913786
0.770804 0.914457
0.511357 0.515052
0.515925 0.520029
0.519959 0.524464
0.524352 0.529247
0.528811 0.534087
0.533342 0.538993
0.537833 0.543855
0.542062 0.548480
0.546974 0.553750
0.551866 0.558981
0.501811 0.636624
0.504767 0.640539
0.507758 0.644443
0.510810 0.648363
0.513866 0.652226
0.516984 0.656102
0.520159 0.659982
0.523296 0.663751
0.526546 0.667590
0.529770 0.671329
0.032636 0.612075
0.028790 0.637635
0.025596 0.664415
0.023351 0.690538
0.022255 0.711777
0.021522 0.741139
0.021914 0.769490
0.023246 0.794544
0.026016 0.825461
0.028948 0.846738
0.249062 0.534217
0.247969 0.539603
0.246675 0.547855
0.245063 0.560984
0.244190 0.564892
0.242844 0.576702
0.241762 0.585596
0.240820 0.593097
0.239754 0.605470
0.239024 0.612114
0.414581 0.506932
0.418657 0.515076
0.422848 0.523275
0.427135 0.531496
0.431567 0.539808
0.436124 0.548177
0.440814 0.556606
0.445633 0.565082
0.450574 0.573587
0.455652 0.582130
0.806373 0.955124
0.810781 0.957030
0.817703 0.960351
0.825167 0.964159
0.831826 0.967787
0.836731 0.970865
0.840444 0.973428
0.844609 0.976403
0.847144 0.978719
0.850361 0.981465
0.469567 0.213592
0.483802 0.221784
0.494008 0.227836
0.513900 0.237922
0.523142 0.243119
0.546042 0.254191
0.557677 0.260369
0.580683 0.271736
0.597187 0.280398
0.617716 0.291410
0.219792 0.542892
0.218754 0.546178
0.216787 0.555810
0.214175 0.570629
0.213213 0.574160
0.211233 0.586036
0.209403 0.597679
0.208360 0.603205
0.206618 0.616627
0.205430 0.625746
0.376876 0.462418
0.379624 0.470552
0.382498 0.478810
0.385527 0.487243
0.388658 0.495741
0.391884 0.504279
0.395253 0.512950
0.398720 0.521664
0.402309 0.530452
0.406049 0.539358
0.318176 0.386259
0.318366 0.394095
0.318528 0.401859
0.318718 0.409711
0.318903 0.417567
0.319151 0.425743
0.319465 0.434225
0.319741 0.442541
0.320077 0.451094
0.320375 0.459490
0.662058 0.895359
0.669815 0.896098
0.682206 0.897995
0.687305 0.898190
0.698415 0.899868
0.705324 0.900628
0.711690 0.901363
0.724404 0.903733
0.725971 0.903352
0.737216 0.905700
0.521652 0.708194
0.528013 0.714681
0.534605 0.721081
0.541348 0.727308
0.548210 0.733336
0.555316 0.739252
0.562541 0.744956
0.569740 0.750321
0.577324 0.755720
0.584938 0.760833
0.418329 0.442340
0.421336 0.447501
0.425155 0.453590
0.429362 0.460063
0.432679 0.465397
0.437141 0.472011
0.441396 0.478303
0.445099 0.483886
0.450023 0.490808
0.454311 0.496930
0.462355 0.242603
0.470493 0.247522
0.473282 0.249619
0.480804 0.254013
0.484916 0.256678
0.491924 0.260666
0.497112 0.263732
0.504141 0.267609
0.510552 0.271182
0.517308 0.274840
0.490682 0.218238
0.492677 0.219424
0.499385 0.222720
0.505866 0.225842
0.506879 0.226614
0.506951 0.226927
0.510392 0.228705
0.517834 0.232222
0.524063 0.235160
0.524536 0.235661
0.523903 0.575914
0.528697 0.581610
0.533066 0.586806
0.537453 0.592013
0.542290 0.597659
0.546860 0.602967
0.551408 0.608228
0.556156 0.613667
0.560936 0.619091
0.565606 0.624340
0.320031 0.290131
0.320182 0.291541
0.320148 0.296522
0.320460 0.303175
0.320526 0.308662
0.320422 0.313316
0.320695 0.319751
0.321003 0.326345
0.320841 0.330715
0.320976 0.336473
0.637627 0.321414
0.653526 0.331052
0.665558 0.338728
0.678804 0.347513
0.694203 0.358169
0.706048 0.366831
0.721813 0.378926
0.735145 0.389700
0.747177 0.399949
0.760611 0.411985
0.708835 0.673747
0.716098 0.680782
0.723889 0.688307
0.730746 0.694613
0.737511 0.700701
0.744584 0.707010
0.751373 0.712901
0.757981 0.718442
0.764683 0.724007
0.771266 0.729393
0.682191 0.941307
0.676249 0.940262
0.687136 0.941487
0.681471 0.940440
0.692634 0.941702
0.687135 0.940692
0.696959 0.941839
0.693331 0.941139
0.702214 0.942100
0.700067 0.941672
0.665793 0.715599
0.675036 0.722847
0.684199 0.729694
0.693184 0.736116
0.702197 0.742331
0.711168 0.748246
0.720486 0.754286
0.728344 0.758945
0.737143 0.764236
0.746914 0.770233
0.890653 0.658341
0.891176 0.657382
0.895483 0.664100
0.901352 0.674003
0.903170 0.675619
0.904038 0.675540
0.907738 0.681418
0.912066 0.688456
0.914360 0.691721
0.914309 0.690034
0.359367 0.737059
0.363855 0.746054
0.368376 0.754356
0.373768 0.763434
0.379296 0.771951
0.385163 0.780200
0.391601 0.788464
0.398795 0.796947
0.405980 0.804600
0.413424 0.811863
0.799756 0.940928
0.802890 0.942132
0.810609 0.945486
0.815588 0.947790
0.816852 0.948417
0.824337 0.952331
0.830443 0.955685
0.832307 0.957077
0.837765 0.960461
0.843595 0.964226
0.827758 0.761127
0.835828 0.768318
0.840566 0.771938
0.845761 0.776307
0.853127 0.783149
0.854260 0.783350
0.862320 0.791158
0.865937 0.794515
0.870264 0.798722
0.877270 0.806318
0.407720 0.526534
0.410798 0.533425
0.413958 0.540363
0.417171 0.547296
0.420496 0.554312
0.423881 0.561323
0.427364 0.568385
0.430956 0.575510
0.434610 0.582611
0.438397 0.589792
0.697976 0.907399
0.704392 0.907940
0.709731 0.908287
0.723631 0.910737
0.728519 0.911174
0.733943 0.911948
0.747013 0.914698
0.750736 0.915206
0.756926 0.916542
0.767817 0.919269
0.798186 0.747252
0.802113 0.749803
0.806834 0.753226
0.813222 0.758512
0.819129 0.763328
0.823718 0.766738
0.826897 0.768749
0.830240 0.771019
0.836112 0.776024
0.841727 0.780946
0.657963 0.880656
0.665610 0.881489
0.677114 0.883438
0.688296 0.885300
0.697337 0.886617
0.705131 0.887678
0.712053 0.888558
0.722700 0.890677
0.733757 0.892992
0.740116 0.894009
0.369709 0.547581
0.372433 0.557721
0.375353 0.568066
0.378445 0.578533
0.381644 0.588926
0.385053 0.599446
0.388587 0.609863
0.392428 0.620529
0.396579 0.631376
0.401007 0.642259
0.815749 0.960044
0.819135 0.961740
0.820438 0.962470
0.824271 0.964481
0.830444 0.967741
0.833665 0.969726
0.834872 0.970747
0.837409 0.972457
0.842902 0.975780
0.846724 0.978316
0.735693 0.945717
0.747563 0.947383
0.759069 0.949503
0.769935 0.951829
0.779329 0.954146
0.788303 0.956726
0.797765 0.959972
0.806633 0.963497
0.815968 0.967808
0.824607 0.972331
0.538436 0.556873
0.542669 0.561597
0.547411 0.566808
0.552098 0.571969
0.556316 0.576624
0.560625 0.581381
0.565068 0.586276
0.569647 0.591290
0.574262 0.596321
0.578657 0.601126
0.728869 0.889973
0.739258 0.892108
0.749018 0.894375
0.758754 0.896775
0.768231 0.899313
0.776524 0.901732
0.782764 0.903678
0.789235 0.905845
0.795042 0.907991
0.800975 0.910327
0.831266 0.880865
0.836712 0.884400
0.841729 0.887878
0.846491 0.891388
0.851045 0.894972
0.855385 0.898608
0.859539 0.902325
0.863957 0.906515
0.868003 0.910612
0.871971 0.914873
0.412596 0.233625
0.414012 0.235488
0.415324 0.237233
0.416607 0.238919
0.420144 0.242348
0.424342 0.246120
0.428204 0.249537
0.432432 0.253136
0.436773 0.256675
0.439504 0.259087
0.271978 0.353507
0.271176 0.356637
0.270336 0.360176
0.269534 0.363305
0.268728 0.366437
0.267933 0.369386
0.266987 0.373579
0.266091 0.377302
0.265253 0.380513
0.264425 0.383602
0.854089 0.714468
0.858283 0.718818
0.862138 0.722728
0.865872 0.726591
0.868895 0.729429
0.872921 0.733885
0.876115 0.737268
0.878562 0.739757
0.882010 0.743786
0.885778 0.748460
0.765948 0.989846
0.771697 0.991083
0.779463 0.992929
0.780523 0.993164
0.792723 0.996671
0.789493 0.995618
0.802056 0.999744
0.804593 1.000734
0.810587 1.003088
0.816105 1.005474
0.268233 0.482091
0.266799 0.494801
0.265606 0.502715
0.264618 0.506940
0.263247 0.519345
0.262143 0.527020
0.261208 0.531931
0.259902 0.545139
0.258908 0.552844
0.257998 0.559479
0.324251 0.363705
0.324268 0.367043
0.324619 0.371841
0.325064 0.377028
0.325550 0.382363
0.325669 0.386091
0.325713 0.389514
0.325793 0.393132
0.326191 0.398077
0.326728 0.403587
0.983008 0.558703
0.985096 0.562319
0.981719 0.551560
0.989965 0.572226
0.989577 0.569398
0.989373 0.567340
0.999390 0.595102
0.991207 0.570200
0.995915 0.581887
1.001431 0.596712
0.348672 0.627941
0.350944 0.637561
0.353505 0.647477
0.356190 0.657150
0.359192 0.667043
0.362318 0.676670
0.365534 0.685854
0.369078 0.695157
0.372872 0.704305
0.377261 0.714017
0.728588 0.478232
0.740444 0.489823
0.751808 0.501498
0.762585 0.513040
0.773084 0.524757
0.782067 0.535061
0.790816 0.545414
0.801592 0.558967
0.808864 0.567951
0.817651 0.579419
0.808695 0.891301
0.811302 0.892537
0.814010 0.893871
0.816743 0.895232
0.819047 0.896442
0.821745 0.897886
0.824133 0.899204
0.826639 0.900624
0.828878 0.901958
0.831137 0.903325
0.560215 0.826982
0.572214 0.831498
0.584642 0.835777
0.597186 0.839730
0.610110 0.843484
0.623207 0.847025
0.634263 0.849573
0.645254 0.851970
0.656077 0.854206
0.668353 0.856913
0.850288 0.874728
0.853584 0.877416
0.856919 0.880264
0.860063 0.883076
0.863180 0.885993
0.866210 0.888959
0.869051 0.891871
0.871939 0.894954
0.874541 0.897891
0.877304 0.901099
0.341317 0.569289
0.341683 0.571456
0.342041 0.573571
0.342311 0.575337
0.342765 0.577768
0.342965 0.579250
0.343375 0.581492
0.343762 0.583629
0.344000 0.585215
0.344483 0.587660
0.778369 0.867407
0.787028 0.870630
0.796115 0.874326
0.803298 0.877411
0.811607 0.881379
0.818068 0.884660
0.825552 0.888838
0.831208 0.892190
0.838367 0.896907
0.843245 0.900311
0.937452 0.759106
0.939012 0.762329
0.941546 0.767649
0.946716 0.780306
0.945629 0.777286
0.949838 0.788196
0.950796 0.791240
0.950924 0.792271
0.955525 0.805010
0.953731 0.802297
0.319872 0.595889
0.320524 0.602381
0.321358 0.609481
0.322268 0.616614
0.323096 0.623017
0.324307 0.630829
0.325440 0.637912
0.326594 0.644708
0.328095 0.652502
0.329632 0.659974
0.276026 0.568660
0.275658 0.579189
0.275186 0.584586
0.275015 0.595881
0.274786 0.604015
0.274708 0.613016
0.274818 0.623183
0.274897 0.631381
0.275186 0.640674
0.275626 0.650069
0.522878 0.578754
0.527818 0.584712
0.533101 0.591022
0.538218 0.597082
0.543514 0.603307
0.548759 0.609401
0.554142 0.615607
0.559473 0.621679
0.565050 0.627948
0.570325 0.633815
0.384591 0.464174
0.386400 0.468934
0.388211 0.473652
0.390067 0.478410
0.391983 0.483231
0.393961 0.488117
0.395977 0.493024
0.397996 0.497893
0.400054 0.502785
0.402170 0.507734
0.639859 1.010646
0.649029 1.009802
0.650716 1.009223
0.676301 1.008967
0.671510 1.008351
0.686246 1.008155
0.700624 1.008003
0.695498 1.007861
0.715084 1.008212
0.715489 1.007943
0.397599 0.370230
0.402698 0.378784
0.407270 0.386476
0.413197 0.395484
0.418132 0.403150
0.424777 0.412471
0.430058 0.420110
0.437638 0.429965
0.443020 0.437342
0.451196 0.447371
0.302608 0.345612
0.301962 0.348955
0.301768 0.358091
0.300970 0.359652
0.300737 0.368850
0.300113 0.373024
0.299669 0.379543
0.299194 0.386095
0.298545 0.389862
0.298298 0.400247
0.861748 0.890835
0.865643 0.894611
0.869431 0.898509
0.873060 0.902470
0.876556 0.906515
0.879899 0.910617
0.883129 0.914810
0.886152 0.918996
0.889077 0.923274
0.891912 0.927646
0.785091 0.971704
0.788307 0.972594
0.795258 0.974888
0.798398 0.975975
0.804061 0.978087
0.808158 0.979747
0.814327 0.982429
0.818659 0.984455
0.822992 0.986680
0.827243 0.988941
0.287711 0.482046
0.286909 0.495760
0.286036 0.506328
0.285132 0.514203
0.284380 0.526452
0.283759 0.540964
0.283072 0.550814
0.282430 0.559909
0.282126 0.574903
0.281859 0.587572
0.334144 0.276531
0.334144 0.276531
0.334144 0.276531
0.334144 0.276531
0.334144 0.276531
0.334144 0.276531
0.334144 0.276531
0.334144 0.276531
0.334144 0.276531
0.334144 0.276531
0.243001 0.333767
0.243402 0.329024
0.239185 0.344044
0.239271 0.340871
0.235146 0.354983
0.235135 0.352425
0.231048 0.365951
0.230332 0.366203
0.226369 0.378963
0.225926 0.378294
0.344619 0.530682
0.346202 0.540139
0.347845 0.549574
0.349529 0.558900
0.351317 0.568331
0.353291 0.578033
0.355268 0.587438
0.357389 0.596942
0.359683 0.606586
0.362084 0.616138
0.649705 0.500711
0.661246 0.511144
0.671753 0.520949
0.682323 0.531160
0.692231 0.541049
0.702264 0.551348
0.711604 0.561228
0.720908 0.571323
0.729067 0.580305
0.737690 0.590017
0.506857 0.645580
0.512042 0.652214
0.517364 0.658832
0.522699 0.665276
0.528197 0.671717
0.533828 0.678108
0.539518 0.684353
0.545392 0.690584
0.551254 0.696575
0.557292 0.702528
0.780973 0.861631
0.784687 0.863026
0.789145 0.864853
0.793425 0.866626
0.797685 0.868459
0.801195 0.870015
0.804338 0.871449
0.807333 0.872821
0.810312 0.874238
0.814067 0.876168
0.772452 0.996767
0.774312 0.997077
0.774976 0.997151
0.776924 0.997652
0.782005 0.998911
0.788596 1.000693
0.795145 1.002697
0.800826 1.004561
0.802547 1.005235
0.804302 1.006013
0.360380 0.222378
0.360092 0.222595
0.361085 0.225430
0.362030 0.228147
0.363044 0.230929
0.364028 0.233627
0.365273 0.236683
0.366451 0.239607
0.367673 0.242520
0.368930 0.245453
0.543000 0.510239
0.554797 0.521834
0.567210 0.534066
0.579252 0.546075
0.591441 0.558356
0.603623 0.570768
0.615913 0.583420
0.627971 0.595960
0.639979 0.608526
0.651221 0.620305
0.654828 0.799743
0.664329 0.803597
0.673656 0.807173
0.682865 0.810587
0.691981 0.813869
0.700958 0.817023
0.709887 0.820142
0.718569 0.823094
0.727085 0.826004
0.735440 0.828895
