0.311583 0.295613
0.311511 0.299941
0.311436 0.304251
0.311378 0.308713
0.311300 0.313049
0.311001 0.315897
0.310749 0.319077
0.310468 0.322047
0.310285 0.325791
0.310211 0.330327
0.310165 0.335093
0.310098 0.339773
0.309927 0.343688
0.309651 0.346838
0.309352 0.349880
0.309053 0.352865
0.308934 0.357301
0.308881 0.362333
0.308875 0.367789
0.308856 0.373114
0.308593 0.376537
0.308270 0.379523
0.307967 0.382624
0.307678 0.385852
0.307664 0.391464
0.307670 0.397266
0.307703 0.403332
0.307566 0.408128
0.307253 0.411377
0.306953 0.414618
0.306640 0.417783
0.306471 0.422269
0.306470 0.428393
0.306477 0.434479
0.306513 0.440808
0.306324 0.445192
0.306038 0.448746
0.305770 0.452390
0.305489 0.455944
0.305445 0.461683
0.305472 0.468107
0.305465 0.474154
0.305483 0.480360
0.305270 0.484391
0.305065 0.488468
0.304876 0.492662
0.304732 0.497229
0.304769 0.503386
0.304833 0.509707
0.304899 0.516007
0.304899 0.521563
0.304817 0.526168
0.304747 0.530804
0.304689 0.535479
0.304770 0.541286
0.304947 0.547698
0.305178 0.554355
0.305422 0.560944
0.305587 0.566597
0.305644 0.571290
0.305751 0.576126
0.305978 0.581692
0.306363 0.588279
0.306802 0.594846
0.307259 0.601188
0.307726 0.607313
0.308164 0.612990
0.308705 0.619003
0.309230 0.624620
0.309821 0.630310
0.310598 0.636714
0.311445 0.643155
0.312439 0.649877
0.313364 0.656001
0.314303 0.661824
0.315451 0.668203
0.316646 0.674410
0.317874 0.680405
0.319320 0.686869
0.320937 0.693500
0.322618 0.699991
0.324171 0.705670
0.325869 0.711497
0.327752 0.717531
0.329611 0.723199
0.331877 0.729563
0.334349 0.736051
0.336849 0.742207
0.339459 0.748209
0.342108 0.754013
0.344886 0.759707
0.347730 0.765191
0.351250 0.771573
0.354574 0.777267
0.358071 0.782856
0.361629 0.788234
0.365534 0.793809
0.369676 0.799391
0.374215 0.805103
0.378800 0.810571
0.383497 0.815799
0.388349 0.820853
0.393232 0.825651
0.397911 0.829978
0.403281 0.834655
0.409231 0.839503
0.415847 0.844614
0.422521 0.849400
0.427085 0.852380
0.432393 0.855651
0.437709 0.858761
0.443716 0.862097
0.450806 0.865851
0.458413 0.869659
0.465097 0.872688
0.471581 0.875392
0.478328 0.878013
0.485512 0.880656
0.493034 0.883263
0.500193 0.885496
0.507629 0.887678
0.515178 0.889743
0.523606 0.891933
0.531237 0.893683
0.538230 0.895094
0.544663 0.896244
0.551025 0.897263
0.559623 0.898811
0.568647 0.900354
0.577719 0.901804
0.586583 0.903093
0.591875 0.903494
0.597180 0.903865
0.602321 0.904155
0.608254 0.904599
0.617551 0.905743
0.626827 0.906851
0.635890 0.907878
0.642565 0.908471
0.647324 0.908628
0.652331 0.908893
0.656674 0.908947
0.663975 0.909691
0.671518 0.910447
0.680403 0.911521
0.688333 0.912439
0.693553 0.912859
0.697062 0.913001
0.701081 0.913238
0.704334 0.913301
0.711227 0.914174
0.719876 0.915532
0.727522 0.916834
0.734499 0.918091
0.738335 0.918549
0.740749 0.918832
0.743785 0.919272
0.747513 0.919931
0.754592 0.921449
0.760961 0.922904
0.766755 0.924309
0.771821 0.925573
0.773939 0.926100
0.776034 0.926678
0.778464 0.927304
0.782713 0.928606
0.787624 0.930169
0.791883 0.931650
0.796987 0.933502
0.799895 0.934590
0.802225 0.935445
0.803843 0.936071
0.806476 0.937182
0.810279 0.938863
0.814778 0.940966
0.819263 0.943221
0.823302 0.945356
0.825195 0.946388
0.827057 0.947489
0.829313 0.948844
0.831854 0.950443
0.836056 0.953008
0.839556 0.955258
0.843265 0.957749
0.846296 0.959908
0.848058 0.961409
0.850117 0.963109
0.851113 0.964210
0.853705 0.966386
0.856732 0.968851
0.859507 0.971238
0.862094 0.973627
0.864228 0.975689
0.864723 0.976682
0.865500 0.977863
0.866131 0.978841
0.868688 0.981498
0.871347 0.984306
0.873420 0.986774
0.875482 0.989341
