0.406938
1.257736
0.394498
0.312884
0.594530
0.296256
0.776120
0.546686
1.034374
0.737390
0.229162
0.294595
1.050601
0.573694
0.395201
0.507342
1.310955
0.856060
0.558149
0.515410
0.412996
0.559277
0.824862
0.499491
1.487592
0.215111
0.849239
1.030479
0.441939
2.444655
0.580909
1.647913
1.000091
0.230117
0.276284
1.106789
0.394719
0.570615
0.379794
0.280376
0.673658
0.430460
0.930146
0.689102
0.325233
0.310962
0.255302
0.670274
0.808297
1.939887
0.273235
0.419261
1.056596
0.538707
1.072028
0.547398
1.593570
1.593788
0.242599
0.491312
1.010272
0.367961
0.615939
0.593100
1.120444
0.584241
0.503192
0.628976
0.315791
1.225043
0.572759
1.294184
0.188435
0.273154
0.533748
0.841659
0.235642
1.875208
0.931262
0.878607
0.366246
0.520151
0.380901
0.380486
0.137091
0.437641
1.377390
0.410677
0.404925
0.464120
1.437059
0.327781
0.690160
0.293681
0.628324
0.486162
0.799533
0.824321
1.134599
0.450184
1.220808
0.344056
0.228559
0.708391
2.148259
0.256901
0.590067
0.707441
0.755499
0.639566
1.400322
0.540932
0.220220
0.538741
0.233965
0.274619
0.319526
0.307006
0.596980
1.441531
0.429112
0.214200
0.616663
0.801152
0.807750
1.058375
1.568086
0.197629
0.932748
0.590259
0.336771
0.212241
1.835979
1.428701
1.064333
0.419014
1.329050
0.771799
0.516090
0.317698
0.280565
0.167546
1.064211
1.117483
1.274765
0.848585
0.281916
1.430601
0.591341
0.660226
1.301063
1.732918
1.065528
0.529649
1.040052
0.776204
0.451476
0.976996
0.455678
0.681912
0.503796
0.983350
1.006073
0.550487
0.933187
0.899552
0.619707
1.230978
0.307712
0.848080
0.703261
2.289873
1.109159
1.742237
0.853636
0.208378
1.175040
2.059557
1.192419
1.780996
0.449911
0.735782
0.611993
0.452563
0.274825
0.642328
0.415420
0.776032
0.250722
1.530370
0.689068
0.412644
0.370424
1.274660
0.125281
0.768366
0.167913
0.923085
1.095086
0.475545
