0.103520
-0.287069
0.252997
-0.868701
0.379927
0.307517
-0.868701
0.396163
0.110775
0.236255
-0.868701
-0.868701
0.003235
0.104750
0.405127
0.572039
0.512874
0.048551
0.578623
0.269762
0.450118
0.649737
-0.112884
-0.868701
-0.868701
0.298917
0.153858
0.342701
0.077451
0.076527
0.432242
-0.868701
-0.868701
-0.868701
0.443734
0.228363
0.434548
-0.067727
0.245276
0.262147
0.288117
0.220258
0.153133
0.150625
-0.868701
0.181563
0.310015
-0.868701
0.364897
0.312614
0.255592
-0.217636
0.356501
0.355009
-0.016553
0.104878
0.370894
0.289450
-0.868701
0.228375
0.212893
0.301471
-0.868701
0.111480
0.481196
0.079216
-0.868701
-0.338750
0.179653
0.483499
-0.103594
0.294698
-0.868701
0.330529
-0.092524
0.147204
0.019674
0.193307
0.071570
0.264312
0.304407
-0.221986
-0.868701
0.123991
0.267581
0.278084
0.323364
0.517496
0.171933
-0.868701
0.118753
0.486044
0.203378
-0.868701
0.559177
-0.868701
0.346722
0.285208
-0.868701
0.108710
0.595409
0.279319
0.391884
0.184794
-0.868701
0.415889
-0.868701
0.430223
0.373456
0.002962
0.362468
-0.868701
-0.196108
0.289418
0.325192
0.292967
0.312238
0.377150
0.182529
-0.868701
-0.868701
0.410611
0.192349
-0.868701
0.438876
0.062095
0.427746
-0.868701
-0.868701
0.159237
0.414519
0.349957
-0.176594
-0.868701
0.399851
0.521542
0.308636
0.195440
0.267918
-0.015819
-0.305198
0.604467
-0.868701
0.133846
0.522919
0.312135
-0.868701
0.373514
-0.868701
-0.868701
0.408147
-0.019368
-0.868701
0.208900
0.245587
0.221740
-0.868701
-0.868701
-0.868701
-0.240621
0.583466
-0.868701
-0.010935
0.043345
0.261741
0.069373
0.392022
0.352597
0.237119
0.431089
0.184502
0.234484
0.381626
0.350961
-0.868701
-0.868701
0.270668
0.274168
0.417264
0.499161
-0.868701
0.402567
0.626190
-0.868701
0.293227
-0.868701
0.376518
0.080228
0.155669
-0.868701
0.350012
0.194565
-0.868701
-0.868701
0.034652
0.227578
0.423670
-0.868701
0.195787
0.366688
0.068090
0.021243
-0.868701
0.392347
0.137299
0.421015
-0.868701
-0.868701
0.396693
0.337326
-0.868701
0.479860
0.408086
0.269571
0.270172
-0.868701
-0.082975
0.162627
-0.868701
0.577138
0.308311
0.460761
0.328654
-0.048965
0.337145
0.248919
0.043778
0.192355
0.166173
0.234789
0.449881
0.290062
0.161793
-0.868701
0.359794
0.442112
0.448288
-0.868701
0.657169
0.300141
0.105509
0.212678
-0.868701
0.226888
0.291946
-0.868701
0.248167
0.285380
-0.868701
0.395675
0.514391
0.414606
0.229493
0.028795
0.322752
