0.999607 -0.048662
0.151798 -0.731236
-0.253224 0.775891
0.472665 -0.485107
1.840452 1.656514
0.079510 0.272734
0.274406 -0.403644
1.568913 1.058981
-1.229784 1.271560
0.493563 -0.334720
-1.114980 -0.611142
-0.041739 1.632195
1.273806 0.388880
0.054028 -0.759682
0.200760 -0.117059
1.337586 0.521104
0.909716 -0.160468
1.043985 0.725277
-0.020788 -0.380267
-1.372893 0.774562
-0.214471 -0.549277
1.701285 0.683036
-0.280163 -0.931437
-1.924244 -0.450218
0.052565 -0.903104
-0.440475 -1.140182
-1.044897 1.952759
1.280042 1.924450
1.330952 0.732563
0.807513 0.148513
-1.551178 -0.300913
-0.329040 -0.687516
1.198175 0.616157
0.706881 -0.471073
0.595977 -0.919157
0.282546 -0.574097
0.772340 0.324220
-1.077159 2.176807
0.282428 -0.962679
0.493053 -0.059271
-1.661652 -0.063252
-1.400360 -0.424354
-1.561619 1.740750
-1.314939 1.642302
-1.782094 0.647284
0.965122 0.124398
-1.123138 0.252443
0.378747 -0.150600
1.113707 -0.215234
-2.005238 -0.875513
1.623321 -0.438538
-1.235115 1.676046
-1.397081 1.570344
-1.748752 1.329459
0.910003 -0.382927
0.341319 -0.483316
0.343335 -1.108858
-0.071230 -0.966438
1.114487 0.395780
-1.398409 1.697594
-1.776094 0.249906
0.975981 0.648738
0.598512 -0.374056
0.751459 -0.002481
1.046530 1.338655
-1.536933 1.747913
0.481628 0.925796
0.210538 -0.495993
-1.814770 0.490665
-0.022787 -0.668078
1.978909 1.264958
0.558102 -0.691462
-1.298196 1.484801
0.754633 0.770309
0.065457 -0.685115
-2.110604 -0.778991
0.868729 0.111525
1.052968 0.097610
-1.718748 1.930610
-0.321229 -0.231851
0.812001 0.259585
0.396347 -0.392684
0.274160 -0.908489
0.186865 -0.388393
0.809498 -0.085679
-0.338044 -1.977100
0.068481 -0.619914
-1.189374 0.611124
0.131862 -0.722080
0.590738 0.258743
1.078040 0.156234
-1.570111 0.382854
-1.489551 1.165161
0.384081 -0.231956
0.742311 -0.510769
0.644570 0.443889
0.014336 -1.054765
-1.456521 0.212849
-0.674297 -2.070882
-1.238724 0.091832
0.262548 -0.094352
-0.271357 -0.916196
0.277036 -0.542951
1.703188 2.042435
-1.323503 2.008230
0.760323 0.263980
-0.199366 -2.077255
0.102734 -0.712188
0.070892 0.590066
1.157420 -0.123949
-1.781570 -0.500675
1.288113 0.637857
0.290410 -0.401457
-0.847999 0.815953
0.459752 -0.003735
0.789654 0.014052
-1.422963 2.105507
-0.434653 -1.886364
0.123186 -1.134185
-0.297520 -1.626355
-2.124069 -0.263549
0.362661 -0.039793
0.403884 -1.028474
0.018242 -1.472067
0.526820 0.013148
0.605117 0.074299
0.314036 -0.673264
0.651980 -0.633741
0.483330 -0.740241
1.075827 0.618648
0.568433 -0.123431
-0.062224 -0.742770
0.362311 -0.184126
-1.693679 1.599629
0.713014 -0.397441
0.394569 -0.370450
0.695250 0.806226
0.865204 -1.043717
1.489140 0.362688
-0.340169 -1.834904
-0.388165 -0.391298
0.777233 0.172990
0.923645 -0.060701
-0.079585 -1.353155
0.632662 0.292831
0.604444 -0.245830
0.714480 0.529183
-2.214474 -1.064999
0.974553 -0.461597
0.989225 0.438219
-0.184174 -0.519033
1.029005 -0.345048
0.024845 -0.977075
0.100809 -1.488063
-1.515268 0.102585
0.599293 -0.332356
0.278117 -0.697263
1.185777 0.946448
1.096632 0.551935
-1.099985 -0.243924
0.188129 -1.179380
-1.078063 2.108517
1.093278 0.545005
-0.395728 -0.706911
-1.014083 1.216097
-1.083162 2.041518
-1.851281 -0.184036
-0.176174 -1.827161
-0.010246 -0.868907
-0.115822 -1.220815
-1.360221 0.922729
-1.236970 0.650980
-1.332695 2.498524
0.587516 -0.427798
-1.940570 -0.610574
0.518858 -1.607969
0.861298 0.371604
-1.949982 -0.132202
-0.754941 -0.270373
0.677962 0.333092
-1.145894 1.604755
-0.891133 2.320769
-0.134841 -1.469196
1.011596 0.591414
-0.430678 -0.808508
0.537232 0.786385
0.722022 0.135077
-1.043694 0.483935
0.886598 0.307538
0.066986 -0.948312
0.260967 -0.425699
-1.185576 0.528974
1.209266 0.841625
-1.926959 -0.571016
-1.524235 1.160277
0.575173 -0.209837
0.136114 0.468500
0.880384 -0.038486
0.502901 -0.607422
-0.128251 -1.130249
0.814328 0.046844
-0.842515 -1.769186
-0.216167 -2.251989
0.043726 -0.793556
0.935592 -0.368915
1.380466 1.125374
-0.145118 -0.975270
-1.826213 -0.342362
-1.147860 1.732017
-0.086607 -1.293094
0.430149 -0.321248
-0.204216 -0.547384
-0.678049 -1.095186
-0.176341 -1.254242
1.320487 1.087938
-0.016308 -0.391109
0.464993 -0.000723
0.615416 0.275898
0.617711 0.159584
0.296940 -0.717622
-0.874839 1.924291
-1.321908 1.823456
0.451771 -1.058617
1.730415 0.079405
0.227856 0.004004
-1.850523 -0.315864
-0.315812 -1.982320
-0.496989 -1.480014
-1.297502 0.816761
0.800260 -0.026015
0.510933 -0.298800
0.147529 -1.079129
-1.236363 1.760852
0.327410 -0.402316
0.319757 0.710044
-1.003900 -0.858935
2.166034 2.187195
0.884953 -0.114149
1.039078 0.627506
-0.293244 -0.444136
0.676196 0.756796
-0.588523 -2.082130
0.634718 0.559002
2.402364 1.424428
1.294327 0.939981
-0.472041 -1.638394
-0.098352 -1.583655
-0.904456 0.337301
0.400842 0.215265
-1.970424 -1.391467
1.827031 1.363788
0.932061 -0.174930
1.161537 1.653400
-1.401737 1.821246
-0.179707 -1.666694
