67.632994
64.329134
58.422108
78.742108
59.819365
48.748116
79.146699
79.039576
47.486497
57.560905
48.824285
68.174672
60.779278
69.934651
65.343757
48.801202
69.553292
56.168415
48.721213
67.362177
67.321613
74.272030
48.829211
56.115347
71.671780
61.543721
70.804475
75.845600
54.060357
78.774506
72.931450
77.437017
73.606314
54.772945
65.171908
63.987407
71.151686
69.464857
78.719874
72.979684
71.911870
48.764314
74.781376
48.829728
67.512801
78.737003
60.745819
48.934430
70.507871
48.832892
63.203548
68.192502
73.041940
57.038659
78.712228
61.980086
65.145111
60.378341
77.469769
62.658166
63.405331
64.795151
48.790168
66.147773
71.629967
60.278125
70.477805
66.239040
64.973649
63.162014
48.751567
58.688769
68.821045
48.829211
48.540223
60.995541
48.889295
79.055805
78.724263
72.615974
60.418218
60.534900
68.409846
48.864434
68.700561
55.816433
78.790243
62.269009
66.718502
54.336538
57.077106
75.567140
48.738882
48.856365
72.879755
48.961354
56.051412
71.313223
73.482090
78.711900
48.873309
58.330157
79.055487
67.623321
58.353155
66.928782
79.128680
78.819371
78.761800
74.021547
64.780370
78.884535
77.603704
58.146335
79.077832
48.873946
48.347719
55.976005
64.834354
74.082882
78.761729
63.487287
48.473382
74.710656
56.997341
48.811884
49.119203
58.734781
48.781548
48.767767
48.772730
67.500834
63.980047
78.832313
48.794257
48.812455
69.065235
78.808165
48.824968
52.341566
58.827228
71.711533
48.809752
69.286986
48.743021
48.744721
48.647855
67.980278
66.435295
69.760200
58.516381
78.935827
76.933477
66.329919
72.586268
78.946944
56.554363
74.371307
68.561388
65.769333
50.517090
66.318504
72.730037
48.913928
48.766253
69.454641
65.596500
77.006764
56.374982
70.522210
48.812536
48.861279
78.717227
68.132181
68.699541
61.065900
48.251460
54.051591
61.147665
47.593392
78.711028
68.450056
70.974062
71.577197
48.879741
48.784106
48.900743
48.564286
78.824944
52.885621
66.123390
48.573262
71.194784
59.791955
48.769092
48.786596
47.321279
48.821549
68.544965
47.909916
74.956995
48.796813
48.609571
61.402298
68.011993
58.724657
72.031933
55.464656
61.267130
64.235822
78.786111
78.234656
64.860265
78.703895
67.430257
60.777903
63.508825
63.180770
79.127062
58.414853
58.852058
51.398327
61.316722
60.209136
67.518833
65.770074
58.381006
66.929599
78.617910
54.537321
61.982972
58.357454
66.542602
64.879424
48.860052
54.639065
78.798337
71.051008
70.304354
66.213093
