0.291776
0.726960
0.258110
-0.048139
0.384387
-0.961731
-0.292345
-0.207238
0.728535
0.788005
-1.416399
0.328783
0.380044
0.634116
0.271757
-1.031327
0.294887
0.243304
-0.890902
0.391764
0.210807
0.292392
-1.236615
0.116430
0.268810
0.114448
0.316784
0.125201
1.211632
-0.275808
0.920486
0.510629
0.130285
0.066584
0.259683
0.884282
0.355100
0.278125
-0.083170
0.691747
-0.093287
-1.033858
0.599415
-1.199678
0.107268
-0.091412
0.411957
-1.208569
-0.295131
-0.946359
0.661958
1.187820
0.192046
0.212388
-0.227146
0.401625
0.201019
0.647859
0.247567
1.052673
0.489419
-0.219953
-0.966065
0.309355
0.293472
0.271931
-0.628825
0.314273
-0.065088
0.305919
-0.943266
0.085905
0.613829
-0.976343
0.173396
0.315231
-1.601393
-0.088717
-0.899072
0.011784
0.292085
0.136626
0.177345
-1.164602
0.329549
0.229155
-0.498262
0.760362
0.632100
0.315603
0.453418
0.331101
-0.935315
-1.234585
0.079024
-1.204585
0.215625
0.275213
0.202403
-0.095625
-1.361958
0.902213
0.284496
0.295687
0.380578
0.279117
0.032174
-0.120277
-0.768754
0.235077
0.255526
0.056330
0.235719
0.405568
0.211493
-1.443972
-0.419586
0.335818
0.476429
0.136426
-0.145320
0.237412
-0.137780
0.192151
0.963408
-0.943446
0.220753
0.081226
-0.991390
-0.946322
-1.043757
0.721211
0.575542
-0.647408
-0.829106
-1.370372
0.393665
0.156741
-1.172054
0.103345
0.361505
0.035348
-1.150232
0.362143
-0.912081
-0.950372
-1.044873
0.245345
0.373135
0.232515
0.173366
0.274791
0.065603
0.916628
0.430624
0.054995
0.461315
0.115362
0.316129
0.861826
0.522722
0.497873
0.272351
-1.154820
-0.927085
0.751386
-0.228851
0.212287
0.323889
0.297003
-0.761859
-1.491066
-0.294923
1.325651
0.363970
-0.075017
0.117929
0.576709
0.221502
0.433227
-0.952047
0.012534
0.177010
0.243773
-1.496375
-1.101071
-1.125467
0.236305
0.152215
0.332075
0.487554
0.139840
0.355307
0.445346
-1.025362
-0.958412
-0.859648
-0.904075
-0.008837
-0.837149
0.281911
-0.822967
-0.612803
0.176452
0.076072
-0.000281
0.453066
0.381674
0.358263
0.826032
-0.809753
-0.269724
0.452411
-0.179504
0.556393
0.117868
0.052692
0.816011
-0.052966
0.478134
0.338093
0.155024
0.166603
0.386503
0.267612
0.468349
0.186664
0.929601
-0.595051
-0.365436
0.131373
0.294453
0.107134
0.915911
-1.284217
0.442732
-0.868002
0.340217
0.358247
0.389943
