0.104628 0.657163
0.106911 0.658035
0.109235 0.658947
0.111516 0.659825
0.113826 0.660739
0.116114 0.661631
0.118362 0.662534
0.120526 0.663402
0.122675 0.664271
0.124824 0.665150
0.126912 0.666014
0.129104 0.666934
0.131279 0.667849
0.133413 0.668785
0.135509 0.669701
0.137583 0.670648
0.139570 0.671555
0.141377 0.672414
0.143178 0.673268
0.144928 0.674139
0.146600 0.674969
0.148180 0.675792
0.149780 0.676636
0.151255 0.677428
0.152637 0.678185
0.153986 0.678947
0.155200 0.679639
0.156268 0.680219
0.157241 0.680764
0.158119 0.681214
0.158906 0.681622
0.159630 0.681947
0.160288 0.682236
0.160925 0.682466
0.161486 0.682648
0.162034 0.682779
0.162532 0.682883
0.163022 0.682947
0.163409 0.682841
0.163862 0.682809
0.164361 0.682829
0.164934 0.682948
0.165603 0.683190
0.166329 0.683560
0.167237 0.684210
0.168210 0.685041
0.169297 0.686041
0.170545 0.687434
0.171890 0.688986
0.173392 0.690958
0.175031 0.693192
0.176840 0.695897
0.178801 0.698908
0.180950 0.702467
0.183318 0.706569
0.185835 0.711048
0.188513 0.715923
0.191379 0.721250
0.194386 0.726892
0.197540 0.732838
0.200836 0.739090
0.204277 0.745509
0.207929 0.752335
0.211802 0.759463
0.215857 0.766835
0.220159 0.774497
0.224679 0.782293
0.229402 0.790269
0.234366 0.798348
0.239586 0.806592
0.245101 0.815012
0.250872 0.823486
0.256880 0.831956
0.263175 0.840485
0.269907 0.849284
0.276961 0.858113
0.284468 0.867142
0.292272 0.876079
0.300186 0.884702
0.308454 0.893293
0.317599 0.902383
0.327116 0.911302
0.336839 0.919871
0.347128 0.928370
0.357551 0.936395
0.368542 0.944272
0.379563 0.951559
0.390927 0.958467
0.402233 0.964740
0.414077 0.970708
0.426456 0.976327
0.438750 0.981310
0.452141 0.986059
0.465219 0.990099
0.478218 0.993502
0.490823 0.996317
0.503446 0.998670
0.515797 1.000474
0.527396 1.001815
0.538852 1.002781
0.550983 1.003424
0.563007 1.003718
0.574989 1.003711
0.586991 1.003330
0.598214 1.002765
0.608054 1.002147
0.616630 1.001437
0.624779 1.000697
0.632105 0.999967
0.639960 0.999102
0.647176 0.998296
0.653980 0.997429
0.660907 0.996563
0.667511 0.995728
0.673687 0.994953
0.678858 0.994315
0.683559 0.993760
0.688484 0.993215
0.692851 0.992766
0.696571 0.992453
0.700557 0.992088
0.704135 0.991847
0.706719 0.991736
0.708853 0.991595
0.711251 0.991525
0.713064 0.991518
0.714701 0.991470
0.716357 0.991491
0.718023 0.991580
0.719712 0.991661
0.720795 0.991741
0.721754 0.991833
0.721992 0.991822
0.722739 0.991915
0.723064 0.991937
0.723021 0.991881
0.723106 0.991860
0.723915 0.992059
0.723866 0.991996
0.724007 0.992008
0.724667 0.992208
0.724883 0.992270
0.725250 0.992394
0.725094 0.992308
0.725386 0.992408
0.725825 0.992580
0.726546 0.992888
0.727527 0.993340
0.728294 0.993701
0.729782 0.994458
0.731251 0.995236
0.733180 0.996303
0.735639 0.997731
0.737305 0.998728
0.739089 0.999816
0.740304 1.000587
0.742022 1.001689
0.743823 1.002861
0.746532 1.004665
0.749295 1.006545
0.752322 1.008639
0.754466 1.010170
0.757128 1.012082
0.759694 1.013938
0.763066 1.016437
0.766196 1.018775
0.769247 1.021085
0.772853 1.023830
0.775635 1.025981
0.777864 1.027728
0.780681 1.029937
0.784256 1.032736
0.786935 1.034865
0.790375 1.037585
0.792891 1.039608
0.795247 1.041515
0.797369 1.043246
0.799813 1.045219
0.802077 1.047082
0.804693 1.049208
0.807273 1.051299
0.810310 1.053766
0.813206 1.056115
0.816108 1.058458
0.818309 1.060287
0.820167 1.061842
0.821952 1.063335
0.823825 1.064916
0.825624 1.066435
0.828510 1.068782
0.830981 1.070819
0.833369 1.072785
0.835581 1.074620
0.837869 1.076510
0.839826 1.078155
0.841822 1.079822
0.843564 1.081319
0.845262 1.082777
0.847033 1.084293
0.848560 1.085632
