72.580749
73.080749
73.580749
74.080749
74.580749
42.140388
42.640388
43.140388
43.640388
44.140388
69.016641
69.516641
70.016641
70.516641
71.016641
38.506451
39.006451
39.506451
40.006451
40.506451
56.172535
56.672535
57.172535
57.672535
58.172535
84.083430
84.583430
85.083430
85.583430
86.083430
91.689565
92.189565
92.689565
93.189565
93.689565
56.091674
56.591674
57.091674
57.591674
58.091674
70.544974
71.044974
71.544974
72.044974
72.544974
81.334639
81.834639
82.334639
82.834639
83.334639
57.964029
58.464029
58.964029
59.464029
59.964029
61.149480
61.649480
62.149480
62.649480
63.149480
63.122455
63.622455
64.122455
64.622455
65.122455
72.575293
73.075293
73.575293
74.075293
74.575293
69.136586
69.636586
70.136586
70.636586
71.136586
72.621141
73.121141
73.621141
74.121141
74.621141
57.377900
57.877900
58.377900
58.877900
59.377900
52.027343
52.527343
53.027343
53.527343
54.027343
60.094886
60.594886
61.094886
61.594886
62.094886
86.656789
87.156789
87.656789
88.156789
88.656789
75.687276
76.187276
76.687276
77.187276
77.687276
74.601763
75.101763
75.601763
76.101763
76.601763
90.509673
91.009673
91.509673
92.009673
92.509673
80.781095
81.281095
81.781095
82.281095
82.781095
52.338526
52.838526
53.338526
53.838526
54.338526
46.992093
47.492093
47.992093
48.492093
48.992093
56.603021
57.103021
57.603021
58.103021
58.603021
58.880445
59.380445
59.880445
60.380445
60.880445
52.645775
53.145775
53.645775
54.145775
54.645775
64.633531
65.133531
65.633531
66.133531
66.633531
34.212425
34.712425
35.212425
35.712425
36.212425
70.587686
71.087686
71.587686
72.087686
72.587686
46.871316
47.371316
47.871316
48.371316
48.871316
69.062668
69.562668
70.062668
70.562668
71.062668
73.327549
73.827549
74.327549
74.827549
75.327549
50.309999
50.809999
51.309999
51.809999
52.309999
52.849795
53.349795
53.849795
54.349795
54.849795
70.654092
71.154092
71.654092
72.154092
72.654092
44.592694
45.092694
45.592694
46.092694
46.592694
56.692241
57.192241
57.692241
58.192241
58.692241
84.774410
85.274410
85.774410
86.274410
86.774410
72.243582
72.743582
73.243582
73.743582
74.243582
73.180431
73.680431
74.180431
74.680431
75.180431
97.145433
97.645433
98.145433
98.645433
99.145433
82.478305
82.978305
83.478305
83.978305
84.478305
62.564802
63.064802
63.564802
64.064802
64.564802
53.726748
54.226748
54.726748
55.226748
55.726748
64.162450
64.662450
65.162450
65.662450
66.162450
83.263930
83.763930
84.263930
84.763930
85.263930
60.078025
60.578025
61.078025
61.578025
62.078025
60.434892
60.934892
61.434892
61.934892
62.434892
58.378369
58.878369
59.378369
59.878369
60.378369
72.649050
73.149050
73.649050
74.149050
74.649050
64.824252
65.324252
65.824252
66.324252
66.824252
45.148532
45.648532
46.148532
46.648532
47.148532
69.545982
70.045982
70.545982
71.045982
71.545982
39.726505
40.226505
40.726505
41.226505
41.726505
50.589766
51.089766
51.589766
52.089766
52.589766
67.991926
68.491926
68.991926
69.491926
69.991926
87.749279
88.249279
88.749279
89.249279
89.749279
78.458464
78.958464
79.458464
79.958464
80.458464
64.646671
65.146671
65.646671
66.146671
66.646671
58.043328
58.543328
59.043328
59.543328
60.043328
49.243590
49.743590
50.243590
50.743590
51.243590
57.147814
57.647814
58.147814
58.647814
59.147814
69.628013
70.128013
70.628013
71.128013
71.628013
74.037382
74.537382
75.037382
75.537382
76.037382
76.694670
77.194670
77.694670
78.194670
78.694670
61.763046
62.263046
62.763046
63.263046
63.763046
68.234416
68.734416
69.234416
69.734416
70.234416
72.968890
73.468890
73.968890
74.468890
74.968890
70.364492
70.864492
71.364492
71.864492
72.364492
78.834532
79.334532
79.834532
80.334532
80.834532
75.571494
76.071494
76.571494
77.071494
77.571494
66.652134
67.152134
67.652134
68.152134
68.652134
68.575956
69.075956
69.575956
70.075956
70.575956
57.525533
58.025533
58.525533
59.025533
59.525533
66.698432
67.198432
67.698432
68.198432
68.698432
56.801464
57.301464
57.801464
58.301464
58.801464
86.581058
87.081058
87.581058
88.081058
88.581058
79.648384
80.148384
80.648384
81.148384
81.648384
68.935806
69.435806
69.935806
70.435806
70.935806
60.354327
60.854327
61.354327
61.854327
62.354327
76.141448
76.641448
77.141448
77.641448
78.141448
48.872386
49.372386
49.872386
50.372386
50.872386
59.700516
60.200516
60.700516
61.200516
61.700516
62.149995
62.649995
63.149995
63.649995
64.149995
71.016388
71.516388
72.016388
72.516388
73.016388
80.958830
81.458830
81.958830
82.458830
82.958830
70.990687
71.490687
71.990687
72.490687
72.990687
90.686519
91.186519
91.686519
92.186519
92.686519
78.136272
78.636272
79.136272
79.636272
80.136272
93.508952
94.008952
94.508952
95.008952
95.508952
92.408498
92.908498
93.408498
93.908498
94.408498
82.367586
82.867586
83.367586
83.867586
84.367586
79.642803
80.142803
80.642803
81.142803
81.642803
55.006160
55.506160
56.006160
56.506160
57.006160
76.970319
77.470319
77.970319
78.470319
78.970319
92.926237
93.426237
93.926237
94.426237
94.926237
69.575379
70.075379
70.575379
71.075379
71.575379
