0.226519 0.194801
0.229223 0.199979
0.231959 0.205167
0.234728 0.210362
0.237508 0.215536
0.240366 0.220767
0.243235 0.225973
0.246137 0.231180
0.249074 0.236385
0.252044 0.241586
0.255049 0.246782
0.258088 0.251970
0.261137 0.257119
0.264271 0.262317
0.267415 0.267473
0.270595 0.272613
0.273810 0.277737
0.277061 0.282842
0.280348 0.287928
0.283672 0.292992
0.287004 0.297999
0.290429 0.303048
0.293862 0.308037
0.297333 0.312998
0.300842 0.317930
0.304388 0.322831
0.307972 0.327699
0.311595 0.332534
0.315224 0.337300
0.318955 0.342099
0.322693 0.346826
0.326471 0.351516
0.330288 0.356166
0.334144 0.360776
0.338040 0.365344
0.341975 0.369872
0.345915 0.374321
0.349967 0.378798
0.354023 0.383196
0.358119 0.387549
0.362255 0.391857
0.366432 0.396120
0.370649 0.400337
0.374906 0.404508
0.379162 0.408597
0.383540 0.412710
0.387917 0.416740
0.392333 0.420723
0.396788 0.424659
0.401282 0.428547
0.405814 0.432388
0.410384 0.436182
0.414945 0.439893
0.419635 0.443626
0.424315 0.447278
0.429029 0.450882
0.433779 0.454440
0.438561 0.457951
0.443376 0.461415
0.448222 0.464834
0.453045 0.468173
0.458003 0.471533
0.462936 0.474815
0.467895 0.478053
0.472879 0.481247
0.477887 0.484396
0.482917 0.487503
0.487967 0.490567
0.492977 0.493557
0.498122 0.496569
0.503163 0.499478
0.508339 0.502410
0.513466 0.505272
0.518603 0.508095
0.523749 0.510881
0.528901 0.513630
0.533994 0.516313
0.539219 0.519022
0.544314 0.521637
0.549541 0.524280
0.554699 0.526862
0.559844 0.529409
0.564995 0.531933
0.570138 0.534429
0.575272 0.536898
0.580395 0.539342
0.585506 0.541763
0.590602 0.544161
0.595683 0.546538
0.600747 0.548896
0.605793 0.551236
0.610819 0.553559
0.615824 0.555867
0.620806 0.558163
0.625766 0.560447
0.630701 0.562721
0.635610 0.564987
0.640493 0.567246
0.645348 0.569500
0.650175 0.571751
0.654973 0.574000
0.659741 0.576249
0.664320 0.578437
0.669182 0.580754
0.673855 0.583013
0.678496 0.585279
0.683103 0.587553
0.687676 0.589837
0.692214 0.592132
0.696719 0.594440
0.701188 0.596762
0.705621 0.599101
0.710019 0.601457
0.714380 0.603831
0.718705 0.606225
0.722992 0.608640
0.727082 0.610999
0.731457 0.613541
0.735634 0.616028
0.739772 0.618541
0.743873 0.621081
0.747936 0.623648
0.751961 0.626245
0.755948 0.628872
0.759896 0.631529
0.763806 0.634218
0.767677 0.636939
0.771510 0.639691
0.775304 0.642478
0.779059 0.645298
0.782614 0.648044
0.786453 0.651041
0.790091 0.653964
0.793691 0.656921
0.797251 0.659915
0.800773 0.662943
0.804255 0.666006
0.807538 0.668978
0.811101 0.672238
0.814466 0.675406
0.817790 0.678609
0.821076 0.681846
0.824323 0.685117
0.827529 0.688422
0.830540 0.691613
0.833825 0.695130
0.836914 0.698532
0.839963 0.701966
0.842974 0.705431
0.845944 0.708925
0.848876 0.712450
0.851768 0.716002
0.854621 0.719583
0.857434 0.723191
0.860209 0.726825
0.862944 0.730483
0.865641 0.734167
0.868299 0.737874
0.870769 0.741419
0.873498 0.745354
0.876040 0.749125
0.878544 0.752916
0.881009 0.756725
0.883437 0.760552
0.885827 0.764395
0.888179 0.768254
0.890494 0.772127
0.892771 0.776013
0.895012 0.779912
0.897216 0.783823
0.899384 0.787743
0.901516 0.791673
0.903475 0.795393
0.905673 0.799557
0.907699 0.803510
0.909690 0.807468
0.911646 0.811430
0.913568 0.815397
0.915457 0.819366
0.917313 0.823337
0.919136 0.827310
0.920926 0.831282
0.922684 0.835254
0.924411 0.839226
0.926107 0.843195
0.927772 0.847161
0.929407 0.851124
0.931012 0.855082
0.932588 0.859036
0.934134 0.862985
0.935653 0.866927
0.937144 0.870863
0.938607 0.874791
0.940044 0.878712
0.941454 0.882624
0.942838 0.886527
0.944197 0.890421
0.945531 0.894306
0.946840 0.898180
0.948126 0.902043
