0.117986 0.420148
0.120544 0.421873
0.123120 0.423642
0.125729 0.425428
0.128360 0.427258
0.131018 0.429098
0.133726 0.430996
0.136488 0.432928
0.139284 0.434885
0.142107 0.436860
0.144981 0.438868
0.147845 0.440863
0.150740 0.442863
0.153687 0.444904
0.156667 0.446936
0.159690 0.448997
0.162766 0.451056
0.165951 0.453179
0.169156 0.455270
0.172416 0.457382
0.175724 0.459470
0.179104 0.461580
0.182496 0.463643
0.185966 0.465703
0.189498 0.467746
0.193066 0.469748
0.196718 0.471733
0.200463 0.473690
0.204293 0.475628
0.208189 0.477502
0.212178 0.479345
0.216228 0.481105
0.220373 0.482819
0.224574 0.484433
0.228897 0.485995
0.233293 0.487449
0.237825 0.488836
0.242470 0.490122
0.247333 0.491335
0.252308 0.492430
0.257434 0.493411
0.262716 0.494272
0.268154 0.495001
0.273842 0.495621
0.279657 0.496086
0.285767 0.496436
0.292131 0.496642
0.298755 0.496714
0.305715 0.496640
0.312998 0.496429
0.320614 0.496076
0.328580 0.495593
0.336897 0.494984
0.345568 0.494260
0.354511 0.493433
0.363837 0.492535
0.373522 0.491592
0.383506 0.490637
0.393849 0.489704
0.404494 0.488831
0.415477 0.488073
0.426668 0.487489
0.437995 0.487122
0.449329 0.487022
0.460709 0.487226
0.471987 0.487780
0.483115 0.488724
0.494245 0.490099
0.505117 0.491914
0.515745 0.494176
0.526057 0.496885
0.536088 0.500065
0.545838 0.503727
0.555240 0.507844
0.564162 0.512333
0.572663 0.517203
0.580815 0.522473
0.588571 0.528109
0.596098 0.534230
0.603161 0.540632
0.609671 0.547163
0.615763 0.553913
0.621548 0.560970
0.626897 0.568143
0.631962 0.575585
0.636624 0.583059
0.641030 0.590765
0.645079 0.598470
0.648936 0.606487
0.652425 0.614358
0.655608 0.622105
0.658590 0.629918
0.661238 0.637390
0.663737 0.644861
0.666097 0.652451
0.668332 0.659968
0.670419 0.667262
0.672411 0.674639
0.674344 0.681957
0.676186 0.689113
0.677897 0.695872
0.679549 0.702424
0.681144 0.708672
0.682681 0.714829
0.684232 0.720842
0.685854 0.726855
0.687544 0.733062
0.689250 0.739030
0.691011 0.744938
0.692718 0.750443
0.694470 0.755774
0.696254 0.761088
0.698020 0.766037
0.699806 0.770815
0.701624 0.775457
0.703546 0.780128
0.705520 0.784688
0.707457 0.788954
0.709451 0.793153
0.711521 0.797255
0.713539 0.801195
0.715596 0.804983
0.717793 0.808803
0.720062 0.812681
0.722262 0.816242
0.724539 0.819742
0.726845 0.823236
0.729117 0.826507
0.731350 0.829571
0.733572 0.832593
0.735887 0.835600
0.738206 0.838517
0.740667 0.841512
0.742996 0.844260
0.745408 0.847023
0.747896 0.849791
0.750349 0.852441
0.752607 0.854791
0.755108 0.857389
0.757549 0.859836
0.759878 0.862117
0.762325 0.864462
0.764751 0.866741
0.767317 0.869105
0.769802 0.871348
0.772246 0.873496
0.774712 0.875668
0.777116 0.877734
0.779593 0.879835
0.781939 0.881796
0.784316 0.883762
0.786583 0.885599
0.788834 0.887442
0.791238 0.889378
0.793597 0.891246
0.796168 0.893301
0.798607 0.895222
0.801038 0.897129
0.803290 0.898888
0.805536 0.900639
0.807689 0.902299
0.810107 0.904191
0.812373 0.905950
0.814609 0.907673
0.816761 0.909361
0.818908 0.911036
0.821058 0.912717
0.823079 0.914308
0.825255 0.916019
0.827528 0.917812
0.829660 0.919506
0.831612 0.921076
0.833732 0.922781
0.835665 0.924359
0.837774 0.926079
0.839896 0.927820
0.842047 0.929599
0.844054 0.931270
0.846176 0.933072
0.848143 0.934759
0.850041 0.936397
0.851907 0.938055
0.853727 0.939681
0.855464 0.941248
0.857444 0.943050
0.859430 0.944868
0.861356 0.946649
0.863340 0.948525
0.865264 0.950365
0.866836 0.951923
0.868587 0.953682
0.870277 0.955402
0.871985 0.957162
0.873644 0.958906
0.875362 0.960728
0.876988 0.962486
0.878761 0.964425
0.880466 0.966323
0.882124 0.968209
0.883822 0.970162
