0.109289 0.509317
0.111693 0.510605
0.114133 0.511940
0.116575 0.513263
0.119051 0.514630
0.121538 0.515989
0.124040 0.517380
0.126537 0.518762
0.129054 0.520159
0.131599 0.521573
0.134152 0.522993
0.136772 0.524452
0.139417 0.525915
0.142088 0.527413
0.144777 0.528902
0.147502 0.530430
0.150233 0.531943
0.152948 0.533465
0.155700 0.534988
0.158485 0.536550
0.161284 0.538101
0.164105 0.539684
0.166987 0.541293
0.169874 0.542907
0.172781 0.544535
0.175734 0.546196
0.178689 0.547864
0.181641 0.549523
0.184617 0.551226
0.187603 0.552923
0.190611 0.554667
0.193638 0.556415
0.196695 0.558218
0.199787 0.560036
0.202895 0.561909
0.206032 0.563802
0.209187 0.565758
0.212368 0.567746
0.215522 0.569737
0.218730 0.571801
0.221977 0.573928
0.225270 0.576131
0.228616 0.578401
0.231999 0.580769
0.235471 0.583232
0.238968 0.585801
0.242508 0.588426
0.246120 0.591211
0.249762 0.594046
0.253467 0.597046
0.257218 0.600121
0.261035 0.603378
0.264904 0.606724
0.268847 0.610283
0.272879 0.614025
0.276959 0.617920
0.281091 0.621980
0.285291 0.626233
0.289529 0.630651
0.293807 0.635232
0.298117 0.640020
0.302467 0.644926
0.306884 0.650091
0.311379 0.655453
0.315919 0.661022
0.320545 0.666807
0.325248 0.672726
0.330008 0.678862
0.334862 0.685106
0.339808 0.691503
0.344877 0.698037
0.350058 0.704634
0.355345 0.711249
0.360771 0.717884
0.366407 0.724611
0.372197 0.731286
0.378217 0.738007
0.384388 0.744574
0.390627 0.750907
0.397028 0.757095
0.403829 0.763381
0.410777 0.769438
0.417799 0.775216
0.425036 0.780826
0.432292 0.786127
0.439717 0.791255
0.447101 0.796059
0.454535 0.800620
0.461924 0.804893
0.469415 0.808983
0.476999 0.812904
0.484470 0.816566
0.492206 0.820142
0.499724 0.823457
0.507197 0.826571
0.514445 0.829480
0.521596 0.832246
0.528681 0.834852
0.535476 0.837284
0.542195 0.839607
0.549056 0.841904
0.555854 0.844121
0.562581 0.846274
0.569385 0.848370
0.575939 0.850375
0.582082 0.852260
0.587968 0.854031
0.593705 0.855762
0.599225 0.857429
0.604904 0.859137
0.610377 0.860803
0.615836 0.862449
0.621306 0.864126
0.626705 0.865801
0.632001 0.867468
0.637010 0.869073
0.641884 0.870666
0.646844 0.872319
0.651644 0.873955
0.656197 0.875551
0.660950 0.877239
0.665529 0.878918
0.669729 0.880507
0.673877 0.882104
0.678071 0.883768
0.682020 0.885382
0.686001 0.887045
0.689939 0.888739
0.693830 0.890463
0.697815 0.892275
0.701532 0.894016
0.705193 0.895777
0.708589 0.897453
0.712138 0.899251
0.715520 0.901008
0.718752 0.902728
0.721995 0.904497
0.725390 0.906388
0.728551 0.908198
0.731686 0.910028
0.734928 0.911962
0.737980 0.913822
0.741020 0.915709
0.743852 0.917498
0.746753 0.919365
0.749597 0.921216
0.752525 0.923173
0.755420 0.925130
0.758194 0.927030
0.761085 0.929042
0.763904 0.931029
0.766738 0.933043
0.769697 0.935195
0.772371 0.937150
0.774983 0.939069
0.777473 0.940941
0.779997 0.942844
0.782490 0.944740
0.785135 0.946771
0.787745 0.948791
0.790338 0.950801
0.792756 0.952717
0.795218 0.954668
0.797594 0.956550
0.800165 0.958628
0.802622 0.960615
0.805032 0.962578
0.807532 0.964623
0.809829 0.966519
0.811981 0.968310
0.814235 0.970195
0.816631 0.972202
0.818812 0.974049
0.821140 0.976021
0.823245 0.977828
0.825297 0.979603
0.827278 0.981330
0.829285 0.983075
0.831292 0.984856
0.833332 0.986661
0.835321 0.988423
0.837456 0.990341
0.839518 0.992197
0.841542 0.994021
0.843445 0.995784
0.845224 0.997444
0.846944 0.999055
0.848726 1.000753
0.850449 1.002402
0.852391 1.004239
0.854278 1.006062
0.856105 1.007839
0.857877 1.009583
0.859656 1.011347
0.861341 1.013048
0.862993 1.014725
0.864626 1.016422
0.866207 1.018078
0.867793 1.019754
0.869305 1.021381
