0.133143 0.335732
0.135988 0.338139
0.138827 0.340578
0.141727 0.343076
0.144632 0.345610
0.147573 0.348176
0.150595 0.350836
0.153726 0.353589
0.156892 0.356375
0.160074 0.359170
0.163337 0.362027
0.166491 0.364774
0.169662 0.367509
0.172887 0.370279
0.176130 0.373020
0.179390 0.375753
0.182709 0.378478
0.186219 0.381322
0.189671 0.384046
0.193132 0.386725
0.196591 0.389319
0.200081 0.391868
0.203422 0.394220
0.206786 0.396502
0.210114 0.398664
0.213304 0.400639
0.216480 0.402505
0.219643 0.404256
0.222720 0.405858
0.225687 0.407278
0.228549 0.408539
0.231253 0.409605
0.233826 0.410511
0.236208 0.411230
0.238514 0.411821
0.240675 0.412258
0.242796 0.412585
0.244870 0.412799
0.247120 0.412951
0.249337 0.412984
0.251626 0.412915
0.254023 0.412746
0.256574 0.412478
0.259436 0.412097
0.262466 0.411598
0.265965 0.410949
0.269953 0.410143
0.274402 0.409142
0.279576 0.407915
0.285418 0.406424
0.292098 0.404660
0.299621 0.402588
0.308152 0.400210
0.317660 0.397504
0.328091 0.394535
0.339750 0.391278
0.352629 0.387794
0.366594 0.384192
0.381768 0.380535
0.397952 0.376981
0.415087 0.373678
0.432817 0.370878
0.450710 0.368735
0.468409 0.367410
0.485903 0.366936
0.502833 0.367363
0.519148 0.368676
0.535104 0.370825
0.550281 0.373740
0.564728 0.377312
0.578380 0.381445
0.591384 0.386119
0.603809 0.391306
0.615582 0.396924
0.626512 0.402795
0.636797 0.408974
0.646552 0.415470
0.655800 0.422300
0.664853 0.429703
0.673330 0.437357
0.681021 0.444949
0.688249 0.452768
0.695201 0.461007
0.701633 0.469335
0.707820 0.478100
0.713510 0.486873
0.718974 0.496096
0.724001 0.505361
0.728866 0.515248
0.733208 0.524919
0.737107 0.534401
0.740746 0.544135
0.743835 0.553166
0.746710 0.562373
0.749364 0.571875
0.751787 0.581439
0.753920 0.590700
0.755839 0.600203
0.757579 0.609848
0.759082 0.619276
0.760307 0.627841
0.761363 0.636053
0.762271 0.643711
0.763017 0.651096
0.763699 0.658387
0.764365 0.666031
0.764963 0.674291
0.765511 0.682194
0.766030 0.690165
0.766481 0.697131
0.766944 0.703908
0.767362 0.710619
0.767784 0.716523
0.768208 0.722092
0.768645 0.727425
0.769138 0.733055
0.769673 0.738537
0.770193 0.743251
0.770756 0.747922
0.771405 0.752587
0.771965 0.756615
0.772582 0.760442
0.773356 0.764665
0.774151 0.768969
0.774908 0.772497
0.775777 0.776087
0.776619 0.779539
0.777449 0.782517
0.778251 0.785062
0.778957 0.787353
0.779806 0.789843
0.780653 0.792158
0.781700 0.794859
0.782549 0.796878
0.783522 0.799068
0.784623 0.801393
0.785679 0.803463
0.786451 0.804808
0.787571 0.806854
0.788648 0.808648
0.789541 0.810044
0.790678 0.811759
0.791812 0.813387
0.793262 0.815385
0.794601 0.817120
0.795958 0.818759
0.797317 0.820393
0.798649 0.821896
0.800200 0.823592
0.801523 0.824971
0.802975 0.826443
0.804291 0.827707
0.805519 0.828905
0.807228 0.830507
0.808954 0.832055
0.811152 0.834011
0.813162 0.835721
0.815226 0.837439
0.816909 0.838807
0.818641 0.840195
0.820253 0.841453
0.822491 0.843203
0.824462 0.844711
0.826476 0.846222
0.828203 0.847535
0.830033 0.848906
0.831927 0.850313
0.833526 0.851516
0.835594 0.853038
0.837989 0.854779
0.840048 0.856290
0.841657 0.857505
0.843782 0.859069
0.845434 0.860331
0.847628 0.861956
0.849906 0.863645
0.852317 0.865439
0.854433 0.867040
0.856787 0.868844
0.858814 0.870435
0.860758 0.871977
0.862509 0.873432
0.864236 0.874878
0.865836 0.876244
0.868045 0.878087
0.870392 0.880051
0.872682 0.881998
0.875037 0.884060
0.877336 0.886108
0.878698 0.887445
0.880485 0.889181
0.882207 0.890887
0.884022 0.892699
0.885731 0.894464
0.887663 0.896449
0.889435 0.898333
0.891546 0.900575
0.893570 0.902783
0.895492 0.904950
0.897583 0.907326
