0.999365 -0.048740
0.151768 -0.730914
-0.253183 0.775752
0.472506 -0.484947
1.840415 1.656465
0.079438 0.272480
0.274321 -0.403510
1.568883 1.058940
-1.229705 1.271503
0.493393 -0.334618
-1.114928 -0.611104
-0.041733 1.632162
1.273692 0.388828
0.054038 -0.759493
0.200701 -0.117023
1.337479 0.521024
0.909571 -0.160493
1.043874 0.725204
-0.020780 -0.380165
-1.372829 0.774479
-0.214363 -0.549010
1.701251 0.682997
-0.280101 -0.931223
-1.924186 -0.450162
0.052578 -0.902974
-0.440428 -1.140065
-1.044869 1.952707
1.279985 1.924415
1.330857 0.732474
0.807151 0.148401
-1.551134 -0.300881
-0.328841 -0.687192
1.197924 0.616017
0.706694 -0.470919
0.595930 -0.919053
0.282477 -0.573920
0.772175 0.324138
-1.077100 2.176776
0.282424 -0.962609
0.492817 -0.059260
-1.661590 -0.063223
-1.400258 -0.424293
-1.561586 1.740699
-1.314868 1.642265
-1.782043 0.647272
0.965026 0.124375
-1.123033 0.252422
0.378491 -0.150499
1.113554 -0.215278
-2.005189 -0.875502
1.623214 -0.438575
-1.235063 1.675988
-1.397056 1.570301
-1.748730 1.329391
0.909783 -0.382897
0.341163 -0.483096
0.343330 -1.108741
-0.071200 -0.966288
1.114374 0.395695
-1.398383 1.697551
-1.776023 0.249907
0.975841 0.648613
0.598306 -0.373953
0.751237 -0.002518
1.046435 1.338600
-1.536915 1.747872
0.481443 0.925563
0.210517 -0.495915
-1.814710 0.490641
-0.022781 -0.667861
1.978875 1.264887
0.558019 -0.691350
-1.298165 1.484739
0.754470 0.770181
0.065456 -0.685021
-2.110567 -0.778922
0.868445 0.111470
1.052879 0.097573
-1.718718 1.930570
-0.321095 -0.231751
0.811788 0.259476
0.396172 -0.392510
0.274149 -0.908412
0.186767 -0.388161
0.809226 -0.085714
-0.338020 -1.977044
0.068477 -0.619709
-1.189328 0.611089
0.131852 -0.721895
0.590363 0.258563
1.077773 0.156155
-1.570036 0.382834
-1.489514 1.165079
0.383996 -0.231899
0.742213 -0.510718
0.644384 0.443763
0.014352 -1.054662
-1.456438 0.212850
-0.674268 -2.070833
-1.238604 0.091849
0.262472 -0.094324
-0.271302 -0.916038
0.276922 -0.542687
1.703147 2.042401
-1.323468 2.008188
0.760163 0.263908
-0.199355 -2.077223
0.102729 -0.712005
0.070862 0.589888
1.157185 -0.124046
-1.781537 -0.500642
1.288033 0.637800
0.290294 -0.401300
-0.847927 0.815875
0.459574 -0.003744
0.789537 0.014025
-1.422937 2.105475
-0.434638 -1.886317
0.123201 -1.134001
-0.297495 -1.626296
-2.123992 -0.263520
0.362460 -0.039777
0.403873 -1.028383
0.018255 -1.471997
0.526568 0.013129
0.604855 0.074238
0.313996 -0.673140
0.651894 -0.633657
0.483306 -0.740182
1.075698 0.618533
0.568202 -0.123407
-0.062191 -0.742583
0.362137 -0.184037
-1.693633 1.599570
0.712858 -0.397381
0.394460 -0.370349
0.695088 0.806097
0.865153 -1.043647
1.489059 0.362643
-0.340152 -1.834837
-0.388029 -0.391146
0.777109 0.172950
0.923459 -0.060699
-0.079559 -1.353050
0.632536 0.292761
0.604248 -0.245775
0.714351 0.529091
-2.214435 -1.064956
0.974290 -0.461524
0.988997 0.438074
-0.184113 -0.518870
1.028861 -0.345036
0.024861 -0.976941
0.100834 -1.487971
-1.515168 0.102603
0.599117 -0.332282
0.278090 -0.697174
1.185725 0.946408
1.096519 0.551879
-1.099866 -0.243914
0.188136 -1.179319
-1.078046 2.108490
1.093139 0.544885
-0.395590 -0.706734
-1.014047 1.216042
-1.083105 2.041467
-1.851246 -0.184013
-0.176150 -1.827074
-0.010229 -0.868781
-0.115807 -1.220753
-1.360169 0.922651
-1.236887 0.650911
-1.332665 2.498500
0.587366 -0.427707
-1.940500 -0.610535
0.518853 -1.607915
0.861101 0.371485
-1.949925 -0.132163
-0.754765 -0.270313
0.677780 0.332984
-1.145849 1.604683
-0.891110 2.320724
-0.134830 -1.469148
1.011516 0.591355
-0.430568 -0.808317
0.537178 0.786305
0.721771 0.134994
-1.043597 0.483868
0.886384 0.307443
0.066991 -0.948236
0.260873 -0.425526
-1.185497 0.528916
1.209164 0.841522
-1.926916 -0.570973
-1.524218 1.160235
0.574860 -0.209760
0.136038 0.468269
0.880260 -0.038470
0.502828 -0.607327
-0.128228 -1.130154
0.814031 0.046764
-0.842492 -1.769142
-0.216153 -2.251953
0.043740 -0.793373
0.935374 -0.368893
1.380410 1.125322
-0.145093 -0.975190
-1.826139 -0.342299
-1.147826 1.731976
-0.086587 -1.293018
0.430066 -0.321190
-0.204154 -0.547222
-0.677987 -1.095118
-0.176311 -1.254133
1.320415 1.087865
-0.016290 -0.390925
0.464813 -0.000728
0.615164 0.275766
0.617455 0.159510
0.296919 -0.717539
-0.874801 1.924254
-1.321890 1.823428
0.451754 -1.058504
1.730389 0.079405
0.227720 0.004001
-1.850473 -0.315823
-0.315803 -1.982258
-0.496950 -1.479936
-1.297437 0.816705
0.800032 -0.026061
0.510842 -0.298755
0.147545 -1.078995
-1.236330 1.760799
0.327343 -0.402221
0.319630 0.709846
-1.003815 -0.858891
2.166015 2.187167
0.884749 -0.114187
1.039011 0.627454
-0.293109 -0.443941
0.676028 0.756657
-0.588493 -2.082085
0.634661 0.558950
2.402339 1.424377
1.294210 0.939846
-0.471998 -1.638324
-0.098337 -1.583593
-0.904341 0.337260
0.400631 0.215155
-1.970402 -1.391445
1.827004 1.363737
0.931922 -0.174953
1.161455 1.653352
-1.401717 1.821196
-0.179689 -1.666638
