0.412234 0.218410 0.453077 -0.368585
0.409879 0.213638 0.453463 -0.365392
0.407017 0.208816 0.453568 -0.361982
0.405069 0.202622 0.454268 -0.358040
0.403022 0.196080 0.454615 -0.353807
0.399938 0.190377 0.454747 -0.349710
0.397469 0.184217 0.454927 -0.345436
0.394875 0.176960 0.455351 -0.340429
0.391621 0.169611 0.455765 -0.335070
0.388716 0.162568 0.455844 -0.329857
0.385724 0.155127 0.456009 -0.324239
0.382924 0.146330 0.456837 -0.317702
0.379611 0.137322 0.457606 -0.310647
0.375878 0.129138 0.457457 -0.303725
0.372082 0.120456 0.457472 -0.296187
0.368654 0.110075 0.458610 -0.287308
0.365002 0.099598 0.459439 -0.277825
0.360315 0.090064 0.459951 -0.268264
0.355673 0.080005 0.460540 -0.257777
0.351679 0.068444 0.461416 -0.245612
0.347613 0.056887 0.462513 -0.232641
0.343120 0.046089 0.463847 -0.219419
0.338122 0.035291 0.465313 -0.204989
0.334270 0.023288 0.466399 -0.188518
0.330408 0.011784 0.467923 -0.171253
0.325441 0.001842 0.470205 -0.153987
0.321233 -0.008071 0.471743 -0.135482
0.318750 -0.018839 0.473060 -0.114775
0.316017 -0.028439 0.475082 -0.093683
0.312085 -0.036061 0.478436 -0.073269
0.309323 -0.043391 0.481562 -0.052147
0.307702 -0.050736 0.483659 -0.029209
0.305983 -0.056782 0.486387 -0.006877
0.304405 -0.061627 0.490386 0.013916
0.303376 -0.066001 0.494000 0.034981
0.302756 -0.070010 0.496597 0.057006
0.302417 -0.073336 0.499698 0.077888
0.302192 -0.075971 0.503661 0.096838
0.302385 -0.078429 0.507418 0.115984
0.302660 -0.080665 0.510695 0.135935
0.302930 -0.082495 0.514321 0.154633
0.303437 -0.084067 0.518442 0.171481
0.303841 -0.085433 0.522320 0.188436
0.304567 -0.086863 0.525680 0.206319
0.304797 -0.087856 0.529420 0.222746
0.305497 -0.088858 0.533631 0.237837
0.306064 -0.089739 0.537488 0.253302
0.306801 -0.090643 0.540915 0.269264
0.307526 -0.091403 0.544496 0.284330
0.308466 -0.092149 0.547685 0.298300
0.310040 -0.093022 0.551438 0.312769
0.311225 -0.093595 0.555655 0.327901
0.312709 -0.094176 0.559484 0.342159
0.313924 -0.094562 0.562682 0.355370
0.315272 -0.094829 0.566375 0.369216
0.316470 -0.094844 0.570424 0.383361
0.317838 -0.094825 0.573999 0.396981
0.319039 -0.094670 0.577108 0.409849
0.321120 -0.094587 0.580679 0.423220
0.323230 -0.094285 0.584535 0.436663
0.324749 -0.093704 0.587837 0.449798
0.326191 -0.093014 0.590743 0.462612
0.327513 -0.092011 0.594096 0.475810
0.329691 -0.091050 0.597698 0.489140
0.330994 -0.089742 0.600711 0.502367
0.331962 -0.088290 0.603346 0.515007
0.333714 -0.086790 0.606434 0.528081
0.336275 -0.085379 0.609801 0.540683
0.337347 -0.083414 0.612524 0.553768
0.339141 -0.081656 0.614905 0.566450
0.340637 -0.079569 0.617772 0.579085
0.342034 -0.077281 0.620860 0.591642
0.344002 -0.075191 0.623341 0.604156
0.346276 -0.073160 0.625523 0.616599
0.347355 -0.070574 0.628061 0.629046
0.348051 -0.067582 0.631275 0.641637
0.350224 -0.065258 0.633745 0.653578
0.352911 -0.063129 0.636193 0.664991
0.354153 -0.059959 0.638558 0.678892
0.354792 -0.056877 0.640961 0.691108
0.357077 -0.054231 0.643316 0.703386
0.359678 -0.051607 0.645638 0.715717
0.360245 -0.048522 0.647996 0.727044
0.360344 -0.044738 0.650268 0.740452
0.362376 -0.041507 0.653518 0.752805
0.364311 -0.038620 0.657123 0.763188
0.365418 -0.035365 0.658464 0.775812
0.367274 -0.032318 0.659670 0.788376
0.369011 -0.028549 0.662842 0.801488
0.371605 -0.024996 0.666188 0.814349
0.371701 -0.020943 0.667367 0.827687
0.371827 -0.016739 0.668549 0.841205
0.375837 -0.013267 0.671854 0.854438
0.378838 -0.009242 0.674951 0.868238
0.379293 -0.004977 0.676131 0.881267
0.379896 -0.000526 0.677411 0.894545
0.381894 0.004581 0.680645 0.909384
0.384312 0.009566 0.683560 0.923961
0.384288 0.015099 0.684619 0.938481
0.384905 0.020945 0.685972 0.953612
0.389256 0.026224 0.689029 0.968897
0.391964 0.032580 0.691568 0.985034
0.391486 0.039905 0.692534 1.000906
0.392340 0.046671 0.693974 1.015535
0.399191 0.053853 0.696494 1.033986
0.402743 0.062576 0.698556 1.052184
0.401964 0.072547 0.699225 1.069199
0.404521 0.081955 0.700415 1.085961
0.412588 0.091825 0.702616 1.105037
0.418661 0.101955 0.704128 1.122288
0.417997 0.112991 0.704713 1.136524
0.420409 0.125899 0.705648 1.153389
0.432160 0.139149 0.707143 1.173236
0.438253 0.152924 0.708175 1.189856
0.436878 0.165514 0.708581 1.201556
0.441765 0.179565 0.709269 1.216002
0.454130 0.195838 0.710456 1.233576
0.460513 0.210497 0.711095 1.246868
0.460441 0.222402 0.711450 1.255587
0.467032 0.235546 0.712259 1.266532
0.479210 0.250571 0.713498 1.279402
0.485134 0.263744 0.714109 1.288936
0.483857 0.274724 0.714440 1.295177
0.491757 0.288242 0.715757 1.304526
0.505899 0.302826 0.717660 1.315197
0.509024 0.313404 0.718167 1.321319
0.506127 0.319926 0.717883 1.324297
0.513164 0.332159 0.720599 1.331507
0.524407 0.345719 0.722534 1.339925
0.526546 0.356835 0.722824 1.345391
0.526825 0.365356 0.722344 1.349435
0.532805 0.375417 0.723770 1.354890
0.540459 0.383055 0.725934 1.359531
0.542346 0.391040 0.725983 1.363362
0.543105 0.402012 0.725349 1.368121
0.550000 0.408459 0.726966 1.372012
0.556852 0.414173 0.729082 1.375560
0.557741 0.422402 0.729397 1.379123
0.557358 0.430692 0.729403 1.382494
0.563785 0.435203 0.731191 1.385526
0.571892 0.439301 0.733214 1.388520
0.571593 0.447593 0.733387 1.391839
0.571950 0.457916 0.732059 1.396057
0.577381 0.458352 0.734431 1.397336
0.582690 0.460811 0.736996 1.399336
0.582014 0.468069 0.735569 1.402265
0.580533 0.473004 0.734191 1.404211
0.585891 0.477120 0.736750 1.406821
0.591902 0.480807 0.738964 1.409397
0.590750 0.486208 0.738062 1.411567
0.588615 0.489376 0.737484 1.412728
0.594394 0.492727 0.739966 1.415139
0.600646 0.497303 0.741939 1.418149
0.596271 0.498983 0.740891 1.418339
0.594043 0.501381 0.740314 1.419216
0.600915 0.504794 0.742089 1.421894
0.604990 0.509951 0.743294 1.424911
0.601334 0.511137 0.742124 1.425013
0.600676 0.514177 0.741690 1.426383
0.606404 0.516500 0.743408 1.428513
0.610110 0.519875 0.744530 1.430784
0.606691 0.521249 0.744015 1.430948
0.606387 0.523387 0.743966 1.432022
0.613062 0.527117 0.744994 1.435008
0.616181 0.529793 0.745458 1.436935
0.611700 0.529191 0.744814 1.435979
0.612028 0.531384 0.746011 1.437199
0.618652 0.535565 0.746760 1.440529
0.620993 0.538520 0.746845 1.442519
0.618017 0.538689 0.747733 1.442197
0.619079 0.541018 0.747968 1.443665
0.623582 0.544550 0.747329 1.446392
0.624099 0.547006 0.747614 1.447849
0.619101 0.549126 0.748470 1.448054
0.620474 0.551520 0.748597 1.449641
0.627388 0.552157 0.747931 1.451526
0.627403 0.554496 0.748215 1.452900
0.623133 0.557278 0.749160 1.453619
0.625782 0.559036 0.749116 1.455237
0.632270 0.560580 0.748373 1.457533
0.631233 0.562864 0.748754 1.458711
0.627501 0.565260 0.749624 1.459417
0.629270 0.567225 0.749528 1.461022
0.633060 0.569461 0.748835 1.463239
0.632289 0.571285 0.749292 1.464262
0.630329 0.572639 0.750237 1.464773
0.631484 0.574078 0.749803 1.466005
0.632388 0.575766 0.749063 1.467319
0.631425 0.576982 0.749610 1.467940
0.631296 0.577542 0.750471 1.468399
0.631573 0.579006 0.750054 1.469455
0.632881 0.580492 0.749182 1.470782
0.634194 0.581721 0.750875 1.472038
0.636352 0.582522 0.751039 1.473214
0.637124 0.584058 0.751064 1.474497
0.637611 0.585678 0.751083 1.475781
0.638828 0.586743 0.751258 1.476906
0.641196 0.587568 0.751275 1.478163
0.641186 0.589181 0.751355 1.479358
0.641136 0.590785 0.751432 1.480546
