0.411092 0.555896 0.227737 -0.343709
0.407556 0.557445 0.224167 -0.339382
0.403592 0.558975 0.220569 -0.334805
0.402651 0.561310 0.215859 -0.330382
0.401314 0.563490 0.210867 -0.325572
0.397904 0.565327 0.206502 -0.320377
0.394249 0.567155 0.201973 -0.314848
0.392704 0.569709 0.196492 -0.309232
0.390891 0.572057 0.190842 -0.303288
0.386934 0.574278 0.185953 -0.296894
0.382935 0.576447 0.180795 -0.290093
0.380871 0.579243 0.174487 -0.282926
0.378864 0.582086 0.167919 -0.275339
0.374269 0.584497 0.162470 -0.267302
0.369918 0.587070 0.156704 -0.258771
0.367959 0.590199 0.149418 -0.249665
0.365503 0.593305 0.142252 -0.240035
0.360365 0.596246 0.136565 -0.229973
0.355672 0.599102 0.130454 -0.219286
0.353433 0.602531 0.122792 -0.207806
0.350722 0.605916 0.115427 -0.195764
0.345618 0.608727 0.109497 -0.183285
0.341328 0.611685 0.103206 -0.170189
0.338985 0.615361 0.095781 -0.156083
0.336575 0.618771 0.088650 -0.141518
0.331516 0.621849 0.083524 -0.126827
0.327027 0.625596 0.078440 -0.111480
0.325369 0.628787 0.071671 -0.095219
0.323501 0.632056 0.065566 -0.078716
0.319173 0.635626 0.061656 -0.062392
0.315971 0.638700 0.057334 -0.045601
0.316093 0.641874 0.051419 -0.028196
0.315234 0.644977 0.046648 -0.010844
0.311635 0.647899 0.044020 0.006137
0.309407 0.650880 0.041023 0.023315
0.309712 0.653828 0.036887 0.041052
0.308723 0.657255 0.034138 0.058389
0.306245 0.660369 0.032650 0.075143
0.305155 0.663645 0.030766 0.091986
0.305940 0.666090 0.027903 0.109352
0.306370 0.668936 0.025770 0.126155
0.304621 0.672510 0.025380 0.142269
0.304238 0.675639 0.024390 0.158609
0.304936 0.677846 0.022835 0.175121
0.305023 0.680805 0.022089 0.191292
0.303606 0.684373 0.022576 0.206722
0.303413 0.687074 0.022392 0.222293
0.304712 0.688748 0.021346 0.238095
0.304804 0.691522 0.021444 0.253301
0.303425 0.694634 0.022578 0.267875
0.303611 0.697063 0.022869 0.282643
0.305870 0.699744 0.022326 0.297667
0.306154 0.702621 0.022978 0.312152
0.304914 0.705345 0.024501 0.325992
0.305729 0.708000 0.025066 0.340064
0.307872 0.709903 0.024840 0.354080
0.308234 0.712154 0.025713 0.367831
0.307714 0.714959 0.027279 0.381205
0.308739 0.717492 0.028063 0.394605
0.310689 0.718956 0.028113 0.407583
0.311277 0.721336 0.029201 0.420517
0.310251 0.724372 0.031394 0.433529
0.311064 0.726547 0.032453 0.446528
0.312486 0.728564 0.033204 0.459331
0.313209 0.730953 0.034508 0.472288
0.313529 0.733559 0.036144 0.485032
0.314645 0.736070 0.037406 0.497799
0.315922 0.737841 0.038397 0.510367
0.316740 0.740424 0.039980 0.523206
0.317524 0.743341 0.041754 0.535960
0.318513 0.745540 0.043261 0.548750
0.319672 0.747820 0.044775 0.561525
0.320784 0.750364 0.046479 0.574321
0.321840 0.753148 0.048337 0.586842
0.322505 0.755707 0.050434 0.599615
0.324816 0.757883 0.051557 0.612096
0.326052 0.759348 0.053133 0.625011
0.327251 0.761275 0.055033 0.638401
0.329387 0.763844 0.056567 0.650568
0.329733 0.766346 0.059023 0.662167
0.331232 0.769049 0.061368 0.676047
0.332969 0.771823 0.063807 0.690528
0.333688 0.774280 0.066542 0.703567
0.333902 0.776729 0.069247 0.714379
0.335246 0.779794 0.072212 0.728200
0.336712 0.783072 0.075407 0.742658
0.337864 0.784766 0.077811 0.754854
0.338964 0.786283 0.080228 0.766924
0.338893 0.789605 0.084556 0.780818
0.338795 0.792943 0.089111 0.794923
0.341053 0.794159 0.091106 0.807317
0.343316 0.795316 0.093203 0.819865
0.343749 0.798689 0.098042 0.834650
0.345807 0.802700 0.102238 0.848854
0.348495 0.803003 0.104298 0.862215
0.348946 0.803684 0.108170 0.875983
0.349624 0.808006 0.114227 0.891217
0.349950 0.811759 0.120596 0.906587
0.352322 0.810601 0.122913 0.919958
0.355345 0.809134 0.125401 0.934748
0.356237 0.812715 0.132996 0.952132
0.357971 0.815172 0.139766 0.968928
0.361120 0.813303 0.142224 0.981829
0.364074 0.813249 0.146971 0.996797
0.366756 0.814478 0.156104 1.017763
0.369787 0.813575 0.164002 1.037008
0.373651 0.813614 0.169395 1.050879
0.378353 0.814072 0.176607 1.067293
0.382870 0.811696 0.186687 1.088258
0.387024 0.810912 0.196416 1.105649
0.391807 0.811451 0.204670 1.119794
0.397915 0.811148 0.214590 1.136367
0.404705 0.807774 0.227279 1.156461
0.411326 0.804764 0.239094 1.173749
0.416060 0.805580 0.248746 1.185219
0.422412 0.803139 0.260335 1.199837
0.432085 0.798077 0.274933 1.218313
0.438623 0.796201 0.287458 1.231378
0.443452 0.795505 0.296746 1.240424
0.450849 0.792026 0.309349 1.253044
0.459141 0.787174 0.324734 1.267182
0.464742 0.785036 0.335305 1.276150
0.469555 0.784326 0.346671 1.284530
0.477623 0.780909 0.358341 1.294418
0.485697 0.776173 0.370885 1.304481
0.492199 0.774420 0.381567 1.312160
0.495423 0.774772 0.390287 1.317392
0.501603 0.772581 0.400816 1.324543
0.508554 0.769822 0.410763 1.331538
0.513239 0.768256 0.421943 1.337959
0.517200 0.766765 0.431684 1.343480
0.523260 0.764964 0.439900 1.348832
0.528296 0.763696 0.445792 1.352852
0.532739 0.762048 0.455885 1.358302
0.535398 0.760373 0.467188 1.363698
0.541796 0.758637 0.473779 1.368101
0.547556 0.756837 0.479616 1.372033
0.549156 0.756140 0.487899 1.375797
0.550810 0.756566 0.495464 1.379144
0.555551 0.754826 0.499090 1.382020
0.562735 0.752617 0.504333 1.385845
0.563123 0.752738 0.510371 1.388390
0.563856 0.752491 0.518350 1.391730
0.569505 0.751150 0.522014 1.394598
0.574035 0.749722 0.525799 1.397285
0.574625 0.749460 0.532819 1.400247
0.574261 0.749767 0.537634 1.402179
0.579210 0.748012 0.541528 1.405014
0.583281 0.746584 0.545811 1.407784
0.582901 0.746099 0.550974 1.409943
0.582553 0.747092 0.553797 1.411083
0.587464 0.745663 0.557378 1.413751
0.592481 0.744999 0.562185 1.416828
0.589681 0.745047 0.563314 1.416957
0.588109 0.744995 0.565692 1.417843
0.594122 0.743920 0.569257 1.420699
0.599217 0.743436 0.573968 1.423815
0.595394 0.743468 0.575414 1.423873
0.594508 0.741986 0.578387 1.425294
0.599484 0.742191 0.581037 1.427514
0.602921 0.742045 0.584559 1.429849
0.599126 0.741258 0.586138 1.429997
0.598629 0.741471 0.588524 1.431063
0.604834 0.739820 0.591894 1.434159
0.607630 0.738853 0.594577 1.436188
0.604363 0.739311 0.593764 1.435216
0.605217 0.739513 0.595827 1.436428
0.610102 0.737713 0.600357 1.439897
0.611252 0.737394 0.603614 1.441820
0.609369 0.736824 0.603463 1.441553
0.610655 0.735158 0.605344 1.443063
0.612889 0.734892 0.609674 1.445789
0.614446 0.734741 0.611925 1.447370
0.614061 0.734439 0.612133 1.447564
0.615370 0.733682 0.614504 1.449243
0.617783 0.733288 0.616726 1.451097
0.619005 0.731987 0.618377 1.452506
0.617980 0.731077 0.619945 1.453302
0.619495 0.731254 0.622207 1.454930
0.621318 0.729770 0.624953 1.457110
0.622601 0.730358 0.626597 1.458339
0.623525 0.731469 0.627442 1.458999
0.624532 0.730495 0.629714 1.460705
0.624025 0.726578 0.632883 1.462929
0.624814 0.727669 0.634352 1.463929
0.626013 0.730010 0.632670 1.463148
0.626294 0.728364 0.634615 1.464646
0.626287 0.725363 0.637455 1.466785
0.626572 0.726003 0.638915 1.467716
0.626068 0.727497 0.639997 1.468143
0.626966 0.726336 0.640925 1.469208
0.629041 0.724880 0.641674 1.470545
0.629423 0.725468 0.643481 1.471767
0.629514 0.726373 0.645319 1.472889
0.631016 0.724685 0.645004 1.473438
0.633203 0.722303 0.643795 1.473729
0.633136 0.723621 0.647087 1.475699
0.633811 0.723856 0.650208 1.477989
0.634986 0.723356 0.649853 1.478256
0.636233 0.722798 0.649299 1.478460
