70.893974
71.712321
72.990569
64.541107
66.368943
81.010596
64.541035
83.251146
73.169902
78.553305
64.540983
64.540956
86.107890
77.350842
77.800091
75.324229
67.074721
74.379846
75.896690
76.331981
71.951764
83.946218
86.107964
64.540932
64.540986
68.109594
79.983556
64.540813
83.946539
77.179465
80.847495
64.541271
64.541204
64.541135
72.907626
78.489354
66.350629
70.555076
83.119268
67.160827
78.128189
79.210502
83.363641
66.483333
64.541030
78.569559
72.730327
64.541201
67.648760
71.394897
78.614671
64.540936
85.670459
79.839074
86.108138
86.107877
86.107980
78.673946
64.541029
72.239471
77.997585
76.873122
64.540994
70.051036
72.354862
78.867171
64.541282
64.541002
71.953680
64.540756
84.050374
76.526998
64.541233
80.288796
64.540751
80.430977
86.107789
76.745178
82.196971
77.617412
80.385463
86.108070
64.540999
68.489271
72.100863
78.386560
80.571693
79.289891
74.202234
64.541229
82.762018
64.540837
73.009774
64.541169
80.136003
64.540999
71.402962
64.540843
64.540989
71.289000
78.554559
69.641466
72.159029
75.316122
64.540915
64.540894
64.541018
80.086812
82.113953
84.804730
77.834831
86.107896
86.107857
74.080546
73.491658
84.982051
77.675401
75.196410
84.977711
64.541001
64.540898
77.798167
82.288270
64.541049
64.540809
82.574143
72.433027
64.541071
64.540938
64.986749
69.578898
78.761130
64.540988
64.541227
74.705848
81.643231
69.356326
79.469839
85.377390
65.287351
86.107813
66.501732
64.541043
79.921962
76.144561
75.807596
64.541011
85.377961
64.541352
64.541147
77.366285
79.514441
64.541232
73.259345
68.645570
77.733026
64.541027
64.540996
64.541616
86.107872
80.057185
64.541010
82.903709
74.996613
71.272402
73.788743
81.313915
74.689559
79.383412
70.491279
77.252513
79.967871
75.046174
82.862466
64.540943
64.540910
86.107954
77.790608
71.245059
69.669848
64.541210
74.585653
84.169807
64.541051
78.522796
64.540963
70.665876
72.255810
67.755797
64.541015
81.275763
64.950529
64.541055
64.540979
72.459372
82.285055
69.798888
64.541320
72.534365
78.585546
74.653571
69.840324
64.541024
77.073989
86.107955
64.540789
64.540983
64.541268
76.151017
77.432286
64.540993
71.325886
81.776084
68.431217
73.852377
64.540898
75.921101
80.528366
64.541079
74.690658
68.664782
77.275147
77.813375
67.394756
71.431929
81.964020
76.540878
75.315628
74.007393
79.638428
77.700354
76.832310
71.899002
64.541035
78.339878
71.296785
68.905206
64.540961
66.715602
71.972560
82.364206
68.056354
64.541160
66.702269
72.954000
64.541053
82.448612
79.957105
64.540773
74.875603
70.469488
66.935233
81.090157
72.589394
79.787843
