1.108981
0.750137
1.287909
0.419485
1.462099
1.359648
0.419486
1.486267
1.116995
1.266475
0.419370
0.419478
1.003273
1.110433
1.499424
1.771664
1.669974
1.049310
1.783642
1.309633
1.568494
1.915255
0.893332
0.419509
0.419433
1.348325
1.165954
1.408431
1.080161
1.079506
1.540586
0.419417
0.419303
0.419462
1.558548
1.256532
1.544096
0.934513
1.277862
1.299739
1.333879
1.246217
1.165500
1.162338
0.419322
1.199047
1.363440
0.419429
1.440274
1.366900
1.291317
0.803459
1.428417
1.425991
0.983595
1.111029
1.447924
1.335539
0.419487
1.256551
1.237215
1.351817
0.419504
1.117911
1.617996
1.082318
0.419436
0.712763
1.196764
1.621281
0.901051
1.342501
0.419440
1.391600
0.868370
1.158153
1.019645
1.213179
1.074190
1.302542
1.355947
0.800890
0.419521
1.131981
1.306767
1.320735
1.381611
1.677729
1.187465
0.419397
1.126000
1.625607
1.225379
0.419431
1.749275
0.419466
1.414465
1.329415
0.419424
1.114627
1.813670
1.322223
1.479864
1.202981
0.419439
1.515520
0.419482
1.537530
1.452707
1.002943
1.436905
0.419640
0.821907
1.335623
1.384284
1.340414
1.366476
1.458175
1.200316
0.419474
0.419286
1.507663
1.212116
0.419484
1.549663
1.064035
1.533793
0.419460
0.419340
1.172619
1.513612
1.418942
0.838099
0.419395
1.491600
1.684598
1.361634
1.215965
1.306967
0.984292
0.736555
1.830166
0.419479
1.143205
1.686935
1.366207
0.419445
1.451881
0.419117
0.419478
1.504020
0.980208
0.419462
1.232329
1.278379
1.248202
0.419475
0.419504
0.418791
0.786157
1.791993
0.419339
0.988946
1.044002
1.299073
1.071831
1.479927
1.422761
1.267534
1.538909
1.202539
1.264085
1.464647
1.420544
0.418939
0.419349
1.310589
1.315262
1.517806
1.647321
0.419285
1.495600
1.869836
0.419498
1.340742
0.419432
1.457362
1.083513
1.168384
0.419499
1.418763
1.214651
0.419544
0.419511
1.035259
1.255546
1.527583
0.419236
1.216264
1.442929
1.070448
1.021459
0.419443
1.480397
1.147193
1.521693
0.419457
0.419449
1.486824
1.401237
0.419502
1.615831
1.503881
1.309460
1.310248
0.419468
0.920165
1.176620
0.419435
1.780911
1.361107
1.585264
1.389086
0.950439
1.400956
1.282599
1.044621
1.212120
1.180894
1.264633
1.568098
1.336471
1.175601
0.419477
1.433002
1.555963
1.565682
0.419506
1.929442
1.350233
1.111259
1.236923
0.419275
1.254642
1.339098
0.419479
1.281244
1.329895
0.419452
1.485969
1.672595
1.513763
1.258076
1.028695
1.380955
