0.534563
0.741836
0.454506
0.573769
0.788433
0.314977
0.331549
0.584811
0.693725
0.407721
0.553750
0.495937
0.700950
0.471834
0.131824
0.716984
0.512762
0.699220
0.227818
0.530508
0.435377
0.504965
0.630730
0.619831
0.556383
0.613998
0.726264
0.931371
0.770720
0.608201
0.420515
0.697547
1.124756
0.689083
0.564115
0.400891
0.478442
0.691844
0.424868
0.275912
0.422725
0.625238
0.611257
0.742732
0.708714
0.343221
0.409756
0.488469
0.552499
0.662828
0.650701
0.782004
0.647643
0.607842
0.844378
0.473886
0.732577
0.511055
0.635300
0.510076
0.464058
0.725155
0.485696
0.435140
0.706604
0.566629
0.782398
0.385229
0.525207
0.620801
0.876481
0.497312
0.696826
0.704818
0.512350
0.730527
0.731255
0.411242
0.645850
0.294632
0.551206
0.587459
0.707173
0.379782
0.446444
0.614096
0.435563
0.361599
0.461602
0.658687
0.686789
0.617467
0.601434
0.720076
0.483447
0.618257
0.486953
0.603375
0.631440
0.465076
0.203276
0.544396
0.504848
0.768525
0.857500
0.624559
0.454752
0.430985
0.419104
0.690483
0.396158
0.744684
0.367085
0.440664
0.246459
0.384793
0.593479
0.516825
0.692046
0.466437
0.860647
0.287231
0.478001
0.578898
0.649914
0.422074
0.405897
0.436039
0.471429
0.702009
0.344822
0.415770
0.270273
0.754363
0.451374
0.431066
0.624242
0.653713
0.667648
0.652004
0.470963
0.387006
0.568131
0.581451
0.369953
0.389047
0.556519
0.820742
0.868098
0.805631
0.306506
0.620659
0.473019
0.630173
0.544992
0.439800
0.422164
0.552520
0.801220
0.539480
0.438113
0.567169
0.805568
0.612809
0.522893
0.742600
0.411589
0.717576
0.410398
0.432354
0.556959
0.528706
0.594536
0.512952
0.940126
0.684578
0.587672
0.527849
0.475553
0.510819
0.759468
0.667613
0.553504
0.542395
0.563513
0.452940
0.456355
0.472912
0.572259
0.366298
0.401272
0.508578
0.909622
0.545741
0.392932
0.529362
0.365520
0.672132
0.398189
0.431466
0.520050
0.529248
0.512356
0.455394
0.622514
0.790736
0.494816
0.576198
0.581124
0.415320
0.276986
0.340796
0.537206
0.599776
0.758287
0.292156
0.331694
0.496696
0.495085
0.328303
0.568355
0.483883
0.572299
0.328798
0.170413
0.506788
0.735607
0.525367
0.541595
0.460873
0.273997
0.566118
0.652635
0.299798
0.495283
0.629584
0.603962
0.522207
0.496717
0.369839
0.661577
0.531027
0.506129
0.772108
0.946656
0.562726
0.528430
0.379690
0.473723
0.483982
0.685421
0.463353
0.782015
0.720134
0.494745
