57.724055
57.898311
58.072567
58.246823
58.421079
58.595335
58.769591
58.943847
59.118102
59.292358
59.466614
59.640870
59.815126
59.989382
60.163638
60.337894
60.512150
60.686406
60.860662
61.034918
61.209174
61.383430
61.557686
61.731942
61.906198
62.080454
62.254710
62.428966
62.603222
62.777478
62.951734
63.125990
63.300246
63.474502
63.648757
63.823013
63.997269
64.171525
64.345781
64.520037
64.694293
64.868549
65.042805
65.217061
65.391317
65.565573
65.739829
65.914085
66.088341
66.262597
66.436853
66.611109
66.785365
66.959621
67.133877
67.308133
67.482389
67.656645
67.830901
68.005156
68.179412
68.353668
68.527924
68.702180
68.876436
69.050692
69.224948
69.399204
69.573460
69.747716
69.921972
70.096228
70.270484
70.444740
70.618996
70.793252
70.967508
71.141764
71.316020
71.490276
71.664532
71.838788
72.013044
72.187300
72.361555
72.535811
72.710067
72.884323
73.058579
73.232835
73.407091
73.581347
73.755603
73.929859
74.104115
74.278371
74.452627
74.626883
74.801139
74.975395
75.149651
75.323907
75.498163
75.672419
75.846675
76.020931
76.195187
76.369443
76.543699
76.717955
76.892210
77.066466
77.240722
77.414978
77.589234
77.763490
77.937746
78.112002
78.286258
78.460514
78.634770
78.809026
78.983282
79.157538
79.331794
79.506050
79.680306
79.854562
80.028818
80.203074
80.377330
80.551586
80.725842
80.900098
81.074354
81.248609
81.422865
81.597121
81.771377
81.945633
82.119889
82.294145
82.468401
82.642657
82.816913
82.991169
83.165425
83.339681
83.513937
83.688193
83.862449
84.036705
84.210961
84.385217
84.559473
84.733729
84.907985
85.082241
85.256497
85.430753
85.605009
85.779264
85.953520
86.127776
86.302032
86.476288
86.650544
86.824800
86.999056
87.173312
87.347568
87.521824
87.696080
87.870336
88.044592
88.218848
88.393104
88.567360
88.741616
88.915872
89.090128
89.264384
89.438640
89.612896
89.787152
89.961408
90.135663
90.309919
90.484175
90.658431
90.832687
91.006943
91.181199
91.355455
91.529711
91.703967
91.878223
92.052479
92.226735
92.400991
