35.000010
35.361924
35.723839
36.085753
36.447668
36.809582
37.171496
37.533411
37.895325
38.257239
38.619154
38.981068
39.342983
39.704897
40.066811
40.428726
40.790640
41.152554
41.514469
41.876383
42.238298
42.600212
42.962126
43.324041
43.685955
44.047869
44.409784
44.771698
45.133613
45.495527
45.857441
46.219356
46.581270
46.943184
47.305099
47.667013
48.028928
48.390842
48.752756
49.114671
49.476585
49.838499
50.200414
50.562328
50.924243
51.286157
51.648071
52.009986
52.371900
52.733814
53.095729
53.457643
53.819558
54.181472
54.543386
54.905301
55.267215
55.629129
55.991044
56.352958
56.714873
57.076787
57.438701
57.800616
58.162530
58.524444
58.886359
59.248273
59.610188
59.972102
60.334016
60.695931
61.057845
61.419759
61.781674
62.143588
62.505503
62.867417
63.229331
63.591246
63.953160
64.315074
64.676989
65.038903
65.400818
65.762732
66.124646
66.486561
66.848475
67.210389
67.572304
67.934218
68.296133
68.658047
69.019961
69.381876
69.743790
70.105704
70.467619
70.829533
71.191448
71.553362
71.915276
72.277191
72.639105
73.001019
73.362934
73.724848
74.086763
74.448677
74.810591
75.172506
75.534420
75.896334
76.258249
76.620163
76.982078
77.343992
77.705906
78.067821
78.429735
78.791650
79.153564
79.515478
79.877393
80.239307
80.601221
80.963136
81.325050
81.686965
82.048879
82.410793
82.772708
83.134622
83.496536
83.858451
84.220365
84.582280
84.944194
85.306108
85.668023
86.029937
86.391851
86.753766
87.115680
87.477595
87.839509
88.201423
88.563338
88.925252
89.287166
89.649081
90.010995
90.372910
90.734824
91.096738
91.458653
91.820567
92.182481
92.544396
92.906310
93.268225
93.630139
93.992053
94.353968
94.715882
95.077796
95.439711
95.801625
96.163540
96.525454
96.887368
97.249283
97.611197
97.973111
98.335026
98.696940
99.058855
99.420769
99.782683
100.144598
100.506512
100.868426
101.230341
101.592255
101.954170
102.316084
102.677998
103.039913
103.401827
103.763741
104.125656
104.487570
104.849485
105.211399
105.573313
105.935228
106.297142
106.659056
107.020971
