0.258475 0.286845
0.258843 0.290398
0.259117 0.293500
0.259429 0.296667
0.259827 0.300065
0.260194 0.303263
0.260725 0.306988
0.261180 0.310336
0.261697 0.313838
0.262110 0.316909
0.262686 0.320489
0.263304 0.324151
0.263754 0.327173
0.264387 0.330780
0.264998 0.334253
0.265647 0.337814
0.266192 0.341021
0.266798 0.344391
0.267343 0.347548
0.267957 0.350903
0.268446 0.353840
0.269008 0.357027
0.269526 0.360058
0.270040 0.363083
0.270623 0.366359
0.271293 0.369996
0.271961 0.373660
0.272616 0.377330
0.273189 0.380754
0.273823 0.384466
0.274278 0.387552
0.274695 0.390536
0.275183 0.393877
0.275611 0.397026
0.275991 0.400036
0.276431 0.403421
0.276908 0.407070
0.277401 0.410953
0.277861 0.414812
0.278261 0.418471
0.278699 0.422481
0.279061 0.426227
0.279329 0.429460
0.279631 0.433049
0.279946 0.436847
0.280223 0.440487
0.280493 0.444201
0.280748 0.447821
0.281051 0.452153
0.281320 0.456235
0.281599 0.460563
0.281906 0.465377
0.282170 0.469780
0.282395 0.473859
0.282616 0.477661
0.282853 0.481873
0.283086 0.485835
0.283331 0.489910
0.283589 0.494077
0.283893 0.499117
0.284195 0.504203
0.284516 0.509255
0.284856 0.514484
0.285204 0.519663
0.285580 0.525047
0.285924 0.529404
0.286322 0.533816
0.286720 0.538553
0.287142 0.543132
0.287598 0.547680
0.288063 0.552425
0.288576 0.558599
0.289102 0.564556
0.289656 0.571126
0.290249 0.577755
0.290879 0.584388
0.291546 0.590817
0.292247 0.596649
0.293004 0.602847
0.293828 0.609492
0.294716 0.615936
0.295671 0.622977
0.296738 0.630510
0.297976 0.638906
0.299362 0.647280
0.300919 0.655941
0.302684 0.664620
0.304753 0.673776
0.306984 0.682705
0.309479 0.691607
0.312288 0.700715
0.315388 0.709778
0.318911 0.719123
0.322884 0.728613
0.327270 0.738071
0.332131 0.747580
0.337410 0.756903
0.343178 0.766129
0.349556 0.775387
0.356247 0.784203
0.363457 0.792877
0.371212 0.801361
0.379390 0.809512
0.388111 0.817435
0.397324 0.825062
0.406626 0.832094
0.416093 0.838621
0.426033 0.844924
0.436068 0.850774
0.446314 0.856224
0.455971 0.860955
0.465562 0.865337
0.476077 0.869816
0.486000 0.873763
0.495922 0.877478
0.505589 0.880920
0.514891 0.884122
0.523449 0.886932
0.531060 0.889403
0.538073 0.891699
0.545083 0.893943
0.551500 0.896051
0.557676 0.898128
0.563483 0.900128
0.570560 0.902802
0.576936 0.905310
0.582629 0.907661
0.588149 0.910129
0.593397 0.912537
0.598881 0.915249
0.602600 0.917232
0.606926 0.919573
0.610883 0.921910
0.614509 0.924097
0.617605 0.926074
0.621058 0.928379
0.625022 0.931187
0.628524 0.933779
0.632122 0.936591
0.635778 0.939487
0.639540 0.942676
0.641993 0.944828
0.644278 0.946850
0.646158 0.948617
0.648361 0.950621
0.650770 0.952914
0.652869 0.954952
0.655641 0.957630
0.658188 0.960134
0.660577 0.962547
0.663395 0.965405
0.666106 0.968233
0.668496 0.970707
0.670472 0.972723
0.672260 0.974546
0.673978 0.976266
0.675661 0.977929
0.677126 0.979342
0.679028 0.981261
0.681559 0.984021
0.684186 0.986952
0.686476 0.989384
0.688884 0.992042
0.691296 0.994673
0.693548 0.997132
0.695266 0.998936
0.696950 1.000649
0.698805 1.002610
0.700360 1.004208
0.701964 1.005891
0.703738 1.007797
0.705887 1.010221
0.708298 1.013044
0.710465 1.015570
0.712668 1.018117
0.714838 1.020673
0.716170 1.022151
0.717408 1.023434
0.718947 1.025180
0.720530 1.026991
0.721626 1.028056
0.722658 1.029104
0.724569 1.031465
0.726847 1.034448
0.728896 1.037125
0.730988 1.039851
0.732724 1.042174
0.734589 1.044665
0.735817 1.046196
0.736392 1.046815
0.737899 1.048769
0.738764 1.049839
0.739869 1.051347
0.741037 1.052882
0.742622 1.055167
0.744192 1.057502
0.745616 1.059593
0.746993 1.061678
0.748370 1.063771
0.749715 1.065848
