0.286139 0.216062
0.287068 0.220018
0.288240 0.224466
0.289386 0.228773
0.290434 0.232750
0.291587 0.236904
0.292479 0.240354
0.293588 0.244218
0.294612 0.247822
0.295871 0.251882
0.296869 0.255266
0.297810 0.258474
0.299135 0.262421
0.300117 0.265571
0.301204 0.268850
0.302230 0.271954
0.303463 0.275404
0.304634 0.278631
0.305918 0.282023
0.307118 0.285157
0.308580 0.288703
0.309908 0.291901
0.311351 0.295220
0.312806 0.298474
0.314153 0.301425
0.315257 0.303911
0.316395 0.306364
0.317538 0.308771
0.318863 0.311390
0.320056 0.313718
0.321695 0.316614
0.323494 0.319586
0.325078 0.322171
0.326859 0.324902
0.328816 0.327714
0.330572 0.330160
0.332199 0.332370
0.333729 0.334378
0.335359 0.336405
0.337235 0.338580
0.338905 0.340484
0.340938 0.342583
0.343468 0.344993
0.345878 0.347143
0.348219 0.349129
0.350838 0.351181
0.353542 0.353153
0.356461 0.355139
0.358949 0.356710
0.361800 0.358383
0.364585 0.359905
0.367068 0.361182
0.370097 0.362611
0.373702 0.364132
0.377742 0.365702
0.381650 0.367049
0.386024 0.368418
0.390527 0.369675
0.395186 0.370833
0.399075 0.371677
0.403229 0.372469
0.407637 0.373239
0.412102 0.373931
0.416916 0.374596
0.421733 0.375190
0.428273 0.375944
0.435023 0.376684
0.441843 0.377318
0.449239 0.377986
0.457057 0.378696
0.465146 0.379412
0.471607 0.379929
0.478905 0.380584
0.485762 0.381210
0.492998 0.381970
0.500709 0.382908
0.509195 0.384128
0.519013 0.385845
0.528785 0.387820
0.538391 0.390041
0.548651 0.392821
0.558575 0.395837
0.568227 0.399153
0.577110 0.402539
0.586353 0.406518
0.595624 0.410944
0.604994 0.415979
0.613852 0.421260
0.623311 0.427487
0.632646 0.434346
0.641795 0.441753
0.650871 0.449879
0.659527 0.458405
0.667680 0.467256
0.675464 0.476546
0.682952 0.486332
0.690060 0.496579
0.696651 0.507053
0.702736 0.517691
0.708490 0.528869
0.713644 0.539956
0.718337 0.551206
0.722517 0.562423
0.726159 0.573392
0.729321 0.584113
0.732136 0.595033
0.734612 0.606259
0.736611 0.616740
0.738265 0.626980
0.739586 0.637125
0.740642 0.647875
0.741395 0.658253
0.741879 0.667040
0.742162 0.676112
0.742266 0.684608
0.742217 0.692847
0.742048 0.700796
0.741635 0.709570
0.741011 0.719023
0.740239 0.728596
0.739323 0.737787
0.738296 0.747108
0.737217 0.756113
0.736068 0.765056
0.735435 0.770678
0.734681 0.776824
0.733821 0.783534
0.733088 0.789608
0.732288 0.795844
0.731716 0.800610
0.730808 0.808344
0.730112 0.814428
0.729534 0.820326
0.728947 0.826706
0.728432 0.833549
0.728114 0.839027
0.727973 0.842777
0.727851 0.847120
0.727812 0.850624
0.727774 0.853919
0.727798 0.856223
0.727948 0.861510
0.728231 0.867056
0.728729 0.872953
0.729274 0.878172
0.729865 0.882497
0.730615 0.887219
0.731200 0.890499
0.731885 0.894020
0.732669 0.897602
0.733326 0.900330
0.733997 0.902881
0.734935 0.906362
0.736111 0.910617
0.737424 0.915074
0.738924 0.919866
0.740448 0.924541
0.742136 0.929498
0.743632 0.933595
0.744621 0.935897
0.745476 0.937695
0.746664 0.940594
0.747651 0.942770
0.748713 0.945156
0.749840 0.947695
0.751366 0.951330
0.753014 0.955306
0.754442 0.958617
0.756128 0.962574
0.757754 0.966310
0.759192 0.969555
0.760186 0.971628
0.761027 0.973137
0.761929 0.974902
0.762870 0.976814
0.763739 0.978530
0.765342 0.982207
0.767108 0.986461
0.768476 0.989637
0.769753 0.992639
0.771438 0.997033
0.773078 1.001289
0.773910 1.003115
0.774425 1.003832
0.774964 1.004810
0.775529 1.005899
0.776350 1.007626
0.776974 1.008955
0.778189 1.012179
0.780018 1.017212
0.780840 1.019496
0.782255 1.023532
0.783328 1.026523
0.784404 1.029686
0.784994 1.031196
0.785491 1.032428
0.786206 1.034389
0.786860 1.036186
0.787464 1.037917
0.788052 1.039643
