0.261914 0.452644
0.261613 0.458424
0.261297 0.463426
0.260777 0.471938
0.260474 0.476111
0.259971 0.483128
0.259337 0.491388
0.259048 0.495680
0.258286 0.505211
0.257759 0.512428
0.785511 0.997458
0.787025 1.001386
0.787754 1.002685
0.789159 1.006912
0.790616 1.011031
0.791292 1.012561
0.792812 1.017471
0.794174 1.022318
0.795997 1.029183
0.797337 1.034292
0.288307 0.428441
0.290337 0.441636
0.292445 0.455667
0.294490 0.469292
0.296687 0.483230
0.299296 0.498834
0.302253 0.515446
0.305378 0.531853
0.308716 0.548162
0.312530 0.567464
0.519802 0.630718
0.522207 0.634604
0.524594 0.638522
0.526970 0.642440
0.529346 0.646401
0.531647 0.650275
0.534011 0.654268
0.536329 0.658212
0.538637 0.662154
0.540914 0.666061
0.308028 0.416813
0.313476 0.431161
0.319490 0.445441
0.326640 0.460413
0.334757 0.475296
0.344569 0.491222
0.355479 0.507160
0.368424 0.525336
0.382329 0.544834
0.397522 0.567838
0.513291 0.654342
0.531577 0.684042
0.550231 0.712527
0.568927 0.738843
0.586917 0.762867
0.603461 0.785018
0.617988 0.805594
0.630578 0.825114
0.641419 0.843662
0.650904 0.861276
0.535223 0.645845
0.537228 0.649266
0.539261 0.652743
0.541256 0.656183
0.543240 0.659625
0.545193 0.663032
0.547182 0.666499
0.549134 0.669913
0.551057 0.673285
0.553027 0.676731
0.712967 0.981600
0.716519 0.986524
0.720003 0.991375
0.723491 0.996274
0.726941 1.001161
0.730329 1.005982
0.733354 1.010281
0.736394 1.014682
0.739193 1.018750
0.742081 1.023079
0.757524 1.003323
0.758004 1.003999
0.758614 1.005045
0.759853 1.007725
0.761587 1.011321
0.762997 1.014333
0.763380 1.014862
0.763689 1.015220
0.764350 1.016393
0.765431 1.018696
0.309050 0.253089
0.313989 0.265326
0.319065 0.276603
0.323913 0.286305
0.329001 0.295142
0.334653 0.303386
0.340654 0.310620
0.347533 0.317221
0.355463 0.323089
0.364808 0.328160
0.600535 0.673154
0.603138 0.679293
0.605654 0.685319
0.608139 0.691300
0.610587 0.697302
0.612952 0.703101
0.615250 0.708770
0.617543 0.714486
0.619754 0.720006
0.621972 0.725564
0.552056 0.651758
0.554924 0.656927
0.557797 0.662163
0.560585 0.667276
0.563394 0.672465
0.566170 0.677618
0.568871 0.682626
0.571577 0.687658
0.574285 0.692673
0.577009 0.697727
0.781959 0.988978
0.784362 0.996404
0.784260 0.994883
0.787199 1.004243
0.786919 1.002244
0.790407 1.014986
0.789132 1.008751
0.792643 1.021892
0.791933 1.017584
0.794522 1.027877
0.779100 0.990131
0.780757 0.994328
0.783034 1.001220
0.785008 1.007145
0.785474 1.008042
0.785688 1.008257
0.786663 1.010678
0.787852 1.014776
0.789808 1.021530
0.790571 1.023678
0.500727 0.608213
0.505088 0.614702
0.509393 0.621298
0.513680 0.628030
0.517900 0.634813
0.522050 0.641608
0.526208 0.648494
0.530301 0.655356
0.534371 0.662229
0.538402 0.669054
0.287383 0.301399
0.289828 0.309985
0.292466 0.318595
0.295289 0.327197
0.298193 0.335555
0.301101 0.343512
0.304207 0.351463
0.307619 0.359544
0.311361 0.367717
0.315234 0.375602
0.382906 0.630003
0.385489 0.636717
0.388133 0.643389
0.390874 0.650138
0.393691 0.656868
0.396552 0.663445
0.399586 0.670147
0.402790 0.676894
0.406146 0.683598
0.409704 0.690340
0.555241 0.625238
0.557100 0.628436
0.558835 0.631469
0.560613 0.634632
0.562392 0.637833
0.564118 0.640998
0.565823 0.644172
0.567487 0.647319
0.569173 0.650538
0.570825 0.653722
0.743676 0.985835
0.745866 0.989650
0.748961 0.995540
0.751217 0.999587
0.752719 1.001973
0.754864 1.005970
0.757560 1.011374
0.759231 1.014321
0.760349 1.016145
0.762786 1.021063
0.729487 0.959558
0.732819 0.965544
0.736742 0.972760
0.739574 0.977558
0.743790 0.985314
0.746249 0.989345
0.750739 0.997986
0.752736 1.001042
0.756728 1.009003
0.758449 1.011703
0.243622 0.392123
0.243668 0.402512
0.243361 0.412835
0.242689 0.422893
0.241614 0.434581
0.240095 0.446977
0.238138 0.460633
0.235707 0.475830
0.232989 0.492055
0.229900 0.510597
0.581694 0.902606
0.591066 0.906982
0.599974 0.911571
0.605952 0.914847
0.612063 0.918567
0.619415 0.923359
0.625011 0.927364
0.628763 0.930232
0.633812 0.934257
0.640686 0.940155
0.333748 0.440383
0.343340 0.453654
0.354634 0.466942
0.368171 0.480664
0.383874 0.494768
0.402108 0.510148
0.422370 0.527307
0.444003 0.547170
0.466032 0.570584
0.487293 0.597574
0.242814 0.311049
0.242814 0.311049
0.242814 0.311049
0.242814 0.311049
0.242814 0.311049
0.242814 0.311049
0.242814 0.311049
0.242814 0.311049
0.242814 0.311049
0.242814 0.311049
0.374225 0.573297
0.377471 0.580170
0.380664 0.587007
0.383788 0.593855
0.386920 0.600785
0.390070 0.607890
0.393329 0.615347
0.396747 0.623272
0.400328 0.631553
0.404011 0.639933
0.708119 0.977945
0.711341 0.982417
0.714116 0.986175
0.716880 0.989904
0.719967 0.994214
0.722973 0.998404
0.725458 1.001779
0.728012 1.005294
0.730753 1.009170
0.733412 1.012988
0.611210 0.834431
0.619838 0.844323
0.627416 0.853622
0.634675 0.863237
0.641132 0.872351
0.647163 0.881267
0.652953 0.890226
0.658014 0.898215
0.663398 0.906871
0.668284 0.914792
0.376200 0.638810
0.378861 0.646010
0.381649 0.653335
0.384561 0.660652
0.387634 0.668005
0.390924 0.675496
0.394427 0.683020
0.398141 0.690506
0.402076 0.697933
0.406250 0.705270
0.349132 0.548592
0.352176 0.555672
0.354869 0.561647
0.357757 0.568343
0.360996 0.576425
0.363998 0.583751
0.366840 0.590737
0.370138 0.599455
0.373431 0.608142
0.376509 0.616166
0.235704 0.320597
0.235704 0.320597
0.235704 0.320597
0.235704 0.320597
0.235704 0.320597
0.235704 0.320597
0.235704 0.320597
0.235704 0.320597
0.235704 0.320597
0.235704 0.320597
0.308240 0.452889
0.310813 0.461212
0.313854 0.470500
0.316860 0.479134
0.320489 0.489039
0.323797 0.497414
0.328124 0.508284
0.332017 0.517291
0.336818 0.528729
0.341358 0.539006
0.235613 0.320715
0.235613 0.320715
0.235613 0.320715
0.235613 0.320715
0.235613 0.320715
0.235613 0.320715
0.235613 0.320715
0.235613 0.320715
0.235613 0.320715
0.235613 0.320715
0.263663 0.291944
0.264311 0.296620
0.265020 0.301376
0.265836 0.306320
0.266500 0.310637
0.267430 0.315695
0.268264 0.320320
0.269162 0.325061
0.269991 0.329478
0.270873 0.334000
0.523485 0.570397
0.528587 0.576350
0.533568 0.582485
0.538400 0.588760
0.543096 0.595216
0.547629 0.601800
0.552051 0.608543
0.556356 0.615430
0.560540 0.622430
0.564503 0.629377
0.301165 0.295306
0.303742 0.302199
0.306097 0.308312
0.308409 0.314067
0.311209 0.320361
0.314376 0.326867
0.317143 0.332351
0.319783 0.337338
0.323179 0.342999
0.327145 0.348898
0.383849 0.612010
0.386030 0.617454
0.388148 0.622675
0.390134 0.627486
0.392354 0.632938
0.394708 0.638606
0.396999 0.644060
0.399265 0.649316
0.401709 0.654853
0.404330 0.660655
0.423556 0.610701
0.426201 0.615625
0.428899 0.620665
0.431743 0.626042
0.434598 0.631420
0.437357 0.636618
0.440216 0.641958
0.443206 0.647507
0.446218 0.652994
0.449222 0.658401
0.679168 0.901785
0.682594 0.909011
0.686114 0.916133
0.689580 0.922904
0.693131 0.929590
0.696652 0.936000
0.700164 0.942182
0.703732 0.948279
0.707252 0.954147
0.710729 0.959802
0.338137 0.311739
0.342852 0.316699
0.346641 0.320329
0.352739 0.324975
0.357255 0.328004
0.364489 0.331803
0.370491 0.334384
0.379177 0.337223
0.386965 0.339106
0.396378 0.340718
0.476488 0.615526
0.480841 0.622386
0.485183 0.629350
0.489504 0.636373
0.493853 0.643487
0.498220 0.650639
0.502637 0.657838
0.507051 0.664994
0.511538 0.672180
0.516020 0.679268
0.780065 1.002112
0.779943 1.000905
0.783367 1.011248
0.782987 1.009282
0.785289 1.016385
0.786454 1.019855
0.786617 1.019392
0.788879 1.027255
0.788715 1.025856
0.790016 1.030184
0.792961 1.001061
0.792632 0.998555
0.792865 0.998734
0.795985 1.011561
0.796013 1.010471
0.795914 1.008747
0.798262 1.018668
0.798970 1.021167
0.798322 1.017282
0.800317 1.026243
0.848473 0.973481
0.848765 0.974724
0.849208 0.974294
0.849578 0.974249
0.849608 0.978035
0.850171 0.976308
0.850209 0.979507
0.850984 0.974753
0.850803 0.980822
0.851887 0.972171
0.248239 0.303244
0.248239 0.303244
0.248239 0.303244
0.248239 0.303244
0.248239 0.303244
0.248239 0.303244
0.248239 0.303244
0.248239 0.303244
0.248239 0.303244
0.248239 0.303244
0.498702 0.618496
0.500432 0.621161
0.502110 0.623788
0.503779 0.626418
0.505485 0.629124
0.507184 0.631831
0.508830 0.634487
0.510519 0.637222
0.512202 0.639948
0.513847 0.642644
0.718056 0.944102
0.720909 0.949701
0.722966 0.953344
0.725663 0.958378
0.728314 0.963208
0.730263 0.966465
0.733074 0.971570
0.735627 0.976059
0.737222 0.978539
0.740300 0.984148
0.769593 0.977868
0.773100 0.986713
0.774230 0.988364
0.776646 0.994644
0.781243 1.007291
0.782839 1.011067
0.783614 1.012082
0.787351 1.023707
0.789769 1.031529
0.791010 1.034892
0.789930 1.001446
0.789806 1.000225
0.790950 1.004078
0.793330 1.012853
0.794916 1.019110
0.794978 1.018340
0.794958 1.017247
0.795642 1.019529
0.796916 1.024771
0.798359 1.030911
0.473606 0.632759
0.476126 0.636944
0.478625 0.641108
0.481120 0.645259
0.483685 0.649515
0.486231 0.653718
0.488792 0.657926
0.491386 0.662146
0.494015 0.666376
0.496676 0.670620
0.773824 1.004112
0.774709 1.006291
0.774043 1.003923
0.774637 1.005269
0.776651 1.010728
0.777358 1.012474
0.777087 1.011340
0.777782 1.013077
0.779885 1.019420
0.780374 1.020466
0.231241 0.326265
0.231241 0.326265
0.231241 0.326265
0.231241 0.326265
0.231241 0.326265
0.231241 0.326265
0.231241 0.326265
0.231241 0.326265
0.231241 0.326265
0.231241 0.326265
0.459846 0.635279
0.463733 0.641981
0.467686 0.648762
0.471711 0.655579
0.475784 0.662365
0.479940 0.669144
0.484232 0.675956
0.488608 0.682725
0.493074 0.689428
0.497630 0.696047
0.496601 0.708587
0.500768 0.714002
0.504970 0.719288
0.509237 0.724476
0.513563 0.729567
0.517944 0.734563
0.522390 0.739486
0.526790 0.744228
0.531278 0.748928
0.535744 0.753518
0.410914 0.628841
0.414150 0.635695
0.417439 0.642577
0.420840 0.649563
0.424342 0.656591
0.427970 0.663646
0.431752 0.670730
0.435680 0.677783
0.439750 0.684752
0.444021 0.691701
0.732253 0.984811
0.733582 0.986926
0.734817 0.988862
0.736148 0.990982
0.737382 0.992946
0.738798 0.995258
0.740167 0.997500
0.741660 1.000015
0.743035 1.002305
0.744316 1.004443
0.491930 0.627892
0.495147 0.633063
0.498406 0.638336
0.501643 0.643611
0.504860 0.648877
0.508124 0.654207
0.511381 0.659522
0.514644 0.664835
0.517916 0.670133
0.521200 0.675412
0.848193 0.968781
0.848107 0.975592
0.848827 0.974040
0.849668 0.970057
0.849774 0.974394
0.850223 0.975409
0.851129 0.969175
0.851501 0.970070
0.851548 0.975628
0.852357 0.968947
0.617457 0.637859
0.619479 0.642984
0.621320 0.647771
0.623214 0.652889
0.625011 0.657899
0.626695 0.662718
0.628475 0.668054
0.630044 0.672752
0.631570 0.677447
0.633136 0.682497
0.709476 0.964424
0.713952 0.971248
0.718315 0.977813
0.722557 0.984115
0.726768 0.990392
0.730806 0.996408
0.734665 1.002189
0.738480 1.008024
0.742100 1.013607
0.745484 1.018944
0.226478 0.332083
0.226478 0.332083
0.226478 0.332083
0.226478 0.332083
0.226478 0.332083
0.226478 0.332083
0.226478 0.332083
0.226478 0.332083
0.226478 0.332083
0.226478 0.332083
0.789767 0.993512
0.790851 0.996801
0.791663 0.999296
0.792282 1.000913
0.793189 1.003838
0.794345 1.008411
0.795220 1.011693
0.795971 1.013989
0.796491 1.015722
0.797257 1.018468
0.735429 0.980781
0.738064 0.985259
0.740964 0.990269
0.743417 0.994430
0.745603 0.998090
0.747870 1.001938
0.750303 1.006266
0.752940 1.011176
0.754303 1.013327
0.756039 1.016294
0.241476 0.312900
0.241476 0.312900
0.241476 0.312900
0.241476 0.312900
0.241476 0.312900
0.241476 0.312900
0.241476 0.312900
0.241476 0.312900
0.241476 0.312900
0.241476 0.312900
0.232299 0.324941
0.232299 0.324941
0.232299 0.324941
0.232299 0.324941
0.232299 0.324941
0.232299 0.324941
0.232299 0.324941
0.232299 0.324941
0.232299 0.324941
0.232299 0.324941
0.228931 0.329115
0.228931 0.329115
0.228931 0.329115
0.228931 0.329115
0.228931 0.329115
0.228931 0.329115
0.228931 0.329115
0.228931 0.329115
0.228931 0.329115
0.228931 0.329115
0.484987 0.618071
0.488653 0.623826
0.492308 0.629649
0.495955 0.635531
0.499600 0.641459
0.503249 0.647420
0.506909 0.653401
0.510597 0.659412
0.514276 0.665399
0.517971 0.671368
0.344778 0.525598
0.348506 0.533178
0.351627 0.539026
0.355609 0.547298
0.358959 0.553805
0.362990 0.562446
0.366666 0.570166
0.370798 0.579431
0.374593 0.587999
0.378691 0.597695
0.300504 0.367135
0.303414 0.374925
0.306535 0.382828
0.309752 0.390576
0.313218 0.398413
0.316907 0.406219
0.320826 0.413938
0.325180 0.421818
0.329841 0.429558
0.334957 0.437291
0.345408 0.407747
0.351292 0.413340
0.358655 0.419492
0.365514 0.424531
0.374211 0.430173
0.382914 0.435099
0.393456 0.440409
0.404929 0.445516
0.416550 0.450121
0.431266 0.455692
0.852350 0.975073
0.852497 0.982156
0.852749 0.988491
0.853140 0.992872
0.853751 0.995347
0.854567 0.994959
0.855380 0.994928
0.856351 0.992181
0.857363 0.988665
0.857843 0.990560
0.462865 0.627140
0.465330 0.631289
0.467743 0.635371
0.470247 0.639603
0.472700 0.643751
0.475185 0.647933
0.477747 0.652215
0.480247 0.656369
0.482815 0.660605
0.485396 0.664808
0.332397 0.599898
0.333959 0.606352
0.335523 0.612628
0.337157 0.619226
0.338881 0.626072
0.340672 0.633092
0.342574 0.640219
0.344651 0.647683
0.346837 0.655209
0.349238 0.663052
0.368285 0.589115
0.370649 0.595118
0.373034 0.601184
0.375497 0.607508
0.377958 0.613881
0.380495 0.620481
0.383133 0.627350
0.385832 0.634262
0.388620 0.641253
0.391500 0.648361
0.748746 0.962299
0.754588 0.974953
0.758943 0.983734
0.762812 0.991464
0.767080 1.000938
0.771976 1.012285
0.774490 1.017597
0.777753 1.025272
0.781339 1.034941
0.783914 1.041813
0.695368 0.783647
0.695756 0.801512
0.696293 0.817938
0.697118 0.833179
0.698400 0.848197
0.700155 0.862009
0.702348 0.874856
0.705060 0.886942
0.708172 0.898255
0.711829 0.909567
0.346654 0.373075
0.354210 0.379139
0.362288 0.384600
0.370372 0.389173
0.379243 0.393313
0.390154 0.397507
0.402996 0.401468
0.417370 0.405065
0.431039 0.407781
0.446504 0.410456
0.277400 0.377812
0.278058 0.381187
0.278638 0.384320
0.279243 0.387582
0.279884 0.391035
0.280453 0.394265
0.281044 0.397630
0.281632 0.401062
0.282177 0.404376
0.282735 0.407812
0.646833 0.688622
0.648980 0.697129
0.650986 0.705402
0.652849 0.713316
0.654605 0.720945
0.656254 0.728328
0.657816 0.735500
0.659305 0.742458
0.660798 0.749826
0.662269 0.757253
0.283142 0.438304
0.284562 0.453658
0.286156 0.471681
0.287626 0.488518
0.289517 0.508955
0.291477 0.526936
0.293988 0.549994
0.296769 0.571411
0.300209 0.598919
0.304537 0.627488
0.240742 0.313905
0.240742 0.313905
0.240742 0.313905
0.240742 0.313905
0.240742 0.313905
0.240742 0.313905
0.240742 0.313905
0.240742 0.313905
0.240742 0.313905
0.240742 0.313905
0.709732 0.988464
0.711363 0.990623
0.713068 0.992915
0.714785 0.995233
0.716118 0.996960
0.717229 0.998340
0.718228 0.999558
0.719742 1.001588
0.721321 1.003739
0.722883 1.005870
0.647949 0.684750
0.653313 0.706804
0.657872 0.727572
0.661909 0.747573
0.665499 0.766638
0.668785 0.785066
0.671726 0.802016
0.674591 0.818265
0.677389 0.833340
0.680282 0.847608
0.512714 0.650773
0.517152 0.658054
0.521577 0.665321
0.525980 0.672523
0.530445 0.679741
0.534902 0.686859
0.539379 0.693893
0.543871 0.700820
0.548359 0.707606
0.552910 0.714344
0.850767 0.986944
0.851820 0.982927
0.852181 0.985617
0.852346 0.990281
0.853363 0.985959
0.853733 0.988256
0.853829 0.993352
0.854809 0.988671
0.855514 0.986438
0.855518 0.992624
0.572060 0.649654
0.580047 0.665594
0.587612 0.681281
0.594892 0.696694
0.601807 0.711364
0.608496 0.725579
0.614861 0.739119
0.620905 0.752062
0.626715 0.764714
0.632256 0.777086
0.588780 0.645524
0.595067 0.659246
0.600910 0.672644
0.606457 0.685882
0.611699 0.698690
0.616750 0.711224
0.621641 0.723600
0.626164 0.735006
0.630460 0.746030
0.634712 0.757184
0.557846 0.680562
0.560918 0.685984
0.564030 0.691452
0.567112 0.696840
0.570224 0.702256
0.573249 0.707456
0.576239 0.712565
0.579283 0.717730
0.582263 0.722750
0.585220 0.727682
0.383336 0.523193
0.387667 0.528127
0.392241 0.533445
0.396968 0.539040
0.401715 0.544737
0.406420 0.550481
0.411265 0.556616
0.416233 0.563124
0.421223 0.569891
0.426088 0.576695
0.373416 0.390257
0.382753 0.394356
0.390364 0.397130
0.401308 0.400544
0.413074 0.403575
0.423425 0.405723
0.439539 0.408911
0.453329 0.411205
0.468528 0.413751
0.488792 0.417718
0.531848 0.698432
0.539247 0.709212
0.546706 0.719664
0.554202 0.729788
0.561676 0.739561
0.569064 0.748977
0.576299 0.758044
0.583379 0.766845
0.590179 0.775314
0.596724 0.783551
0.598109 0.647528
0.603416 0.659780
0.608455 0.672073
0.613243 0.684286
0.617644 0.695783
0.621963 0.707328
0.626064 0.718507
0.629934 0.729178
0.633759 0.739942
0.637159 0.749530
0.294262 0.405549
0.295959 0.412296
0.297636 0.418977
0.299413 0.425924
0.301239 0.432955
0.303069 0.439885
0.304950 0.446825
0.306950 0.453923
0.309033 0.461036
0.311288 0.468413
0.314457 0.301482
0.318474 0.309671
0.323061 0.317885
0.327692 0.325248
0.332291 0.331756
0.337437 0.338016
0.343417 0.344162
0.350291 0.349995
0.358260 0.355493
0.367792 0.360669
0.507362 0.617364
0.510445 0.622136
0.513611 0.627105
0.516675 0.632016
0.519727 0.636965
0.522783 0.641975
0.525834 0.647027
0.528796 0.651984
0.531815 0.657057
0.534784 0.662084
0.296346 0.293137
0.298009 0.297990
0.299323 0.301986
0.301232 0.307071
0.302574 0.310848
0.304523 0.315701
0.305809 0.319128
0.307842 0.323810
0.309200 0.327147
0.311418 0.331817
0.521709 0.603032
0.530757 0.616525
0.539379 0.630387
0.547655 0.644499
0.555579 0.658663
0.563285 0.672794
0.570764 0.686652
0.578134 0.700279
0.585301 0.713374
0.592296 0.725984
0.248093 0.303461
0.248093 0.303461
0.248093 0.303461
0.248093 0.303461
0.248093 0.303461
0.248093 0.303461
0.248093 0.303461
0.248093 0.303461
0.248093 0.303461
0.248306 0.308259
0.803526 1.011525
0.804617 1.016605
0.805269 1.019198
0.805594 1.020137
0.805820 1.020686
0.806080 1.021411
0.806653 1.023860
0.807135 1.025864
0.807508 1.027453
0.807867 1.029027
0.776517 0.981434
0.776856 0.981786
0.777270 0.982368
0.777520 0.982407
0.777549 0.981924
0.778384 0.984176
0.780081 0.989325
0.781625 0.994159
0.783179 0.998959
0.783396 0.999002
0.280803 0.400065
0.281848 0.406297
0.282720 0.412027
0.283455 0.417295
0.284250 0.423029
0.285114 0.429361
0.285913 0.435548
0.286604 0.441321
0.287351 0.447529
0.288170 0.454366
0.747053 0.983755
0.750046 0.989372
0.753323 0.995808
0.755845 1.000453
0.758195 1.004936
0.759912 1.008089
0.762036 1.012036
0.764172 1.016187
0.766616 1.021388
0.768996 1.026585
0.711546 0.967700
0.715047 0.973006
0.718542 0.978244
0.721930 0.983289
0.725239 0.988201
0.728442 0.992963
0.731604 0.997676
0.734716 1.002347
0.737756 1.006972
0.740667 1.011450
0.313211 0.293718
0.316456 0.300905
0.320088 0.308136
0.324269 0.315436
0.328507 0.322088
0.333268 0.328574
0.338479 0.334686
0.344337 0.340514
0.350462 0.345676
0.357664 0.350647
0.729714 0.865058
0.730475 0.874875
0.731482 0.883034
0.732423 0.888851
0.733448 0.894286
0.734530 0.898956
0.736350 0.906290
0.738488 0.913973
0.741011 0.922127
0.743035 0.928003
0.239301 0.315853
0.239301 0.315853
0.239301 0.315853
0.239301 0.315853
0.239301 0.315853
0.239301 0.315853
0.239301 0.315853
0.239301 0.315853
0.239301 0.315853
0.239301 0.315853
0.527312 0.678617
0.532295 0.686542
0.537357 0.694430
0.542421 0.702153
0.547487 0.709698
0.552618 0.717158
0.557696 0.724378
0.562788 0.731461
0.567876 0.738407
0.572896 0.745158
0.315464 0.543057
0.317785 0.552689
0.320164 0.562540
0.322553 0.572265
0.325060 0.582854
0.327726 0.594277
0.330503 0.606246
0.333466 0.618757
0.336700 0.632097
0.340390 0.646327
0.659777 0.926167
0.663178 0.930663
0.666083 0.934526
0.668433 0.937618
0.671027 0.941058
0.673999 0.945062
0.676488 0.948340
0.678597 0.951100
0.681390 0.954817
0.684335 0.958772
0.519809 0.625333
0.522094 0.628989
0.524361 0.632643
0.526600 0.636313
0.528817 0.639973
0.531071 0.643724
0.533243 0.647380
0.535417 0.651076
0.537612 0.654817
0.539771 0.658527
0.571786 0.687469
0.573894 0.691394
0.575961 0.695222
0.578070 0.699138
0.580088 0.702846
0.582114 0.706569
0.584144 0.710289
0.586143 0.713938
0.588132 0.717548
0.590101 0.721121
0.716406 0.683873
0.716780 0.695395
0.717029 0.703953
0.716963 0.715859
0.716753 0.726572
0.716595 0.734494
0.715951 0.746669
0.715464 0.755892
0.714982 0.764513
0.714241 0.775367
0.348548 0.410018
0.353783 0.414677
0.359148 0.419025
0.364736 0.423138
0.370370 0.426889
0.376372 0.430535
0.383456 0.434455
0.391595 0.438572
0.400399 0.442626
0.408439 0.445933
0.431873 0.590571
0.434375 0.594512
0.436710 0.598216
0.439252 0.602368
0.441663 0.606329
0.444090 0.610367
0.446631 0.614648
0.449018 0.618715
0.451492 0.622955
0.453974 0.627235
0.288329 0.563287
0.288651 0.564456
0.289007 0.568380
0.289383 0.574328
0.289738 0.576894
0.290134 0.579149
0.290552 0.585295
0.290972 0.589400
0.291394 0.591546
0.291864 0.597008
0.588689 0.641859
0.591817 0.648504
0.594884 0.655246
0.597795 0.661837
0.600657 0.668457
0.603448 0.675060
0.606215 0.681782
0.608838 0.688215
0.611370 0.694449
0.613831 0.700555
0.242252 0.311830
0.242252 0.311830
0.242252 0.311830
0.242252 0.311830
0.242252 0.311830
0.242252 0.311830
0.242252 0.311830
0.242252 0.311830
0.242252 0.311830
0.242252 0.311830
0.305206 0.322664
0.306872 0.326861
0.309180 0.332032
0.311315 0.336670
0.313303 0.340884
0.315695 0.345550
0.318436 0.350477
0.320485 0.354192
0.323225 0.358638
0.326285 0.363235
0.275068 0.361210
0.277640 0.373371
0.279667 0.384017
0.281784 0.395383
0.283986 0.407761
0.285752 0.419042
0.287684 0.431761
0.289547 0.444799
0.291179 0.456854
0.293236 0.471492
0.264383 0.281820
0.265819 0.292318
0.267491 0.302853
0.269371 0.313378
0.271340 0.323607
0.273314 0.333415
0.275574 0.343731
0.277765 0.353632
0.280020 0.363602
0.282411 0.374002
0.239533 0.315541
0.239533 0.315541
0.239533 0.315541
0.239533 0.315541
0.239533 0.315541
0.239533 0.315541
0.239533 0.315541
0.239533 0.315541
0.239533 0.315541
0.239533 0.315541
0.316874 0.501482
0.319442 0.509380
0.322231 0.517785
0.324955 0.525703
0.327790 0.533805
0.330750 0.542200
0.333868 0.551193
0.337066 0.560454
0.340441 0.570769
0.343965 0.581895
0.479434 0.624092
0.482494 0.629030
0.485567 0.634027
0.488655 0.639081
0.491759 0.644170
0.494876 0.649280
0.497977 0.654359
0.501141 0.659502
0.504307 0.664621
0.507489 0.669725
0.231635 0.325773
0.231635 0.325773
0.231635 0.325773
0.231635 0.325773
0.231635 0.325773
0.231635 0.325773
0.231635 0.325773
0.231635 0.325773
0.231635 0.325773
0.231635 0.325773
0.324832 0.560271
0.326060 0.564972
0.327175 0.568840
0.328322 0.572959
0.329540 0.577485
0.330843 0.582564
0.332241 0.588302
0.333674 0.594130
0.335131 0.600209
0.336420 0.605118
0.587404 0.787085
0.605846 0.808334
0.621488 0.828288
0.634769 0.847388
0.646206 0.865763
0.656182 0.882979
0.665492 0.899568
0.674120 0.914802
0.682591 0.929280
0.690737 0.942586
0.351723 0.582621
0.354019 0.589236
0.356246 0.595697
0.358459 0.602258
0.360752 0.609045
0.363162 0.616213
0.365642 0.623669
0.368339 0.631701
0.371138 0.639851
0.374132 0.648286
0.640213 0.669718
0.641958 0.675738
0.643597 0.681529
0.645190 0.687451
0.646793 0.693538
0.648322 0.699684
0.649752 0.705402
0.651057 0.710682
0.652366 0.716192
0.653706 0.722034
0.242068 0.312085
0.242068 0.312085
0.242068 0.312085
0.242068 0.312085
0.242068 0.312085
0.242068 0.312085
0.242068 0.312085
0.242068 0.312085
0.242127 0.316390
0.242681 0.326312
0.489349 0.687103
0.500022 0.702433
0.511204 0.717199
0.522822 0.731277
0.534698 0.744618
0.546617 0.757224
0.558367 0.769138
0.569826 0.780535
0.580623 0.791304
0.590638 0.801515
0.780002 0.993381
0.783440 1.003693
0.782439 0.999495
0.784299 1.004825
0.786943 1.013781
0.786761 1.011888
0.787770 1.015104
0.789938 1.022590
0.789627 1.020279
0.791031 1.025145
0.463014 0.536428
0.466503 0.539299
0.470304 0.542568
0.474057 0.545877
0.477569 0.549031
0.481416 0.552632
0.485047 0.556142
0.488519 0.559566
0.492239 0.563414
0.495793 0.567179
0.508073 0.669891
0.509716 0.672509
0.511365 0.675119
0.513020 0.677722
0.514656 0.680288
0.516323 0.682874
0.518021 0.685481
0.519703 0.688049
0.521369 0.690581
0.523060 0.693117
0.294591 0.583232
0.295725 0.591978
0.296981 0.601018
0.298514 0.613961
0.300184 0.626049
0.301929 0.635989
0.304249 0.649444
0.306977 0.663027
0.310000 0.675517
0.313970 0.690103
0.438235 0.603843
0.443180 0.612123
0.448235 0.620797
0.453317 0.629609
0.458408 0.638492
0.463581 0.647458
0.468957 0.656638
0.474408 0.665714
0.480045 0.674788
0.485886 0.683844
0.481197 0.676317
0.484074 0.680804
0.486994 0.685250
0.489950 0.689662
0.492921 0.694006
0.495984 0.698369
0.499080 0.702680
0.502174 0.706888
0.505388 0.711141
0.508585 0.715272
0.765765 0.985596
0.766891 0.988134
0.767772 0.990047
0.768642 0.991975
0.769919 0.995070
0.770905 0.997441
0.771608 0.999139
0.773099 1.002605
0.774176 1.005208
0.775269 1.007896
0.338787 0.378328
0.349432 0.388584
0.360576 0.397106
0.375532 0.405850
0.392024 0.413052
0.412026 0.419648
0.438365 0.426556
0.464406 0.432333
0.498145 0.440896
0.532646 0.452141
0.321785 0.581193
0.323525 0.589389
0.325435 0.598676
0.327077 0.605586
0.328851 0.613378
0.330982 0.623202
0.333122 0.632277
0.335223 0.640529
0.337810 0.650669
0.340769 0.661326
0.381052 0.562919
0.383909 0.567951
0.386804 0.573171
0.389688 0.578450
0.392618 0.583970
0.395553 0.589601
0.398556 0.595521
0.401581 0.601597
0.404661 0.607900
0.407776 0.614359
0.276471 0.387801
0.278099 0.398418
0.279999 0.411191
0.281338 0.422360
0.282754 0.435059
0.284042 0.448161
0.285103 0.460362
0.286426 0.475544
0.287588 0.488886
0.289034 0.504688
0.689757 0.897481
0.693317 0.906499
0.697108 0.915429
0.700502 0.922853
0.704779 0.931791
0.708322 0.938654
0.712367 0.946304
0.716381 0.953562
0.719874 0.959538
0.724005 0.966715
0.519752 0.670316
0.526758 0.681542
0.533830 0.692592
0.540972 0.703405
0.548168 0.713930
0.555365 0.724104
0.562569 0.733974
0.569709 0.743507
0.576762 0.752753
0.583613 0.761637
0.438118 0.641114
0.440653 0.645843
0.443150 0.650459
0.445808 0.655314
0.448459 0.660066
0.451097 0.664701
0.453911 0.669554
0.456718 0.674273
0.459564 0.678929
0.462568 0.683712
0.383453 0.404370
0.390141 0.407041
0.395790 0.409052
0.403545 0.411565
0.410402 0.413538
0.418695 0.415731
0.426807 0.417686
0.435368 0.419569
0.445448 0.421779
0.454103 0.423484
0.360039 0.338710
0.362790 0.340132
0.365972 0.341647
0.367501 0.342381
0.368519 0.342831
0.371003 0.343846
0.374760 0.345239
0.376808 0.345933
0.378004 0.346312
0.380805 0.347142
0.392392 0.598453
0.395612 0.605318
0.398965 0.612631
0.402399 0.620191
0.405951 0.628023
0.409585 0.635970
0.413298 0.643933
0.417146 0.651985
0.421120 0.660058
0.425267 0.668144
0.272980 0.292858
0.273954 0.297920
0.275011 0.303071
0.276088 0.308131
0.277238 0.313267
0.278332 0.318105
0.279548 0.323164
0.280750 0.328076
0.281981 0.332966
0.283301 0.337995
0.427491 0.432737
0.441204 0.436347
0.458729 0.440997
0.476572 0.445793
0.495035 0.451127
0.516116 0.458398
0.534232 0.465508
0.556628 0.476632
0.575421 0.488035
0.594600 0.502527
0.625403 0.649185
0.628827 0.658924
0.632019 0.668604
0.634988 0.678031
0.637802 0.687385
0.640434 0.696484
0.642915 0.705395
0.645264 0.714034
0.647582 0.722823
0.649757 0.731405
0.847769 0.969566
0.848248 0.970182
0.848277 0.975238
0.849114 0.971951
0.849331 0.974438
0.849649 0.976325
0.850749 0.968798
0.850655 0.974698
0.851169 0.973517
0.852013 0.967604
0.472853 0.635503
0.479804 0.647115
0.486894 0.658840
0.494192 0.670594
0.501668 0.682244
0.509347 0.693710
0.517244 0.704926
0.525345 0.715839
0.533548 0.726319
0.541920 0.736522
0.664404 0.750314
0.666390 0.761239
0.668311 0.772488
0.670220 0.784188
0.671990 0.795111
0.673566 0.804571
0.675117 0.813857
0.676673 0.822951
0.678413 0.832792
0.680166 0.841974
0.505256 0.671235
0.508835 0.676879
0.512421 0.682456
0.516091 0.688050
0.519753 0.693535
0.523499 0.699022
0.527252 0.704402
0.531037 0.709711
0.534851 0.714941
0.538689 0.720090
0.723224 0.907169
0.725365 0.913782
0.727393 0.919455
0.730526 0.927923
0.734266 0.937449
0.736896 0.943211
0.739333 0.948322
0.742303 0.954665
0.745968 0.962638
0.748814 0.968389
0.693723 0.779058
0.694137 0.796530
0.694682 0.811112
0.695317 0.823942
0.696356 0.838560
0.697776 0.852289
0.699224 0.862752
0.701424 0.875101
0.704279 0.887499
0.706609 0.895942
0.298328 0.558008
0.299250 0.564541
0.300339 0.573892
0.301315 0.579495
0.302376 0.586700
0.303618 0.596609
0.304800 0.603642
0.306101 0.612027
0.307760 0.623476
0.309173 0.630822
0.735806 0.962010
0.738530 0.967210
0.741408 0.972667
0.744300 0.978122
0.747086 0.983330
0.749545 0.987852
0.752006 0.992521
0.754261 0.996617
0.756166 1.000003
0.758035 1.003475
0.681759 0.660252
0.683352 0.669705
0.684762 0.679199
0.685956 0.687969
0.686950 0.696306
0.687846 0.704894
0.688643 0.713515
0.689305 0.722724
0.689866 0.731566
0.690347 0.738964
0.640994 0.911470
0.647240 0.918457
0.652291 0.924366
0.658954 0.932472
0.663593 0.938268
0.668640 0.944573
0.674090 0.951501
0.677952 0.956309
0.683046 0.962761
0.687609 0.968492
0.448695 0.525507
0.456062 0.531228
0.463489 0.537244
0.470583 0.543247
0.477852 0.549779
0.485182 0.556791
0.492190 0.563909
0.499014 0.571307
0.505899 0.579300
0.512556 0.587561
0.747056 0.984285
0.748807 0.987270
0.751760 0.993021
0.754530 0.998484
0.756383 1.001784
0.757860 1.004393
0.759274 1.007049
0.762355 1.013413
0.764521 1.017828
0.765904 1.020514
0.601589 0.821063
0.618106 0.839401
0.632012 0.857107
0.644157 0.874504
0.654314 0.890381
0.664039 0.906170
0.672946 0.920750
0.681275 0.934088
0.689819 0.947313
0.697582 0.958831
0.480651 0.695687
0.485670 0.702755
0.490914 0.709798
0.496245 0.716637
0.501738 0.723369
0.507344 0.729934
0.513014 0.736292
0.518754 0.742471
0.524590 0.748530
0.530417 0.754389
0.686362 0.800535
0.688557 0.825758
0.690999 0.846476
0.694923 0.869271
0.698882 0.885835
0.704552 0.904228
0.710153 0.919016
0.717299 0.935414
0.723694 0.948279
0.730718 0.961695
0.754227 0.978411
0.756715 0.983528
0.758705 0.987564
0.760588 0.991115
0.762044 0.993759
0.764508 0.999229
0.766887 1.004713
0.769604 1.010843
0.770767 1.013006
0.772236 1.016209
0.306861 0.294005
0.308403 0.297914
0.310263 0.302282
0.311978 0.306207
0.313536 0.309736
0.315477 0.313740
0.317087 0.317079
0.319472 0.321402
0.320981 0.324299
0.323744 0.328750
0.231952 0.325377
0.231952 0.325377
0.231952 0.325377
0.231952 0.325377
0.231952 0.325377
0.231952 0.325377
0.231952 0.325377
0.231952 0.325377
0.231952 0.325377
0.231952 0.325377
0.680584 0.710386
0.683057 0.735091
0.684813 0.756297
0.686276 0.778661
0.687599 0.799519
0.688884 0.815944
0.690484 0.833313
0.692731 0.851350
0.694932 0.864548
0.697947 0.878859
0.734843 0.990417
0.736585 0.993220
0.738136 0.995653
0.739612 0.997966
0.741279 1.000680
0.743120 1.003758
0.744794 1.006541
0.746273 1.008976
0.747681 1.011287
0.748880 1.013204
0.369716 0.545525
0.372428 0.550108
0.375169 0.554794
0.377991 0.559717
0.380735 0.564544
0.383475 0.569457
0.386233 0.574500
0.388971 0.579577
0.391767 0.584912
0.394575 0.590367
0.264183 0.276382
0.264183 0.276382
0.264183 0.276382
0.264183 0.276382
0.264183 0.276382
0.264183 0.276382
0.264183 0.276382
0.264183 0.276382
0.264183 0.276382
0.264183 0.276382
0.671884 0.674276
0.673749 0.685048
0.675308 0.694528
0.676718 0.704175
0.678015 0.714610
0.679068 0.723080
0.680042 0.731856
0.681026 0.742443
0.681811 0.750746
0.682512 0.758430
0.506767 0.589499
0.510928 0.594999
0.514986 0.600589
0.518976 0.606305
0.522949 0.612186
0.526893 0.618211
0.530701 0.624235
0.534444 0.630299
0.538156 0.636453
0.541744 0.642560
0.576729 0.680009
0.579438 0.685305
0.582093 0.690530
0.584825 0.695910
0.587467 0.701114
0.590034 0.706121
0.592583 0.711106
0.595156 0.716128
0.597678 0.721037
0.600172 0.725876
0.721357 0.965740
0.724073 0.970370
0.725984 0.973365
0.728591 0.977740
0.730426 0.980592
0.732929 0.984740
0.734873 0.987813
0.737188 0.991593
0.739220 0.994873
0.741355 0.998411
0.583633 0.805926
0.589248 0.811195
0.594728 0.816484
0.600090 0.821862
0.605250 0.827193
0.609817 0.832070
0.614265 0.837024
0.618814 0.842300
0.623065 0.847438
0.626905 0.852248
0.678674 0.929235
0.681338 0.933463
0.684509 0.938483
0.687161 0.942579
0.690198 0.947256
0.692823 0.951192
0.695775 0.955628
0.698391 0.959450
0.701189 0.963567
0.703873 0.967439
0.232919 0.324160
0.232919 0.324160
0.232919 0.324160
0.232919 0.324160
0.232919 0.324160
0.232919 0.324160
0.232919 0.324160
0.232919 0.324160
0.232919 0.324160
0.232919 0.324160
0.673803 0.678689
0.677740 0.704267
0.680628 0.729091
0.682709 0.751040
0.684467 0.774599
0.685927 0.794348
0.687434 0.813246
0.689229 0.831949
0.691024 0.846438
0.693842 0.863577
0.630457 0.700760
0.633030 0.708760
0.635468 0.716379
0.637771 0.723721
0.640020 0.730990
0.642146 0.737951
0.644225 0.744867
0.646311 0.751958
0.648372 0.759106
0.650339 0.766038
0.379026 0.623936
0.380764 0.628695
0.382098 0.632091
0.383801 0.636619
0.385359 0.640587
0.386998 0.644737
0.388756 0.649153
0.390368 0.653046
0.392293 0.657671
0.393940 0.661492
0.391796 0.570464
0.396513 0.578678
0.401021 0.586682
0.405945 0.595901
0.410544 0.604647
0.415506 0.614402
0.420433 0.624176
0.425509 0.634273
0.430781 0.644613
0.436159 0.654888
0.551182 0.697937
0.553721 0.701975
0.556232 0.705932
0.558814 0.709968
0.561325 0.713841
0.563843 0.717692
0.566379 0.721532
0.568890 0.725302
0.571380 0.729010
0.573875 0.732698
0.305206 0.451191
0.308084 0.461449
0.311224 0.472009
0.314551 0.482489
0.318153 0.493143
0.321979 0.503707
0.326396 0.515520
0.331210 0.528134
0.336334 0.541490
0.341652 0.555487
0.698161 0.970859
0.701664 0.975575
0.705068 0.980125
0.708167 0.984189
0.711141 0.988065
0.714132 0.991964
0.717415 0.996385
0.720730 1.000862
0.723803 1.005028
0.726516 1.008650
0.311012 0.403407
0.317126 0.417135
0.324063 0.430903
0.332111 0.444736
0.341578 0.458655
0.352811 0.472773
0.366103 0.487289
0.381662 0.502613
0.399452 0.519363
0.419087 0.538355
0.255149 0.304685
0.255633 0.309022
0.256100 0.313169
0.256642 0.317488
0.257080 0.321313
0.257696 0.325689
0.258433 0.330429
0.258871 0.333986
0.259746 0.339071
0.260217 0.342649
0.730354 0.875069
0.731858 0.886263
0.734058 0.897719
0.736706 0.908223
0.739798 0.918498
0.743304 0.928744
0.747002 0.938371
0.750465 0.946671
0.754169 0.955343
0.757550 0.962871
0.760186 0.975278
0.763095 0.981308
0.766493 0.988866
0.768781 0.993549
0.770125 0.996138
0.774014 1.005346
0.777586 1.014457
0.780690 1.022704
0.783278 1.029754
0.785409 1.035749
0.459542 0.632409
0.462099 0.636803
0.464676 0.641225
0.467215 0.645577
0.469843 0.650054
0.472496 0.654531
0.475110 0.658902
0.477834 0.663400
0.480550 0.667821
0.483339 0.672284
0.242797 0.311073
0.242797 0.311073
0.242797 0.311073
0.242797 0.311073
0.242797 0.311073
0.242797 0.311073
0.242797 0.311073
0.242797 0.311073
0.242797 0.311073
0.242797 0.311073
0.237260 0.318565
0.237260 0.318565
0.237260 0.318565
0.237260 0.318565
0.237260 0.318565
0.237260 0.318565
0.237260 0.318565
0.237260 0.318565
0.237260 0.318565
0.237260 0.318565
0.365083 0.587751
0.367698 0.594455
0.370349 0.601387
0.372995 0.608353
0.375640 0.615345
0.378395 0.622663
0.381257 0.630247
0.384267 0.638092
0.387404 0.646028
0.390769 0.654347
0.542592 0.634468
0.545837 0.640030
0.549133 0.645766
0.552323 0.651444
0.555455 0.657094
0.558582 0.662802
0.561628 0.668414
0.564676 0.674059
0.567663 0.679615
0.570644 0.685164
0.505217 0.648635
0.509915 0.656306
0.514584 0.663928
0.519318 0.671590
0.524055 0.679172
0.528800 0.686648
0.533628 0.694095
0.538441 0.701366
0.543333 0.708574
0.548223 0.715614
0.761425 0.986568
0.762783 0.989541
0.763946 0.992049
0.764930 0.994070
0.765985 0.996352
0.767475 0.999964
0.768724 1.002923
0.769830 1.005452
0.770910 1.007783
0.771685 1.009414
0.802621 1.009816
0.803642 1.014432
0.804489 1.018453
0.804610 1.017996
0.804896 1.018839
0.805168 1.019635
0.805258 1.019575
0.805473 1.020167
0.806059 1.022571
0.806632 1.025266
0.251230 0.298705
0.251230 0.298705
0.251230 0.298705
0.251230 0.298705
0.251230 0.298705
0.251230 0.298705
0.251230 0.298705
0.251230 0.298705
0.251230 0.298705
0.251230 0.298705
0.390141 0.456554
0.402611 0.463298
0.416239 0.470096
0.429990 0.476483
0.446351 0.484165
0.463431 0.492396
0.479922 0.500782
0.498519 0.511516
0.516745 0.523668
0.533666 0.536872
0.677216 0.855447
0.679719 0.864633
0.682211 0.873200
0.684709 0.881259
0.687549 0.889679
0.690558 0.897935
0.693587 0.905680
0.696691 0.913133
0.699963 0.920520
0.703162 0.927337
