0.926681
-1.266413
0.446073
-0.049155
0.115502
-0.010849
-0.060771
0.103991
-0.496706
-1.266964
-0.170528
-0.086665
-1.237427
-1.149577
-0.041010
-0.244080
0.235981
-0.122988
-0.403148
-0.413762
1.408697
0.568320
-0.030084
1.265430
0.191173
0.139755
0.106130
0.264897
0.239320
1.558799
0.254835
1.562559
0.429496
-0.137030
-0.655907
0.213271
0.112606
-0.095365
-1.220877
0.012361
-1.062356
-1.439540
-5.055546
1.039413
-0.024853
-0.357621
-1.046536
-1.337553
0.037553
-0.881450
1.742707
0.066366
0.084897
0.162371
-0.196062
-0.001617
-4.967703
-0.253873
-0.028922
1.939873
-1.414038
-0.299894
1.320793
1.699068
1.838174
-0.000313
0.210934
-0.055743
-0.326343
-5.447817
0.051451
0.380972
0.232338
-0.746599
-0.497061
-0.636675
0.487739
-0.295010
0.549739
1.351137
0.241091
-0.302834
-0.013767
-5.334474
-0.130101
-0.172028
-0.066091
0.061071
-0.640520
0.006285
-0.192236
0.271701
-0.908828
-0.041948
-0.552422
-0.086072
1.045550
-1.677808
-1.188497
0.500509
-0.494503
-0.027877
-0.958518
-0.926837
1.410579
-0.009220
0.396423
0.277384
-0.055348
-0.087338
-0.667991
-0.332442
0.068716
0.603553
-0.175899
1.288691
-0.506563
0.464252
0.357664
1.401017
0.311287
0.016923
1.726457
0.369081
0.041336
0.281370
-0.290150
1.296331
0.070308
-1.144377
-0.091194
0.016052
0.573290
0.072686
0.072357
-0.875316
-0.514161
0.411469
0.153441
0.550499
-0.246813
-0.004776
0.115980
-0.556485
-1.112516
0.173362
0.124450
-0.454854
-0.264341
-4.980178
0.042028
-0.312807
0.022696
-0.693909
-0.483988
0.526493
-0.502802
-0.470268
0.335864
-0.090229
-0.489253
0.095296
0.097033
-0.415566
-0.702506
-0.806948
1.713407
-0.426877
-0.179136
0.157053
0.341844
-0.410728
-0.076827
-0.106737
-0.209786
0.103100
0.089665
1.673524
-0.415905
-0.226261
0.240560
0.135218
-0.031860
0.282335
0.212522
0.004470
0.781899
-0.924232
-0.864038
0.063739
1.266144
1.494723
0.240900
-0.087543
-0.002532
-0.771376
-1.661862
0.913219
-0.221833
-0.254851
