0.079647
0.238029
0.917615
-1.020339
1.089617
1.014423
-1.160339
0.356650
-0.570446
0.985653
-0.599891
-0.757012
0.013279
-0.232345
-0.462555
0.624945
-0.523285
-1.264336
0.146349
0.497986
0.985647
0.138968
1.078201
0.427843
-0.280182
0.152202
0.463449
-0.434121
-0.146523
0.863231
0.497680
0.590922
-0.009231
-0.461998
0.394861
-0.703506
-0.692290
0.307089
0.530535
-0.410061
-0.072343
-0.129003
-1.160209
0.296974
-1.379853
0.099296
0.598353
-0.225894
-0.940427
-0.696496
0.534814
-0.463426
-0.632929
-0.452281
-0.480206
-0.712745
-0.746714
-0.858115
0.565741
0.741446
-0.400274
0.163827
0.608598
0.602203
0.667926
-0.592986
0.019115
0.560301
0.484618
-0.544720
-0.941070
-0.410703
-0.445736
0.906631
0.698064
0.622768
-0.374841
-0.300707
1.099249
0.464829
-0.580892
0.687754
-0.401936
-0.802743
0.349021
0.174293
-0.668905
-0.202414
0.456125
0.055828
0.072300
0.315510
0.742968
-0.775922
-0.019084
0.247928
0.375062
-0.337306
-0.534619
0.150163
0.342141
0.335047
0.676638
0.199840
0.720990
-0.290915
0.249977
-0.161537
-1.083652
-1.012542
-0.100632
0.191863
-0.893836
-0.757222
-0.538390
0.636532
0.120044
0.884878
0.786945
0.361035
0.241174
-0.748927
0.180191
-0.555152
1.085857
-0.313204
-0.634141
0.770739
0.378507
-0.113307
-0.825512
-1.415171
0.121494
-0.174436
-0.881318
-0.435950
1.074718
-0.154985
-0.456588
0.876031
0.472362
0.045026
-0.835287
0.018145
-0.676871
-0.317418
0.071904
0.537024
-0.191205
-0.840236
0.082077
0.181912
-0.644049
0.402180
0.584777
-0.115974
0.240650
-0.257753
0.457713
-0.147537
0.167601
1.074362
-0.390129
1.099800
0.207030
-0.025379
0.666182
0.799110
-0.246264
-0.485073
-0.086287
-0.131068
-0.576412
-0.709157
-0.018034
-0.195086
0.019282
0.857976
0.814008
-0.310446
-0.981236
-0.050788
-0.938586
0.642982
0.206100
1.099652
-0.117279
0.697071
0.654573
-0.889237
0.803734
0.468152
-0.323068
-0.668742
-0.347954
-0.442863
-0.472828
0.742457
0.575769
0.312847
