0.240499
0.688933
0.282787
0.245268
0.348605
0.294963
0.560646
0.310951
0.207307
0.281674
0.378613
0.376367
0.319214
0.248245
0.749183
0.475843
0.244980
0.336162
0.367053
0.347362
0.300787
0.805607
0.281288
0.625659
0.406838
0.352639
0.339624
0.266148
0.382375
0.412982
0.534859
0.675890
0.633979
0.361951
0.264511
0.273130
0.192148
0.422814
0.285456
0.408109
0.267648
0.567456
0.325714
0.159133
0.428637
0.529721
0.385573
0.335897
0.612666
0.277220
0.273208
0.293373
0.264776
0.567687
0.786002
0.408468
0.390993
0.290257
0.415829
0.459622
0.512175
0.235886
0.269382
0.349047
0.430717
0.248896
0.247206
0.399086
0.490426
0.242106
0.311134
0.481955
0.282459
0.260782
0.306128
0.334107
0.391038
0.363731
0.285423
0.436720
0.252058
0.198853
0.320209
0.307103
0.261135
0.268872
1.991842
0.453091
0.445262
0.514069
0.298447
0.241654
0.278432
0.326781
0.248096
0.245283
0.339810
0.525049
0.311147
0.236292
0.239727
0.579122
0.265167
0.314228
0.704728
0.906279
0.303152
0.388183
0.212301
0.227642
0.380827
0.259559
0.255416
0.446642
0.262349
0.341464
0.225060
0.309365
0.827153
0.358594
0.479784
0.282981
0.251625
0.249135
0.432118
0.217847
0.253287
0.423765
0.324630
1.351557
0.230494
0.270971
0.633578
0.268646
0.486141
0.264224
0.255656
0.415718
0.354343
0.295698
0.568211
0.293845
0.217648
0.768040
0.264534
0.235187
0.305746
0.523906
0.248353
0.392936
0.233533
0.315785
0.237202
0.230962
0.338540
0.302595
0.270381
0.278160
0.404188
0.208105
0.422876
0.890223
0.211560
0.494952
0.346789
0.505393
0.296964
0.675602
0.224557
0.217774
0.423733
0.249419
0.304526
0.241494
0.680244
0.453393
0.328044
0.306568
0.336358
0.220499
0.333556
0.229535
0.627941
0.268545
0.454828
0.278679
0.294998
0.414993
0.447359
0.621647
0.457502
0.234065
0.369478
0.325763
0.426378
0.311137
0.225649
0.495931
0.310452
0.376974
0.446838
0.271094
0.210284
0.796157
0.281384
0.590617
0.493955
0.848766
0.311803
0.273308
0.472700
0.267518
0.198552
0.294857
1.464300
0.305021
0.261707
0.268124
0.353988
0.525404
0.411652
0.332756
0.306155
0.277204
0.282274
0.280321
0.195705
0.561990
0.437373
0.389150
0.238080
0.361373
0.433948
0.375839
0.343904
0.367444
0.288506
0.704341
0.355127
0.515726
0.281318
0.510816
0.279536
0.242803
0.248589
0.184955
0.198794
0.488218
0.394177
0.386459
0.316287
0.331893
0.304500
0.474286
0.644280
0.430624
0.569386
0.415443
0.248638
0.264718
0.355093
0.468054
0.411721
0.490561
0.262921
0.268784
0.261383
0.346594
0.413227
0.525823
0.273699
0.528776
0.493315
0.285882
0.248668
0.354266
0.290706
0.396690
0.175797
0.244952
0.303183
0.197364
0.312122
0.371436
0.267748
0.235077
0.297595
0.283527
0.348684
0.500547
0.224410
0.326520
0.492536
0.287623
0.234116
0.374983
0.526284
0.406666
0.302230
0.254014
