0.128117 -0.000183 0.151267
0.129429 -0.000234 0.147608
0.129022 0.004599 0.132088
0.139313 -0.005842 0.155385
0.152543 -0.003670 0.134365
0.134526 0.018778 0.067988
0.108249 0.034038 0.026197
0.098208 0.040650 0.058259
0.128856 -0.013418 0.162074
0.162287 -0.046095 0.185713
0.204950 0.000419 0.118414
0.154596 0.065217 0.052915
0.099091 0.036230 0.000000
0.096723 0.034933 0.017998
0.097945 0.037687 0.107750
0.092536 -0.007548 0.179643
0.074959 0.011618 0.263119
0.076100 0.023213 0.121913
0.180880 0.102142 0.209226
0.094266 0.067630 0.155263
0.090260 0.032995 0.053613
0.096134 0.033688 0.112111
0.093114 0.021649 0.156108
0.091695 0.060548 0.232211
0.094895 0.039235 0.188501
0.640573 -0.355154 0.279894
0.134024 -0.076961 0.181820
0.090955 0.032240 0.128721
0.095781 0.025298 0.134658
0.096712 0.032326 0.126775
0.095012 0.044955 0.093605
0.105658 0.067687 0.167703
0.238307 0.029667 0.357470
0.110967 0.010702 0.151838
0.091083 0.024088 0.141178
0.097247 0.009359 0.149061
0.097222 0.039743 0.073808
0.098379 0.041130 0.056918
0.098652 0.071435 0.141811
0.098374 0.069091 0.144954
0.104930 0.004154 0.139100
0.117021 -0.003625 0.150816
