71.904016
72.858938
63.068956
69.018546
69.975668
71.579092
78.916765
53.939072
91.839516
68.364052
51.149695
64.319258
65.961015
78.965634
88.087048
29.263069
55.363879
73.172120
38.835094
20.650453
48.872784
78.896999
55.069192
45.173372
89.752328
80.005511
61.446955
68.928594
90.331330
84.301455
96.567885
78.411521
85.286328
34.848344
65.561738
95.666895
50.172101
118.069583
30.126667
80.172580
101.315536
84.776437
58.778264
72.526183
77.371590
62.552056
78.315749
84.942027
154.639897
63.279620
28.261551
82.003862
49.595539
96.655678
85.742477
61.501144
50.554317
54.887286
69.083028
66.071679
52.601893
79.570118
74.505265
65.043608
56.829511
77.758175
53.477287
50.711576
89.201593
74.767084
70.626892
35.278805
64.728541
65.134204
48.851061
65.642145
65.391646
36.136892
56.719221
67.397279
85.548728
109.522752
88.767806
61.544472
64.807892
86.434951
113.528881
98.770192
79.601194
42.000727
69.028566
76.887429
76.439673
85.892202
50.572494
64.138068
43.457795
79.750116
64.254145
96.742419
38.101140
79.021484
77.575580
79.681995
79.140306
90.580914
83.138690
67.126504
74.831624
64.781225
84.971268
79.471840
77.799551
54.483219
79.388296
84.431893
88.060994
85.149724
76.927192
73.166055
79.211115
61.817242
77.316298
90.297971
50.081996
63.633629
80.149008
44.848758
67.438883
110.252413
67.699830
88.603851
82.793637
53.499240
47.351734
58.212275
68.001712
65.509806
51.432281
88.135347
67.398335
84.546401
78.214818
58.980300
56.782386
69.780073
83.867948
95.674066
59.964680
67.205382
74.640321
86.340917
82.287529
84.553143
52.477245
71.445324
63.581949
51.695518
79.232933
56.845762
75.450104
89.932408
60.719285
93.159761
45.322739
76.315874
70.536148
123.164932
83.242962
99.084287
78.191836
72.564862
61.901399
79.584395
51.221760
63.756167
66.440256
79.282799
68.408135
64.423747
104.991907
70.600242
103.912999
72.495536
86.316957
77.207152
73.771994
51.875052
97.361996
92.894841
55.383426
89.978913
122.882495
87.400709
93.343544
48.913638
80.731359
72.245473
79.649843
76.556635
40.396778
60.450996
74.092664
94.548249
64.151257
68.809593
43.810292
93.621372
83.150071
115.793888
62.260799
76.909419
69.539369
75.050023
127.154474
68.982829
60.691471
47.896407
91.668702
65.547941
60.863890
78.222573
33.801426
91.981388
71.152423
64.736279
73.071836
21.015666
88.807503
63.949084
75.323422
86.504533
54.385827
41.523900
92.093316
82.057472
65.063540
103.186908
72.900031
81.388008
78.322784
59.624097
52.350717
80.116576
77.737207
61.117428
106.431690
72.645465
57.319183
64.477111
85.059387
61.376287
62.294064
54.094571
128.990657
67.267808
96.636068
42.400741
79.007322
54.051089
87.532627
102.961766
74.977681
87.124699
75.695622
45.012306
67.742502
64.901518
75.728532
62.467825
21.909666
94.265941
35.702185
62.344070
75.069408
71.621346
69.535298
77.296285
70.584898
73.727209
110.063872
127.810403
84.074375
56.701065
66.199350
68.147769
67.304420
72.513099
85.754944
86.740139
80.149304
105.093649
74.733230
62.098944
77.719513
63.804560
71.183873
76.617308
59.620245
65.527386
