0.393733 0.306093
0.395265 0.309411
0.396799 0.312692
0.398343 0.315946
0.399952 0.319256
0.401511 0.322448
0.403169 0.325734
0.404796 0.328944
0.406410 0.332078
0.408021 0.335171
0.409601 0.338170
0.411193 0.341130
0.412901 0.344203
0.414557 0.347157
0.416154 0.349965
0.417820 0.352825
0.419526 0.355684
0.421242 0.358489
0.422935 0.361215
0.424752 0.364061
0.426634 0.366912
0.428482 0.369658
0.430358 0.372373
0.432326 0.375166
0.434250 0.377819
0.436150 0.380403
0.438093 0.382973
0.440161 0.385628
0.442174 0.388160
0.444090 0.390533
0.445913 0.392777
0.447957 0.395199
0.449809 0.397375
0.451765 0.399620
0.453744 0.401849
0.455870 0.404176
0.457911 0.406375
0.460244 0.408816
0.462467 0.411104
0.464777 0.413448
0.467156 0.415798
0.469482 0.418072
0.471982 0.420461
0.474563 0.422874
0.477194 0.425294
0.479802 0.427659
0.482377 0.429994
0.484995 0.432325
0.487743 0.434747
0.490618 0.437226
0.493471 0.439677
0.496116 0.441974
0.498940 0.444384
0.501698 0.446746
0.504598 0.449184
0.507669 0.451749
0.510680 0.454269
0.513876 0.456902
0.517386 0.459758
0.520837 0.462566
0.524289 0.465406
0.527685 0.468216
0.531232 0.471140
0.534780 0.474084
0.537988 0.476827
0.541752 0.479969
0.545477 0.483103
0.549095 0.486219
0.552794 0.489415
0.556517 0.492697
0.560234 0.496007
0.563946 0.499369
0.567458 0.502620
0.571174 0.506097
0.574825 0.509581
0.578301 0.512981
0.582013 0.516632
0.585567 0.520262
0.589156 0.523978
0.592654 0.527691
0.596201 0.531535
0.599570 0.535291
0.603024 0.539223
0.606338 0.543103
0.609924 0.547383
0.613098 0.551310
0.616605 0.555731
0.619901 0.560026
0.623134 0.564367
0.626341 0.568802
0.629470 0.573251
0.632461 0.577669
0.635389 0.582113
0.638499 0.586975
0.641230 0.591397
0.644089 0.596166
0.646972 0.601142
0.649753 0.606110
0.652383 0.610972
0.654988 0.615953
0.657446 0.620818
0.659875 0.625781
0.662339 0.631015
0.664623 0.636020
0.666840 0.641043
0.668968 0.646022
0.671059 0.651080
0.673135 0.656284
0.674997 0.661053
0.677033 0.666525
0.678769 0.671242
0.680555 0.676290
0.682203 0.681040
0.683849 0.685938
0.685379 0.690584
0.686917 0.695390
0.688450 0.700330
0.689933 0.705229
0.691371 0.710085
0.692727 0.714752
0.694014 0.719249
0.695327 0.723960
0.696562 0.728457
0.697802 0.733070
0.699000 0.737588
0.700207 0.742230
0.701328 0.746578
0.702514 0.751268
0.703601 0.755588
0.704758 0.760265
0.705769 0.764348
0.706858 0.768806
0.707844 0.772850
0.708902 0.777220
0.710025 0.781892
0.711046 0.786121
0.712067 0.790360
0.713134 0.794799
0.714109 0.798824
0.715067 0.802755
0.716081 0.806918
0.717081 0.811004
0.717899 0.814280
0.718805 0.817920
0.719654 0.821306
0.720548 0.824852
0.721358 0.828070
0.722315 0.831782
0.723319 0.835622
0.724190 0.838954
0.725044 0.842172
0.725927 0.845518
0.726771 0.848678
0.727757 0.852240
0.728594 0.855308
0.729601 0.858847
0.730610 0.862344
0.731606 0.865758
0.732641 0.869241
0.733659 0.872630
0.734553 0.875637
0.735585 0.878983
0.736615 0.882283
0.737646 0.885549
0.738607 0.888583
0.739552 0.891547
0.740482 0.894450
0.741496 0.897537
0.742321 0.900134
0.743336 0.903171
0.744347 0.906173
0.745363 0.909160
0.746372 0.912111
0.747378 0.915031
0.748391 0.917951
0.749227 0.920459
0.750412 0.923722
0.751406 0.926549
0.752421 0.929408
0.753442 0.932270
0.754631 0.935485
0.755633 0.938282
0.756833 0.941508
0.757969 0.944590
0.758808 0.947006
0.759788 0.949734
0.760758 0.952441
0.761724 0.955138
0.762783 0.958044
0.763718 0.960684
0.764818 0.963683
0.765898 0.966658
0.766857 0.969360
0.767797 0.972028
0.768887 0.975056
0.769852 0.977795
0.771110 0.981274
0.772021 0.983923
0.772910 0.986537
0.773806 0.989179
