0.356970 0.356468
0.358802 0.358995
0.360625 0.361498
0.362434 0.363954
0.364251 0.366414
0.366099 0.368899
0.367935 0.371346
0.369800 0.373828
0.371674 0.376298
0.373554 0.378768
0.375436 0.381221
0.377362 0.383715
0.379244 0.386136
0.381156 0.388573
0.383091 0.391036
0.385030 0.393482
0.386986 0.395929
0.388943 0.398369
0.390925 0.400814
0.392914 0.403262
0.394914 0.405702
0.396959 0.408176
0.399011 0.410654
0.401074 0.413115
0.403166 0.415606
0.405275 0.418089
0.407423 0.420618
0.409555 0.423100
0.411756 0.425652
0.413970 0.428201
0.416232 0.430785
0.418425 0.433282
0.420685 0.435836
0.423007 0.438451
0.425301 0.441016
0.427600 0.443564
0.429918 0.446139
0.432257 0.448718
0.434613 0.451307
0.437004 0.453926
0.439433 0.456574
0.441925 0.459307
0.444388 0.461990
0.446812 0.464625
0.449311 0.467344
0.451819 0.470063
0.454311 0.472786
0.456851 0.475558
0.459327 0.478262
0.461930 0.481119
0.464420 0.483860
0.466953 0.486661
0.469612 0.489609
0.472107 0.492411
0.474686 0.495306
0.477231 0.498209
0.479843 0.501200
0.482461 0.504215
0.485018 0.507215
0.487663 0.510325
0.490317 0.513505
0.492861 0.516587
0.495457 0.519758
0.498023 0.522961
0.500598 0.526199
0.503093 0.529415
0.505561 0.532637
0.508149 0.536046
0.510555 0.539313
0.512942 0.542586
0.515290 0.545893
0.517675 0.549293
0.520111 0.552807
0.522474 0.556303
0.524709 0.559708
0.527062 0.563317
0.529393 0.566962
0.531732 0.570665
0.533979 0.574351
0.536265 0.578137
0.538493 0.581884
0.540636 0.585615
0.542828 0.589459
0.545007 0.593350
0.547069 0.597117
0.549172 0.601008
0.551273 0.604952
0.553334 0.608867
0.555389 0.612865
0.557417 0.616844
0.559449 0.620857
0.561371 0.624752
0.563346 0.628765
0.565301 0.632774
0.567308 0.636919
0.569208 0.640882
0.571162 0.644981
0.573088 0.649031
0.574966 0.653028
0.576886 0.657111
0.578800 0.661188
0.580773 0.665415
0.582684 0.669518
0.584590 0.673617
0.586487 0.677702
0.588392 0.681807
0.590282 0.685879
0.592139 0.689872
0.594005 0.693885
0.595886 0.697927
0.597766 0.701963
0.599648 0.706001
0.601525 0.710024
0.603349 0.713913
0.605200 0.717863
0.607056 0.721820
0.608913 0.725775
0.610746 0.729672
0.612573 0.733550
0.614435 0.737512
0.616256 0.741374
0.617997 0.745039
0.619822 0.748909
0.621604 0.752695
0.623362 0.756389
0.625131 0.760134
0.626890 0.763860
0.628639 0.767564
0.630369 0.771228
0.632136 0.774982
0.633876 0.778673
0.635652 0.782454
0.637408 0.786193
0.639165 0.789944
0.640905 0.793663
0.642603 0.797284
0.644335 0.801000
0.645972 0.804487
0.647630 0.808046
0.649289 0.811597
0.650897 0.815029
0.652542 0.818556
0.654126 0.821936
0.655759 0.825449
0.657338 0.828829
0.658902 0.832178
0.660453 0.835497
0.661995 0.838795
0.663518 0.842051
0.664950 0.845079
0.666438 0.848255
0.667969 0.851531
0.669442 0.854669
0.670903 0.857782
0.672427 0.861041
0.673858 0.864079
0.675283 0.867099
0.676762 0.870235
0.678185 0.873243
0.679582 0.876189
0.680997 0.879170
0.682378 0.882070
0.683782 0.885015
0.685211 0.888008
0.686648 0.891009
0.688058 0.893948
0.689433 0.896805
0.690831 0.899703
0.692167 0.902462
0.693518 0.905249
0.694895 0.908082
0.696199 0.910758
0.697620 0.913668
0.698972 0.916429
0.700340 0.919215
0.701601 0.921780
0.702929 0.924475
0.704262 0.927172
0.705589 0.929852
0.706899 0.932494
0.708184 0.935080
0.709536 0.937795
0.710768 0.940268
0.711983 0.942705
0.713290 0.945318
0.714502 0.947747
0.715764 0.950267
0.717058 0.952845
0.718301 0.955323
0.719542 0.957796
0.720767 0.960235
0.721939 0.962574
0.723161 0.965008
0.724414 0.967495
0.725619 0.969895
0.726804 0.972257
0.728056 0.974743
0.729298 0.977212
0.730483 0.979574
0.731673 0.981943
