0.426141
0.197404
-0.244786
-0.426416
0.282270
0.383487
0.649295
0.180759
0.142427
-0.788490
0.038102
0.462353
0.629001
-0.562769
-0.013042
-0.565624
-0.325091
-0.913771
-0.645598
-0.539232
0.324634
-0.232496
0.385370
-0.267530
-0.055910
0.865273
-0.127659
-0.473422
0.001025
0.150955
-0.924774
-0.388187
-0.096381
0.261844
0.453294
-0.832075
-0.584358
-0.224466
0.028010
0.306823
-0.630368
-0.595888
0.605422
0.178047
0.552761
0.262272
-0.033242
0.451284
0.337586
-0.222209
-0.809511
0.046414
0.319088
-0.857214
-0.692413
0.282096
0.293391
-0.735042
0.029459
0.033659
0.349675
-0.176078
0.564973
0.454516
-0.705148
0.080231
0.282836
0.604885
0.498100
-0.287527
-0.025806
-0.631065
0.251728
0.023931
0.036794
0.505795
0.296666
-0.133093
-0.310359
-0.233711
-0.274309
0.247630
0.196463
-0.919822
-0.015679
0.056964
0.587479
-1.178105
0.394202
0.124689
0.304124
0.341144
-0.043737
0.455159
0.404690
0.393655
0.411844
0.372581
-0.318294
-0.147778
0.294213
0.342624
-0.495104
0.189565
-0.446867
0.182142
0.230606
0.413892
0.234436
-0.305442
0.783955
-0.585291
0.385308
-0.661082
0.338476
-0.148371
-0.563951
-1.430864
-0.217741
0.165199
-0.791433
0.123885
0.488060
0.567238
-0.129871
0.132225
0.107806
0.193312
-1.323045
0.260435
-0.178492
0.501657
0.442477
-0.242689
-0.864663
0.422502
0.513345
-0.490603
0.113805
0.223266
0.759073
0.200590
-0.411056
0.031954
0.100362
-0.480622
-0.966749
-0.130022
0.333795
-0.305234
-0.075290
0.195762
0.149773
-0.440415
0.264918
0.050052
-0.386498
0.229501
0.502052
-0.058973
0.163112
-0.659522
0.090881
0.593262
0.041282
0.557781
0.520576
-0.781409
-0.349045
-0.189906
0.329969
0.108644
0.245010
-0.531390
0.704742
0.117575
-0.044387
0.119698
-0.257932
-0.036072
-0.957086
-0.471657
-0.113356
-0.432327
0.015177
-0.411487
0.097883
0.277803
0.370880
0.500079
-0.750620
-0.042087
-0.438696
0.073549
0.214052
0.323087
-0.034330
0.393351
0.681156
0.105699
-0.239974
0.582679
-0.075705
0.041282
-0.516506
0.140249
0.140306
-0.397372
0.063974
-0.098382
-0.072227
-1.095437
-0.254549
0.047243
-0.077470
0.442235
-0.186524
-0.683639
-0.412335
-1.349336
0.721107
0.201623
0.330371
-0.804913
-0.046197
0.293503
-0.559149
-0.744875
0.051887
-1.461761
-0.269687
-0.004264
0.063903
0.057278
0.304857
-0.088103
0.414872
0.378905
0.655395
0.364317
-0.213136
0.183660
0.165386
-0.150135
-0.099192
-0.076796
0.121116
0.466802
0.212936
0.233106
0.214643
-0.793204
0.312295
0.123880
0.246301
0.178920
0.427516
0.263473
0.114876
0.228939
0.287610
-0.299753
0.423325
0.374396
-0.375318
0.590188
-0.012134
-0.170556
0.163158
0.461909
0.278627
0.214385
0.567381
-0.461599
0.287137
0.341213
0.323824
0.030025
-0.138492
-0.256682
0.209691
-0.346203
0.297508
-0.167817
-0.116287
0.292830
0.150428
-0.097045
0.182037
0.013324
-0.336219
0.290898
0.212225
0.088721
-0.245702
0.365871
0.450646
0.229559
0.438756
0.365107
