0.252853 0.399471
0.254392 0.402319
0.255941 0.405163
0.257489 0.407988
0.258935 0.410669
0.260479 0.413465
0.261889 0.416079
0.263315 0.418704
0.264813 0.421421
0.266280 0.424096
0.267819 0.426873
0.269341 0.429648
0.270684 0.432188
0.272106 0.434850
0.273613 0.437681
0.275030 0.440391
0.276347 0.443003
0.277684 0.445687
0.279004 0.448402
0.280175 0.450883
0.281264 0.453301
0.282389 0.455844
0.283492 0.458412
0.284460 0.460750
0.285498 0.463334
0.286523 0.465958
0.287508 0.468597
0.288371 0.471051
0.289273 0.473707
0.290250 0.476673
0.291247 0.479842
0.292068 0.482694
0.292988 0.486046
0.293807 0.489288
0.294578 0.492593
0.295237 0.495732
0.295914 0.499210
0.296413 0.502163
0.296948 0.505555
0.297411 0.508833
0.297819 0.512184
0.298219 0.515788
0.298539 0.519208
0.298804 0.522648
0.299032 0.526162
0.299238 0.529936
0.299424 0.533844
0.299574 0.537936
0.299674 0.541856
0.299723 0.545773
0.299759 0.549896
0.299804 0.554583
0.299802 0.559111
0.299796 0.563928
0.299750 0.568717
0.299686 0.573241
0.299625 0.578095
0.299542 0.582822
0.299437 0.587005
0.299342 0.591568
0.299275 0.596156
0.299231 0.601055
0.299195 0.605810
0.299188 0.610699
0.299271 0.616373
0.299313 0.621097
0.299402 0.626082
0.299566 0.631255
0.299776 0.636494
0.300049 0.641637
0.300388 0.646950
0.300806 0.652340
0.301362 0.658223
0.301954 0.663728
0.302661 0.669417
0.303538 0.675514
0.304448 0.681264
0.305510 0.687091
0.306688 0.692980
0.308036 0.699054
0.309485 0.704994
0.311179 0.711292
0.312954 0.717353
0.314974 0.723664
0.316902 0.729276
0.319321 0.735741
0.321558 0.741334
0.324121 0.747294
0.326876 0.753267
0.329779 0.759153
0.332951 0.765184
0.336310 0.771144
0.339940 0.777194
0.343368 0.782583
0.347520 0.788720
0.351531 0.794307
0.355536 0.799582
0.359774 0.804871
0.364377 0.810309
0.369040 0.815528
0.374065 0.820855
0.379160 0.825980
0.384083 0.830675
0.389484 0.835585
0.395022 0.840368
0.400771 0.845088
0.406536 0.849592
0.412197 0.853801
0.418590 0.858348
0.424011 0.861999
0.430612 0.866287
0.436747 0.870074
0.443350 0.873984
0.449718 0.877585
0.456449 0.881238
0.462876 0.884581
0.469024 0.887654
0.475147 0.890609
0.481232 0.893452
0.487493 0.896292
0.493879 0.899112
0.499787 0.901648
0.505864 0.904203
0.511596 0.906567
0.517296 0.908884
0.522631 0.911027
0.528220 0.913260
0.533119 0.915204
0.538370 0.917293
0.542922 0.919105
0.548128 0.921199
0.552618 0.923019
0.557494 0.925024
0.561735 0.926795
0.565400 0.928347
0.569484 0.930112
0.573385 0.931834
0.576866 0.933400
0.580712 0.935180
0.584509 0.936985
0.587866 0.938619
0.591169 0.940269
0.595287 0.942408
0.598817 0.944296
0.602495 0.946330
0.605842 0.948243
0.609430 0.950352
0.612318 0.952126
0.614944 0.953793
0.618018 0.955785
0.620992 0.957801
0.623923 0.959800
0.626840 0.961878
0.629220 0.963656
0.632029 0.965777
0.634246 0.967541
0.636420 0.969319
0.638598 0.971141
0.640627 0.972891
0.642676 0.974697
0.645038 0.976793
0.646987 0.978605
0.648917 0.980438
0.650816 0.982283
0.652877 0.984313
0.654946 0.986392
0.657017 0.988513
0.658856 0.990461
0.661110 0.992833
0.662893 0.994805
0.664661 0.996796
0.666398 0.998788
0.668125 1.000800
0.669837 1.002828
0.671509 1.004844
0.673521 1.007232
0.674800 1.008901
0.676441 1.010964
0.678019 1.012985
0.679560 1.014988
0.680753 1.016634
0.682286 1.018670
0.683416 1.020270
0.684646 1.021993
0.686416 1.024359
0.687890 1.026402
0.689353 1.028451
0.690796 1.030493
0.692038 1.032310
0.693391 1.034292
0.694591 1.036064
0.695707 1.037757
0.697016 1.039709
0.698327 1.041678
0.699332 1.043262
0.700533 1.045123
0.701159 1.046207
0.702390 1.048122
0.703625 1.050052
0.704812 1.051936
