-0.438056
0.487172
0.151380
0.037976
-0.160046
0.104276
0.320080
0.360388
0.288241
0.429869
0.270647
-1.118444
0.233358
0.298064
-0.630730
-0.093807
0.191622
0.357881
0.444192
0.361168
0.287176
0.458062
0.228268
-1.118444
0.413217
-1.118444
-0.133284
-0.223645
0.072133
-0.354036
0.100956
0.403069
-0.291762
0.292095
0.171293
0.259573
-1.118444
0.372559
0.177573
0.238798
0.314439
0.102121
0.286208
0.069023
0.033737
-1.118444
0.202691
0.142903
0.421214
0.379306
0.290994
0.159484
0.295354
0.422410
0.171802
0.067339
0.385968
0.288953
0.138165
0.287188
0.304008
-1.118444
0.292033
0.301706
-0.458740
-0.293682
-1.118444
-1.118444
0.566568
0.316138
-0.332782
0.215377
0.068268
0.238588
0.252777
-1.118444
-1.118444
0.318189
0.256047
0.167863
0.425095
0.267701
0.204392
0.370376
0.329354
0.258556
-1.118444
0.352745
0.166042
0.476356
0.373314
0.274812
0.161840
0.082487
0.348180
0.226314
-1.118444
-1.118444
0.135799
0.234112
-1.118444
0.374032
0.501154
-1.118444
0.146124
-0.159601
-0.154783
0.230985
0.257415
0.070241
0.328321
0.108750
0.168709
-0.042238
-1.118444
0.534931
0.328247
0.575723
0.112114
-0.760973
0.255010
0.222297
0.434817
0.080279
0.311099
-1.118444
0.145911
-1.118444
0.312868
0.378890
0.451461
0.311108
0.077818
-0.260198
0.287176
0.257157
-0.456565
-0.094798
0.188640
0.188091
0.283179
0.151477
0.256218
-0.062630
0.430714
-0.016068
0.238529
0.348473
-1.118444
0.264551
0.101834
0.247467
0.190664
-1.118444
0.139710
0.036621
0.325697
0.107640
0.002514
0.137399
-1.025200
0.313459
0.280475
0.375842
0.453373
0.244806
0.245051
-0.613490
-1.118444
-1.118444
0.289050
-0.311914
0.218208
0.137060
0.019801
-1.118444
0.492012
0.410702
0.253340
-1.118444
0.194957
0.048189
-0.086425
0.220084
0.448848
0.335712
0.238134
-1.118444
-1.118444
0.026216
0.178452
0.399273
0.017695
0.436139
0.385430
-0.276807
0.027173
-0.268865
0.352142
-1.118444
