0.394482
0.972567
1.469536
2.006678
0.735666
1.042214
1.411159
1.092308
0.609508
1.344167
1.093205
0.909035
1.290076
1.115375
0.843387
0.573695
0.506914
0.807767
0.604881
0.653719
1.115611
0.492846
0.669492
0.625965
2.079101
2.100938
0.782304
2.220893
1.294005
2.553310
0.777186
0.682361
1.574022
0.438695
0.925156
0.964726
0.771483
0.620109
1.329363
1.471610
0.886561
0.586511
0.792627
1.730047
1.066664
0.768788
1.370410
2.391697
0.707853
2.046736
1.280666
2.534435
0.927606
2.647584
2.718196
0.629953
0.906658
1.541544
0.662407
1.383929
0.909432
1.110273
0.779577
0.863930
0.673297
0.798291
0.630362
1.259043
0.677008
0.696341
2.678959
0.540400
0.561384
0.797222
0.541694
1.070614
1.018916
1.049613
1.210279
0.687959
0.591143
0.408003
0.497433
0.836034
1.637305
0.681697
0.705805
0.589616
0.746139
0.638200
0.859577
1.994719
2.342886
0.673587
0.817014
2.659301
0.849573
1.150572
0.753283
2.353092
