0.137094 0.304617
0.139822 0.309222
0.142575 0.313841
0.145355 0.318477
0.148161 0.323129
0.150995 0.327798
0.153856 0.332485
0.156745 0.337190
0.159676 0.341946
0.162609 0.346657
0.165585 0.351421
0.168591 0.356204
0.171628 0.361008
0.174695 0.365833
0.177794 0.370678
0.180925 0.375544
0.184089 0.380431
0.187285 0.385338
0.190514 0.390264
0.193777 0.395210
0.197073 0.400173
0.200403 0.405154
0.203766 0.410150
0.207164 0.415160
0.210611 0.420219
0.214057 0.425213
0.217552 0.430252
0.221079 0.435295
0.224635 0.440340
0.228221 0.445382
0.231833 0.450418
0.235469 0.455445
0.239129 0.460459
0.242808 0.465454
0.246503 0.470427
0.250212 0.475373
0.253931 0.480289
0.257676 0.485209
0.261382 0.490010
0.265106 0.494807
0.268844 0.499597
0.272530 0.504256
0.276221 0.508902
0.279892 0.513492
0.283540 0.518024
0.287161 0.522496
0.290750 0.526908
0.294305 0.531258
0.297824 0.535546
0.301302 0.539772
0.304739 0.543938
0.308133 0.548045
0.311481 0.552093
0.314806 0.556125
0.318041 0.560021
0.321251 0.563906
0.324415 0.567740
0.327534 0.571527
0.330607 0.575268
0.333637 0.578966
0.336623 0.582624
0.339569 0.586243
0.342475 0.589827
0.345344 0.593377
0.348176 0.596896
0.350954 0.600340
0.353721 0.603802
0.356457 0.607238
0.359205 0.610743
0.361888 0.614134
0.364546 0.617505
0.367145 0.620758
0.369762 0.624090
0.372361 0.627405
0.374982 0.630805
0.377550 0.634091
0.380069 0.637260
0.382652 0.640624
0.385188 0.643872
0.387716 0.647110
0.390239 0.650338
0.392718 0.653444
0.395232 0.656653
0.397777 0.659956
0.400288 0.663154
0.402800 0.666346
0.405312 0.669533
0.407826 0.672715
0.410343 0.675894
0.412825 0.678945
0.415350 0.682117
0.417882 0.685287
0.420419 0.688457
0.423007 0.691759
0.425561 0.694931
0.428124 0.698105
0.430697 0.701280
0.433236 0.704321
0.435831 0.707501
0.438438 0.710686
0.441058 0.713876
0.443743 0.717217
0.446395 0.720420
0.449062 0.723630
0.451747 0.726849
0.454450 0.730075
0.457173 0.733311
0.459917 0.736556
0.462622 0.739655
0.465409 0.742920
0.468219 0.746196
0.471119 0.749644
0.473983 0.752945
0.476875 0.756259
0.479796 0.759587
0.482747 0.762928
0.485658 0.766116
0.488673 0.769484
0.491723 0.772866
0.494809 0.776264
0.498014 0.779849
0.501179 0.783278
0.504384 0.786723
0.507630 0.790183
0.510920 0.793658
0.514254 0.797149
0.517632 0.800655
0.521059 0.804175
0.524430 0.807529
0.528054 0.811261
0.531625 0.814826
0.535247 0.818404
0.538920 0.821996
0.542645 0.825600
0.546422 0.829216
0.550132 0.832655
0.554012 0.836293
0.557945 0.839941
0.561931 0.843597
0.566102 0.847455
0.570196 0.851127
0.574342 0.854806
0.578539 0.858490
0.582787 0.862177
0.587084 0.865867
0.591429 0.869558
0.595820 0.873250
0.600257 0.876939
0.604737 0.880627
0.609258 0.884309
0.613819 0.887987
0.618416 0.891657
0.623049 0.895317
0.627712 0.898968
0.632405 0.902606
0.636953 0.906031
0.641694 0.909641
0.646456 0.913234
0.651235 0.916808
0.656208 0.920563
0.661015 0.924096
0.665829 0.927606
0.670648 0.931090
0.675469 0.934548
0.680101 0.937779
0.684913 0.941180
0.689717 0.944551
0.694702 0.948088
0.699483 0.951393
0.704247 0.954663
0.708992 0.957897
0.713715 0.961095
0.718413 0.964254
0.723085 0.967374
0.727531 0.970260
0.732143 0.973301
0.736722 0.976301
0.741266 0.979260
0.745973 0.982368
0.750446 0.985240
0.754879 0.988070
0.759274 0.990857
0.763430 0.993413
0.767743 0.996115
0.772015 0.998774
0.776245 1.001390
0.780632 1.004148
0.784776 1.006678
0.788879 1.009166
0.792939 1.011613
0.796956 1.014019
0.800931 1.016385
0.804864 1.018711
0.808754 1.020999
0.812405 1.023073
0.816213 1.025285
0.819981 1.027461
0.823708 1.029602
0.827594 1.031879
0.831243 1.033949
