0.438909
0.460011
0.433141
0.377451
0.178659
0.345956
0.290451
0.371231
0.334418
0.378181
0.413814
0.291757
0.231279
0.331559
0.394989
0.302009
0.406800
0.399078
0.453169
0.278109
0.276486
0.423917
0.315448
0.338961
0.283443
0.329967
0.335904
0.403603
0.313267
0.421946
0.765311
0.309044
0.284426
0.706102
0.294854
0.507816
0.312855
0.609541
0.307990
0.370604
0.433743
0.385335
0.419495
0.725307
0.276136
0.936514
0.328339
0.334656
0.362206
0.218775
0.417105
0.341496
0.270513
0.309583
0.406115
0.309337
0.350309
0.399506
0.317429
0.486105
0.362778
0.360962
0.373161
0.273718
0.370118
0.335143
0.287276
0.376523
0.238205
0.358283
0.300139
0.257346
0.384520
0.230975
0.252640
0.277248
0.340812
0.290250
0.285565
0.499715
0.347459
0.254026
0.396947
0.287457
0.278539
0.281902
0.372409
0.290107
0.345509
0.310506
0.587318
0.264534
0.215290
0.429053
0.492843
0.295298
0.387207
0.410025
0.391213
0.275812
0.362354
0.338281
0.275701
0.619151
0.412043
0.298569
0.238388
0.353417
0.482073
0.403761
0.666642
0.336372
0.359766
0.336543
0.341413
0.272830
0.249541
0.329805
0.358037
0.313730
0.290692
0.410366
0.263364
0.515041
0.406339
0.190594
0.477396
0.344859
0.243360
0.326087
0.279613
0.314631
0.327876
0.395932
0.330908
0.282262
0.351380
0.366576
0.377301
0.387857
0.819475
0.318445
0.372680
0.479320
0.394073
0.350497
0.257203
0.365432
0.353103
0.379220
0.307915
0.287923
0.373904
0.364082
0.270838
0.287348
0.287960
0.266047
0.346744
0.450223
0.404818
0.236558
0.521235
0.451276
0.463229
0.647341
0.403355
0.309455
0.301701
0.324027
0.311703
0.316991
0.322353
0.277786
0.277820
0.291764
0.358131
0.493293
0.473520
0.260980
0.272028
0.328636
0.383457
0.259974
0.241528
0.314231
0.350891
0.183642
0.661003
0.228905
0.477873
0.231017
0.429259
0.495059
0.334180
0.237599
0.543099
0.394629
0.370132
0.393243
