0.306982 -0.042468
0.307489 -0.038653
0.308135 -0.034563
0.308813 -0.030433
0.309534 -0.026269
0.310264 -0.022130
0.310943 -0.018170
0.311701 -0.014030
0.312941 -0.009031
0.313512 -0.005453
0.314329 -0.001429
0.315693 0.003603
0.316777 0.007965
0.317480 0.011533
0.319028 0.016625
0.320521 0.021448
0.321270 0.024900
0.322710 0.029468
0.324684 0.034776
0.325631 0.038329
0.326809 0.042169
0.329159 0.047644
0.330522 0.051499
0.331794 0.055169
0.334096 0.060201
0.336450 0.065090
0.337946 0.068711
0.340395 0.073474
0.343118 0.078355
0.344924 0.082041
0.347490 0.086473
0.350477 0.091201
0.353103 0.095362
0.355757 0.099417
0.358801 0.103681
0.361749 0.107716
0.364660 0.111604
0.368173 0.115852
0.371655 0.119895
0.374758 0.123465
0.378837 0.127683
0.383195 0.131918
0.386584 0.135218
0.390404 0.138734
0.395028 0.142643
0.399363 0.146184
0.403692 0.149574
0.408689 0.153241
0.413741 0.156743
0.417677 0.159469
0.423555 0.163126
0.429253 0.166507
0.434363 0.169416
0.440053 0.172511
0.446947 0.176027
0.452679 0.178836
0.458504 0.181574
0.465192 0.184547
0.471784 0.187351
0.478436 0.190042
0.484979 0.192601
0.491960 0.195231
0.500664 0.198385
0.507818 0.200864
0.515025 0.203286
0.524100 0.206253
0.532350 0.208863
0.540105 0.211233
0.548809 0.213880
0.557149 0.216363
0.564889 0.218643
0.574031 0.221331
0.584607 0.224472
0.591425 0.226397
0.598916 0.228549
0.609329 0.231661
0.617975 0.234244
0.626497 0.236849
0.635394 0.239618
0.644032 0.242363
0.653880 0.245647
0.661599 0.248205
0.668425 0.250483
0.679331 0.254520
0.689152 0.258285
0.696191 0.260968
0.704734 0.264449
0.715683 0.269303
0.722507 0.272252
0.730422 0.275926
0.740263 0.280866
0.745999 0.283618
0.751958 0.286612
0.761627 0.292147
0.768699 0.296229
0.776222 0.300834
0.783250 0.305308
0.789709 0.309564
0.795934 0.313822
0.802352 0.318466
0.808395 0.323027
0.814103 0.327488
0.819965 0.332321
0.825830 0.337409
0.832463 0.343562
0.838545 0.349536
0.843531 0.354544
0.849623 0.361191
0.854054 0.366099
0.859793 0.373059
0.865508 0.380460
0.869732 0.386060
0.873580 0.391444
0.878289 0.398574
0.882485 0.405292
0.887459 0.413986
0.890300 0.419036
0.893980 0.426188
0.898719 0.436352
0.902058 0.444088
0.904616 0.450319
0.907634 0.458447
0.910653 0.467367
0.912833 0.474353
0.915600 0.484356
0.917933 0.493895
0.919855 0.502905
0.921506 0.511879
0.922811 0.520280
0.924305 0.531994
0.925314 0.542767
0.925906 0.552328
0.926261 0.562712
0.926311 0.573710
0.926038 0.583852
0.925419 0.595120
0.924335 0.607756
0.922993 0.618815
0.921597 0.627665
0.918966 0.642604
0.916530 0.653672
0.914489 0.661449
0.910704 0.675320
0.906644 0.688261
0.903699 0.696316
0.899292 0.707928
0.893914 0.720947
0.889840 0.729679
0.884642 0.740339
0.877595 0.754002
0.871303 0.765121
0.864719 0.776013
0.857526 0.787248
0.850023 0.798282
0.842444 0.808804
0.833818 0.820248
0.825868 0.830178
0.816022 0.842080
0.807340 0.851979
0.800478 0.859340
0.791520 0.868864
0.780812 0.879990
0.773622 0.886946
0.765340 0.894858
0.754406 0.905272
0.746637 0.912249
0.739652 0.918314
0.729755 0.927059
0.721922 0.933687
0.715064 0.939300
0.706746 0.946199
0.698156 0.953234
0.691277 0.958670
0.683994 0.964411
0.676538 0.970261
0.669667 0.975572
0.663122 0.980575
0.656736 0.985437
0.650645 0.990040
0.645447 0.993880
0.639741 0.998174
0.634810 1.001812
0.629891 1.005465
0.624174 1.009819
0.618602 1.014117
0.615062 1.016662
0.611268 1.019436
0.606179 1.023436
0.602150 1.026524
0.599044 1.028793
0.594858 1.032130
0.590516 1.035650
0.588049 1.037450
0.584453 1.040392
0.580241 1.043978
0.577895 1.045804
0.575256 1.047955
0.571683 1.051101
0.568936 1.053470
0.567096 1.054934
