20.000010
20.435292
20.870575
21.305857
21.741139
22.176422
22.611704
23.046986
23.482269
23.917551
24.352834
24.788116
25.223398
25.658681
26.093963
26.529245
26.964528
27.399810
27.835092
28.270375
28.705657
29.140939
29.576222
30.011504
30.446786
30.882069
31.317351
31.752634
32.187916
32.623198
33.058481
33.493763
33.929045
34.364328
34.799610
35.234892
35.670175
36.105457
36.540739
36.976022
37.411304
37.846586
38.281869
38.717151
39.152434
39.587716
40.022998
40.458281
40.893563
41.328845
41.764128
42.199410
42.634692
43.069975
43.505257
43.940539
44.375822
44.811104
45.246386
45.681669
46.116951
46.552234
46.987516
47.422798
47.858081
48.293363
48.728645
49.163928
49.599210
50.034492
50.469775
50.905057
51.340339
51.775622
52.210904
52.646186
53.081469
53.516751
53.952034
54.387316
54.822598
55.257881
55.693163
56.128445
56.563728
56.999010
57.434292
57.869575
58.304857
58.740139
59.175422
59.610704
60.045986
60.481269
60.916551
61.351834
61.787116
62.222398
62.657681
63.092963
63.528245
63.963528
64.398810
64.834092
65.269375
65.704657
66.139939
66.575222
67.010504
67.445786
67.881069
68.316351
68.751634
69.186916
69.622198
70.057481
70.492763
70.928045
71.363328
71.798610
72.233892
72.669175
73.104457
73.539739
73.975022
74.410304
74.845586
75.280869
75.716151
76.151434
76.586716
77.021998
77.457281
77.892563
78.327845
78.763128
79.198410
79.633692
80.068975
80.504257
80.939539
81.374822
81.810104
82.245386
82.680669
83.115951
83.551233
83.986516
84.421798
84.857081
85.292363
85.727645
86.162928
86.598210
87.033492
87.468775
87.904057
88.339339
88.774622
89.209904
89.645186
90.080469
90.515751
90.951033
91.386316
91.821598
92.256881
92.692163
93.127445
93.562728
93.998010
94.433292
94.868575
95.303857
95.739139
96.174422
96.609704
97.044986
97.480269
97.915551
98.350833
98.786116
99.221398
99.656681
100.091963
100.527245
100.962528
101.397810
101.833092
102.268375
102.703657
103.138939
103.574222
104.009504
104.444786
104.880069
105.315351
105.750633
106.185916
106.621198
