1.342670
0.855269
0.742291
0.895680
0.706250
0.744709
0.917745
1.336100
2.971605
2.173987
1.168177
0.468360
0.817150
1.047984
3.155386
0.805690
0.572801
0.717284
1.986563
0.530782
0.750531
1.075905
0.985599
1.047610
3.127422
0.582912
0.632717
1.709777
1.087341
1.112990
2.462440
0.875981
0.514052
1.260034
0.654812
1.450002
0.530564
1.041164
0.718361
1.842272
0.825153
1.010925
0.708902
2.028663
0.726908
1.138050
0.714386
1.586062
0.719782
0.797777
0.688380
0.653454
1.238630
0.898277
0.573365
0.656311
0.621544
0.454599
1.721704
1.402748
0.529813
1.610219
1.229265
1.783647
1.089395
0.665687
1.581286
1.180258
0.931808
0.724833
0.725718
1.099473
0.350090
0.944673
1.082050
0.667596
0.830382
0.830640
0.921683
1.139566
1.121108
0.890856
1.436986
0.859516
0.524642
1.335477
1.002563
1.673048
0.837686
0.655670
2.371165
1.420099
0.642724
1.425214
1.246973
0.673206
0.600987
1.496375
0.748324
0.796568
0.934253
1.005566
1.711320
2.141493
0.630336
0.685185
0.557941
0.596589
1.293394
1.300471
3.287142
0.820554
2.017865
1.146872
1.462986
0.514925
1.006039
0.793956
0.630737
2.416574
0.846877
0.884985
0.639686
1.003218
2.538907
0.573875
0.568800
1.371498
1.003856
0.555972
3.023732
0.741189
1.538526
2.489391
0.960628
0.662041
1.028710
0.860955
1.154787
1.574196
1.418733
1.181180
0.996588
0.431990
0.805393
0.565809
1.006664
1.880447
0.416814
1.401794
0.846285
0.718900
1.208034
1.143047
1.305332
1.733632
1.136573
0.694346
0.697080
1.105898
0.715829
0.739130
1.718634
2.328140
0.836242
0.773027
0.626990
1.170804
1.945381
1.440764
0.839014
0.896717
1.462350
0.648608
1.016484
0.759915
0.671589
1.081532
1.891745
2.090788
0.565722
0.796144
1.299921
0.596878
0.559127
0.717114
2.318013
0.813475
2.142112
1.128645
1.161842
0.614150
1.983906
1.179946
0.667297
1.281038
2.065142
0.820612
1.586822
2.114498
