0.369462 0.306642
0.371413 0.309908
0.373301 0.313050
0.375318 0.316384
0.377206 0.319483
0.379174 0.322687
0.381199 0.325965
0.383113 0.329029
0.384940 0.331934
0.386806 0.334862
0.388737 0.337841
0.390471 0.340501
0.392343 0.343326
0.394218 0.346112
0.396087 0.348849
0.397970 0.351553
0.399868 0.354224
0.401869 0.356975
0.403823 0.359617
0.405912 0.362355
0.408000 0.365039
0.409762 0.367271
0.411886 0.369864
0.414043 0.372417
0.416037 0.374729
0.417981 0.376929
0.419985 0.379143
0.422404 0.381697
0.424777 0.384133
0.427162 0.386500
0.429663 0.388905
0.432108 0.391175
0.434630 0.393438
0.437135 0.395602
0.439747 0.397795
0.442352 0.399911
0.445159 0.402118
0.448060 0.404327
0.450807 0.406346
0.453632 0.408351
0.456766 0.410517
0.459989 0.412682
0.463137 0.414734
0.466175 0.416666
0.469319 0.418603
0.472507 0.420522
0.476009 0.422581
0.479743 0.424745
0.483411 0.426823
0.487021 0.428839
0.490510 0.430741
0.493911 0.432569
0.497299 0.434362
0.500697 0.436169
0.505053 0.438470
0.509218 0.440657
0.513108 0.442672
0.516911 0.444653
0.520984 0.446782
0.525417 0.449128
0.529389 0.451220
0.533500 0.453401
0.537997 0.455796
0.542271 0.458119
0.546567 0.460483
0.550894 0.462906
0.555336 0.465447
0.559744 0.468005
0.563820 0.470416
0.568406 0.473183
0.572921 0.475987
0.577503 0.478908
0.581865 0.481777
0.586251 0.484731
0.590656 0.487787
0.595022 0.490909
0.599544 0.494246
0.604446 0.497996
0.608779 0.501431
0.612931 0.504836
0.617110 0.508386
0.621507 0.512263
0.625787 0.516167
0.629858 0.520065
0.633594 0.523742
0.637735 0.528020
0.641548 0.532106
0.645175 0.536151
0.648931 0.540513
0.652651 0.545009
0.656432 0.549821
0.659996 0.554542
0.663544 0.559495
0.667027 0.564585
0.670116 0.569310
0.673339 0.574491
0.676432 0.579713
0.679268 0.584750
0.682250 0.590338
0.684817 0.595388
0.687476 0.600916
0.689774 0.605939
0.692057 0.611209
0.694228 0.616489
0.696359 0.621986
0.698378 0.627502
0.700293 0.633056
0.702289 0.639216
0.704186 0.645530
0.705845 0.651417
0.707514 0.657788
0.709064 0.664145
0.710372 0.669899
0.711600 0.675676
0.712755 0.681528
0.713870 0.687606
0.714814 0.693153
0.715766 0.699230
0.716597 0.704905
0.717406 0.711030
0.718179 0.717214
0.718890 0.723420
0.719540 0.729572
0.720138 0.735777
0.720672 0.741828
0.721164 0.747215
0.721646 0.753170
0.722055 0.758227
0.722403 0.762623
0.722764 0.767676
0.723059 0.771930
0.723405 0.776788
0.723746 0.781749
0.724067 0.786504
0.724347 0.790790
0.724621 0.795074
0.724922 0.799244
0.725252 0.803799
0.725559 0.808124
0.725897 0.812547
0.726252 0.817005
0.726643 0.821822
0.727034 0.826164
0.727422 0.830462
0.727859 0.835003
0.728316 0.839525
0.728756 0.843711
0.729244 0.848093
0.729736 0.852321
0.730146 0.855857
0.730660 0.859909
0.731198 0.863967
0.731800 0.868292
0.732395 0.872336
0.732986 0.876256
0.733513 0.879727
0.734162 0.883707
0.734705 0.887070
0.735390 0.890998
0.736089 0.894887
0.736708 0.898338
0.737424 0.902118
0.738227 0.906222
0.739004 0.910090
0.739758 0.913778
0.740448 0.917066
0.741321 0.921160
0.742129 0.924880
0.742936 0.928546
0.743804 0.932495
0.744748 0.936690
0.745602 0.940421
0.746469 0.944167
0.747280 0.947630
0.747987 0.950576
0.748750 0.953842
0.749457 0.956924
0.750079 0.959662
0.750766 0.962677
0.751386 0.965412
0.752076 0.968437
0.752872 0.971930
0.753805 0.976082
0.754389 0.978696
0.754894 0.980964
0.755538 0.983710
0.756094 0.986319
0.756843 0.989861
0.757224 0.991830
0.757746 0.994372
0.758126 0.996502
0.758784 0.999455
0.759242 1.001830
0.759696 1.004235
0.760008 1.006280
0.760897 1.010172
0.761429 1.013015
0.762286 1.016980
0.762716 1.019470
0.762971 1.021372
