-1.151311
0.464893
-1.086636
-0.475696
1.416224
-0.473055
-0.051836
0.027219
-0.125730
0.344666
-0.374658
1.465225
0.802975
0.034487
0.033025
0.006051
0.289887
0.335567
-0.184529
-1.780869
-1.869892
1.033412
-0.720089
0.714100
1.655507
0.345046
0.588443
-0.505810
0.488876
1.073764
-1.151017
-0.395994
-0.323860
0.357563
0.092862
0.828983
-1.291267
1.166098
1.647445
-1.636280
0.194637
-0.363039
0.588041
0.200098
1.063140
0.140481
0.090869
-0.195506
-0.370563
1.642456
-0.137040
-0.521094
0.578765
1.041151
0.867254
1.922178
-1.490296
-1.642113
2.106283
-0.242436
-0.496915
0.377591
-1.206267
0.786186
0.574505
-0.454225
-1.708976
0.474324
0.538195
0.073148
0.032401
-0.308382
-0.816586
-0.404040
-0.308082
1.296265
-1.037512
1.738824
-2.478962
0.234724
0.038452
-0.570471
1.418751
-0.581114
1.209728
0.201379
1.129549
-0.272803
-0.166333
0.215902
-0.210709
-1.521760
0.300749
0.429004
-0.620561
0.958699
1.337104
0.188497
-1.428565
-0.193367
-0.281421
0.516513
0.262080
0.053171
0.826690
-0.645484
1.712314
-0.947775
0.324320
-0.176597
0.151641
-0.134150
1.656762
-0.502883
0.102757
-0.126581
0.854834
2.319902
0.402695
0.130500
1.495845
0.213134
0.173022
0.051440
0.608749
-0.211801
-0.059856
-0.209067
-1.757676
0.598483
-0.942637
-1.419126
1.231043
2.275093
-1.279761
-1.970848
0.474317
-0.579610
0.320119
-1.043897
-2.221926
-0.762194
-0.290237
-1.754967
-0.543527
-1.981920
-1.138483
-0.118205
-0.291463
2.149909
-0.185805
1.226340
1.247223
0.146342
2.308235
-1.126832
0.403807
-0.236504
0.356416
-0.322812
-0.301996
-0.827842
-0.771070
1.103656
-0.555881
-1.165067
-2.504223
-0.386639
-1.021160
-1.709543
-0.093717
0.891857
-0.106938
1.453415
0.699936
-1.104110
0.730394
-0.464702
0.027100
0.980083
-0.008429
0.443910
-0.742080
-0.525398
-0.329663
0.616829
1.772797
-0.442313
1.221063
0.109925
0.702981
-0.465785
-0.413668
-1.851819
1.287600
-1.404873
-0.321870
-2.273681
0.687680
-0.278237
