0.341039 0.320021
0.342990 0.323228
0.344902 0.326354
0.346907 0.329606
0.348827 0.332703
0.350804 0.335867
0.352822 0.339079
0.354767 0.342145
0.356658 0.345106
0.358579 0.348082
0.360551 0.351096
0.362392 0.353891
0.364330 0.356798
0.366276 0.359678
0.368221 0.362522
0.370183 0.365348
0.372164 0.368153
0.374218 0.371011
0.376248 0.373795
0.378374 0.376646
0.380506 0.379457
0.382430 0.381961
0.384604 0.384713
0.386811 0.387441
0.388917 0.390000
0.391000 0.392480
0.393131 0.394965
0.395548 0.397692
0.397943 0.400334
0.400356 0.402927
0.402851 0.405543
0.405325 0.408065
0.407859 0.410582
0.410398 0.413029
0.413014 0.415490
0.415637 0.417895
0.418400 0.420363
0.421230 0.422827
0.423980 0.425153
0.426796 0.427470
0.429814 0.429899
0.432899 0.432323
0.435950 0.434663
0.438939 0.436908
0.442012 0.439156
0.445125 0.441388
0.448451 0.443724
0.451927 0.446134
0.455374 0.448477
0.458792 0.450769
0.462153 0.452975
0.465470 0.455123
0.468794 0.457245
0.472124 0.459370
0.476071 0.461871
0.479909 0.464285
0.483592 0.466570
0.487224 0.468827
0.491035 0.471195
0.495077 0.473726
0.498844 0.476068
0.502707 0.478478
0.506834 0.481054
0.510818 0.483576
0.514824 0.486131
0.518857 0.488733
0.522965 0.491426
0.527064 0.494138
0.530950 0.496746
0.535181 0.499628
0.539364 0.502542
0.543594 0.505550
0.547675 0.508524
0.551779 0.511573
0.555896 0.514706
0.559986 0.517899
0.564181 0.521260
0.568634 0.524936
0.572697 0.528392
0.576630 0.531838
0.580577 0.535403
0.584669 0.539220
0.588682 0.543076
0.592522 0.546930
0.596138 0.550648
0.600008 0.554806
0.603647 0.558844
0.607142 0.562866
0.610715 0.567133
0.614258 0.571516
0.617817 0.576126
0.621222 0.580696
0.624589 0.585431
0.627903 0.590281
0.630919 0.594882
0.634019 0.599819
0.637018 0.604801
0.639805 0.609644
0.642693 0.614893
0.645266 0.619772
0.647895 0.624991
0.650244 0.629862
0.652576 0.634922
0.654807 0.639972
0.657005 0.645187
0.659112 0.650417
0.661135 0.655675
0.663223 0.661346
0.665242 0.667133
0.667064 0.672603
0.668906 0.678410
0.670661 0.684202
0.672215 0.689583
0.673710 0.694977
0.675151 0.700418
0.676570 0.706005
0.677841 0.711234
0.679139 0.716811
0.680331 0.722116
0.681530 0.727729
0.682703 0.733347
0.683835 0.738985
0.684922 0.744582
0.685975 0.750210
0.686977 0.755744
0.687908 0.760802
0.688866 0.766245
0.689719 0.771092
0.690487 0.775500
0.691302 0.780335
0.692024 0.784658
0.692813 0.789337
0.693607 0.794093
0.694373 0.798709
0.695080 0.803014
0.695782 0.807310
0.696499 0.811523
0.697259 0.815979
0.697988 0.820280
0.698745 0.824634
0.699517 0.829003
0.700339 0.833615
0.701122 0.837874
0.701906 0.842112
0.702736 0.846500
0.703578 0.850864
0.704387 0.855002
0.705240 0.859255
0.706084 0.863398
0.706835 0.867082
0.707683 0.871089
0.708547 0.875088
0.709471 0.879266
0.710360 0.883216
0.711245 0.887090
0.712064 0.890661
0.712986 0.894549
0.713807 0.898026
0.714744 0.901855
0.715687 0.905648
0.716555 0.909144
0.717498 0.912840
0.718506 0.916733
0.719492 0.920478
0.720436 0.924058
0.721327 0.927385
0.722363 0.931221
0.723339 0.934802
0.724307 0.938336
0.725319 0.942042
0.726384 0.945894
0.727371 0.949434
0.728361 0.952971
0.729302 0.956314
0.730165 0.959329
0.731051 0.962506
0.731900 0.965571
0.732680 0.968405
0.733505 0.971407
0.734275 0.974219
0.735104 0.977225
0.735990 0.980487
0.736986 0.984178
0.737711 0.986874
0.738373 0.989339
0.739141 0.992118
0.739825 0.994768
0.740663 0.998022
0.741218 1.000264
0.741873 1.002863
0.742422 1.005194
0.743168 1.008036
0.743765 1.010506
0.744354 1.012986
0.744839 1.015233
0.745739 1.018635
0.746387 1.021388
0.747250 1.024801
0.747804 1.027296
0.748223 1.029413
