0.396161 0.168650
0.398427 0.174691
0.400658 0.180725
0.402772 0.186560
0.404528 0.191640
0.405499 0.195015
0.406554 0.198590
0.407592 0.202114
0.408906 0.206283
0.410711 0.211518
0.412301 0.216257
0.413661 0.220460
0.414737 0.224025
0.415332 0.226530
0.416098 0.229376
0.416822 0.232108
0.417710 0.235150
0.418605 0.238152
0.419279 0.240653
0.419851 0.242908
0.420165 0.244623
0.420347 0.246107
0.420462 0.247427
0.420477 0.248558
0.420764 0.250127
0.421026 0.251600
0.421063 0.252675
0.420987 0.253553
0.420821 0.254287
0.420730 0.255106
0.420350 0.255519
0.420289 0.256346
0.420337 0.257279
0.420521 0.258329
0.420846 0.259458
0.420871 0.260263
0.421092 0.261216
0.421171 0.261991
0.421752 0.263210
0.422487 0.264503
0.423464 0.265933
0.424733 0.267518
0.425897 0.268929
0.427147 0.270327
0.428701 0.271864
0.430408 0.273421
0.432430 0.275091
0.435174 0.277065
0.438170 0.279107
0.441308 0.281080
0.444547 0.282982
0.447933 0.284848
0.451674 0.286781
0.455773 0.288777
0.460603 0.290979
0.465390 0.293053
0.471097 0.295413
0.477097 0.297794
0.482767 0.299946
0.488945 0.302234
0.496035 0.304820
0.503201 0.307388
0.510141 0.309830
0.518381 0.312768
0.525873 0.315421
0.534675 0.318617
0.542786 0.321569
0.551544 0.324854
0.560629 0.328369
0.569986 0.332109
0.579676 0.336140
0.590097 0.340707
0.599848 0.345150
0.609374 0.349676
0.619496 0.354770
0.628580 0.359551
0.637333 0.364365
0.646795 0.369935
0.656154 0.375766
0.665349 0.381853
0.674265 0.388086
0.682250 0.393974
0.690035 0.400019
0.697456 0.406092
0.705517 0.413168
0.713567 0.420748
0.721463 0.428700
0.728497 0.436166
0.735455 0.444068
0.742093 0.452062
0.748631 0.460488
0.754988 0.469265
0.760936 0.477999
0.766543 0.486818
0.771750 0.495555
0.777012 0.505127
0.781818 0.514492
0.786334 0.523984
0.790416 0.533189
0.794453 0.543156
0.798131 0.552995
0.801557 0.563034
0.804796 0.573550
0.807700 0.583958
0.810557 0.595668
0.812970 0.606789
0.815082 0.617926
0.816874 0.628741
0.818354 0.638952
0.819620 0.649291
0.820680 0.659912
0.821534 0.670813
0.822167 0.681363
0.822606 0.691502
0.822886 0.700885
0.823027 0.710310
0.823025 0.719864
0.822927 0.728750
0.822693 0.737975
0.822473 0.745566
0.822148 0.753466
0.821788 0.760835
0.821326 0.768544
0.820758 0.776602
0.820198 0.783907
0.819499 0.791872
0.818838 0.798955
0.818166 0.805710
0.817439 0.812472
0.816676 0.819129
0.815786 0.826337
0.814890 0.833224
0.814083 0.839185
0.813281 0.844821
0.812343 0.851090
0.811351 0.857418
0.810333 0.863619
0.809207 0.870192
0.808110 0.876320
0.807234 0.880991
0.806378 0.885365
0.805514 0.889606
0.804293 0.895583
0.802921 0.902110
0.801422 0.909019
0.799901 0.915764
0.799022 0.919232
0.798158 0.922518
0.797307 0.925628
0.796462 0.928600
0.794818 0.935116
0.793382 0.940495
0.791611 0.947133
0.790103 0.952461
0.789239 0.954970
0.788454 0.957199
0.787862 0.958322
0.786675 0.961986
0.784857 0.968103
0.783080 0.973917
0.781047 0.980571
0.779937 0.983583
0.779304 0.984714
0.778535 0.986335
0.777701 0.988161
0.776275 0.992211
0.774613 0.997091
0.773025 1.001622
0.771168 1.007058
0.770112 1.009491
0.769686 1.009655
0.768633 1.012124
0.767600 1.014495
0.766264 1.017898
0.764550 1.022715
0.762937 1.027124
0.761710 1.030135
0.760776 1.032058
0.759951 1.033558
0.759230 1.034753
0.758570 1.035694
0.756721 1.040976
0.755139 1.045306
0.754023 1.047973
0.752738 1.051227
0.752359 1.051175
0.751955 1.051171
0.751076 1.053003
0.749691 1.056760
0.748749 1.058827
0.747412 1.062440
0.746576 1.064154
0.745765 1.065764
0.744748 1.068208
0.743920 1.069973
0.743116 1.071636
0.742006 1.074552
0.740960 1.077244
0.740033 1.079505
0.739402 1.080574
