1.602365
0.992317
1.058591
1.085931
0.951460
1.196691
1.043386
1.339557
0.195164
0.743104
0.948526
1.177919
1.142522
1.323367
1.333944
0.194283
0.973198
1.104774
0.923962
1.207223
1.576549
1.274978
0.718878
0.845398
1.097981
0.914444
1.212820
0.230357
0.886252
1.107240
0.966743
0.189301
0.192925
1.068672
1.167735
1.167218
1.096915
0.969661
1.213121
1.089099
0.204872
1.160547
1.223734
1.148475
1.027051
0.201569
0.542307
1.408709
0.904041
1.347161
0.897432
0.857698
1.941863
1.380085
1.844805
1.800031
0.978162
1.509907
1.516469
0.860487
0.892493
0.193754
0.441850
1.369233
1.233770
0.894132
1.473299
0.956810
1.230734
0.903286
1.279724
1.377905
0.871079
0.839810
1.084038
1.211640
0.893222
1.156755
1.294413
0.965202
0.920709
0.795652
1.017191
0.806624
1.300309
0.937459
1.245503
0.891125
1.210221
1.142102
1.101117
1.152938
0.956663
0.798050
1.269508
1.215262
1.219469
1.094242
1.253056
0.193093
0.193851
0.920922
1.288660
1.221235
0.801373
0.792112
1.295057
1.133707
1.442279
1.306555
1.025181
0.207341
1.700485
0.943975
1.139232
0.987555
1.434595
0.899149
0.860221
0.458278
1.620301
1.162022
0.820730
1.336500
0.958184
1.007195
0.922171
1.419265
1.489874
0.927511
1.096308
1.447303
1.233664
1.644723
1.145501
1.076015
0.777808
1.058060
1.590144
0.775187
1.383664
0.776267
1.174998
1.009409
1.480066
1.776773
1.139871
1.127287
1.145458
1.690902
0.866078
0.930016
1.093343
1.106348
1.343721
0.907484
1.398909
1.249813
0.944023
1.351742
0.967139
1.078030
0.839480
1.110274
0.843957
1.174766
1.788041
0.977336
1.327929
1.661137
1.082152
1.514980
1.022628
1.223794
0.567078
1.258246
2.062442
1.491549
1.199106
1.355670
0.828072
1.176529
0.917258
1.042179
1.032545
1.102917
1.128802
0.949702
1.784958
1.436565
0.836854
1.016264
1.409865
1.401609
1.118369
0.778097
1.273443
1.666147
0.992321
0.971740
