6.865887451171875000e+01
6.946006011962890625e+01
7.026124572753906250e+01
7.106242370605468750e+01
7.186360931396484375e+01
7.266478729248046875e+01
7.346597290039062500e+01
7.426715850830078125e+01
7.506833648681640625e+01
7.586952209472656250e+01
3.144742584228515625e+01
3.194358444213867188e+01
3.243974304199218750e+01
3.293590164184570312e+01
3.343206024169921875e+01
3.392821884155273438e+01
3.442437744140625000e+01
3.492053604125976562e+01
3.541669464111328125e+01
3.591285324096679688e+01
7.724979400634765625e+01
7.777909088134765625e+01
7.830838775634765625e+01
7.883768463134765625e+01
7.936697387695312500e+01
7.989627075195312500e+01
8.042556762695312500e+01
8.095486450195312500e+01
8.148416137695312500e+01
8.201345062255859375e+01
9.633485412597656250e+01
9.687782287597656250e+01
9.742078399658203125e+01
9.796375274658203125e+01
9.850671386718750000e+01
9.904968261718750000e+01
9.959265136718750000e+01
1.001356124877929688e+02
1.006785736083984375e+02
1.012215423583984375e+02
4.463822555541992188e+01
4.511395645141601562e+01
4.558968353271484375e+01
4.606541442871093750e+01
4.654114532470703125e+01
4.701687622070312500e+01
4.749260711669921875e+01
4.796833801269531250e+01
4.844406509399414062e+01
4.891979598999023438e+01
9.190334320068359375e+01
9.250168609619140625e+01
9.310003662109375000e+01
9.369837951660156250e+01
9.429672241210937500e+01
9.489507293701171875e+01
9.549341583251953125e+01
9.609176635742187500e+01
9.669010925292968750e+01
9.728845214843750000e+01
9.334378051757812500e+01
9.386547088623046875e+01
9.438716125488281250e+01
9.490885925292968750e+01
9.543054962158203125e+01
9.595223999023437500e+01
9.647393798828125000e+01
9.699562835693359375e+01
9.751731872558593750e+01
9.803901672363281250e+01
8.665858459472656250e+01
8.732836151123046875e+01
8.799813842773437500e+01
8.866792297363281250e+01
8.933769989013671875e+01
9.000747680664062500e+01
9.067725372314453125e+01
9.134703063964843750e+01
9.201681518554687500e+01
9.268659210205078125e+01
6.582924652099609375e+01
6.592683410644531250e+01
6.602441406250000000e+01
6.612199401855468750e+01
6.621957397460937500e+01
6.631716156005859375e+01
6.641474151611328125e+01
6.651232147216796875e+01
6.660990905761718750e+01
6.670748901367187500e+01
9.713624572753906250e+01
9.750779724121093750e+01
9.787934875488281250e+01
9.825090026855468750e+01
9.862245178222656250e+01
9.899400329589843750e+01
9.936555480957031250e+01
9.973711395263671875e+01
1.001086654663085938e+02
1.004802169799804688e+02
9.594679260253906250e+01
9.642105102539062500e+01
9.689531707763671875e+01
9.736958312988281250e+01
9.784384155273437500e+01
9.831810760498046875e+01
9.879237365722656250e+01
9.926663208007812500e+01
9.974089813232421875e+01
1.002151565551757812e+02
6.945623779296875000e+01
7.004519653320312500e+01
7.063416290283203125e+01
7.122312164306640625e+01
7.181208038330078125e+01
7.240103912353515625e+01
7.298999786376953125e+01
7.357895660400390625e+01
7.416791534423828125e+01
7.475687408447265625e+01
4.672990036010742188e+01
4.730116271972656250e+01
4.787242126464843750e+01
4.844368362426757812e+01
4.901494598388671875e+01
4.958620452880859375e+01
5.015746688842773438e+01
5.072872161865234375e+01
5.129998397827148438e+01
5.187124633789062500e+01
9.211283874511718750e+01
9.277452850341796875e+01
9.343621063232421875e+01
9.409789276123046875e+01
9.475957489013671875e+01
9.542126464843750000e+01
9.608294677734375000e+01
9.674462890625000000e+01
9.740631103515625000e+01
9.806799316406250000e+01
3.369187927246093750e+01
3.435885238647460938e+01
3.502582168579101562e+01
3.569279479980468750e+01
3.635976409912109375e+01
3.702673339843750000e+01
3.769370651245117188e+01
3.836067962646484375e+01
3.902764892578125000e+01
3.969462203979492188e+01
6.412486267089843750e+01
6.422200012207031250e+01
6.431913757324218750e+01
6.441628265380859375e+01
6.451342010498046875e+01
6.461056518554687500e+01
6.470770263671875000e+01
6.480484771728515625e+01
6.490198516845703125e+01
6.499913024902343750e+01
9.486779022216796875e+01
9.535438537597656250e+01
9.584098815917968750e+01
9.632759094238281250e+01
9.681418609619140625e+01
9.730078887939453125e+01
9.778738403320312500e+01
9.827398681640625000e+01
9.876058197021484375e+01
9.924718475341796875e+01
5.722267150878906250e+01
5.777505874633789062e+01
5.832744598388671875e+01
5.887983322143554688e+01
5.943222045898437500e+01
5.998460388183593750e+01
6.053699493408203125e+01
6.108937835693359375e+01
6.164176940917968750e+01
6.219415283203125000e+01
9.858292388916015625e+01
9.904490661621093750e+01
9.950688934326171875e+01
9.996887207031250000e+01
1.004308471679687500e+02
1.008928298950195312e+02
1.013548126220703125e+02
1.018167877197265625e+02
1.022787704467773438e+02
1.027407531738281250e+02
7.253384399414062500e+01
7.313745880126953125e+01
7.374106597900390625e+01
7.434468078613281250e+01
7.494828796386718750e+01
7.555190277099609375e+01
7.615551757812500000e+01
7.675912475585937500e+01
7.736273956298828125e+01
7.796634674072265625e+01
6.854560089111328125e+01
6.933387756347656250e+01
7.012215423583984375e+01
7.091042327880859375e+01
7.169869995117187500e+01
7.248697662353515625e+01
7.327525329589843750e+01
7.406352233886718750e+01
7.485179901123046875e+01
7.564007568359375000e+01
5.467708969116210938e+01
5.531457901000976562e+01
5.595206451416015625e+01
5.658955383300781250e+01
5.722704315185546875e+01
5.786453247070312500e+01
5.850202178955078125e+01
5.913951110839843750e+01
5.977700042724609375e+01
6.041448974609375000e+01
3.621966552734375000e+01
3.657910537719726562e+01
3.693854522705078125e+01
3.729798126220703125e+01
3.765742111206054688e+01
3.801686096191406250e+01
3.837630081176757812e+01
3.873573684692382812e+01
3.909517669677734375e+01
3.945461654663085938e+01
3.391875839233398438e+01
3.434145736694335938e+01
3.476415634155273438e+01
3.518685531616210938e+01
3.560955429077148438e+01
3.603225326538085938e+01
3.645495223999023438e+01
3.687765121459960938e+01
3.730035018920898438e+01
3.772304534912109375e+01
4.171228790283203125e+01
4.226127624511718750e+01
4.281026840209960938e+01
4.335926055908203125e+01
4.390824890136718750e+01
4.445724105834960938e+01
4.500623321533203125e+01
4.555522155761718750e+01
4.610420989990234375e+01
4.665320587158203125e+01
2.890285491943359375e+01
2.936007690429687500e+01
2.981729888916015625e+01
3.027452087402343750e+01
3.073174285888671875e+01
3.118896484375000000e+01
3.164618682861328125e+01
3.210340881347656250e+01
3.256063079833984375e+01
3.301785278320312500e+01
8.285416412353515625e+01
8.346057128906250000e+01
8.406698608398437500e+01
8.467339324951171875e+01
8.527980041503906250e+01
8.588621520996093750e+01
8.649262237548828125e+01
8.709902954101562500e+01
8.770544433593750000e+01
8.831185150146484375e+01
6.088321685791015625e+01
6.099839401245117188e+01
6.111357116699218750e+01
6.122875213623046875e+01
6.134392929077148438e+01
6.145910644531250000e+01
6.157428741455078125e+01
6.168946456909179688e+01
6.180464553833007812e+01
6.191982269287109375e+01
1.031399078369140625e+02
1.035830383300781250e+02
1.040261688232421875e+02
1.044692916870117188e+02
1.049124145507812500e+02
1.053555450439453125e+02
1.057986679077148438e+02
1.062417907714843750e+02
1.066849212646484375e+02
1.071280517578125000e+02
8.489343261718750000e+01
8.544705200195312500e+01
8.600067138671875000e+01
8.655429077148437500e+01
8.710791015625000000e+01
8.766152954101562500e+01
8.821514892578125000e+01
8.876876831054687500e+01
8.932239532470703125e+01
8.987601470947265625e+01
7.828663635253906250e+01
7.877000427246093750e+01
7.925337982177734375e+01
7.973674774169921875e+01
8.022012329101562500e+01
8.070349121093750000e+01
8.118686676025390625e+01
8.167023468017578125e+01
8.215361022949218750e+01
8.263697814941406250e+01
7.818059539794921875e+01
7.827524566650390625e+01
7.836989593505859375e+01
7.846454620361328125e+01
7.855919647216796875e+01
7.865385437011718750e+01
7.874850463867187500e+01
7.884315490722656250e+01
7.893780517578125000e+01
7.903245544433593750e+01
7.970980834960937500e+01
7.980626678466796875e+01
7.990273284912109375e+01
7.999919128417968750e+01
8.009565734863281250e+01
8.019211578369140625e+01
8.028858184814453125e+01
8.038504028320312500e+01
8.048150634765625000e+01
8.057796478271484375e+01
4.459698486328125000e+01
4.513132095336914062e+01
4.566565704345703125e+01
4.619999313354492188e+01
4.673432922363281250e+01
4.726866531372070312e+01
4.780300140380859375e+01
4.833733749389648438e+01
4.887167358398437500e+01
4.940600967407226562e+01
4.911062240600585938e+01
4.969448852539062500e+01
5.027835845947265625e+01
5.086222839355468750e+01
5.144609451293945312e+01
5.202996063232421875e+01
5.261383056640625000e+01
5.319769668579101562e+01
5.378156280517578125e+01
5.436543273925781250e+01
5.078235626220703125e+01
5.136596298217773438e+01
5.194956970214843750e+01
5.253318023681640625e+01
5.311679077148437500e+01
5.370040130615234375e+01
5.428400802612304688e+01
5.486761474609375000e+01
5.545122528076171875e+01
5.603483581542968750e+01
3.919762039184570312e+01
3.974607849121093750e+01
4.029453659057617188e+01
4.084299468994140625e+01
4.139144897460937500e+01
4.193990707397460938e+01
4.248836517333984375e+01
4.303682327270507812e+01
4.358528137207031250e+01
4.413373565673828125e+01
4.256690216064453125e+01
4.305173492431640625e+01
4.353656387329101562e+01
4.402139282226562500e+01
4.450622558593750000e+01
4.499105453491210938e+01
4.547588348388671875e+01
4.596071624755859375e+01
4.644554901123046875e+01
4.693037414550781250e+01
6.034586334228515625e+01
6.095242309570312500e+01
6.155898284912109375e+01
6.216554260253906250e+01
6.277210235595703125e+01
6.337866210937500000e+01
6.398522186279296875e+01
6.459178161621093750e+01
6.519834136962890625e+01
6.580490875244140625e+01
7.264457702636718750e+01
7.318912506103515625e+01
7.373367309570312500e+01
7.427822113037109375e+01
7.482276916503906250e+01
7.536732482910156250e+01
7.591187286376953125e+01
7.645642089843750000e+01
7.700096893310546875e+01
7.754551696777343750e+01
8.767321777343750000e+01
8.777565765380859375e+01
8.787808990478515625e+01
8.798052978515625000e+01
8.808296203613281250e+01
8.818540191650390625e+01
8.828783416748046875e+01
8.839027404785156250e+01
8.849270629882812500e+01
8.859514617919921875e+01
3.978577423095703125e+01
4.036605072021484375e+01
4.094631958007812500e+01
4.152659606933593750e+01
4.210686874389648438e+01
4.268714141845703125e+01
4.326741790771484375e+01
4.384768676757812500e+01
4.442796325683593750e+01
4.500823211669921875e+01
8.921466064453125000e+01
8.982652282714843750e+01
9.043839263916015625e+01
9.105026245117187500e+01
9.166212463378906250e+01
9.227399444580078125e+01
9.288586425781250000e+01
9.349772644042968750e+01
9.410959625244140625e+01
9.472146606445312500e+01
4.304570007324218750e+01
4.361993408203125000e+01
4.419417572021484375e+01
4.476840972900390625e+01
4.534264755249023438e+01
4.591688537597656250e+01
4.649112319946289062e+01
4.706536102294921875e+01
4.763959884643554688e+01
4.821383666992187500e+01
4.736177825927734375e+01
4.787530517578125000e+01
4.838883209228515625e+01
4.890235900878906250e+01
4.941588592529296875e+01
4.992941284179687500e+01
5.044293975830078125e+01
5.095646286010742188e+01
5.146998977661132812e+01
5.198351287841796875e+01
8.081113433837890625e+01
8.091191864013671875e+01
8.101270294189453125e+01
8.111348724365234375e+01
8.121427154541015625e+01
8.131505584716796875e+01
8.141584014892578125e+01
8.151662445068359375e+01
8.161740875244140625e+01
8.171819305419921875e+01
9.262616729736328125e+01
9.289732360839843750e+01
9.316847229003906250e+01
9.343962860107421875e+01
9.371078491210937500e+01
9.398193359375000000e+01
9.425308990478515625e+01
9.452424621582031250e+01
9.479539489746093750e+01
9.506655120849609375e+01
7.604368591308593750e+01
7.674804687500000000e+01
7.745240020751953125e+01
7.815675354003906250e+01
7.886110687255859375e+01
7.956546020507812500e+01
8.026981353759765625e+01
8.097416687011718750e+01
8.167852783203125000e+01
8.238287353515625000e+01
1.135737380981445312e+02
1.140257568359375000e+02
1.144777832031250000e+02
1.149297943115234375e+02
1.153818206787109375e+02
1.158338394165039062e+02
1.162858581542968750e+02
1.167378845214843750e+02
1.171898956298828125e+02
1.176419219970703125e+02
5.713354492187500000e+01
5.780712127685546875e+01
5.848070526123046875e+01
5.915428543090820312e+01
5.982786560058593750e+01
6.050144577026367188e+01
6.117502593994140625e+01
6.184860992431640625e+01
6.252218627929687500e+01
6.319577026367187500e+01
3.285024261474609375e+01
3.329895782470703125e+01
3.374767684936523438e+01
3.419639205932617188e+01
3.464510726928710938e+01
3.509382247924804688e+01
3.554253768920898438e+01
3.599125289916992188e+01
3.643997192382812500e+01
3.688868713378906250e+01
9.041968536376953125e+01
9.084853363037109375e+01
9.127738189697265625e+01
9.170623016357421875e+01
9.213507843017578125e+01
9.256392669677734375e+01
9.299278259277343750e+01
9.342163085937500000e+01
9.385047912597656250e+01
9.427932739257812500e+01
8.093836975097656250e+01
8.190930175781250000e+01
8.288023376464843750e+01
8.385116577148437500e+01
8.482209777832031250e+01
8.579302978515625000e+01
8.676396179199218750e+01
8.773489379882812500e+01
8.870582580566406250e+01
8.967675781250000000e+01
6.542586517333984375e+01
6.611590576171875000e+01
6.680594635009765625e+01
6.749598693847656250e+01
6.818603515625000000e+01
6.887607574462890625e+01
6.956611633300781250e+01
7.025615692138671875e+01
7.094620513916015625e+01
7.163624572753906250e+01
7.433580017089843750e+01
7.525820922851562500e+01
7.618061065673828125e+01
7.710301208496093750e+01
7.802541351318359375e+01
7.894781494140625000e+01
7.987021636962890625e+01
8.079261779785156250e+01
8.171502685546875000e+01
8.263742828369140625e+01
6.414025878906250000e+01
6.504027557373046875e+01
6.594029235839843750e+01
6.684030914306640625e+01
6.774032592773437500e+01
6.864034271240234375e+01
6.954035949707031250e+01
7.044036865234375000e+01
7.134038543701171875e+01
7.224040222167968750e+01
7.514514923095703125e+01
7.563423156738281250e+01
7.612330627441406250e+01
7.661238861083984375e+01
7.710147094726562500e+01
7.759055328369140625e+01
7.807963562011718750e+01
7.856871795654296875e+01
7.905779266357421875e+01
7.954687500000000000e+01
6.909157562255859375e+01
6.984652709960937500e+01
7.060147857666015625e+01
7.135643005371093750e+01
7.211138916015625000e+01
7.286634063720703125e+01
7.362129211425781250e+01
7.437625122070312500e+01
7.513120269775390625e+01
7.588615417480468750e+01
6.213183212280273438e+01
6.289006805419921875e+01
6.364830398559570312e+01
6.440653991699218750e+01
6.516477203369140625e+01
6.592300415039062500e+01
6.668124389648437500e+01
6.743947601318359375e+01
6.819770812988281250e+01
6.895594787597656250e+01
9.622837829589843750e+01
9.665862274169921875e+01
9.708886718750000000e+01
9.751910400390625000e+01
9.794935607910156250e+01
9.837959289550781250e+01
9.880983734130859375e+01
9.924008178710937500e+01
9.967032623291015625e+01
1.001005706787109375e+02
1.036131820678710938e+02
1.040594329833984375e+02
1.045056762695312500e+02
1.049519195556640625e+02
1.053981704711914062e+02
1.058444213867187500e+02
1.062906646728515625e+02
1.067369079589843750e+02
1.071831512451171875e+02
1.076294021606445312e+02
6.391074371337890625e+01
6.400762176513671875e+01
6.410449981689453125e+01
6.420137786865234375e+01
6.429824829101562500e+01
6.439512634277343750e+01
6.449200439453125000e+01
6.458888244628906250e+01
6.468576049804687500e+01
6.478263854980468750e+01
8.747738647460937500e+01
8.769831085205078125e+01
8.791923522949218750e+01
8.814015960693359375e+01
8.836108398437500000e+01
8.858200836181640625e+01
8.880293273925781250e+01
8.902385711669921875e+01
8.924478149414062500e+01
8.946570587158203125e+01
6.965029907226562500e+01
7.033491516113281250e+01
7.101953125000000000e+01
7.170414733886718750e+01
7.238876342773437500e+01
7.307337951660156250e+01
7.375799560546875000e+01
7.444261169433593750e+01
7.512722778320312500e+01
7.581184387207031250e+01
7.562201690673828125e+01
7.623889923095703125e+01
7.685578155517578125e+01
7.747267150878906250e+01
7.808955383300781250e+01
7.870643615722656250e+01
7.932332611083984375e+01
7.994020843505859375e+01
8.055709838867187500e+01
8.117398071289062500e+01
4.980184173583984375e+01
5.024890899658203125e+01
5.069597244262695312e+01
5.114303588867187500e+01
5.159010314941406250e+01
5.203717041015625000e+01
5.248423767089843750e+01
5.293130111694335938e+01
5.337836837768554688e+01
5.382543182373046875e+01
6.246289062500000000e+01
6.319953918457031250e+01
6.393618774414062500e+01
6.467283630371093750e+01
6.540948486328125000e+01
6.614613342285156250e+01
6.688278961181640625e+01
6.761943817138671875e+01
6.835608673095703125e+01
6.909273529052734375e+01
7.489137268066406250e+01
7.536977386474609375e+01
7.584818267822265625e+01
7.632658386230468750e+01
7.680499267578125000e+01
7.728339385986328125e+01
7.776180267333984375e+01
7.824020385742187500e+01
7.871861267089843750e+01
7.919701385498046875e+01
5.388228225708007812e+01
5.449765014648437500e+01
5.511301422119140625e+01
5.572838592529296875e+01
5.634375000000000000e+01
5.695911788940429688e+01
5.757448577880859375e+01
5.818984985351562500e+01
5.880521774291992188e+01
5.942058563232421875e+01
1.119843368530273438e+02
1.124359817504882812e+02
1.128876190185546875e+02
1.133392639160156250e+02
1.137909088134765625e+02
1.142425537109375000e+02
1.146941986083984375e+02
1.151458435058593750e+02
1.155974884033203125e+02
1.160491256713867188e+02
5.686343765258789062e+01
5.750329971313476562e+01
5.814316177368164062e+01
5.878302383422851562e+01
5.942288589477539062e+01
6.006274795532226562e+01
6.070261001586914062e+01
6.134247207641601562e+01
6.198233413696289062e+01
6.262219619750976562e+01
8.914369201660156250e+01
8.983264160156250000e+01
9.052159881591796875e+01
9.121054840087890625e+01
9.189950561523437500e+01
9.258845520019531250e+01
9.327740478515625000e+01
9.396636199951171875e+01
9.465531158447265625e+01
9.534426879882812500e+01
5.092319107055664062e+01
5.135873031616210938e+01
5.179426956176757812e+01
5.222981262207031250e+01
5.266535186767578125e+01
5.310089111328125000e+01
5.353643035888671875e+01
5.397196960449218750e+01
5.440750885009765625e+01
5.484304809570312500e+01
1.145360717773437500e+02
1.149559783935546875e+02
1.153758773803710938e+02
1.157957839965820312e+02
1.162156906127929688e+02
1.166355895996093750e+02
1.170554962158203125e+02
1.174754028320312500e+02
1.178953094482421875e+02
1.183152160644531250e+02
8.469168090820312500e+01
8.523370361328125000e+01
8.577572631835937500e+01
8.631774139404296875e+01
8.685975646972656250e+01
8.740177917480468750e+01
8.794380187988281250e+01
8.848581695556640625e+01
8.902783203125000000e+01
8.956985473632812500e+01
7.622243499755859375e+01
7.682825469970703125e+01
7.743407440185546875e+01
7.803989410400390625e+01
7.864571380615234375e+01
7.925153350830078125e+01
7.985735321044921875e+01
8.046317291259765625e+01
8.106899261474609375e+01
8.167481231689453125e+01
8.468029785156250000e+01
8.512690734863281250e+01
8.557351684570312500e+01
8.602012634277343750e+01
8.646673583984375000e+01
8.691335296630859375e+01
8.735996246337890625e+01
8.780657196044921875e+01
8.825318145751953125e+01
8.869979858398437500e+01
5.926630783081054688e+01
5.984468460083007812e+01
6.042306137084960938e+01
6.100143814086914062e+01
6.157981491088867188e+01
6.215819549560546875e+01
6.273657226562500000e+01
6.331494903564453125e+01
6.389332580566406250e+01
6.447170257568359375e+01
6.698001861572265625e+01
6.762722778320312500e+01
6.827442932128906250e+01
6.892163848876953125e+01
6.956884765625000000e+01
7.021604919433593750e+01
7.086325836181640625e+01
7.151046752929687500e+01
7.215766906738281250e+01
7.280487823486328125e+01
1.006541442871093750e+02
1.011367492675781250e+02
1.016193466186523438e+02
1.021019439697265625e+02
1.025845489501953125e+02
1.030671539306640625e+02
1.035497512817382812e+02
1.040323486328125000e+02
1.045149536132812500e+02
1.049975585937500000e+02
3.033319091796875000e+01
3.079354858398437500e+01
3.125390243530273438e+01
3.171425628662109375e+01
3.217461013793945312e+01
3.263496780395507812e+01
3.309532165527343750e+01
3.355567550659179688e+01
3.401602935791015625e+01
3.447638320922851562e+01
9.539651489257812500e+01
9.579434204101562500e+01
9.619216156005859375e+01
9.658998870849609375e+01
9.698781585693359375e+01
9.738564300537109375e+01
9.778347015380859375e+01
9.818129730224609375e+01
9.857911682128906250e+01
9.897694396972656250e+01
6.070912170410156250e+01
6.121771621704101562e+01
6.172631072998046875e+01
6.223490524291992188e+01
6.274350357055664062e+01
6.325209808349609375e+01
6.376069259643554688e+01
6.426928710937500000e+01
6.477788543701171875e+01
6.528648376464843750e+01
1.041333084106445312e+02
1.045366210937500000e+02
1.049399261474609375e+02
1.053432464599609375e+02
1.057465515136718750e+02
1.061498718261718750e+02
1.065531768798828125e+02
1.069564971923828125e+02
1.073598022460937500e+02
1.077631149291992188e+02
5.668542480468750000e+01
5.733557891845703125e+01
5.798573303222656250e+01
5.863588714599609375e+01
5.928604125976562500e+01
5.993619537353515625e+01
6.058634948730468750e+01
6.123650360107421875e+01
6.188665771484375000e+01
6.253681182861328125e+01
4.190597152709960938e+01
4.237470245361328125e+01
4.284342956542968750e+01
4.331216049194335938e+01
4.378089141845703125e+01
4.424961853027343750e+01
4.471834945678710938e+01
4.518708038330078125e+01
4.565580749511718750e+01
4.612453842163085938e+01
6.237994003295898438e+01
6.300268936157226562e+01
6.362544250488281250e+01
6.424819183349609375e+01
6.487094116210937500e+01
6.549369812011718750e+01
6.611644744873046875e+01
6.673919677734375000e+01
6.736194610595703125e+01
6.798470306396484375e+01
8.873650360107421875e+01
8.918206787109375000e+01
8.962762451171875000e+01
9.007318878173828125e+01
9.051875305175781250e+01
9.096431732177734375e+01
9.140988159179687500e+01
9.185543823242187500e+01
9.230100250244140625e+01
9.274656677246093750e+01
8.295693969726562500e+01
8.356204986572265625e+01
8.416716003417968750e+01
8.477227020263671875e+01
8.537738037109375000e+01
8.598249053955078125e+01
8.658760070800781250e+01
8.719271087646484375e+01
8.779782104492187500e+01
8.840293121337890625e+01
8.031546020507812500e+01
8.088651275634765625e+01
8.145756530761718750e+01
8.202861022949218750e+01
8.259966278076171875e+01
8.317071533203125000e+01
8.374176788330078125e+01
8.431281280517578125e+01
8.488386535644531250e+01
8.545491790771484375e+01
9.053652191162109375e+01
9.108708190917968750e+01
9.163764190673828125e+01
9.218820190429687500e+01
9.273875427246093750e+01
9.328931427001953125e+01
9.383987426757812500e+01
9.439043426513671875e+01
9.494099426269531250e+01
9.549154663085937500e+01
7.477729034423828125e+01
7.535375976562500000e+01
7.593022918701171875e+01
7.650669860839843750e+01
7.708316802978515625e+01
7.765963745117187500e+01
7.823610687255859375e+01
7.881257629394531250e+01
7.938904571533203125e+01
7.996551513671875000e+01
9.272864532470703125e+01
9.320697784423828125e+01
9.368531036376953125e+01
9.416364288330078125e+01
9.464197540283203125e+01
9.512030029296875000e+01
9.559863281250000000e+01
9.607696533203125000e+01
9.655529785156250000e+01
9.703363037109375000e+01
9.854032135009765625e+01
9.893934631347656250e+01
9.933837127685546875e+01
9.973739624023437500e+01
1.001364212036132812e+02
1.005354461669921875e+02
1.009344711303710938e+02
1.013334960937500000e+02
1.017325210571289062e+02
1.021315460205078125e+02
6.655255126953125000e+01
6.718730926513671875e+01
6.782205963134765625e+01
6.845681762695312500e+01
6.909156799316406250e+01
6.972631835937500000e+01
7.036107635498046875e+01
7.099582672119140625e+01
7.163058471679687500e+01
7.226533508300781250e+01
5.618295669555664062e+01
5.679058837890625000e+01
5.739821624755859375e+01
5.800584793090820312e+01
5.861347961425781250e+01
5.922111129760742188e+01
5.982874298095703125e+01
6.043637084960937500e+01
6.104400253295898438e+01
6.165163421630859375e+01
7.677472686767578125e+01
7.738446044921875000e+01
7.799420166015625000e+01
7.860393524169921875e+01
7.921366882324218750e+01
7.982340240478515625e+01
8.043313598632812500e+01
8.104286956787109375e+01
8.165260314941406250e+01
8.226234436035156250e+01
4.007821273803710938e+01
4.062533569335937500e+01
4.117245483398437500e+01
4.171957397460937500e+01
4.226669311523437500e+01
4.281381607055664062e+01
4.336093902587890625e+01
4.390805816650390625e+01
4.445517730712890625e+01
4.500230026245117188e+01
4.054738616943359375e+01
4.117391204833984375e+01
4.180044174194335938e+01
4.242697143554687500e+01
4.305349731445312500e+01
4.368002319335937500e+01
4.430655288696289062e+01
4.493308258056640625e+01
4.555960845947265625e+01
4.618613433837890625e+01
8.062139892578125000e+01
8.071794128417968750e+01
8.081449127197265625e+01
8.091104125976562500e+01
8.100758361816406250e+01
8.110413360595703125e+01
8.120067596435546875e+01
8.129722595214843750e+01
8.139376831054687500e+01
8.149031829833984375e+01
8.118109130859375000e+01
8.127801513671875000e+01
8.137494659423828125e+01
8.147187042236328125e+01
8.156879425048828125e+01
8.166571807861328125e+01
8.176264953613281250e+01
8.185957336425781250e+01
8.195649719238281250e+01
8.205342102050781250e+01
4.488538360595703125e+01
4.534584045410156250e+01
4.580630493164062500e+01
4.626676177978515625e+01
4.672722625732421875e+01
4.718768692016601562e+01
4.764814758300781250e+01
4.810860824584960938e+01
4.856906890869140625e+01
4.902953338623046875e+01
4.146458435058593750e+01
4.210891723632812500e+01
4.275324630737304688e+01
4.339757537841796875e+01
4.404190826416015625e+01
4.468623733520507812e+01
4.533056640625000000e+01
4.597489929199218750e+01
4.661922454833984375e+01
4.726355743408203125e+01
9.675817871093750000e+01
9.736878967285156250e+01
9.797940826416015625e+01
9.859002685546875000e+01
9.920064544677734375e+01
9.981126403808593750e+01
1.004218750000000000e+02
1.010325012207031250e+02
1.016431121826171875e+02
1.022537307739257812e+02
4.798556518554687500e+01
4.838625335693359375e+01
4.878693771362304688e+01
4.918762207031250000e+01
4.958831024169921875e+01
4.998899841308593750e+01
5.038968658447265625e+01
5.079037094116210938e+01
5.119105529785156250e+01
5.159174346923828125e+01
5.586885070800781250e+01
5.626490783691406250e+01
5.666096115112304688e+01
5.705701828002929688e+01
5.745307540893554688e+01
5.784912872314453125e+01
5.824518585205078125e+01
5.864124298095703125e+01
5.903730010986328125e+01
5.943335342407226562e+01
6.408340454101562500e+01
6.473093414306640625e+01
6.537846374511718750e+01
6.602599334716796875e+01
6.667352294921875000e+01
6.732105255126953125e+01
6.796858215332031250e+01
6.861610412597656250e+01
6.926363372802734375e+01
6.991116333007812500e+01
8.123889923095703125e+01
8.180575561523437500e+01
8.237260437011718750e+01
8.293946075439453125e+01
8.350631713867187500e+01
8.407316589355468750e+01
8.464002227783203125e+01
8.520687103271484375e+01
8.577372741699218750e+01
8.634057617187500000e+01
3.886256408691406250e+01
3.958370590209960938e+01
4.030484390258789062e+01
4.102598571777343750e+01
4.174712371826171875e+01
4.246826171875000000e+01
4.318939971923828125e+01
4.391054153442382812e+01
4.463168334960937500e+01
4.535282135009765625e+01
9.271525573730468750e+01
9.336853027343750000e+01
9.402180480957031250e+01
9.467508697509765625e+01
9.532836151123046875e+01
9.598164367675781250e+01
9.663491821289062500e+01
9.728819274902343750e+01
9.794147491455078125e+01
9.859474945068359375e+01
8.686870574951171875e+01
8.738129425048828125e+01
8.789389038085937500e+01
8.840647888183593750e+01
8.891906738281250000e+01
8.943165588378906250e+01
8.994425201416015625e+01
9.045684051513671875e+01
9.096942901611328125e+01
9.148202514648437500e+01
6.221346282958984375e+01
6.231713485717773438e+01
6.242080688476562500e+01
6.252447509765625000e+01
6.262814712524414062e+01
6.273181915283203125e+01
6.283548736572265625e+01
6.293915939331054688e+01
6.304282760620117188e+01
6.314649963378906250e+01
6.938465881347656250e+01
7.023490142822265625e+01
7.108514404296875000e+01
7.193538665771484375e+01
7.278562927246093750e+01
7.363587188720703125e+01
7.448611450195312500e+01
7.533635711669921875e+01
7.618659973144531250e+01
7.703684234619140625e+01
9.166983795166015625e+01
9.214182281494140625e+01
9.261381530761718750e+01
9.308580017089843750e+01
9.355778503417968750e+01
9.402976989746093750e+01
9.450176239013671875e+01
9.497374725341796875e+01
9.544573974609375000e+01
9.591772460937500000e+01
5.046479034423828125e+01
5.103440856933593750e+01
5.160402679443359375e+01
5.217364120483398438e+01
5.274325561523437500e+01
5.331287384033203125e+01
5.388248825073242188e+01
5.445210266113281250e+01
5.502172088623046875e+01
5.559133911132812500e+01
1.003921051025390625e+02
1.008858871459960938e+02
1.013796691894531250e+02
1.018734436035156250e+02
1.023672180175781250e+02
1.028610000610351562e+02
1.033547744750976562e+02
1.038485565185546875e+02
1.043423309326171875e+02
1.048361053466796875e+02
4.871239471435546875e+01
4.942969131469726562e+01
5.014698791503906250e+01
5.086428833007812500e+01
5.158158493041992188e+01
5.229888153076171875e+01
5.301618194580078125e+01
5.373347473144531250e+01
5.445077514648437500e+01
5.516807174682617188e+01
6.365643310546875000e+01
6.410601043701171875e+01
6.455558776855468750e+01
6.500515747070312500e+01
6.545473480224609375e+01
6.590430450439453125e+01
6.635388183593750000e+01
6.680345916748046875e+01
6.725302886962890625e+01
6.770260620117187500e+01
3.155830383300781250e+01
3.198841476440429688e+01
3.241852569580078125e+01
3.284863662719726562e+01
3.327874374389648438e+01
3.370885467529296875e+01
3.413896560668945312e+01
3.456907653808593750e+01
3.499918746948242188e+01
3.542929840087890625e+01
9.292876434326171875e+01
9.315789794921875000e+01
9.338703918457031250e+01
9.361618041992187500e+01
9.384532165527343750e+01
9.407446289062500000e+01
9.430359649658203125e+01
9.453273773193359375e+01
9.476187896728515625e+01
9.499101257324218750e+01
5.677996444702148438e+01
5.759011459350585938e+01
5.840026473999023438e+01
5.921041488647460938e+01
6.002056503295898438e+01
6.083071517944335938e+01
6.164086532592773438e+01
6.245101547241210938e+01
6.326116561889648438e+01
6.407131958007812500e+01
4.186411285400390625e+01
4.244512176513671875e+01
4.302613449096679688e+01
4.360714721679687500e+01
4.418815612792968750e+01
4.476916503906250000e+01
4.535017776489257812e+01
4.593119049072265625e+01
4.651219940185546875e+01
4.709321212768554688e+01
1.012191925048828125e+02
1.016295623779296875e+02
1.020399246215820312e+02
1.024502868652343750e+02
1.028606567382812500e+02
1.032710189819335938e+02
1.036813812255859375e+02
1.040917510986328125e+02
1.045021133422851562e+02
1.049124755859375000e+02
3.905454254150390625e+01
3.972279357910156250e+01
4.039104461669921875e+01
4.105929565429687500e+01
4.172754669189453125e+01
4.239579772949218750e+01
4.306404495239257812e+01
4.373229598999023438e+01
4.440054321289062500e+01
4.506879425048828125e+01
3.987060928344726562e+01
4.034970092773437500e+01
4.082879638671875000e+01
4.130788421630859375e+01
4.178697967529296875e+01
4.226607131958007812e+01
4.274516296386718750e+01
4.322425460815429688e+01
4.370334625244140625e+01
4.418244171142578125e+01
1.116606292724609375e+02
1.121642303466796875e+02
1.126678237915039062e+02
1.131714172363281250e+02
1.136750183105468750e+02
1.141786193847656250e+02
1.146822128295898438e+02
1.151858139038085938e+02
1.156894073486328125e+02
1.161930084228515625e+02
4.479949188232421875e+01
4.526057815551757812e+01
4.572166442871093750e+01
4.618274688720703125e+01
4.664383697509765625e+01
4.710491943359375000e+01
4.756600570678710938e+01
4.802709197998046875e+01
4.848817825317382812e+01
4.894926452636718750e+01
7.957540893554687500e+01
8.028504180908203125e+01
8.099467468261718750e+01
8.170430755615234375e+01
8.241394042968750000e+01
8.312357330322265625e+01
8.383320617675781250e+01
8.454283142089843750e+01
8.525246429443359375e+01
8.596209716796875000e+01
7.185151672363281250e+01
7.259645080566406250e+01
7.334138488769531250e+01
7.408632659912109375e+01
7.483126068115234375e+01
7.557619476318359375e+01
7.632113647460937500e+01
7.706607055664062500e+01
7.781101226806640625e+01
7.855594635009765625e+01
9.575685119628906250e+01
9.622060394287109375e+01
9.668435668945312500e+01
9.714811706542968750e+01
9.761186981201171875e+01
9.807562255859375000e+01
9.853938293457031250e+01
9.900313568115234375e+01
9.946688842773437500e+01
9.993064880371093750e+01
5.638069915771484375e+01
5.692885208129882812e+01
5.747700500488281250e+01
5.802516174316406250e+01
5.857331466674804688e+01
5.912146759033203125e+01
5.966962051391601562e+01
6.021777343750000000e+01
6.076593017578125000e+01
6.131408309936523438e+01
7.210486602783203125e+01
7.282851409912109375e+01
7.355216979980468750e+01
7.427581787109375000e+01
7.499947357177734375e+01
7.572312164306640625e+01
7.644677734375000000e+01
7.717042541503906250e+01
7.789407348632812500e+01
7.861772918701171875e+01
6.003491973876953125e+01
6.065175247192382812e+01
6.126858520507812500e+01
6.188541793823242188e+01
6.250225067138671875e+01
6.311907958984375000e+01
6.373591613769531250e+01
6.435274505615234375e+01
6.496958160400390625e+01
6.558641052246093750e+01
5.961455535888671875e+01
6.043691635131835938e+01
6.125927734375000000e+01
6.208164215087890625e+01
6.290399932861328125e+01
6.372636413574218750e+01
6.454872131347656250e+01
6.537108612060546875e+01
6.619344329833984375e+01
6.701580810546875000e+01
6.925795745849609375e+01
6.983070373535156250e+01
7.040345764160156250e+01
7.097620391845703125e+01
7.154895782470703125e+01
7.212171173095703125e+01
7.269445800781250000e+01
7.326721191406250000e+01
7.383995819091796875e+01
7.441271209716796875e+01
5.927382659912109375e+01
5.981183242797851562e+01
6.034983825683593750e+01
6.088784790039062500e+01
6.142585754394531250e+01
6.196386337280273438e+01
6.250186920166015625e+01
6.303987884521484375e+01
6.357788467407226562e+01
6.411589050292968750e+01
4.523251342773437500e+01
4.562141418457031250e+01
4.601031875610351562e+01
4.639922332763671875e+01
4.678812789916992188e+01
4.717703247070312500e+01
4.756593322753906250e+01
4.795484161376953125e+01
4.834374237060546875e+01
4.873265075683593750e+01
7.296407318115234375e+01
7.349310302734375000e+01
7.402213287353515625e+01
7.455116271972656250e+01
7.508019256591796875e+01
7.560922241210937500e+01
7.613825225830078125e+01
7.666728210449218750e+01
7.719631195068359375e+01
7.772534179687500000e+01
8.003128814697265625e+01
8.082635498046875000e+01
8.162142944335937500e+01
8.241650390625000000e+01
8.321157073974609375e+01
8.400664520263671875e+01
8.480171966552734375e+01
8.559678649902343750e+01
8.639186096191406250e+01
8.718693542480468750e+01
9.664346313476562500e+01
9.703105163574218750e+01
9.741864776611328125e+01
9.780623626708984375e+01
9.819383239746093750e+01
9.858142852783203125e+01
9.896901702880859375e+01
9.935661315917968750e+01
9.974420166015625000e+01
1.001317977905273438e+02
6.814319610595703125e+01
6.883502197265625000e+01
6.952685546875000000e+01
7.021868896484375000e+01
7.091052246093750000e+01
7.160235595703125000e+01
7.229418182373046875e+01
7.298601531982421875e+01
7.367784881591796875e+01
7.436968231201171875e+01
5.692200851440429688e+01
5.731014251708984375e+01
5.769827651977539062e+01
5.808641052246093750e+01
5.847454452514648438e+01
5.886267852783203125e+01
5.925080871582031250e+01
5.963894653320312500e+01
6.002707672119140625e+01
6.041521072387695312e+01
9.821542358398437500e+01
9.880292510986328125e+01
9.939042663574218750e+01
9.997792053222656250e+01
1.005654220581054688e+02
1.011529235839843750e+02
1.017404174804687500e+02
1.023279190063476562e+02
1.029154205322265625e+02
1.035029144287109375e+02
7.410121154785156250e+01
7.460591888427734375e+01
7.511062622070312500e+01
7.561532592773437500e+01
7.612003326416015625e+01
7.662473297119140625e+01
7.712944030761718750e+01
7.763414764404296875e+01
7.813884735107421875e+01
7.864355468750000000e+01
6.069862365722656250e+01
6.143865585327148438e+01
6.217868804931640625e+01
6.291872406005859375e+01
6.365875625610351562e+01
6.439878845214843750e+01
6.513882446289062500e+01
6.587885284423828125e+01
6.661888885498046875e+01
6.735891723632812500e+01
6.655729675292968750e+01
6.744568634033203125e+01
6.833407592773437500e+01
6.922245788574218750e+01
7.011084747314453125e+01
7.099922943115234375e+01
7.188761901855468750e+01
7.277600860595703125e+01
7.366439056396484375e+01
7.455278015136718750e+01
4.105742263793945312e+01
4.162735748291015625e+01
4.219729614257812500e+01
4.276722717285156250e+01
4.333716583251953125e+01
4.390710067749023438e+01
4.447703552246093750e+01
4.504697418212890625e+01
4.561690902709960938e+01
4.618684387207031250e+01
8.433930969238281250e+01
8.490295410156250000e+01
8.546659851074218750e+01
8.603024291992187500e+01
8.659388732910156250e+01
8.715753173828125000e+01
8.772117614746093750e+01
8.828482055664062500e+01
8.884846496582031250e+01
8.941210937500000000e+01
7.669677734375000000e+01
7.726950836181640625e+01
7.784223937988281250e+01
7.841497039794921875e+01
7.898769378662109375e+01
7.956042480468750000e+01
8.013315582275390625e+01
8.070587921142578125e+01
8.127861022949218750e+01
8.185134124755859375e+01
6.044055175781250000e+01
6.128600311279296875e+01
6.213145446777343750e+01
6.297690582275390625e+01
6.382235717773437500e+01
6.466780853271484375e+01
6.551325988769531250e+01
6.635871124267578125e+01
6.720416259765625000e+01
6.804961395263671875e+01
9.569963836669921875e+01
9.613267517089843750e+01
9.656571197509765625e+01
9.699874877929687500e+01
9.743179321289062500e+01
9.786483001708984375e+01
9.829786682128906250e+01
9.873091125488281250e+01
9.916394805908203125e+01
9.959698486328125000e+01
5.177540588378906250e+01
5.224041366577148438e+01
5.270542144775390625e+01
5.317042922973632812e+01
5.363543701171875000e+01
5.410044860839843750e+01
5.456545257568359375e+01
5.503046417236328125e+01
5.549546813964843750e+01
5.596047973632812500e+01
7.784693908691406250e+01
7.839361572265625000e+01
7.894028472900390625e+01
7.948695373535156250e+01
8.003363037109375000e+01
8.058029937744140625e+01
8.112696838378906250e+01
8.167364501953125000e+01
8.222031402587890625e+01
8.276698303222656250e+01
8.455077362060546875e+01
8.510395050048828125e+01
8.565711975097656250e+01
8.621029663085937500e+01
8.676346588134765625e+01
8.731664276123046875e+01
8.786981964111328125e+01
8.842298889160156250e+01
8.897616577148437500e+01
8.952934265136718750e+01
6.686927032470703125e+01
6.754113006591796875e+01
6.821298980712890625e+01
6.888484954833984375e+01
6.955670928955078125e+01
7.022856903076171875e+01
7.090042877197265625e+01
7.157228851318359375e+01
7.224414825439453125e+01
7.291600799560546875e+01
8.388188171386718750e+01
8.433562469482421875e+01
8.478936767578125000e+01
8.524311065673828125e+01
8.569685363769531250e+01
8.615059661865234375e+01
8.660433959960937500e+01
8.705807495117187500e+01
8.751181793212890625e+01
8.796556091308593750e+01
5.060123825073242188e+01
5.130069351196289062e+01
5.200014495849609375e+01
5.269960021972656250e+01
5.339905548095703125e+01
5.409851074218750000e+01
5.479796600341796875e+01
5.549742126464843750e+01
5.619687652587890625e+01
5.689632797241210938e+01
4.780470275878906250e+01
4.842961120605468750e+01
4.905451583862304688e+01
4.967942047119140625e+01
5.030432891845703125e+01
5.092923736572265625e+01
5.155414199829101562e+01
5.217904663085937500e+01
5.280395507812500000e+01
5.342886352539062500e+01
3.048686218261718750e+01
3.095887374877929688e+01
3.143088531494140625e+01
3.190289688110351562e+01
3.237490844726562500e+01
3.284692001342773438e+01
3.331893157958984375e+01
3.379094314575195312e+01
3.426295471191406250e+01
3.473496627807617188e+01
7.737832641601562500e+01
7.805419921875000000e+01
7.873006439208984375e+01
7.940593719482421875e+01
8.008180999755859375e+01
8.075768280029296875e+01
8.143355560302734375e+01
8.210942077636718750e+01
8.278529357910156250e+01
8.346116638183593750e+01
9.370881652832031250e+01
9.419238281250000000e+01
9.467595672607421875e+01
9.515952301025390625e+01
9.564309692382812500e+01
9.612666320800781250e+01
9.661022949218750000e+01
9.709380340576171875e+01
9.757736968994140625e+01
9.806094360351562500e+01
5.689056396484375000e+01
5.742957687377929688e+01
5.796858978271484375e+01
5.850760650634765625e+01
5.904662322998046875e+01
5.958563613891601562e+01
6.012465286254882812e+01
6.066366577148437500e+01
6.120268249511718750e+01
6.174169921875000000e+01
4.745658111572265625e+01
4.787632369995117188e+01
4.829606628417968750e+01
4.871580505371093750e+01
4.913554382324218750e+01
4.955528259277343750e+01
4.997502136230468750e+01
5.039476394653320312e+01
5.081450653076171875e+01
5.123424530029296875e+01
4.911684799194335938e+01
4.967198562622070312e+01
5.022711944580078125e+01
5.078225708007812500e+01
5.133739471435546875e+01
5.189253234863281250e+01
5.244766998291015625e+01
5.300280761718750000e+01
5.355794525146484375e+01
5.411308288574218750e+01
9.434174346923828125e+01
9.476371765136718750e+01
9.518569946289062500e+01
9.560768127441406250e+01
9.602965545654296875e+01
9.645163726806640625e+01
9.687361145019531250e+01
9.729559326171875000e+01
9.771757507324218750e+01
9.813954925537109375e+01
7.727728271484375000e+01
7.786466979980468750e+01
7.845204925537109375e+01
7.903942871093750000e+01
7.962681579589843750e+01
8.021419525146484375e+01
8.080158233642578125e+01
8.138896179199218750e+01
8.197634887695312500e+01
8.256372833251953125e+01
5.855251312255859375e+01
5.944653320312500000e+01
6.034055328369140625e+01
6.123457336425781250e+01
6.212859344482421875e+01
6.302261352539062500e+01
6.391663360595703125e+01
6.481065368652343750e+01
6.570467376708984375e+01
6.659869384765625000e+01
4.915314483642578125e+01
4.964181137084960938e+01
5.013047790527343750e+01
5.061914825439453125e+01
5.110781478881835938e+01
5.159648132324218750e+01
5.208515167236328125e+01
5.257381820678710938e+01
5.306248474121093750e+01
5.355115509033203125e+01
6.677759552001953125e+01
6.744155883789062500e+01
6.810552978515625000e+01
6.876949310302734375e+01
6.943345642089843750e+01
7.009741973876953125e+01
7.076138305664062500e+01
7.142535400390625000e+01
7.208931732177734375e+01
7.275328063964843750e+01
6.340476608276367188e+01
6.423533630371093750e+01
6.506590270996093750e+01
6.589646911621093750e+01
6.672704315185546875e+01
6.755760955810546875e+01
6.838817596435546875e+01
6.921874237060546875e+01
7.004931640625000000e+01
7.087988281250000000e+01
6.256378173828125000e+01
6.310485839843750000e+01
6.364593505859375000e+01
6.418701171875000000e+01
6.472808074951171875e+01
6.526915740966796875e+01
6.581023406982421875e+01
6.635131072998046875e+01
6.689238739013671875e+01
6.743346405029296875e+01
4.846170806884765625e+01
4.921919631958007812e+01
4.997668457031250000e+01
5.073417663574218750e+01
5.149166870117187500e+01
5.224915695190429688e+01
5.300664520263671875e+01
5.376413726806640625e+01
5.452162933349609375e+01
5.527911758422851562e+01
9.772848510742187500e+01
9.823979949951171875e+01
9.875111389160156250e+01
9.926242828369140625e+01
9.977374267578125000e+01
1.002850570678710938e+02
1.007963714599609375e+02
1.013076782226562500e+02
1.018190002441406250e+02
1.023303070068359375e+02
5.849857711791992188e+01
5.911047363281250000e+01
5.972237396240234375e+01
6.033426666259765625e+01
6.094616699218750000e+01
6.155806350708007812e+01
6.216996002197265625e+01
6.278185653686523438e+01
6.339375305175781250e+01
6.400565338134765625e+01
4.752169036865234375e+01
4.780522918701171875e+01
4.808876800537109375e+01
4.837230682373046875e+01
4.865584564208984375e+01
4.893938446044921875e+01
4.922292327880859375e+01
4.950646209716796875e+01
4.979000091552734375e+01
5.007353973388671875e+01
7.240563964843750000e+01
7.303476715087890625e+01
7.366388702392578125e+01
7.429300689697265625e+01
7.492213439941406250e+01
7.555125427246093750e+01
7.618038177490234375e+01
7.680950164794921875e+01
7.743862152099609375e+01
7.806774902343750000e+01
7.229965209960937500e+01
7.333087158203125000e+01
7.436209106445312500e+01
7.539331054687500000e+01
7.642453002929687500e+01
7.745575714111328125e+01
7.848697662353515625e+01
7.951819610595703125e+01
8.054941558837890625e+01
8.158064270019531250e+01
8.670550537109375000e+01
8.745127868652343750e+01
8.819705200195312500e+01
8.894282531738281250e+01
8.968860626220703125e+01
9.043437957763671875e+01
9.118015289306640625e+01
9.192592620849609375e+01
9.267170715332031250e+01
9.341748046875000000e+01
8.299035644531250000e+01
8.358991241455078125e+01
8.418946838378906250e+01
8.478901672363281250e+01
8.538857269287109375e+01
8.598812103271484375e+01
8.658767700195312500e+01
8.718722534179687500e+01
8.778678131103515625e+01
8.838633728027343750e+01
8.205164337158203125e+01
8.272948455810546875e+01
8.340731811523437500e+01
8.408515167236328125e+01
8.476298522949218750e+01
8.544081878662109375e+01
8.611865234375000000e+01
8.679649353027343750e+01
8.747432708740234375e+01
8.815216064453125000e+01
1.082270050048828125e+02
1.086410522460937500e+02
1.090550842285156250e+02
1.094691162109375000e+02
1.098831558227539062e+02
1.102971954345703125e+02
1.107112274169921875e+02
1.111252593994140625e+02
1.115392990112304688e+02
1.119533386230468750e+02
3.945608520507812500e+01
4.004434967041015625e+01
4.063261413574218750e+01
4.122087860107421875e+01
4.180914306640625000e+01
4.239740753173828125e+01
4.298567199707031250e+01
4.357393646240234375e+01
4.416220092773437500e+01
4.475046539306640625e+01
5.171240234375000000e+01
5.217102813720703125e+01
5.262966156005859375e+01
5.308828735351562500e+01
5.354692077636718750e+01
5.400554656982421875e+01
5.446417617797851562e+01
5.492280578613281250e+01
5.538143539428710938e+01
5.584006500244140625e+01
9.112500000000000000e+01
9.164608764648437500e+01
9.216717529296875000e+01
9.268826293945312500e+01
9.320935821533203125e+01
9.373044586181640625e+01
9.425153350830078125e+01
9.477262878417968750e+01
9.529371643066406250e+01
9.581480407714843750e+01
1.018224639892578125e+02
1.023387298583984375e+02
1.028550109863281250e+02
1.033712768554687500e+02
1.038875503540039062e+02
1.044038238525390625e+02
1.049200973510742188e+02
1.054363708496093750e+02
1.059526367187500000e+02
1.064689178466796875e+02
3.721714401245117188e+01
3.776860046386718750e+01
3.832006072998046875e+01
3.887152099609375000e+01
3.942297744750976562e+01
3.997443771362304688e+01
4.052589416503906250e+01
4.107735443115234375e+01
4.162881469726562500e+01
4.218027114868164062e+01
5.968087387084960938e+01
6.024527359008789062e+01
6.080967712402343750e+01
6.137407684326171875e+01
6.193847656250000000e+01
6.250288009643554688e+01
6.306727981567382812e+01
6.363168334960937500e+01
6.419608306884765625e+01
6.476048278808593750e+01
1.595882415771484375e+01
1.643367385864257812e+01
1.690852355957031250e+01
1.738337707519531250e+01
1.785822677612304688e+01
1.833307647705078125e+01
1.880792999267578125e+01
1.928277969360351562e+01
1.975762939453125000e+01
2.023248291015625000e+01
5.851689147949218750e+01
5.940937042236328125e+01
6.030185317993164062e+01
6.119433212280273438e+01
6.208681106567382812e+01
6.297929000854492188e+01
6.387176895141601562e+01
6.476424407958984375e+01
6.565672302246093750e+01
6.654920196533203125e+01
4.339028930664062500e+01
4.410857009887695312e+01
4.482685852050781250e+01
4.554513931274414062e+01
4.626342010498046875e+01
4.698170471191406250e+01
4.769998931884765625e+01
4.841826629638671875e+01
4.913655090332031250e+01
4.985483551025390625e+01
9.252648925781250000e+01
9.294491577148437500e+01
9.336334228515625000e+01
9.378176879882812500e+01
9.420019531250000000e+01
9.461862182617187500e+01
9.503704833984375000e+01
9.545547485351562500e+01
9.587390136718750000e+01
9.629232788085937500e+01
5.205318069458007812e+01
5.256131362915039062e+01
5.306944274902343750e+01
5.357757568359375000e+01
5.408570861816406250e+01
5.459384155273437500e+01
5.510197448730468750e+01
5.561010360717773438e+01
5.611823654174804688e+01
5.662636566162109375e+01
8.743603515625000000e+01
8.814096832275390625e+01
8.884590148925781250e+01
8.955083465576171875e+01
9.025576782226562500e+01
9.096070098876953125e+01
9.166563415527343750e+01
9.237056732177734375e+01
9.307550048828125000e+01
9.378042602539062500e+01
6.932784271240234375e+01
7.002864837646484375e+01
7.072944641113281250e+01
7.143025207519531250e+01
7.213105773925781250e+01
7.283186340332031250e+01
7.353266906738281250e+01
7.423347473144531250e+01
7.493427276611328125e+01
7.563507843017578125e+01
6.698876190185546875e+01
6.754795074462890625e+01
6.810713195800781250e+01
6.866632080078125000e+01
6.922550201416015625e+01
6.978468322753906250e+01
7.034387207031250000e+01
7.090305328369140625e+01
7.146224212646484375e+01
7.202142333984375000e+01
7.902349090576171875e+01
7.941253662109375000e+01
7.980158996582031250e+01
8.019063568115234375e+01
8.057968139648437500e+01
8.096873474121093750e+01
8.135778045654296875e+01
8.174682617187500000e+01
8.213587951660156250e+01
8.252492523193359375e+01
9.646755981445312500e+01
9.710427856445312500e+01
9.774099731445312500e+01
9.837771606445312500e+01
9.901444244384765625e+01
9.965116119384765625e+01
1.002878875732421875e+02
1.009246063232421875e+02
1.015613250732421875e+02
1.021980514526367188e+02
6.751131439208984375e+01
6.834439086914062500e+01
6.917745971679687500e+01
7.001053619384765625e+01
7.084361267089843750e+01
7.167668151855468750e+01
7.250975799560546875e+01
7.334283447265625000e+01
7.417590332031250000e+01
7.500897979736328125e+01
8.746539306640625000e+01
8.796155548095703125e+01
8.845771789550781250e+01
8.895388031005859375e+01
8.945004272460937500e+01
8.994619750976562500e+01
9.044235992431640625e+01
9.093852233886718750e+01
9.143467712402343750e+01
9.193083953857421875e+01
9.675284576416015625e+01
9.723871612548828125e+01
9.772458648681640625e+01
9.821045684814453125e+01
9.869632720947265625e+01
9.918219757080078125e+01
9.966806793212890625e+01
1.001539382934570312e+02
1.006398086547851562e+02
1.011256790161132812e+02
