0.261083
0.238976
0.402618
0.450795
0.273933
0.294587
0.494351
0.227494
0.324120
0.573932
0.243224
0.335902
0.289466
0.396695
0.303259
1.506168
0.530437
0.389631
1.222337
1.698016
0.276574
1.398881
0.218569
0.317057
0.677138
0.480666
0.461559
0.323880
0.271573
0.288846
1.030802
0.663363
0.243004
0.371465
0.371126
0.912683
0.957773
0.732250
0.212502
0.358263
1.308321
0.462364
0.652866
0.435477
0.396663
0.373336
0.327738
0.426928
1.747487
0.313043
1.686194
0.261091
0.197753
1.476587
1.028544
0.567903
0.225254
1.043743
0.311342
0.344609
0.330398
0.225727
0.329100
0.519559
1.103375
0.438786
0.231967
0.402420
0.508377
0.293735
0.233556
0.498066
0.306332
0.276268
0.530547
0.452795
0.463627
0.268204
0.352422
0.263149
0.373629
0.497738
0.287510
1.199009
0.362314
0.280211
1.876387
0.424346
0.334543
0.280643
0.352159
0.249623
0.333524
0.360149
0.413571
0.175480
0.377686
0.240902
0.267831
0.425990
0.179500
0.379790
0.530656
0.315287
0.295514
0.213109
0.281378
0.442117
0.195313
0.506245
0.469611
0.425015
0.225145
1.240234
0.212105
0.256037
0.546068
0.262933
2.045221
0.209688
0.684114
0.262501
0.248680
0.282420
0.709985
0.207057
0.213536
0.367658
1.829613
0.969717
0.377184
0.263078
0.252293
0.275341
1.202874
0.273370
0.360743
1.424887
0.237937
0.279144
0.591995
0.230930
0.425667
0.191814
0.235742
0.309227
0.852272
2.262195
0.185606
0.289773
0.526592
0.299676
0.290470
0.313935
0.221934
0.427477
0.345866
0.367357
0.800106
0.268232
0.291148
1.292502
0.251093
0.260497
0.276499
0.454397
0.349161
1.091282
0.472563
0.344999
0.279769
0.309077
0.244763
0.532866
0.687583
0.247648
0.405795
0.267246
0.444996
0.346079
0.918722
0.474366
1.318475
0.366939
0.263563
0.286188
0.282581
0.294892
0.260431
0.253934
0.934613
0.296453
0.295569
0.350957
1.759591
0.244077
0.415959
0.341922
0.353150
0.522040
0.262233
0.437350
0.300993
0.269861
0.374406
0.853698
0.262681
0.238009
0.289430
0.244503
0.318963
0.418476
0.257408
0.266499
2.688064
0.236767
0.218464
1.238181
1.590031
0.516808
0.422111
0.303604
0.234455
0.564729
0.259861
0.237370
0.476363
1.202359
0.490018
2.331872
0.458043
0.344834
0.285189
0.234332
0.255196
0.347960
0.455473
0.553482
0.520454
0.419687
0.426625
0.220482
0.243701
0.217780
0.302036
0.202359
0.193555
0.247622
0.281630
0.347333
0.325489
1.514851
0.232266
0.656553
0.308218
0.265883
0.362333
0.236770
0.444766
0.771756
0.331412
2.259079
0.380979
0.261536
0.374325
0.333261
0.291899
0.328187
0.245716
0.319628
0.243033
0.237792
1.497370
0.341790
0.202077
0.346499
0.216742
0.352929
0.420415
0.339154
0.254578
1.483683
0.242302
0.391058
0.258837
0.292509
0.351658
0.492449
0.257361
0.275979
0.313073
0.212550
0.477977
0.168662
0.539756
0.437621
0.263403
0.253651
0.324163
0.206509
