71.637054
93.899471
72.046390
59.212173
86.708646
71.378527
55.234426
59.510667
100.127719
52.507036
51.100964
79.206123
83.364760
56.595718
91.392643
98.479233
57.869487
85.103833
57.445012
75.136199
84.449944
64.381395
93.668297
94.348123
72.187596
94.288440
64.731567
102.058333
52.302104
48.949394
64.551450
46.833891
47.139661
95.033273
89.173030
74.815141
95.947959
89.645400
62.996719
66.618072
48.216559
96.839040
62.807461
81.276681
86.432240
46.355975
46.319079
56.863869
58.675118
78.830733
93.901156
68.268643
66.909340
93.632840
71.143363
90.722566
72.455258
59.045887
63.951459
46.865389
59.711558
98.264001
52.790784
53.611615
65.747729
74.434487
94.148508
78.860983
73.035920
51.033518
98.174179
57.011653
99.874991
51.033518
47.228149
77.632778
67.479473
79.341364
49.372908
63.017385
94.288440
58.394207
79.869527
52.229112
75.882686
84.246747
93.048538
63.776100
60.662252
73.232908
49.031120
80.850647
91.902691
52.825189
65.379370
88.910884
63.246663
90.402763
70.716136
47.555213
47.669282
76.495283
83.541495
46.817807
96.863187
75.815332
77.947354
63.951960
80.812261
68.765284
68.177632
99.458774
79.567389
63.490106
108.341051
50.832807
92.143396
82.136538
94.543623
46.815517
82.784987
94.567431
59.564848
96.463712
80.339210
53.997493
81.052936
83.445307
71.419218
53.200733
81.770107
75.021954
71.044041
73.217792
66.301394
83.350419
94.628123
52.464577
62.215786
54.593546
58.677305
74.713195
57.941495
78.260745
74.163426
76.081391
82.930035
74.390895
63.951476
95.272483
46.127364
89.620416
89.346236
74.682339
74.196210
64.804264
74.706111
90.431132
88.154986
55.489828
53.858749
86.206814
76.804509
84.106914
52.075161
66.778099
53.645021
75.039476
82.386218
58.228696
71.062515
73.761128
55.519250
64.780638
97.382560
89.761049
62.549189
61.434479
70.211150
58.107991
50.996213
93.185523
92.200483
70.227648
50.308872
95.060474
70.451003
90.289239
98.070591
83.504733
49.639705
78.448413
65.280756
76.682212
61.592097
71.560196
46.086360
76.411510
57.842095
48.939343
