0.174796
-0.310139
0.182161
-0.225356
-0.691337
-0.181221
-0.226865
-0.355431
0.022987
-0.141761
-0.200152
0.307488
-0.630267
0.264241
-0.103102
-0.074602
0.303081
-0.430419
-0.547770
0.002330
0.532793
-0.132992
-0.490384
-0.823160
-0.137568
-0.263980
0.529216
0.911597
0.525203
-0.729796
-0.337496
-0.378987
0.369025
1.024209
0.037844
0.258080
-0.179300
0.024584
-0.012432
0.507313
0.520642
-0.355310
-0.387122
0.349200
0.542026
-0.070928
-0.032548
0.011642
0.418850
0.132328
-0.308604
-0.122686
-0.134571
0.479475
-0.301325
-1.048418
-0.347513
-0.139803
-0.283828
-0.510233
0.466458
0.171605
0.187741
0.356640
-0.268921
-0.040382
-0.066319
-0.573927
-0.420032
-0.336462
-0.075179
-0.250767
0.923972
-0.580437
-0.453320
-0.410094
-0.024192
-0.218893
-0.265566
-0.728321
-0.132200
-0.608490
0.392405
0.308501
-0.466348
0.118244
-0.281650
0.484664
0.138537
-0.726830
-0.357646
-0.525004
-0.115613
-0.464449
0.288030
0.225624
0.856040
0.419300
1.073686
0.526690
0.538078
0.009863
0.458974
0.024831
-0.019962
0.402042
0.231509
0.479559
-0.882211
0.324979
-0.195087
-0.031061
0.237518
-0.366719
0.261952
-0.521087
-0.865603
0.498830
-0.108412
0.670314
-0.614715
-0.374270
0.378410
0.056934
0.215599
0.104490
-0.588137
0.524744
-0.259092
0.798445
-0.431043
-0.250397
0.405567
0.824899
0.577650
0.802596
-0.475916
-0.172851
0.117726
0.048447
-0.086016
0.349315
0.434647
0.187480
0.202562
0.334301
-0.201494
-0.024694
0.772342
-0.508406
-0.658478
0.338445
0.023128
0.628545
0.059855
-0.235545
-0.186077
-0.405460
-0.183435
0.702239
-0.530791
-0.059410
-0.369142
-0.429943
-0.132538
0.031680
-0.024321
-0.533467
0.609615
-0.127705
1.168877
-0.009692
-0.015007
-0.305690
0.094578
0.504910
-0.076129
0.141910
-0.065777
-0.450573
0.437719
0.785304
-0.127045
0.160268
-0.629606
-0.265051
-0.294944
0.692209
-0.114314
-0.190018
-0.315045
-0.338377
1.122716
-0.056783
0.778528
-0.273756
-0.074477
-0.173292
-0.031360
-0.250713
