0.133709 0.527214
0.135400 0.529000
0.136982 0.530700
0.138474 0.532338
0.139780 0.533798
0.139918 0.533928
0.140200 0.534212
0.140465 0.534467
0.141226 0.535313
0.142589 0.536913
0.143815 0.538386
0.144926 0.539751
0.145466 0.540388
0.145637 0.540532
0.145830 0.540695
0.146016 0.540838
0.146970 0.542063
0.147941 0.543347
0.148966 0.544754
0.149890 0.546030
0.150053 0.546177
0.150333 0.546479
0.150555 0.546677
0.150983 0.547207
0.151811 0.548419
0.152744 0.549856
0.153775 0.551512
0.154423 0.552505
0.154660 0.552732
0.154974 0.553092
0.155431 0.553715
0.156379 0.555323
0.157422 0.557134
0.158490 0.559095
0.159651 0.561269
0.160423 0.562624
0.161124 0.563833
0.161976 0.565386
0.162982 0.567300
0.164413 0.570232
0.165834 0.573184
0.167400 0.576518
0.168737 0.579332
0.170017 0.582021
0.171384 0.584937
0.172703 0.587701
0.174277 0.591178
0.176140 0.595354
0.178011 0.599540
0.180133 0.604352
0.181744 0.607863
0.183532 0.611792
0.185396 0.615882
0.187396 0.620271
0.189959 0.626006
0.192703 0.632103
0.195585 0.638429
0.198340 0.644322
0.200858 0.649628
0.203561 0.655233
0.206423 0.661095
0.209559 0.667443
0.213173 0.674685
0.216770 0.681712
0.220512 0.688864
0.224314 0.695961
0.227962 0.702580
0.231953 0.709691
0.235869 0.716478
0.240368 0.724153
0.244906 0.731657
0.249934 0.739828
0.255022 0.747830
0.259415 0.754488
0.264039 0.761337
0.268722 0.768095
0.273766 0.775213
0.279503 0.783128
0.285215 0.790765
0.290855 0.798069
0.296182 0.804755
0.301452 0.811189
0.306841 0.817598
0.312318 0.823941
0.317888 0.830227
0.323778 0.836706
0.329719 0.843057
0.335658 0.849229
0.341109 0.854735
0.346600 0.860148
0.352117 0.865454
0.357947 0.870934
0.363600 0.876120
0.369298 0.881224
0.375004 0.886216
0.380461 0.890890
0.386023 0.895556
0.391636 0.900167
0.396990 0.904483
0.402734 0.909020
0.408395 0.913408
0.413483 0.917307
0.418480 0.921066
0.423911 0.925087
0.429421 0.929096
0.434739 0.932913
0.439599 0.936384
0.444723 0.939986
0.449493 0.943325
0.454367 0.946692
0.458993 0.949877
0.463815 0.953152
0.468787 0.956477
0.473711 0.959739
0.478378 0.962829
0.482746 0.965739
0.486719 0.968413
0.490391 0.970919
0.494400 0.973586
0.498900 0.976490
0.503585 0.979465
0.508193 0.982375
0.511906 0.984826
0.515001 0.986965
0.518032 0.989068
0.521136 0.991196
0.524530 0.993441
0.528119 0.995801
0.531909 0.998216
0.535525 1.000568
0.538242 1.002473
0.540818 1.004284
0.543113 1.005991
0.545264 1.007585
0.548474 1.009730
0.551648 1.011833
0.554483 1.013767
0.557550 1.015812
0.559318 1.017228
0.561179 1.018685
0.563057 1.020143
0.565205 1.021707
0.567308 1.023304
0.569311 1.024793
0.571537 1.026451
0.573386 1.027887
0.575439 1.029403
0.577188 1.030818
0.578825 1.032113
0.580716 1.033606
0.582698 1.035120
0.584884 1.036750
0.586784 1.038229
0.588558 1.039638
0.589886 1.040800
0.590838 1.041746
0.591974 1.042798
0.593695 1.044186
0.595641 1.045676
0.597713 1.047316
0.599534 1.048756
0.600475 1.049690
0.601200 1.050517
0.601807 1.051214
0.602680 1.052135
0.604250 1.053456
0.605988 1.054895
0.607828 1.056410
0.609145 1.057598
0.610017 1.058480
0.610769 1.059283
0.611255 1.059897
0.612068 1.060737
0.613852 1.062215
0.615315 1.063550
0.617331 1.065217
0.618599 1.066395
0.618885 1.066889
0.619227 1.067353
0.619474 1.067808
0.620300 1.068656
0.622022 1.070181
0.623935 1.071868
0.625749 1.073505
0.626939 1.074655
0.627321 1.075173
0.627201 1.075280
0.627029 1.075346
0.628477 1.076683
0.630634 1.078661
0.632627 1.080475
0.635038 1.082701
0.635873 1.083590
0.635475 1.083436
0.635166 1.083394
0.634141 1.082680
0.636641 1.085024
0.639352 1.087519
0.641650 1.089715
0.643361 1.091453
