3.592223739624023438e+01
3.651773834228515625e+01
3.711323928833007812e+01
3.770874023437500000e+01
3.830424118041992188e+01
3.889974594116210938e+01
3.949524688720703125e+01
4.009074401855468750e+01
4.068624877929687500e+01
4.128174972534179688e+01
4.187725067138671875e+01
4.247275161743164062e+01
6.534921264648437500e+01
6.571588897705078125e+01
6.608255767822265625e+01
6.644923400878906250e+01
6.681590270996093750e+01
6.718257904052734375e+01
6.754924774169921875e+01
6.791592407226562500e+01
6.828259277343750000e+01
6.864926910400390625e+01
6.901594543457031250e+01
6.938261413574218750e+01
7.916606140136718750e+01
7.976596832275390625e+01
8.036586761474609375e+01
8.096577453613281250e+01
8.156567382812500000e+01
8.216558074951171875e+01
8.276548004150390625e+01
8.336538696289062500e+01
8.396528625488281250e+01
8.456519317626953125e+01
8.516510009765625000e+01
8.576499938964843750e+01
4.490547943115234375e+01
4.530459594726562500e+01
4.570370864868164062e+01
4.610282516479492188e+01
4.650194168090820312e+01
4.690105819702148438e+01
4.730017471313476562e+01
4.769928741455078125e+01
4.809840393066406250e+01
4.849752044677734375e+01
4.889663696289062500e+01
4.929575347900390625e+01
9.176099395751953125e+01
9.201144409179687500e+01
9.226190185546875000e+01
9.251235198974609375e+01
9.276280975341796875e+01
9.301325988769531250e+01
9.326371765136718750e+01
9.351416778564453125e+01
9.376461791992187500e+01
9.401507568359375000e+01
9.426552581787109375e+01
9.451597595214843750e+01
5.568248748779296875e+01
5.609961318969726562e+01
5.651673889160156250e+01
5.693386459350585938e+01
5.735099029541015625e+01
5.776811599731445312e+01
5.818524169921875000e+01
5.860236740112304688e+01
5.901949310302734375e+01
5.943661880493164062e+01
5.985374450683593750e+01
6.027087020874023438e+01
6.998563385009765625e+01
7.038414764404296875e+01
7.078266143798828125e+01
7.118117523193359375e+01
7.157968902587890625e+01
7.197820281982421875e+01
7.237671661376953125e+01
7.277523040771484375e+01
7.317375183105468750e+01
7.357226562500000000e+01
7.397077941894531250e+01
7.436929321289062500e+01
6.765983581542968750e+01
6.801026916503906250e+01
6.836071014404296875e+01
6.871114349365234375e+01
6.906157684326171875e+01
6.941201782226562500e+01
6.976245117187500000e+01
7.011288452148437500e+01
7.046331787109375000e+01
7.081375885009765625e+01
7.116419219970703125e+01
7.151462554931640625e+01
6.559598541259765625e+01
6.610761260986328125e+01
6.661923980712890625e+01
6.713086700439453125e+01
6.764249420166015625e+01
6.815412139892578125e+01
6.866574859619140625e+01
6.917736816406250000e+01
6.968899536132812500e+01
7.020062255859375000e+01
7.071224975585937500e+01
7.122387695312500000e+01
5.973072433471679688e+01
6.016464233398437500e+01
6.059855651855468750e+01
6.103247070312500000e+01
6.146638488769531250e+01
6.190029907226562500e+01
6.233421325683593750e+01
6.276812744140625000e+01
6.320204162597656250e+01
6.363595581054687500e+01
6.406986999511718750e+01
6.450378417968750000e+01
7.776130676269531250e+01
7.817060852050781250e+01
7.857991027832031250e+01
7.898921203613281250e+01
7.939852142333984375e+01
7.980782318115234375e+01
8.021712493896484375e+01
8.062642669677734375e+01
8.103572845458984375e+01
8.144503021240234375e+01
8.185433959960937500e+01
8.226364135742187500e+01
5.411748504638671875e+01
5.479748916625976562e+01
5.547749328613281250e+01
5.615749359130859375e+01
5.683749771118164062e+01
5.751749801635742188e+01
5.819750213623046875e+01
5.887749862670898438e+01
5.955750274658203125e+01
6.023750305175781250e+01
6.091750717163085938e+01
6.159750747680664062e+01
6.096968841552734375e+01
6.123591613769531250e+01
6.150214004516601562e+01
6.176836395263671875e+01
6.203458786010742188e+01
6.230081176757812500e+01
6.256703948974609375e+01
6.283326339721679688e+01
6.309948730468750000e+01
6.336571121215820312e+01
6.363193511962890625e+01
6.389816284179687500e+01
2.681504821777343750e+01
2.746626663208007812e+01
2.811749267578125000e+01
2.876871490478515625e+01
2.941993713378906250e+01
3.007115554809570312e+01
3.072237777709960938e+01
3.137360000610351562e+01
3.202481842041015625e+01
3.267604064941406250e+01
3.332726287841796875e+01
3.397848129272460938e+01
8.360697174072265625e+01
8.405799102783203125e+01
8.450901031494140625e+01
8.496002197265625000e+01
8.541104125976562500e+01
8.586206054687500000e+01
8.631307983398437500e+01
8.676409149169921875e+01
8.721511077880859375e+01
8.766612243652343750e+01
8.811714172363281250e+01
8.856816101074218750e+01
6.121623229980468750e+01
6.168029022216796875e+01
6.214434814453125000e+01
6.260840225219726562e+01
6.307246017456054688e+01
6.353651428222656250e+01
6.400057220458984375e+01
6.446463012695312500e+01
6.492868041992187500e+01
6.539273834228515625e+01
6.585679626464843750e+01
6.632085418701171875e+01
7.542490386962890625e+01
7.610191345214843750e+01
7.677892303466796875e+01
7.745594024658203125e+01
7.813294982910156250e+01
7.880995941162109375e+01
7.948697662353515625e+01
8.016398620605468750e+01
8.084099578857421875e+01
8.151801300048828125e+01
8.219502258300781250e+01
8.287203216552734375e+01
7.726807403564453125e+01
7.759319305419921875e+01
7.791831207275390625e+01
7.824343109130859375e+01
7.856855010986328125e+01
7.889366149902343750e+01
7.921878051757812500e+01
7.954389953613281250e+01
7.986901855468750000e+01
8.019413757324218750e+01
8.051925659179687500e+01
8.084437561035156250e+01
6.304429626464843750e+01
6.333341979980468750e+01
6.362253570556640625e+01
6.391165542602539062e+01
6.420077514648437500e+01
6.448989105224609375e+01
6.477901458740234375e+01
6.506813049316406250e+01
6.535725402832031250e+01
6.564636993408203125e+01
6.593548583984375000e+01
6.622460937500000000e+01
8.770960998535156250e+01
8.821077728271484375e+01
8.871194458007812500e+01
8.921311187744140625e+01
8.971427917480468750e+01
9.021544647216796875e+01
9.071661376953125000e+01
9.121778106689453125e+01
9.171894836425781250e+01
9.222010803222656250e+01
9.272128295898437500e+01
9.322244262695312500e+01
6.068866729736328125e+01
6.154051208496093750e+01
6.239235305786132812e+01
6.324419403076171875e+01
6.409603881835937500e+01
6.494788360595703125e+01
6.579972076416015625e+01
6.665156555175781250e+01
6.750341033935546875e+01
6.835524749755859375e+01
6.920709228515625000e+01
7.005893707275390625e+01
4.346151733398437500e+01
4.389925384521484375e+01
4.433699035644531250e+01
4.477472686767578125e+01
4.521246337890625000e+01
4.565019989013671875e+01
4.608793258666992188e+01
4.652566909790039062e+01
4.696340560913085938e+01
4.740114212036132812e+01
4.783887481689453125e+01
4.827661132812500000e+01
9.981011199951171875e+01
1.001163101196289062e+02
1.004225006103515625e+02
1.007286987304687500e+02
1.010348968505859375e+02
1.013410949707031250e+02
1.016472854614257812e+02
1.019534835815429688e+02
1.022596740722656250e+02
1.025658721923828125e+02
1.028720703125000000e+02
1.031782684326171875e+02
7.903376770019531250e+01
7.925328826904296875e+01
7.947280883789062500e+01
7.969232940673828125e+01
7.991184997558593750e+01
8.013137054443359375e+01
8.035089111328125000e+01
8.057041931152343750e+01
8.078993225097656250e+01
8.100946044921875000e+01
8.122898101806640625e+01
8.144850158691406250e+01
9.857337951660156250e+01
9.900911712646484375e+01
9.944485473632812500e+01
9.988059234619140625e+01
1.003163299560546875e+02
1.007520675659179688e+02
1.011878051757812500e+02
1.016235427856445312e+02
1.020592803955078125e+02
1.024950180053710938e+02
1.029307556152343750e+02
1.033664932250976562e+02
4.630083084106445312e+01
4.668482589721679688e+01
4.706882095336914062e+01
4.745281600952148438e+01
4.783680725097656250e+01
4.822080230712890625e+01
4.860479736328125000e+01
4.898879241943359375e+01
4.937278747558593750e+01
4.975678253173828125e+01
5.014077758789062500e+01
5.052477264404296875e+01
5.174557113647460938e+01
5.259436798095703125e+01
5.344316864013671875e+01
5.429196929931640625e+01
5.514076995849609375e+01
5.598957061767578125e+01
5.683837127685546875e+01
5.768717193603515625e+01
5.853597259521484375e+01
5.938477325439453125e+01
6.023357391357421875e+01
6.108237457275390625e+01
8.978885650634765625e+00
1.022303390502929688e+01
1.146718215942382812e+01
1.271132659912109375e+01
1.395547485351562500e+01
1.519962310791015625e+01
1.644377136230468750e+01
1.768791580200195312e+01
1.893206405639648438e+01
2.017621231079101562e+01
2.142035675048828125e+01
2.266450500488281250e+01
1.681351089477539062e+01
1.765891265869140625e+01
1.850431442260742188e+01
1.934971618652343750e+01
2.019511795043945312e+01
2.104051971435546875e+01
2.188592147827148438e+01
2.273132324218750000e+01
2.357672500610351562e+01
2.442212295532226562e+01
2.526752471923828125e+01
2.611292648315429688e+01
5.492779922485351562e+01
5.516880035400390625e+01
5.540980529785156250e+01
5.565081024169921875e+01
5.589181518554687500e+01
5.613282012939453125e+01
5.637382125854492188e+01
5.661482620239257812e+01
5.685582733154296875e+01
5.709683227539062500e+01
5.733783721923828125e+01
5.757884216308593750e+01
7.896358489990234375e+01
7.932036590576171875e+01
7.967713928222656250e+01
8.003392028808593750e+01
8.039070129394531250e+01
8.074747467041015625e+01
8.110424804687500000e+01
8.146102905273437500e+01
8.181781005859375000e+01
8.217458343505859375e+01
8.253136444091796875e+01
8.288813781738281250e+01
7.196054840087890625e+01
7.230282592773437500e+01
7.264510345458984375e+01
7.298738098144531250e+01
7.332965087890625000e+01
7.367192840576171875e+01
7.401420593261718750e+01
7.435648345947265625e+01
7.469876098632812500e+01
7.504103851318359375e+01
7.538331604003906250e+01
7.572559356689453125e+01
8.176031494140625000e+01
8.248348236083984375e+01
8.320664215087890625e+01
8.392980194091796875e+01
8.465296936035156250e+01
8.537612152099609375e+01
8.609928131103515625e+01
8.682244873046875000e+01
8.754560852050781250e+01
8.826876831054687500e+01
8.899192810058593750e+01
8.971509552001953125e+01
7.942781066894531250e+01
8.082025909423828125e+01
8.221270751953125000e+01
8.360514831542968750e+01
8.499759674072265625e+01
8.639004516601562500e+01
8.778249359130859375e+01
8.917493438720703125e+01
9.056738281250000000e+01
9.195983123779296875e+01
9.335227966308593750e+01
9.474472045898437500e+01
9.049789428710937500e+01
9.101718139648437500e+01
9.153646850585937500e+01
9.205575561523437500e+01
9.257503509521484375e+01
9.309432220458984375e+01
9.361360931396484375e+01
9.413288879394531250e+01
9.465217590332031250e+01
9.517146301269531250e+01
9.569075012207031250e+01
9.621002960205078125e+01
3.889272689819335938e+01
3.953994750976562500e+01
4.018716812133789062e+01
4.083438873291015625e+01
4.148161315917968750e+01
4.212882995605468750e+01
4.277605438232421875e+01
4.342327499389648438e+01
4.407049560546875000e+01
4.471772003173828125e+01
4.536493682861328125e+01
4.601216125488281250e+01
6.610599517822265625e+01
6.652392578125000000e+01
6.694185638427734375e+01
6.735977935791015625e+01
6.777770996093750000e+01
6.819563293457031250e+01
6.861356353759765625e+01
6.903149414062500000e+01
6.944941711425781250e+01
6.986734771728515625e+01
7.028527069091796875e+01
7.070320129394531250e+01
4.199938201904296875e+01
4.251182556152343750e+01
4.302426910400390625e+01
4.353671264648437500e+01
4.404916000366210938e+01
4.456160354614257812e+01
4.507405090332031250e+01
4.558649444580078125e+01
4.609893798828125000e+01
4.661138153076171875e+01
4.712382507324218750e+01
4.763626861572265625e+01
6.396314239501953125e+01
6.445696258544921875e+01
6.495078277587890625e+01
6.544461059570312500e+01
6.593843078613281250e+01
6.643225097656250000e+01
6.692607116699218750e+01
6.741989898681640625e+01
6.791371917724609375e+01
6.840753936767578125e+01
6.890136718750000000e+01
6.939518737792968750e+01
8.457455444335937500e+01
8.540496826171875000e+01
8.623538208007812500e+01
8.706578826904296875e+01
8.789619445800781250e+01
8.872660827636718750e+01
8.955702209472656250e+01
9.038742828369140625e+01
9.121784210205078125e+01
9.204824829101562500e+01
9.287866210937500000e+01
9.370907592773437500e+01
5.431510162353515625e+01
5.515665435791015625e+01
5.599820709228515625e+01
5.683976364135742188e+01
5.768132019042968750e+01
5.852287292480468750e+01
5.936442565917968750e+01
6.020597839355468750e+01
6.104753494262695312e+01
6.188908767700195312e+01
6.273064422607421875e+01
6.357219696044921875e+01
9.466813659667968750e+01
9.501861572265625000e+01
9.536908721923828125e+01
9.571956634521484375e+01
9.607004547119140625e+01
9.642052459716796875e+01
9.677100372314453125e+01
9.712148284912109375e+01
9.747195434570312500e+01
9.782243347167968750e+01
9.817291259765625000e+01
9.852339172363281250e+01
6.357432556152343750e+01
6.391382980346679688e+01
6.425333404541015625e+01
6.459283447265625000e+01
6.493234252929687500e+01
6.527184295654296875e+01
6.561135101318359375e+01
6.595085144042968750e+01
6.629035949707031250e+01
6.662985992431640625e+01
6.696936798095703125e+01
6.730886840820312500e+01
1.171556549072265625e+02
1.178646240234375000e+02
1.185735931396484375e+02
1.192825622558593750e+02
1.199915237426757812e+02
1.207004928588867188e+02
1.214094543457031250e+02
1.221184234619140625e+02
1.228273925781250000e+02
1.235363616943359375e+02
1.242453231811523438e+02
1.249542846679687500e+02
8.102299499511718750e+01
8.188274383544921875e+01
8.274248504638671875e+01
8.360222625732421875e+01
8.446197509765625000e+01
8.532171630859375000e+01
8.618145751953125000e+01
8.704119873046875000e+01
8.790093994140625000e+01
8.876068878173828125e+01
8.962042999267578125e+01
9.048017120361328125e+01
5.442520141601562500e+01
5.489096832275390625e+01
5.535673141479492188e+01
5.582249450683593750e+01
5.628826141357421875e+01
5.675402450561523438e+01
5.721978759765625000e+01
5.768555450439453125e+01
5.815131759643554688e+01
5.861708450317382812e+01
5.908284759521484375e+01
5.954861450195312500e+01
5.429543685913085938e+01
5.477942657470703125e+01
5.526341247558593750e+01
5.574739837646484375e+01
5.623138809204101562e+01
5.671537399291992188e+01
5.719936370849609375e+01
5.768334960937500000e+01
5.816733932495117188e+01
5.865132522583007812e+01
5.913531494140625000e+01
5.961930084228515625e+01
7.015963745117187500e+01
7.066549682617187500e+01
7.117134857177734375e+01
7.167720794677734375e+01
7.218305969238281250e+01
7.268891906738281250e+01
7.319477081298828125e+01
7.370062255859375000e+01
7.420648193359375000e+01
7.471233367919921875e+01
7.521819305419921875e+01
7.572404479980468750e+01
1.021355133056640625e+02
1.028956146240234375e+02
1.036557235717773438e+02
1.044158325195312500e+02
1.051759338378906250e+02
1.059360351562500000e+02
1.066961517333984375e+02
1.074562530517578125e+02
1.082163543701171875e+02
1.089764633178710938e+02
1.097365722656250000e+02
1.104966735839843750e+02
7.286360168457031250e+01
7.343434143066406250e+01
7.400508117675781250e+01
7.457582855224609375e+01
7.514656829833984375e+01
7.571730804443359375e+01
7.628804779052734375e+01
7.685878753662109375e+01
7.742952728271484375e+01
7.800027465820312500e+01
7.857101440429687500e+01
7.914175415039062500e+01
6.144853973388671875e+01
6.181577301025390625e+01
6.218301010131835938e+01
6.255024719238281250e+01
6.291748046875000000e+01
6.328471755981445312e+01
6.365195465087890625e+01
6.401918792724609375e+01
6.438642883300781250e+01
6.475366210937500000e+01
6.512089538574218750e+01
6.548812866210937500e+01
4.754701232910156250e+01
4.798928451538085938e+01
4.843155670166015625e+01
4.887382507324218750e+01
4.931609725952148438e+01
4.975836944580078125e+01
5.020063781738281250e+01
5.064291000366210938e+01
5.108518218994140625e+01
5.152745056152343750e+01
5.196972274780273438e+01
5.241199493408203125e+01
7.099620819091796875e+01
7.143325042724609375e+01
7.187030029296875000e+01
7.230734252929687500e+01
7.274438476562500000e+01
7.318143463134765625e+01
7.361847686767578125e+01
7.405552673339843750e+01
7.449256896972656250e+01
7.492961883544921875e+01
7.536666107177734375e+01
7.580370330810546875e+01
4.182723236083984375e+01
4.263484191894531250e+01
4.344245910644531250e+01
4.425006866455078125e+01
4.505768203735351562e+01
4.586529541015625000e+01
4.667290878295898438e+01
4.748052215576171875e+01
4.828813171386718750e+01
4.909574890136718750e+01
4.990335845947265625e+01
5.071097183227539062e+01
8.814363861083984375e+01
8.851355743408203125e+01
8.888347625732421875e+01
8.925339508056640625e+01
8.962331390380859375e+01
8.999323272705078125e+01
9.036315155029296875e+01
9.073307037353515625e+01
9.110298919677734375e+01
9.147290802001953125e+01
9.184282684326171875e+01
9.221274566650390625e+01
6.300996398925781250e+01
6.318520736694335938e+01
6.336045455932617188e+01
6.353569793701171875e+01
6.371094512939453125e+01
6.388619232177734375e+01
6.406143951416015625e+01
6.423668670654296875e+01
6.441192626953125000e+01
6.458717346191406250e+01
6.476242065429687500e+01
6.493766784667968750e+01
6.438912200927734375e+01
6.474234008789062500e+01
6.509556579589843750e+01
6.544878387451171875e+01
6.580200958251953125e+01
6.615522766113281250e+01
6.650845336914062500e+01
6.686167144775390625e+01
6.721488952636718750e+01
6.756811523437500000e+01
6.792133331298828125e+01
6.827455902099609375e+01
7.477976989746093750e+01
7.521453094482421875e+01
7.564929962158203125e+01
7.608406066894531250e+01
7.651882934570312500e+01
7.695359039306640625e+01
7.738835906982421875e+01
7.782312011718750000e+01
7.825788879394531250e+01
7.869264984130859375e+01
7.912741851806640625e+01
7.956217956542968750e+01
6.307334136962890625e+01
6.344978713989257812e+01
6.382623672485351562e+01
6.420268249511718750e+01
6.457913208007812500e+01
6.495558166503906250e+01
6.533203125000000000e+01
6.570848083496093750e+01
6.608492279052734375e+01
6.646137237548828125e+01
6.683782196044921875e+01
6.721427154541015625e+01
8.622491455078125000e+01
8.652508544921875000e+01
8.682526397705078125e+01
8.712544250488281250e+01
8.742562103271484375e+01
8.772579956054687500e+01
8.802597808837890625e+01
8.832615661621093750e+01
8.862633514404296875e+01
8.892651367187500000e+01
8.922668457031250000e+01
8.952687072753906250e+01
8.822570800781250000e+01
8.902288055419921875e+01
8.982005310058593750e+01
9.061721801757812500e+01
9.141438293457031250e+01
9.221155548095703125e+01
9.300872039794921875e+01
9.380589294433593750e+01
9.460305786132812500e+01
9.540023040771484375e+01
9.619739532470703125e+01
9.699456787109375000e+01
8.558521270751953125e+01
8.617881774902343750e+01
8.677242279052734375e+01
8.736602783203125000e+01
8.795963287353515625e+01
8.855323791503906250e+01
8.914684295654296875e+01
8.974044799804687500e+01
9.033405303955078125e+01
9.092765808105468750e+01
9.152125549316406250e+01
9.211486816406250000e+01
5.749137496948242188e+01
5.809463500976562500e+01
5.869789886474609375e+01
5.930115509033203125e+01
5.990441894531250000e+01
6.050767898559570312e+01
6.111093902587890625e+01
6.171419906616210938e+01
6.231745910644531250e+01
6.292071914672851562e+01
6.352397918701171875e+01
6.412724304199218750e+01
6.624554443359375000e+01
6.695980834960937500e+01
6.767406463623046875e+01
6.838832855224609375e+01
6.910258483886718750e+01
6.981685638427734375e+01
7.053111267089843750e+01
7.124537658691406250e+01
7.195963287353515625e+01
7.267389678955078125e+01
7.338815307617187500e+01
7.410241699218750000e+01
7.831061553955078125e+01
7.869271850585937500e+01
7.907482147216796875e+01
7.945692443847656250e+01
7.983901977539062500e+01
8.022112274169921875e+01
8.060322570800781250e+01
8.098532867431640625e+01
8.136743164062500000e+01
8.174953460693359375e+01
8.213163757324218750e+01
8.251373291015625000e+01
9.510923767089843750e+01
9.558944702148437500e+01
9.606966400146484375e+01
9.654987335205078125e+01
9.703009033203125000e+01
9.751029968261718750e+01
9.799050903320312500e+01
9.847071838378906250e+01
9.895092773437500000e+01
9.943114471435546875e+01
9.991135406494140625e+01
1.003915634155273438e+02
7.304090881347656250e+01
7.350882720947265625e+01
7.397674560546875000e+01
7.444466400146484375e+01
7.491257476806640625e+01
7.538049316406250000e+01
7.584841156005859375e+01
7.631632232666015625e+01
7.678424072265625000e+01
7.725215911865234375e+01
7.772007751464843750e+01
7.818798828125000000e+01
6.373678207397460938e+01
6.401844024658203125e+01
6.430009460449218750e+01
6.458174896240234375e+01
6.486340332031250000e+01
6.514505767822265625e+01
6.542671203613281250e+01
6.570836639404296875e+01
6.599002075195312500e+01
6.627167510986328125e+01
6.655332946777343750e+01
6.683498382568359375e+01
7.099442291259765625e+01
7.132293701171875000e+01
7.165145111083984375e+01
7.197996520996093750e+01
7.230847930908203125e+01
7.263699340820312500e+01
7.296550750732421875e+01
7.329401397705078125e+01
7.362252807617187500e+01
7.395104217529296875e+01
7.427955627441406250e+01
7.460807037353515625e+01
7.869157409667968750e+01
7.904872131347656250e+01
7.940586853027343750e+01
7.976301574707031250e+01
8.012015533447265625e+01
8.047730255126953125e+01
8.083444976806640625e+01
8.119159698486328125e+01
8.154874420166015625e+01
8.190589141845703125e+01
8.226303863525390625e+01
8.262018585205078125e+01
5.548144912719726562e+01
5.594523620605468750e+01
5.640902709960937500e+01
5.687281417846679688e+01
5.733660125732421875e+01
5.780039215087890625e+01
5.826417922973632812e+01
5.872796630859375000e+01
5.919175720214843750e+01
5.965554428100585938e+01
6.011933517456054688e+01
6.058312225341796875e+01
6.572512054443359375e+01
6.611421966552734375e+01
6.650332641601562500e+01
6.689242553710937500e+01
6.728152465820312500e+01
6.767063140869140625e+01
6.805973052978515625e+01
6.844883728027343750e+01
6.883793640136718750e+01
6.922703552246093750e+01
6.961614227294921875e+01
7.000524139404296875e+01
8.624282836914062500e+01
8.750246429443359375e+01
8.876210784912109375e+01
9.002174377441406250e+01
9.128137969970703125e+01
9.254101562500000000e+01
9.380065917968750000e+01
9.506029510498046875e+01
9.631993103027343750e+01
9.757957458496093750e+01
9.883921051025390625e+01
1.000988464355468750e+02
6.072046279907226562e+01
6.100028991699218750e+01
6.128011703491210938e+01
6.155994415283203125e+01
6.183976745605468750e+01
6.211959838867187500e+01
6.239942169189453125e+01
6.267924880981445312e+01
6.295907592773437500e+01
6.323890304565429688e+01
6.351873016357421875e+01
6.379855728149414062e+01
5.905258941650390625e+01
5.937034606933593750e+01
5.968810272216796875e+01
6.000585937500000000e+01
6.032361984252929688e+01
6.064137649536132812e+01
6.095913314819335938e+01
6.127688980102539062e+01
6.159464645385742188e+01
6.191240692138671875e+01
6.223016357421875000e+01
6.254792022705078125e+01
6.932616424560546875e+01
6.965795898437500000e+01
6.998974609375000000e+01
7.032154083251953125e+01
7.065333557128906250e+01
7.098513031005859375e+01
7.131692504882812500e+01
7.164871978759765625e+01
7.198051452636718750e+01
7.231230926513671875e+01
7.264410400390625000e+01
7.297589874267578125e+01
9.828616333007812500e+01
9.877421569824218750e+01
9.926226043701171875e+01
9.975031280517578125e+01
1.002383575439453125e+02
1.007264099121093750e+02
1.012144622802734375e+02
1.017025070190429688e+02
1.021905517578125000e+02
1.026786041259765625e+02
1.031666564941406250e+02
1.036547012329101562e+02
6.274237060546875000e+01
6.314407730102539062e+01
6.354578018188476562e+01
6.394748306274414062e+01
6.434918975830078125e+01
6.475089263916015625e+01
6.515259552001953125e+01
6.555429840087890625e+01
6.595600128173828125e+01
6.635770416259765625e+01
6.675940704345703125e+01
6.716110992431640625e+01
5.974844360351562500e+01
6.013182830810546875e+01
6.051521301269531250e+01
6.089859771728515625e+01
6.128198623657226562e+01
6.166537094116210938e+01
6.204875946044921875e+01
6.243214416503906250e+01
6.281552886962890625e+01
6.319891357421875000e+01
6.358230209350585938e+01
6.396568679809570312e+01
8.039897918701171875e+01
8.064033508300781250e+01
8.088169860839843750e+01
8.112305450439453125e+01
8.136441802978515625e+01
8.160577392578125000e+01
8.184713745117187500e+01
8.208849334716796875e+01
8.232985687255859375e+01
8.257121276855468750e+01
8.281257629394531250e+01
8.305393218994140625e+01
1.041313476562500000e+02
1.045694274902343750e+02
1.050075149536132812e+02
1.054456024169921875e+02
1.058836822509765625e+02
1.063217620849609375e+02
1.067598419189453125e+02
1.071979293823242188e+02
1.076360168457031250e+02
1.080740966796875000e+02
1.085121765136718750e+02
1.089502563476562500e+02
9.913459777832031250e+01
9.940667724609375000e+01
9.967876434326171875e+01
9.995085144042968750e+01
1.002229385375976562e+02
1.004950256347656250e+02
1.007671051025390625e+02
1.010391998291015625e+02
1.013112792968750000e+02
1.015833663940429688e+02
1.018554534912109375e+02
1.021275405883789062e+02
7.853060913085937500e+01
7.927087402343750000e+01
8.001114654541015625e+01
8.075141143798828125e+01
8.149168395996093750e+01
8.223194885253906250e+01
8.297222137451171875e+01
8.371248626708984375e+01
8.445275878906250000e+01
8.519302368164062500e+01
8.593329620361328125e+01
8.667356109619140625e+01
9.755110931396484375e+01
9.823179626464843750e+01
9.891249084472656250e+01
9.959318542480468750e+01
1.002738723754882812e+02
1.009545669555664062e+02
1.016352539062500000e+02
1.023159484863281250e+02
1.029966430664062500e+02
1.036773300170898438e+02
1.043580169677734375e+02
1.050387115478515625e+02
5.712197875976562500e+01
5.743562316894531250e+01
5.774926757812500000e+01
5.806291198730468750e+01
5.837655639648437500e+01
5.869020080566406250e+01
5.900384521484375000e+01
5.931748962402343750e+01
5.963113403320312500e+01
5.994477844238281250e+01
6.025842285156250000e+01
6.057206726074218750e+01
9.307159423828125000e+01
9.363435363769531250e+01
9.419711303710937500e+01
9.475987243652343750e+01
9.532263183593750000e+01
9.588539123535156250e+01
9.644815063476562500e+01
9.701091003417968750e+01
9.757366943359375000e+01
9.813642883300781250e+01
9.869918823242187500e+01
9.926194763183593750e+01
9.272492980957031250e+01
9.310219573974609375e+01
9.347946166992187500e+01
9.385673522949218750e+01
9.423400115966796875e+01
9.461127471923828125e+01
9.498854064941406250e+01
9.536581420898437500e+01
9.574308013916015625e+01
9.612034606933593750e+01
9.649761962890625000e+01
9.687488555908203125e+01
1.857671356201171875e+01
1.938853073120117188e+01
2.020034408569335938e+01
2.101215744018554688e+01
2.182397460937500000e+01
2.263578796386718750e+01
2.344760513305664062e+01
2.425941848754882812e+01
2.507123184204101562e+01
2.588304901123046875e+01
2.669486236572265625e+01
2.750667953491210938e+01
9.937913513183593750e+01
9.995343017578125000e+01
1.005277252197265625e+02
1.011020202636718750e+02
1.016763229370117188e+02
1.022506179809570312e+02
1.028249130249023438e+02
1.033992080688476562e+02
1.039735031127929688e+02
1.045477981567382812e+02
1.051221008300781250e+02
1.056963958740234375e+02
7.862218475341796875e+01
7.886389923095703125e+01
7.910562133789062500e+01
7.934734344482421875e+01
7.958905792236328125e+01
7.983078002929687500e+01
8.007250213623046875e+01
8.031421661376953125e+01
8.055593872070312500e+01
8.079766082763671875e+01
8.103937530517578125e+01
8.128109741210937500e+01
7.537374114990234375e+01
7.572340393066406250e+01
7.607306671142578125e+01
7.642272186279296875e+01
7.677238464355468750e+01
7.712204742431640625e+01
7.747170257568359375e+01
7.782136535644531250e+01
7.817102050781250000e+01
7.852068328857421875e+01
7.887034606933593750e+01
7.922000122070312500e+01
7.254409027099609375e+01
7.283986663818359375e+01
7.313564300537109375e+01
7.343141937255859375e+01
7.372719573974609375e+01
7.402297210693359375e+01
7.431874847412109375e+01
7.461452484130859375e+01
7.491030120849609375e+01
7.520607757568359375e+01
7.550185394287109375e+01
7.579763031005859375e+01
7.394387817382812500e+01
7.438928985595703125e+01
7.483470153808593750e+01
7.528010559082031250e+01
7.572551727294921875e+01
7.617092895507812500e+01
7.661634063720703125e+01
7.706174468994140625e+01
7.750715637207031250e+01
7.795256805419921875e+01
7.839797973632812500e+01
7.884338378906250000e+01
1.024600906372070312e+02
1.027743301391601562e+02
1.030885772705078125e+02
1.034028167724609375e+02
1.037170562744140625e+02
1.040312957763671875e+02
1.043455352783203125e+02
1.046597747802734375e+02
1.049740142822265625e+02
1.052882537841796875e+02
1.056024932861328125e+02
1.059167404174804688e+02
3.827638244628906250e+01
3.894328308105468750e+01
3.961017990112304688e+01
4.027707672119140625e+01
4.094397735595703125e+01
4.161087799072265625e+01
4.227777099609375000e+01
4.294467163085937500e+01
4.361157226562500000e+01
4.427846908569335938e+01
4.494536590576171875e+01
4.561226654052734375e+01
1.072616424560546875e+02
1.078881988525390625e+02
1.085147552490234375e+02
1.091413040161132812e+02
1.097678527832031250e+02
1.103944091796875000e+02
1.110209655761718750e+02
1.116475143432617188e+02
1.122740631103515625e+02
1.129006195068359375e+02
1.135271682739257812e+02
1.141537170410156250e+02
9.948685455322265625e+01
1.006637649536132812e+02
1.018406753540039062e+02
1.030175857543945312e+02
1.041944961547851562e+02
1.053714065551757812e+02
1.065483169555664062e+02
1.077252273559570312e+02
1.089021377563476562e+02
1.100790557861328125e+02
1.112559661865234375e+02
1.124328765869140625e+02
1.050036926269531250e+02
1.057641448974609375e+02
1.065245895385742188e+02
1.072850341796875000e+02
1.080454864501953125e+02
1.088059387207031250e+02
1.095663833618164062e+02
1.103268280029296875e+02
1.110872802734375000e+02
1.118477325439453125e+02
1.126081771850585938e+02
1.133686218261718750e+02
6.086310577392578125e+01
6.232617950439453125e+01
6.378924942016601562e+01
6.525231933593750000e+01
6.671539306640625000e+01
6.817846679687500000e+01
6.964154052734375000e+01
7.110461425781250000e+01
7.256768798828125000e+01
7.403076171875000000e+01
7.549383544921875000e+01
7.695690155029296875e+01
8.139916992187500000e+01
8.224583435058593750e+01
8.309249114990234375e+01
8.393914794921875000e+01
8.478581237792968750e+01
8.563246917724609375e+01
8.647912597656250000e+01
8.732579040527343750e+01
8.817244720458984375e+01
8.901910400390625000e+01
8.986576843261718750e+01
9.071242523193359375e+01
1.069897766113281250e+02
1.078461303710937500e+02
1.087024841308593750e+02
1.095588455200195312e+02
1.104151992797851562e+02
1.112715606689453125e+02
1.121279144287109375e+02
1.129842681884765625e+02
1.138406219482421875e+02
1.146969757080078125e+02
1.155533370971679688e+02
1.164096908569335938e+02
6.939869689941406250e+01
6.990365600585937500e+01
7.040860748291015625e+01
7.091356658935546875e+01
7.141851806640625000e+01
7.192347717285156250e+01
7.242842864990234375e+01
7.293338775634765625e+01
7.343834686279296875e+01
7.394329833984375000e+01
7.444825744628906250e+01
7.495320892333984375e+01
1.129928207397460938e+01
1.209050750732421875e+01
1.288173294067382812e+01
1.367295837402343750e+01
1.446418380737304688e+01
1.525540924072265625e+01
1.604663467407226562e+01
1.683785629272460938e+01
1.762908172607421875e+01
1.842030715942382812e+01
1.921153259277343750e+01
2.000275802612304688e+01
8.556887817382812500e+01
8.608144378662109375e+01
8.659401702880859375e+01
8.710658264160156250e+01
8.761915588378906250e+01
8.813172912597656250e+01
8.864430236816406250e+01
8.915686798095703125e+01
8.966944122314453125e+01
9.018201446533203125e+01
9.069458007812500000e+01
9.120715332031250000e+01
6.693394470214843750e+01
6.742405700683593750e+01
6.791417694091796875e+01
6.840429687500000000e+01
6.889441680908203125e+01
6.938452911376953125e+01
6.987464904785156250e+01
7.036476898193359375e+01
7.085488891601562500e+01
7.134500122070312500e+01
7.183512115478515625e+01
7.232524108886718750e+01
1.979235458374023438e+01
2.053979110717773438e+01
2.128722763061523438e+01
2.203466415405273438e+01
2.278210449218750000e+01
2.352954101562500000e+01
2.427697753906250000e+01
2.502441406250000000e+01
2.577185058593750000e+01
2.651928710937500000e+01
2.726672363281250000e+01
2.801416397094726562e+01
9.330809020996093750e+01
9.393834686279296875e+01
9.456859588623046875e+01
9.519884490966796875e+01
9.582909393310546875e+01
9.645935058593750000e+01
9.708959960937500000e+01
9.771984863281250000e+01
9.835009765625000000e+01
9.898034667968750000e+01
9.961059570312500000e+01
1.002408523559570312e+02
7.224707031250000000e+01
7.305474853515625000e+01
7.386243438720703125e+01
7.467011260986328125e+01
7.547779083251953125e+01
7.628547668457031250e+01
7.709315490722656250e+01
7.790083312988281250e+01
7.870851898193359375e+01
7.951619720458984375e+01
8.032387542724609375e+01
8.113156127929687500e+01
9.061126708984375000e+01
9.081819915771484375e+01
9.102513122558593750e+01
9.123206329345703125e+01
9.143899536132812500e+01
9.164593505859375000e+01
9.185286712646484375e+01
9.205979919433593750e+01
9.226673126220703125e+01
9.247366333007812500e+01
9.268060302734375000e+01
9.288753509521484375e+01
8.596192169189453125e+01
8.665392303466796875e+01
8.734592437744140625e+01
8.803791809082031250e+01
8.872991943359375000e+01
8.942192077636718750e+01
9.011392211914062500e+01
9.080592346191406250e+01
9.149792480468750000e+01
9.218992614746093750e+01
9.288192749023437500e+01
9.357392883300781250e+01
8.061872863769531250e+01
8.103011322021484375e+01
8.144149017333984375e+01
8.185287475585937500e+01
8.226425170898437500e+01
8.267563629150390625e+01
8.308702087402343750e+01
8.349839782714843750e+01
8.390978240966796875e+01
8.432115936279296875e+01
8.473254394531250000e+01
8.514392089843750000e+01
6.229280471801757812e+01
6.277751159667968750e+01
6.326222229003906250e+01
6.374692916870117188e+01
6.423163604736328125e+01
6.471634674072265625e+01
6.520104980468750000e+01
6.568576049804687500e+01
6.617047119140625000e+01
6.665518188476562500e+01
6.713988494873046875e+01
6.762459564208984375e+01
8.916360473632812500e+01
8.979765319824218750e+01
9.043170166015625000e+01
9.106575012207031250e+01
9.169979858398437500e+01
9.233384704589843750e+01
9.296789550781250000e+01
9.360194396972656250e+01
9.423599243164062500e+01
9.487004089355468750e+01
9.550408935546875000e+01
9.613813781738281250e+01
6.210031890869140625e+01
6.244682312011718750e+01
6.279332351684570312e+01
6.313982772827148438e+01
6.348632812500000000e+01
6.383283233642578125e+01
6.417933654785156250e+01
6.452583312988281250e+01
6.487233734130859375e+01
6.521884155273437500e+01
6.556533813476562500e+01
6.591184234619140625e+01
5.085617065429687500e+01
5.150590515136718750e+01
5.215563964843750000e+01
5.280537033081054688e+01
5.345510101318359375e+01
5.410483551025390625e+01
5.475456619262695312e+01
5.540429687500000000e+01
5.605403137207031250e+01
5.670376586914062500e+01
5.735349655151367188e+01
5.800322723388671875e+01
9.533116912841796875e+01
9.562810516357421875e+01
9.592504119873046875e+01
9.622197723388671875e+01
9.651892089843750000e+01
9.681585693359375000e+01
9.711279296875000000e+01
9.740972900390625000e+01
9.770666503906250000e+01
9.800360107421875000e+01
9.830053710937500000e+01
9.859748077392578125e+01
5.832858276367187500e+01
5.853897857666015625e+01
5.874938201904296875e+01
5.895977783203125000e+01
5.917017745971679688e+01
5.938057708740234375e+01
5.959097671508789062e+01
5.980137634277343750e+01
6.001177215576171875e+01
6.022217178344726562e+01
6.043257141113281250e+01
6.064297103881835938e+01
5.094297790527343750e+01
5.176637649536132812e+01
5.258977127075195312e+01
5.341316986083984375e+01
5.423656463623046875e+01
5.505995941162109375e+01
5.588335800170898438e+01
5.670675277709960938e+01
5.753015136718750000e+01
5.835354614257812500e+01
5.917694091796875000e+01
6.000033950805664062e+01
6.417213439941406250e+01
6.462075805664062500e+01
6.506938934326171875e+01
6.551802062988281250e+01
6.596665191650390625e+01
6.641527557373046875e+01
6.686390686035156250e+01
6.731253814697265625e+01
6.776116180419921875e+01
6.820979309082031250e+01
6.865842437744140625e+01
6.910705566406250000e+01
1.876603698730468750e+01
1.974346160888671875e+01
2.072088623046875000e+01
2.169831085205078125e+01
2.267573547363281250e+01
2.365316009521484375e+01
2.463058853149414062e+01
2.560801315307617188e+01
2.658543777465820312e+01
2.756286239624023438e+01
2.854028701782226562e+01
2.951771163940429688e+01
8.412050628662109375e+01
8.439090728759765625e+01
8.466130065917968750e+01
8.493170166015625000e+01
8.520210266113281250e+01
8.547249603271484375e+01
8.574289703369140625e+01
8.601329040527343750e+01
8.628369140625000000e+01
8.655408477783203125e+01
8.682448577880859375e+01
8.709487915039062500e+01
7.322460937500000000e+01
7.356850433349609375e+01
7.391239929199218750e+01
7.425629425048828125e+01
7.460018920898437500e+01
7.494409179687500000e+01
7.528798675537109375e+01
7.563188171386718750e+01
7.597577667236328125e+01
7.631967163085937500e+01
7.666356658935546875e+01
7.700746154785156250e+01
6.023418426513671875e+01
6.096416473388671875e+01
6.169414520263671875e+01
6.242412567138671875e+01
6.315410614013671875e+01
6.388408660888671875e+01
6.461406707763671875e+01
6.534404754638671875e+01
6.607402801513671875e+01
6.680400848388671875e+01
6.753398895263671875e+01
6.826396942138671875e+01
3.980924606323242188e+01
4.033853912353515625e+01
4.086782836914062500e+01
4.139712524414062500e+01
4.192641448974609375e+01
4.245571136474609375e+01
4.298500061035156250e+01
4.351429748535156250e+01
4.404358673095703125e+01
4.457288360595703125e+01
4.510217285156250000e+01
4.563146972656250000e+01
1.074409790039062500e+02
1.080612869262695312e+02
1.086815872192382812e+02
1.093018951416015625e+02
1.099221954345703125e+02
1.105424957275390625e+02
1.111627960205078125e+02
1.117830963134765625e+02
1.124034042358398438e+02
1.130237045288085938e+02
1.136440124511718750e+02
1.142643127441406250e+02
9.460601806640625000e+01
9.516108703613281250e+01
9.571616363525390625e+01
9.627123260498046875e+01
9.682630920410156250e+01
9.738137817382812500e+01
9.793644714355468750e+01
9.849152374267578125e+01
9.904659271240234375e+01
9.960166931152343750e+01
1.001567382812500000e+02
1.007118072509765625e+02
7.671486663818359375e+01
7.699254608154296875e+01
7.727022552490234375e+01
7.754790496826171875e+01
7.782558441162109375e+01
7.810327148437500000e+01
7.838095092773437500e+01
7.865863037109375000e+01
7.893630981445312500e+01
7.921398925781250000e+01
7.949166870117187500e+01
7.976934814453125000e+01
4.212163543701171875e+01
4.296664810180664062e+01
4.381166076660156250e+01
4.465667343139648438e+01
4.550168609619140625e+01
4.634669876098632812e+01
4.719171142578125000e+01
4.803672409057617188e+01
4.888173675537109375e+01
4.972675323486328125e+01
5.057176208496093750e+01
5.141677856445312500e+01
6.242145538330078125e+01
6.280732727050781250e+01
6.319320678710937500e+01
6.357908248901367188e+01
6.396495819091796875e+01
6.435083007812500000e+01
6.473670959472656250e+01
6.512258911132812500e+01
6.550846099853515625e+01
6.589434051513671875e+01
6.628021240234375000e+01
6.666609191894531250e+01
5.118995285034179688e+01
5.230099487304687500e+01
5.341203308105468750e+01
5.452307510375976562e+01
5.563411712646484375e+01
5.674515533447265625e+01
5.785619735717773438e+01
5.896723937988281250e+01
6.007828140258789062e+01
6.118932342529296875e+01
6.230036163330078125e+01
6.341140365600585938e+01
5.040470886230468750e+01
5.072962951660156250e+01
5.105454254150390625e+01
5.137946319580078125e+01
5.170437622070312500e+01
5.202928924560546875e+01
5.235420608520507812e+01
5.267912292480468750e+01
5.300403594970703125e+01
5.332895278930664062e+01
5.365386962890625000e+01
5.397878265380859375e+01
7.383584594726562500e+01
7.422509002685546875e+01
7.461434173583984375e+01
7.500358581542968750e+01
7.539282989501953125e+01
7.578207397460937500e+01
7.617131805419921875e+01
7.656056976318359375e+01
7.694981384277343750e+01
7.733905792236328125e+01
7.772830200195312500e+01
7.811755371093750000e+01
1.341593551635742188e+01
1.416601181030273438e+01
1.491608810424804688e+01
1.566616439819335938e+01
1.641624069213867188e+01
1.716631698608398438e+01
1.791639328002929688e+01
1.866646957397460938e+01
1.941654586791992188e+01
2.016662216186523438e+01
2.091669845581054688e+01
2.166677474975585938e+01
8.225418853759765625e+01
8.339501953125000000e+01
8.453584289550781250e+01
8.567666625976562500e+01
8.681748962402343750e+01
8.795831298828125000e+01
8.909914398193359375e+01
9.023996734619140625e+01
9.138079071044921875e+01
9.252162170410156250e+01
9.366244506835937500e+01
9.480326843261718750e+01
1.075722274780273438e+02
1.084631500244140625e+02
1.093540725708007812e+02
1.102449951171875000e+02
1.111359176635742188e+02
1.120268402099609375e+02
1.129177627563476562e+02
1.138086853027343750e+02
1.146996154785156250e+02
1.155905303955078125e+02
1.164814605712890625e+02
1.173723754882812500e+02
2.383049392700195312e+01
2.494615936279296875e+01
2.606182098388671875e+01
2.717748260498046875e+01
2.829314422607421875e+01
2.940880966186523438e+01
3.052447128295898438e+01
3.164013290405273438e+01
3.275579452514648438e+01
3.387145996093750000e+01
3.498712158203125000e+01
3.610278320312500000e+01
7.442498016357421875e+01
7.473563385009765625e+01
7.504629516601562500e+01
7.535694885253906250e+01
7.566761016845703125e+01
7.597826385498046875e+01
7.628892517089843750e+01
7.659958648681640625e+01
7.691024017333984375e+01
7.722090148925781250e+01
7.753155517578125000e+01
7.784220886230468750e+01
4.105841827392578125e+01
4.147904968261718750e+01
4.189968109130859375e+01
4.232031250000000000e+01
4.274094390869140625e+01
4.316157531738281250e+01
4.358220672607421875e+01
4.400283432006835938e+01
4.442346572875976562e+01
4.484409713745117188e+01
4.526472854614257812e+01
4.568535995483398438e+01
5.434375762939453125e+01
5.490622329711914062e+01
5.546869277954101562e+01
5.603115844726562500e+01
5.659362792968750000e+01
5.715609741210937500e+01
5.771856689453125000e+01
5.828103256225585938e+01
5.884350204467773438e+01
5.940596771240234375e+01
5.996843719482421875e+01
6.053090667724609375e+01
6.538426971435546875e+01
6.590908813476562500e+01
6.643391418457031250e+01
6.695873260498046875e+01
6.748355102539062500e+01
6.800836944580078125e+01
6.853318786621093750e+01
6.905800628662109375e+01
6.958283233642578125e+01
7.010765075683593750e+01
7.063246917724609375e+01
7.115728759765625000e+01
5.493372344970703125e+01
5.539251327514648438e+01
5.585130310058593750e+01
5.631009292602539062e+01
5.676888275146484375e+01
5.722767257690429688e+01
5.768646240234375000e+01
5.814525222778320312e+01
5.860404205322265625e+01
5.906282806396484375e+01
5.952162170410156250e+01
5.998040771484375000e+01
1.405899047851562500e+01
1.476803588867187500e+01
1.547708511352539062e+01
1.618613433837890625e+01
1.689517974853515625e+01
1.760422897338867188e+01
1.831327819824218750e+01
1.902232360839843750e+01
1.973137283325195312e+01
2.044042205810546875e+01
2.114946746826171875e+01
2.185851669311523438e+01
7.213726806640625000e+01
7.290947723388671875e+01
7.368168640136718750e+01
7.445389556884765625e+01
7.522610473632812500e+01
7.599831390380859375e+01
7.677052307128906250e+01
7.754273223876953125e+01
7.831494140625000000e+01
7.908715057373046875e+01
7.985935974121093750e+01
8.063156890869140625e+01
9.869368743896484375e+01
9.929679107666015625e+01
9.989989471435546875e+01
1.005029983520507812e+02
1.011061019897460938e+02
1.017092056274414062e+02
1.023123092651367188e+02
1.029154129028320312e+02
1.035185165405273438e+02
1.041216201782226562e+02
1.047247238159179688e+02
1.053278274536132812e+02
8.235034179687500000e+01
8.296260833740234375e+01
8.357487487792968750e+01
8.418714141845703125e+01
8.479941558837890625e+01
8.541168212890625000e+01
8.602394866943359375e+01
8.663621520996093750e+01
8.724848175048828125e+01
8.786074829101562500e+01
8.847302246093750000e+01
8.908528900146484375e+01
7.476913452148437500e+01
7.546761322021484375e+01
7.616609954833984375e+01
7.686457824707031250e+01
7.756306457519531250e+01
7.826154327392578125e+01
7.896002960205078125e+01
7.965850830078125000e+01
8.035698699951171875e+01
8.105547332763671875e+01
8.175395202636718750e+01
8.245243835449218750e+01
9.226239013671875000e+01
9.267114257812500000e+01
9.307989501953125000e+01
9.348865509033203125e+01
9.389740753173828125e+01
9.430615997314453125e+01
9.471492004394531250e+01
9.512367248535156250e+01
9.553242492675781250e+01
9.594117736816406250e+01
9.634992980957031250e+01
9.675868988037109375e+01
3.327768707275390625e+01
3.376549148559570312e+01
3.425329589843750000e+01
3.474110031127929688e+01
3.522890472412109375e+01
3.571670913696289062e+01
3.620451354980468750e+01
3.669231796264648438e+01
3.718012237548828125e+01
3.766792678833007812e+01
3.815573120117187500e+01
3.864353561401367188e+01
3.589004135131835938e+01
3.697245788574218750e+01
3.805487060546875000e+01
3.913728713989257812e+01
4.021971130371093750e+01
4.130212402343750000e+01
4.238454437255859375e+01
4.346695709228515625e+01
4.454936981201171875e+01
4.563179016113281250e+01
4.671420288085937500e+01
4.779661941528320312e+01
5.245526123046875000e+01
5.275598526000976562e+01
5.305671310424804688e+01
5.335743713378906250e+01
5.365816497802734375e+01
5.395889282226562500e+01
5.425962066650390625e+01
5.456034469604492188e+01
5.486107254028320312e+01
5.516180038452148438e+01
5.546252822875976562e+01
5.576325225830078125e+01
7.741059875488281250e+01
7.766941833496093750e+01
7.792823791503906250e+01
7.818705749511718750e+01
7.844587707519531250e+01
7.870469665527343750e+01
7.896351623535156250e+01
7.922233581542968750e+01
7.948115539550781250e+01
7.973997497558593750e+01
7.999879455566406250e+01
8.025761413574218750e+01
8.884387207031250000e+01
8.954524993896484375e+01
9.024663543701171875e+01
9.094801330566406250e+01
9.164939880371093750e+01
9.235078430175781250e+01
9.305216217041015625e+01
9.375354766845703125e+01
9.445492553710937500e+01
9.515631103515625000e+01
9.585769653320312500e+01
9.655907440185546875e+01
1.002268981933593750e+02
1.007386016845703125e+02
1.012502975463867188e+02
1.017619934082031250e+02
1.022736968994140625e+02
1.027853927612304688e+02
1.032970886230468750e+02
1.038087921142578125e+02
1.043204879760742188e+02
1.048321838378906250e+02
1.053438873291015625e+02
1.058555831909179688e+02
2.500711059570312500e+01
2.594454956054687500e+01
2.688199234008789062e+01
2.781943130493164062e+01
2.875687026977539062e+01
2.969431304931640625e+01
3.063175201416015625e+01
3.156919479370117188e+01
3.250663375854492188e+01
3.344407272338867188e+01
3.438151550292968750e+01
3.531895446777343750e+01
6.878552246093750000e+01
6.931636047363281250e+01
6.984719848632812500e+01
7.037804412841796875e+01
7.090888214111328125e+01
7.143972778320312500e+01
7.197056579589843750e+01
7.250141143798828125e+01
7.303224945068359375e+01
7.356309509277343750e+01
7.409393310546875000e+01
7.462477874755859375e+01
7.468643951416015625e+01
7.508150482177734375e+01
7.547657775878906250e+01
7.587164306640625000e+01
7.626671600341796875e+01
7.666178894042968750e+01
7.705685424804687500e+01
7.745192718505859375e+01
7.784700012207031250e+01
7.824206542968750000e+01
7.863713836669921875e+01
7.903220367431640625e+01
5.865189361572265625e+01
5.906700134277343750e+01
5.948210525512695312e+01
5.989720916748046875e+01
6.031231307983398438e+01
6.072741699218750000e+01
6.114252471923828125e+01
6.155762863159179688e+01
6.197273254394531250e+01
6.238784027099609375e+01
6.280294418334960938e+01
6.321804809570312500e+01
5.378410339355468750e+01
5.411743927001953125e+01
5.445077133178710938e+01
5.478410720825195312e+01
5.511743927001953125e+01
5.545077514648437500e+01
5.578411102294921875e+01
5.611744689941406250e+01
5.645078277587890625e+01
5.678411483764648438e+01
5.711745071411132812e+01
5.745078659057617188e+01
8.734549713134765625e+01
8.776170349121093750e+01
8.817790222167968750e+01
8.859410858154296875e+01
8.901031494140625000e+01
8.942651367187500000e+01
8.984272003173828125e+01
9.025892639160156250e+01
9.067512512207031250e+01
9.109132385253906250e+01
9.150753021240234375e+01
9.192373657226562500e+01
3.360346603393554688e+01
3.461259841918945312e+01
3.562173461914062500e+01
3.663086700439453125e+01
3.763999938964843750e+01
3.864914321899414062e+01
3.965827560424804688e+01
4.066741180419921875e+01
4.167654418945312500e+01
4.268567657470703125e+01
4.369480895996093750e+01
4.470394515991210938e+01
7.840187072753906250e+01
7.869593811035156250e+01
7.899000549316406250e+01
7.928408050537109375e+01
7.957814788818359375e+01
7.987221527099609375e+01
8.016629028320312500e+01
8.046035766601562500e+01
8.075442504882812500e+01
8.104849243164062500e+01
8.134256744384765625e+01
8.163663482666015625e+01
5.814308547973632812e+01
5.861424636840820312e+01
5.908540725708007812e+01
5.955656814575195312e+01
6.002772521972656250e+01
6.049888610839843750e+01
6.097004699707031250e+01
6.144120788574218750e+01
6.191236877441406250e+01
6.238352966308593750e+01
6.285468673706054688e+01
6.332584381103515625e+01
8.050376892089843750e+01
8.084942626953125000e+01
8.119509124755859375e+01
8.154075622558593750e+01
8.188642120361328125e+01
8.223208618164062500e+01
8.257775115966796875e+01
8.292341613769531250e+01
8.326907348632812500e+01
8.361473846435546875e+01
8.396040344238281250e+01
8.430606842041015625e+01
6.843360900878906250e+01
6.875888061523437500e+01
6.908415222167968750e+01
6.940942382812500000e+01
6.973470306396484375e+01
7.005997467041015625e+01
7.038524627685546875e+01
7.071051788330078125e+01
7.103578948974609375e+01
7.136106109619140625e+01
7.168634033203125000e+01
7.201161193847656250e+01
1.021452941894531250e+02
1.025832290649414062e+02
1.030211639404296875e+02
1.034590988159179688e+02
1.038970336914062500e+02
1.043349609375000000e+02
1.047729034423828125e+02
1.052108306884765625e+02
1.056487731933593750e+02
1.060867004394531250e+02
1.065246429443359375e+02
1.069625701904296875e+02
4.696150970458984375e+01
4.747760009765625000e+01
4.799369812011718750e+01
4.850978851318359375e+01
4.902588653564453125e+01
4.954197692871093750e+01
5.005807113647460938e+01
5.057416534423828125e+01
5.109025955200195312e+01
5.160635375976562500e+01
5.212244415283203125e+01
5.263854217529296875e+01
6.424951934814453125e+01
6.473750305175781250e+01
6.522549438476562500e+01
6.571347808837890625e+01
6.620146179199218750e+01
6.668945312500000000e+01
6.717743682861328125e+01
6.766542053222656250e+01
6.815341186523437500e+01
6.864139556884765625e+01
6.912937927246093750e+01
6.961737060546875000e+01
6.378870010375976562e+01
6.408198547363281250e+01
6.437526702880859375e+01
6.466854858398437500e+01
6.496183776855468750e+01
6.525511932373046875e+01
6.554840087890625000e+01
6.584169006347656250e+01
6.613497161865234375e+01
6.642825317382812500e+01
6.672154235839843750e+01
6.701482391357421875e+01
3.406954574584960938e+01
3.498940658569335938e+01
3.590927124023437500e+01
3.682913208007812500e+01
3.774899291992187500e+01
3.866885375976562500e+01
3.958871459960937500e+01
4.050857543945312500e+01
4.142843627929687500e+01
4.234829711914062500e+01
4.326816177368164062e+01
4.418802261352539062e+01
8.070384216308593750e+01
8.114389801025390625e+01
8.158395385742187500e+01
8.202400970458984375e+01
8.246406555175781250e+01
8.290412139892578125e+01
8.334417724609375000e+01
8.378424072265625000e+01
8.422429656982421875e+01
8.466435241699218750e+01
8.510440826416015625e+01
8.554446411132812500e+01
7.903142547607421875e+01
8.064060974121093750e+01
8.224980163574218750e+01
8.385898590087890625e+01
8.546817779541015625e+01
8.707736206054687500e+01
8.868655395507812500e+01
9.029574584960937500e+01
9.190493011474609375e+01
9.351412200927734375e+01
9.512330627441406250e+01
9.673249816894531250e+01
4.739151382446289062e+01
4.788668823242187500e+01
4.838186645507812500e+01
4.887704467773437500e+01
4.937222290039062500e+01
4.986740112304687500e+01
5.036257934570312500e+01
5.085775375366210938e+01
5.135293197631835938e+01
5.184810638427734375e+01
5.234328460693359375e+01
5.283846282958984375e+01
6.285613250732421875e+01
6.334868240356445312e+01
6.384123229980468750e+01
6.433378601074218750e+01
6.482633972167968750e+01
6.531889343261718750e+01
6.581144714355468750e+01
6.630399322509765625e+01
6.679654693603515625e+01
6.728910064697265625e+01
6.778165435791015625e+01
6.827420806884765625e+01
7.549524688720703125e+01
7.586355590820312500e+01
7.623185729980468750e+01
7.660016632080078125e+01
7.696847534179687500e+01
7.733678436279296875e+01
7.770509338378906250e+01
7.807339477539062500e+01
7.844170379638671875e+01
7.881001281738281250e+01
7.917832183837890625e+01
7.954663085937500000e+01
7.272268676757812500e+01
7.327228546142578125e+01
7.382187652587890625e+01
7.437147521972656250e+01
7.492107391357421875e+01
7.547067260742187500e+01
7.602027130126953125e+01
7.656986999511718750e+01
7.711946105957031250e+01
7.766905975341796875e+01
7.821865844726562500e+01
7.876825714111328125e+01
5.853609466552734375e+01
5.936450958251953125e+01
6.019292831420898438e+01
6.102134704589843750e+01
6.184976577758789062e+01
6.267818450927734375e+01
6.350659942626953125e+01
6.433502197265625000e+01
6.516343688964843750e+01
6.599185180664062500e+01
6.682027435302734375e+01
6.764868927001953125e+01
6.124639892578125000e+01
6.170974731445312500e+01
6.217309570312500000e+01
6.263644409179687500e+01
6.309979248046875000e+01
6.356314086914062500e+01
6.402648925781250000e+01
6.448983764648437500e+01
6.495318603515625000e+01
6.541653442382812500e+01
6.587988281250000000e+01
6.634323120117187500e+01
2.154637908935546875e+01
2.212261581420898438e+01
2.269885253906250000e+01
2.327508926391601562e+01
2.385132598876953125e+01
2.442756271362304688e+01
2.500379943847656250e+01
2.558003616333007812e+01
2.615627288818359375e+01
2.673250961303710938e+01
2.730874633789062500e+01
2.788498306274414062e+01
7.296955108642578125e+01
7.343772125244140625e+01
7.390588378906250000e+01
7.437405395507812500e+01
7.484222412109375000e+01
7.531039428710937500e+01
7.577856445312500000e+01
7.624673461914062500e+01
7.671490478515625000e+01
7.718307495117187500e+01
7.765124511718750000e+01
7.811941528320312500e+01
1.007964248657226562e+02
1.011150588989257812e+02
1.014336929321289062e+02
1.017523193359375000e+02
1.020709533691406250e+02
1.023895874023437500e+02
1.027082138061523438e+02
1.030268478393554688e+02
1.033454818725585938e+02
1.036641082763671875e+02
1.039827423095703125e+02
1.043013763427734375e+02
8.489783477783203125e+01
8.567241668701171875e+01
8.644700622558593750e+01
8.722158813476562500e+01
8.799617004394531250e+01
8.877075958251953125e+01
8.954534149169921875e+01
9.031992340087890625e+01
9.109451293945312500e+01
9.186909484863281250e+01
9.264367675781250000e+01
9.341826629638671875e+01
3.501800155639648438e+01
3.611454010009765625e+01
3.721107482910156250e+01
3.830761337280273438e+01
3.940414810180664062e+01
4.050068664550781250e+01
4.159722137451171875e+01
4.269376373291015625e+01
4.379030609130859375e+01
4.488684463500976562e+01
4.598338317871093750e+01
4.707991790771484375e+01
7.147602081298828125e+01
7.191636657714843750e+01
7.235671234130859375e+01
7.279705810546875000e+01
7.323740386962890625e+01
7.367774963378906250e+01
7.411810302734375000e+01
7.455844879150390625e+01
7.499879455566406250e+01
7.543914031982421875e+01
7.587948608398437500e+01
7.631983184814453125e+01
6.621342468261718750e+01
6.680033874511718750e+01
6.738725280761718750e+01
6.797416687011718750e+01
6.856108093261718750e+01
6.914798736572265625e+01
6.973490142822265625e+01
7.032181549072265625e+01
7.090872955322265625e+01
7.149564361572265625e+01
7.208255004882812500e+01
7.266946411132812500e+01
6.571598052978515625e+01
6.598238372802734375e+01
6.624877929687500000e+01
6.651518249511718750e+01
6.678158569335937500e+01
6.704798126220703125e+01
6.731438446044921875e+01
6.758078765869140625e+01
6.784718322753906250e+01
6.811358642578125000e+01
6.837998962402343750e+01
6.864638519287109375e+01
1.059176940917968750e+02
1.063012847900390625e+02
1.066848602294921875e+02
1.070684509277343750e+02
1.074520263671875000e+02
1.078356170654296875e+02
1.082191925048828125e+02
1.086027832031250000e+02
1.089863586425781250e+02
1.093699493408203125e+02
1.097535324096679688e+02
1.101371154785156250e+02
5.745323181152343750e+01
5.782551574707031250e+01
5.819780349731445312e+01
5.857009124755859375e+01
5.894237518310546875e+01
5.931466293334960938e+01
5.968695068359375000e+01
6.005923843383789062e+01
6.043152618408203125e+01
6.080381011962890625e+01
6.117609786987304688e+01
6.154838562011718750e+01
1.966519165039062500e+01
2.066425323486328125e+01
2.166331481933593750e+01
2.266238021850585938e+01
2.366144180297851562e+01
2.466050338745117188e+01
2.565956497192382812e+01
2.665862655639648438e+01
2.765769195556640625e+01
2.865675354003906250e+01
2.965581512451171875e+01
3.065487670898437500e+01
7.816066741943359375e+01
7.860665130615234375e+01
7.905264282226562500e+01
7.949863433837890625e+01
7.994462585449218750e+01
8.039060974121093750e+01
8.083660125732421875e+01
8.128259277343750000e+01
8.172857666015625000e+01
8.217456817626953125e+01
8.262055969238281250e+01
8.306654357910156250e+01
8.665371704101562500e+01
8.706719207763671875e+01
8.748065948486328125e+01
8.789413452148437500e+01
8.830760192871093750e+01
8.872107696533203125e+01
8.913455200195312500e+01
8.954801940917968750e+01
8.996149444580078125e+01
9.037496948242187500e+01
9.078843688964843750e+01
9.120191192626953125e+01
6.617526245117187500e+01
6.654013824462890625e+01
6.690501403808593750e+01
6.726989746093750000e+01
6.763477325439453125e+01
6.799964904785156250e+01
6.836453247070312500e+01
6.872940826416015625e+01
6.909428405761718750e+01
6.945916748046875000e+01
6.982404327392578125e+01
7.018891906738281250e+01
6.888278961181640625e+01
6.923925018310546875e+01
6.959571075439453125e+01
6.995217895507812500e+01
7.030863952636718750e+01
7.066510009765625000e+01
7.102156829833984375e+01
7.137802886962890625e+01
7.173448944091796875e+01
7.209095764160156250e+01
7.244741821289062500e+01
7.280388641357421875e+01
8.032067871093750000e+01
8.185726928710937500e+01
8.339386749267578125e+01
8.493045806884765625e+01
8.646705627441406250e+01
8.800364685058593750e+01
8.954024505615234375e+01
9.107683563232421875e+01
9.261343383789062500e+01
9.415002441406250000e+01
9.568662261962890625e+01
9.722321319580078125e+01
5.032551193237304688e+01
5.079791259765625000e+01
5.127030944824218750e+01
5.174271392822265625e+01
5.221511077880859375e+01
5.268751144409179688e+01
5.315991210937500000e+01
5.363230895996093750e+01
5.410471343994140625e+01
5.457711029052734375e+01
5.504951095581054688e+01
5.552191162109375000e+01
3.507679367065429688e+01
3.616592407226562500e+01
3.725505828857421875e+01
3.834419631958007812e+01
3.943333053588867188e+01
4.052246093750000000e+01
4.161159515380859375e+01
4.270072937011718750e+01
4.378985977172851562e+01
4.487899017333984375e+01
4.596812438964843750e+01
4.705725479125976562e+01
6.815678405761718750e+01
6.853704071044921875e+01
6.891729736328125000e+01
6.929756164550781250e+01
6.967781829833984375e+01
7.005807495117187500e+01
7.043833160400390625e+01
7.081859588623046875e+01
7.119885253906250000e+01
7.157910919189453125e+01
7.195937347412109375e+01
7.233963012695312500e+01
9.821517944335937500e+01
9.867929077148437500e+01
9.914340209960937500e+01
9.960752105712890625e+01
1.000716323852539062e+02
1.005357513427734375e+02
1.009998626708984375e+02
1.014639739990234375e+02
1.019280929565429688e+02
1.023922042846679688e+02
1.028563232421875000e+02
1.033204345703125000e+02
7.800128936767578125e+01
7.842173767089843750e+01
7.884217834472656250e+01
7.926262664794921875e+01
7.968307495117187500e+01
8.010351562500000000e+01
8.052396392822265625e+01
8.094441223144531250e+01
8.136485290527343750e+01
8.178530120849609375e+01
8.220574951171875000e+01
8.262619781494140625e+01
9.933820343017578125e+01
9.982276916503906250e+01
1.003073272705078125e+02
1.007918930053710938e+02
1.012764587402343750e+02
1.017610168457031250e+02
1.022455825805664062e+02
1.027301483154296875e+02
1.032147064208984375e+02
1.036992721557617188e+02
1.041838378906250000e+02
1.046683959960937500e+02
6.401455688476562500e+01
6.440367889404296875e+01
6.479280090332031250e+01
6.518192291259765625e+01
6.557104492187500000e+01
6.596016693115234375e+01
6.634928894042968750e+01
6.673841094970703125e+01
6.712754058837890625e+01
6.751666259765625000e+01
6.790578460693359375e+01
6.829490661621093750e+01
