-0.254324
0.164866
-0.232431
-0.682246
-0.401339
0.075571
0.052379
0.021681
0.131155
0.114538
-0.033388
-0.396852
0.066846
-0.733003
-0.158676
-0.025143
-0.038800
-0.194231
0.235882
0.292539
-0.040507
-0.318569
-0.418749
0.326570
0.161743
-0.088259
0.094100
-0.720377
-0.660243
-0.291595
-0.110639
-0.078581
-0.223455
-0.140546
-0.062189
-0.716864
-0.135773
-0.685914
-0.131197
0.055117
-0.094317
0.135765
0.071462
-0.183568
-0.039689
-0.178997
0.208751
-0.032924
-0.745218
0.066068
0.025874
-0.290376
0.045618
0.045948
0.037384
0.156177
-0.169476
-0.101441
0.171466
-0.054087
0.054020
-0.285051
0.186140
0.052527
-0.050484
-0.423155
0.087581
-0.057148
0.037383
-0.193924
-0.060618
0.023085
0.211484
0.076749
-0.251019
-0.044260
-0.833286
-0.029327
0.032848
-0.102531
-0.800837
-0.986985
0.015967
-0.223806
0.085468
-0.071493
0.046144
-0.761287
-0.911182
-0.189355
0.128338
-0.039459
-0.086706
-0.909936
-0.871767
-0.742049
-0.740297
-0.683534
-0.028716
-0.096264
-0.354502
-0.021499
-0.715310
-0.104670
0.013146
-0.735463
-0.088355
0.091250
-0.259632
-0.173493
-0.324290
0.013385
-0.151419
0.044713
-0.066547
-1.330509
0.045276
-0.168042
0.087694
-0.665161
-0.170407
-0.003628
0.020488
-0.448545
-0.548444
-0.060906
-0.009391
-0.106605
-0.106949
-0.053649
-0.175552
-0.032650
-0.741642
-0.085066
-0.817955
-0.565390
-0.034395
-0.497707
-0.220125
0.153582
0.070914
-0.674009
-0.053234
-0.849936
0.237376
0.004185
-0.240832
-0.783234
-0.481081
-0.211793
-0.127717
-0.481860
-0.780965
-0.630021
-0.021022
-0.153778
-0.134284
-0.188355
-0.303666
-0.442370
-0.042980
-0.341937
-0.007006
0.110977
-0.436618
-0.599102
0.113340
-0.107989
-0.542256
0.365983
0.164860
-0.504108
0.050252
0.010939
0.171494
-0.009149
0.007472
-0.746686
-0.047061
-0.570684
-0.138756
-0.131979
0.484333
0.025752
-0.039583
-0.431634
-0.337449
-0.765813
-0.143397
-0.022106
-0.104816
0.217876
-0.354418
-0.017961
-0.380586
-0.032501
-0.415179
-0.122370
-0.392058
0.132798
