0.191031 0.420965
0.193131 0.423043
0.195238 0.425117
0.197353 0.427192
0.199463 0.429252
0.201417 0.431150
0.203409 0.433077
0.205417 0.435012
0.207522 0.437034
0.209746 0.439165
0.211972 0.441291
0.214202 0.443415
0.216356 0.445458
0.218466 0.447450
0.220596 0.449458
0.222743 0.451476
0.225051 0.453647
0.227386 0.455839
0.229753 0.458061
0.232118 0.460270
0.234362 0.462367
0.236639 0.464489
0.238920 0.466610
0.241261 0.468788
0.243707 0.471069
0.246196 0.473393
0.248729 0.475758
0.251191 0.478051
0.253570 0.480258
0.255980 0.482495
0.258436 0.484778
0.261032 0.487202
0.263662 0.489655
0.266328 0.492161
0.269028 0.494696
0.271639 0.497134
0.274242 0.499564
0.276898 0.502050
0.279609 0.504592
0.282455 0.507279
0.285312 0.509976
0.288222 0.512732
0.291079 0.515428
0.293931 0.518117
0.296818 0.520842
0.299693 0.523541
0.302668 0.526365
0.305728 0.529272
0.308798 0.532185
0.311947 0.535182
0.314957 0.538019
0.318025 0.540912
0.321121 0.543830
0.324260 0.546788
0.327557 0.549918
0.330903 0.553093
0.334284 0.556297
0.337625 0.559434
0.340921 0.562529
0.344258 0.565646
0.347636 0.568795
0.351080 0.572004
0.354635 0.575323
0.358182 0.578616
0.361759 0.581923
0.365347 0.585227
0.368902 0.588471
0.372531 0.591779
0.376144 0.595047
0.379877 0.598431
0.383613 0.601784
0.387456 0.605260
0.391305 0.608707
0.395022 0.611986
0.398788 0.615298
0.402568 0.618605
0.406421 0.621974
0.410406 0.625473
0.414391 0.628951
0.418364 0.632401
0.422284 0.635778
0.426196 0.639138
0.430132 0.642514
0.434087 0.645904
0.438060 0.649312
0.442092 0.652785
0.446132 0.656269
0.450170 0.659757
0.454112 0.663161
0.458055 0.666582
0.461995 0.670022
0.465983 0.673540
0.469925 0.677046
0.473862 0.680582
0.477783 0.684145
0.481638 0.687691
0.485490 0.691291
0.489327 0.694936
0.493089 0.698567
0.496893 0.702321
0.500650 0.706104
0.504275 0.709839
0.507818 0.713560
0.511418 0.717448
0.514991 0.721404
0.518485 0.725376
0.521847 0.729313
0.525207 0.733366
0.528452 0.737406
0.531667 0.741525
0.534782 0.745651
0.537897 0.749902
0.540945 0.754202
0.543971 0.758585
0.546871 0.762954
0.549636 0.767299
0.552318 0.771644
0.554847 0.775937
0.557402 0.780364
0.559989 0.784940
0.562554 0.789594
0.565053 0.794265
0.567340 0.798770
0.569469 0.803165
0.571541 0.807564
0.573580 0.811993
0.575649 0.816511
0.577655 0.821054
0.579706 0.825672
0.581636 0.830221
0.583404 0.834573
0.585142 0.838894
0.586748 0.843108
0.588357 0.847297
0.590047 0.851689
0.591731 0.856063
0.593336 0.860330
0.594952 0.864625
0.596341 0.868581
0.597724 0.872526
0.599092 0.876440
0.600512 0.880398
0.601848 0.884277
0.603211 0.888125
0.604534 0.891957
0.605816 0.895673
0.607144 0.899414
0.608355 0.903007
0.609599 0.906567
0.610808 0.910112
0.612049 0.913654
0.613309 0.917204
0.614519 0.920644
0.615702 0.924011
0.616814 0.927229
0.617866 0.930316
0.618936 0.933410
0.620081 0.936603
0.621280 0.939830
0.622429 0.943007
0.623596 0.946130
0.624608 0.948980
0.625556 0.951718
0.626542 0.954441
0.627499 0.957146
0.628575 0.960000
0.629666 0.962860
0.630767 0.965710
0.631792 0.968405
0.632755 0.970958
0.633697 0.973451
0.634602 0.975852
0.635545 0.978299
0.636638 0.980968
0.637624 0.983479
0.638738 0.986141
0.639721 0.988574
0.640544 0.990723
0.641431 0.992915
0.642242 0.995003
0.643153 0.997226
0.644171 0.999626
0.645210 1.002043
0.646231 1.004414
0.647171 1.006616
0.648005 1.008612
0.648773 1.010472
0.649531 1.012301
0.650515 1.014501
0.651524 1.016771
0.652569 1.019046
0.653605 1.021326
0.654468 1.023267
0.655200 1.024952
0.655882 1.026573
0.656533 1.028089
0.657555 1.030281
0.658633 1.032529
0.659656 1.034671
0.660600 1.036673
