-0.004920 0.005130 0.005736 0.002470
-0.002177 0.000721 0.001120 0.002851
-0.001288 0.000623 -0.000627 -0.000736
0.001861 0.000435 0.000356 -0.001323
-0.001393 0.000427 -0.001493 0.001273
0.000080 -0.000199 -0.000079 -0.000518
0.001128 0.000029 0.002113 -0.000196
-0.002221 0.000528 -0.000313 0.002236
0.000408 -0.000390 0.000976 -0.000580
0.001925 -0.000157 0.000781 -0.000289
-0.002110 0.000592 0.000051 0.001146
-0.000234 0.000105 0.001537 0.000047
0.002068 -0.000516 -0.000234 0.002726
-0.000819 0.000274 0.000175 0.000872
-0.001628 0.000572 0.001504 0.002166
0.001479 -0.000345 0.000154 0.001878
-0.001320 -0.000053 0.000766 0.002757
-0.001403 0.000948 0.000101 -0.000527
0.000677 -0.000306 0.000960 0.001814
-0.002206 0.000162 0.000228 0.002879
-0.001472 0.000671 0.000081 -0.000779
0.001455 0.000559 -0.000162 -0.001292
-0.001911 -0.000030 -0.000527 0.001025
-0.000964 0.000501 -0.000070 -0.000024
0.000856 -0.000523 -0.000750 0.000401
-0.001449 0.000078 0.000169 0.002297
-0.001415 0.000774 -0.000059 -0.000976
0.001226 -0.000796 -0.000807 -0.001349
-0.001326 0.000550 0.000071 0.002290
0.000759 -0.000030 0.001683 0.000064
-0.000175 -0.000195 -0.000742 -0.001813
-0.002971 0.001339 0.000490 0.001539
0.000607 0.000193 0.002417 -0.000068
-0.000729 0.000417 -0.000107 -0.000987
-0.001830 0.000892 0.000536 0.001552
0.001347 -0.000287 0.003111 0.001256
-0.002077 0.000770 0.000655 -0.001770
-0.000891 0.000346 0.001626 0.001714
0.001914 -0.000593 0.003021 0.002740
-0.002067 0.001191 0.000758 -0.001162
-0.001615 0.000121 0.001378 0.001610
0.000784 0.000166 0.001232 0.000451
-0.002605 0.001291 0.000409 -0.001762
-0.001945 0.000260 0.001177 0.002926
-0.000697 0.000527 0.000719 -0.000284
0.000071 0.000119 -0.001175 -0.001466
-0.002327 0.000138 0.000597 0.002077
-0.000416 0.000654 0.000477 -0.000293
-0.001305 -0.000306 0.001090 0.001175
0.003861 -0.000918 0.000135 -0.000977
-0.001828 0.000610 0.000518 -0.001169
-0.001086 0.000001 -0.000638 0.000685
0.001442 -0.000301 0.000349 -0.000610
-0.002141 0.000540 0.000722 -0.000942
-0.001053 -0.000512 -0.002735 -0.000842
0.000483 -0.000371 0.000575 -0.000349
-0.002266 0.000268 0.000162 -0.000472
-0.001131 0.000300 -0.001755 0.000145
-0.000151 -0.000480 -0.001807 -0.001917
-0.003229 0.001016 0.000888 0.000818
0.000509 0.000300 -0.001379 -0.000859
-0.001869 0.000383 -0.001597 -0.002942
-0.001919 0.001110 0.001229 0.000185
0.000148 0.000423 -0.001337 -0.000861
-0.000024 0.000221 -0.002305 -0.002658
-0.002451 0.001338 0.001225 0.000421
-0.001444 0.000191 -0.000985 0.000348
0.000981 -0.000270 -0.001964 -0.001442
-0.003146 0.000840 0.000923 0.001295
-0.000629 -0.000182 -0.002332 -0.000168
0.002024 -0.000202 -0.000092 -0.000166
-0.001627 0.000186 0.000760 0.000839
-0.001556 0.000569 -0.001488 0.000368
0.002456 -0.000355 0.000048 -0.000576
-0.000521 0.000179 0.000490 0.000348
-0.001419 0.000259 -0.000504 0.001573
0.002618 -0.000793 0.000818 -0.000895
-0.000771 0.000260 0.000107 -0.000115
-0.001723 0.001161 -0.001951 -0.002571
0.002942 -0.000204 0.001016 -0.001444
-0.000442 -0.000526 0.001910 0.001348
-0.000587 0.000299 -0.000072 -0.000325
0.003199 -0.000713 0.001089 -0.000341
-0.000733 -0.000229 0.001289 -0.000633
0.000647 -0.000392 0.001193 0.000355
0.001474 -0.000222 0.001640 -0.000375
-0.001488 0.000667 0.000553 -0.000758
0.001197 -0.000697 0.001988 0.000841
-0.000993 0.000655 -0.001309 -0.003611
-0.001864 0.001259 0.001629 0.000983
0.000463 -0.000015 0.003048 0.001524
-0.000246 0.000419 -0.001120 -0.002287
-0.001194 0.000782 0.000135 -0.000794
0.000060 0.000125 0.002982 0.001392
0.000144 0.000190 -0.000500 -0.001873
-0.000359 0.000393 -0.000005 -0.000185
0.000438 -0.000481 0.002108 0.000569
0.001128 0.000146 -0.000605 -0.001834
-0.001511 0.000841 0.000656 0.000522
0.000269 -0.000121 0.000910 -0.000409
0.001064 0.000402 0.001399 -0.000978
-0.001136 0.000349 0.000901 0.000516
-0.000997 0.000192 0.001434 0.001546
0.002072 0.000238 0.001191 -0.000434
0.000135 0.000259 0.000534 0.000027
-0.002406 0.000674 -0.000309 -0.000976
0.001374 0.000146 0.000361 -0.001421
-0.000836 0.000764 0.000221 0.000114
-0.001230 0.000793 -0.001145 0.000858
-0.000824 -0.000321 0.001551 -0.001644
-0.004495 0.001769 -0.002379 -0.001599
-0.003632 0.000228 -0.001805 0.003320
-0.001503 -0.000079 0.000292 0.001348
-0.006333 0.001153 -0.007475 -0.000442
-0.004251 0.000754 -0.004091 0.000745
-0.002046 0.001344 -0.000256 -0.000713
-0.004757 0.000302 -0.009405 -0.002066
-0.004099 0.000448 -0.002928 0.002615
-0.000362 0.000354 -0.002837 -0.003234
-0.000354 -0.000723 -0.005711 -0.002256
-0.004097 0.000046 -0.002419 0.006043
-0.003926 0.000398 0.000550 0.001827
-0.004579 0.000119 -0.003252 0.001963
-0.004533 0.000314 -0.003141 0.004071
-0.002496 0.000225 0.000004 0.003558
-0.003536 -0.000212 -0.006779 0.000985
-0.000843 0.000163 -0.000155 -0.001675
-0.002757 0.000109 0.000117 0.004353
-0.004092 0.000552 -0.004717 0.001305
-0.000480 0.000683 0.001708 -0.002850
-0.003783 0.000343 0.000305 0.002052
-0.004673 0.000634 -0.005058 0.001280
0.002370 -0.000185 0.001998 -0.002493
-0.001287 0.000012 -0.002327 -0.001945
-0.004009 0.000717 -0.005144 -0.001958
0.002091 -0.000601 0.000520 -0.000901
-0.001606 0.000090 -0.000721 0.000073
-0.009248 0.002374 -0.005887 -0.001960
0.001185 -0.000132 0.000079 -0.001483
-0.001299 -0.000129 -0.000161 0.000941
-0.007807 0.001721 -0.004670 0.000652
0.000317 -0.000112 0.000612 -0.000582
-0.001245 -0.000356 0.001285 -0.001556
-0.005175 0.001747 -0.001868 -0.001130
-0.003059 0.000273 0.000766 0.004602
-0.001090 0.000346 -0.000782 -0.002268
0.000027 -0.000792 -0.001990 0.002321
-0.004178 0.001019 0.000061 0.003075
-0.001334 -0.000332 -0.000526 -0.002065
-0.002098 0.000175 -0.001832 0.000814
-0.005912 0.001948 -0.000110 0.002217
-0.002817 0.000337 -0.000812 -0.002265
-0.001894 0.000348 -0.003238 0.000674
-0.001638 0.000400 -0.001490 -0.000132
-0.001672 0.000574 -0.000737 -0.000307
-0.002657 0.000716 -0.002796 -0.000775
0.003340 -0.000956 -0.002639 -0.001779
-0.001329 -0.000322 0.000127 -0.001651
-0.003390 0.000797 -0.001780 0.001062
0.003516 -0.000911 -0.001882 -0.002904
-0.000722 -0.000179 -0.001817 -0.002112
-0.004481 0.001331 -0.000679 0.001694
0.002942 -0.000127 -0.001165 -0.003053
0.000622 0.000217 -0.001368 -0.003420
-0.001750 -0.000115 -0.000856 0.004511
0.003501 -0.001548 -0.000805 -0.002642
-0.001331 0.000269 0.000343 0.000392
-0.001616 0.000586 -0.000241 0.004334
0.002107 -0.000568 -0.000334 -0.003037
-0.001029 0.000213 -0.000574 0.001564
-0.000416 -0.000986 -0.002245 0.002556
0.001654 -0.001115 -0.000271 0.000146
-0.000526 0.000089 -0.001649 0.001824
0.001523 -0.001926 -0.002612 0.002630
0.000085 -0.001255 -0.000544 0.001474
-0.000218 -0.000186 -0.001241 0.002832
0.001520 -0.001753 -0.002571 0.001677
-0.000687 -0.000518 0.000208 0.004164
-0.001020 0.000418 -0.000639 0.000074
0.001647 -0.000983 -0.001250 0.002838
-0.003592 0.000191 0.001044 0.004928
-0.000909 0.000444 -0.000455 -0.000715
-0.000159 -0.001425 -0.000676 0.003694
-0.001528 0.000040 -0.000804 0.000522
-0.002587 0.000710 -0.002371 0.000297
-0.001576 -0.000344 -0.001319 -0.001923
0.000919 -0.000824 -0.000448 0.002331
-0.003710 0.001620 -0.002910 0.000142
-0.000512 -0.000737 -0.001519 0.000512
0.000098 0.000868 -0.000564 -0.002748
-0.002759 0.001312 -0.001670 0.000189
-0.003264 0.000324 -0.001606 -0.003109
0.002665 -0.000375 -0.000821 -0.003330
-0.000061 0.000332 -0.001199 -0.002579
-0.002339 -0.000477 -0.000285 0.005022
0.001538 -0.000096 0.000488 -0.000702
-0.002036 0.000405 -0.000217 -0.000941
0.003188 -0.001430 -0.000783 0.003123
-0.001371 0.000366 -0.000388 -0.001894
-0.000038 -0.000698 -0.000808 0.000065
0.001092 -0.000384 -0.001481 -0.001444
0.000560 -0.000799 -0.001203 0.002288
-0.000546 -0.000206 -0.000092 -0.001144
0.003477 -0.001223 -0.000920 0.000367
0.008284 -0.001320 -0.006374 -0.004108
0.009707 -0.002016 -0.003071 -0.010288
0.012031 -0.002549 -0.006863 -0.006507
0.004153 -0.000545 -0.000429 -0.002210
0.007109 0.000116 0.003964 -0.001555
0.009992 -0.003168 0.002349 -0.000729
0.001209 0.000440 -0.000830 -0.005574
0.005844 -0.002123 0.008144 0.005733
0.008857 -0.003330 0.009280 0.000249
-0.002325 0.002647 0.001045 -0.005923
0.003595 -0.002095 0.005251 0.008251
0.004706 0.003250 0.012885 -0.006840
-0.000530 0.001633 0.003892 -0.004948
0.004236 -0.000850 -0.000555 0.003449
0.007453 0.000157 0.008226 -0.005595
0.001271 0.000217 0.003467 -0.003658
0.002248 0.000913 -0.003091 0.001262
0.014351 -0.003974 0.004149 0.002612
0.001793 0.000388 0.004113 -0.006214
0.000082 0.001027 -0.001477 -0.000753
0.004554 0.001033 0.010305 -0.005282
-0.003452 0.001725 0.000923 -0.000934
0.000474 0.000978 -0.000113 -0.004739
-0.001931 0.004087 0.000647 -0.000475
0.000122 0.000801 0.000538 0.004236
-0.001152 0.001959 0.000041 -0.000391
0.001728 0.001515 0.014612 -0.010942
0.000927 -0.000013 -0.001641 0.002629
-0.002456 0.002193 -0.001911 0.001691
0.006990 -0.001411 0.009821 0.000011
0.004302 -0.001073 -0.000569 0.001779
0.000837 0.001083 0.000730 0.004949
0.006354 -0.001609 0.002287 -0.007007
0.005430 -0.002071 0.001957 0.002076
0.006762 -0.003223 0.001435 0.005296
-0.003381 0.003478 0.006043 -0.002850
0.003634 -0.001661 0.002720 0.003160
0.008709 -0.002304 0.003371 0.004790
0.004854 -0.002057 0.003204 0.002679
0.000039 -0.000129 0.004748 0.001988
0.008831 -0.001086 0.001186 -0.001144
0.012463 -0.005900 -0.005191 -0.003667
-0.002758 0.001340 0.005684 0.001791
0.009498 -0.002001 0.000296 -0.004744
0.013232 -0.004288 -0.010017 -0.002854
