64.153594
75.957874
64.153594
64.153594
70.976573
64.153594
75.507160
66.909527
64.153594
64.153594
75.957874
64.153594
71.820927
75.957874
72.023778
64.153594
75.805407
64.153594
64.452378
70.129798
75.325194
64.153594
73.778030
64.153594
75.957874
64.153594
75.957874
69.561657
68.611830
64.153594
75.957874
75.957874
75.957874
69.219298
71.304937
69.867970
64.153594
64.153594
75.957874
75.957874
72.841750
64.778652
75.957874
75.957874
70.612953
75.957874
75.957874
75.957874
64.153594
68.760906
67.382752
75.957874
72.501445
64.153594
64.153594
75.957874
75.957874
69.946005
64.153594
75.957874
75.957874
64.153594
64.153594
66.856603
75.957874
67.985059
71.927860
64.153594
75.957874
64.153594
75.957874
75.957874
72.743655
64.153594
73.971972
75.957874
73.441208
73.037288
75.957874
68.928834
75.957874
64.153594
75.957874
71.671715
64.896751
75.957874
64.153594
64.153594
64.153594
72.085055
64.153594
65.585613
75.702000
75.957874
75.957874
73.071100
64.153594
69.341059
71.083969
74.734036
