0.077056 0.139291
0.080586 0.139329
0.084843 0.139391
0.088438 0.139442
0.092825 0.139541
0.097063 0.139636
0.100818 0.139721
0.104578 0.139815
0.107797 0.139892
0.112006 0.140031
0.115408 0.140134
0.118972 0.140262
0.123121 0.140425
0.127024 0.140585
0.131657 0.140799
0.135523 0.140984
0.139035 0.141160
0.143358 0.141393
0.148049 0.141663
0.152446 0.141932
0.156252 0.142172
0.160300 0.142442
0.165115 0.142786
0.169639 0.143130
0.172743 0.143364
0.175905 0.143620
0.181640 0.144105
0.187406 0.144627
0.192262 0.145089
0.195097 0.145357
0.197656 0.145601
0.202385 0.146079
0.208468 0.146731
0.213342 0.147275
0.217158 0.147710
0.221815 0.148277
0.226024 0.148799
0.230470 0.149386
0.236603 0.150210
0.241635 0.150928
0.245230 0.151427
0.248819 0.151946
0.253054 0.152596
0.257826 0.153340
0.262786 0.154138
0.266442 0.154750
0.270763 0.155485
0.275343 0.156282
0.280050 0.157140
0.285402 0.158134
0.290680 0.159149
0.294246 0.159867
0.297811 0.160598
0.303448 0.161743
0.309586 0.163047
0.315524 0.164367
0.319504 0.165276
0.323495 0.166178
0.329430 0.167590
0.334155 0.168742
0.338327 0.169780
0.341586 0.170612
0.345812 0.171718
0.348467 0.172492
0.353333 0.173789
0.359207 0.175373
0.365448 0.177092
0.369513 0.178281
0.372958 0.179343
0.376613 0.180467
0.382742 0.182289
0.388623 0.184095
0.394229 0.185865
0.397980 0.187119
0.401424 0.188293
0.406164 0.189880
0.410640 0.191422
0.415899 0.193238
0.420290 0.194803
0.425109 0.196540
0.430594 0.198520
0.435891 0.200498
0.439531 0.201919
0.443708 0.203551
0.449795 0.205874
0.454856 0.207858
0.459364 0.209682
0.464232 0.211685
0.468454 0.213434
0.473470 0.215532
0.478936 0.217859
0.484647 0.220298
0.489036 0.222227
0.493283 0.224113
0.497665 0.226077
0.502960 0.228472
0.508588 0.231059
0.512278 0.232762
0.516120 0.234566
0.520820 0.236781
0.525983 0.239237
0.529051 0.240723
0.534179 0.243194
0.538673 0.245386
0.542899 0.247469
0.547993 0.249983
0.551316 0.251648
0.556068 0.254024
0.561087 0.256552
0.565623 0.258855
0.570606 0.261404
0.575105 0.263716
0.578172 0.265312
0.584217 0.268446
0.587945 0.270388
0.591528 0.272253
0.594665 0.273873
0.599792 0.276557
0.604222 0.278887
0.608716 0.281258
0.613319 0.283695
0.617942 0.286152
0.622252 0.288440
0.625684 0.290270
0.631282 0.293268
0.635355 0.295444
0.638684 0.297176
0.641800 0.298788
0.647465 0.301853
0.650612 0.303468
0.655226 0.305928
0.659696 0.308306
0.661200 0.309054
0.665126 0.311116
0.671010 0.314257
0.676497 0.317184
0.677859 0.317779
0.682394 0.320154
0.686899 0.322511
0.691000 0.324637
0.695499 0.326981
0.699550 0.329065
0.703849 0.331283
0.708046 0.333435
0.712441 0.335695
0.716720 0.337880
0.717697 0.338185
0.721684 0.340178
0.726025 0.342355
0.729622 0.344114
0.733572 0.346056
0.736393 0.347407
0.742218 0.350316
0.745496 0.351889
0.749348 0.353771
0.751467 0.354658
0.757945 0.357953
0.764691 0.361468
0.768497 0.363233
0.767080 0.362312
0.765688 0.361397
0.772538 0.364687
0.781389 0.369080
0.787078 0.371467
0.787242 0.371346
0.785485 0.370483
0.786240 0.370648
0.796512 0.375679
0.807250 0.380960
0.811787 0.382946
0.809333 0.381296
0.809845 0.380798
0.814505 0.382789
0.822029 0.386302
0.829492 0.389738
0.829863 0.389692
0.827442 0.387990
0.829039 0.388419
0.837511 0.392315
0.847448 0.396909
0.852048 0.398812
0.852174 0.398285
0.851578 0.397410
0.853834 0.398279
0.862751 0.402414
0.871158 0.406217
0.870461 0.405451
0.867722 0.403653
0.865875 0.402237
0.876009 0.406685
0.885479 0.410797
0.892155 0.413661
0.887558 0.411211
0.880951 0.408228
0.885101 0.409691
0.897704 0.414932
0.910164 0.419941
0.908852 0.418978
0.903470 0.416164
0.898121 0.413241
