0.082505
-0.245526
0.143464
0.129872
0.423549
0.019900
-0.289864
0.422944
0.138679
-0.102322
-0.173808
0.246833
0.135926
-0.078792
-0.161879
0.252626
-0.029578
0.919766
-0.046506
-0.036008
-0.121164
0.147083
-0.081175
-0.241103
-0.571267
-0.207956
0.217843
0.449432
0.152253
-0.074279
-0.193740
-0.224435
0.195188
-0.082282
-0.111982
0.059690
0.038942
0.345874
-0.423000
-0.196925
-0.140950
-0.041391
0.098453
0.371190
-0.016413
0.196866
0.017112
-0.094361
0.017582
-0.082639
-0.111834
0.166795
0.618450
0.178039
-0.113454
0.027572
-0.189225
-0.069121
-0.068441
0.443606
0.028536
0.017984
0.024277
-0.080014
0.316348
0.506453
0.097159
-0.155235
-0.202402
-0.067847
0.163193
-0.131139
0.291921
0.139303
-0.316176
-0.232071
0.028633
-0.205922
0.414618
-0.266027
-0.075449
-0.165319
-0.133006
0.088198
-0.010633
-0.891757
-0.143971
0.045577
-0.139257
0.176453
0.171332
0.066242
0.376738
-0.071382
-0.079289
-0.020189
0.024961
0.082404
-0.522371
-0.019488
-0.097707
-0.410346
-0.050525
0.216853
0.376153
0.124123
-0.279913
-0.219762
0.052361
0.078466
-0.166462
0.208233
-0.022915
-0.013632
0.149058
-0.020209
1.241296
-0.337049
-0.151606
-0.252714
0.002889
-0.006043
-0.039133
-0.356492
-0.049731
-0.048659
0.010966
-0.243759
-0.247118
0.024888
0.014581
-0.209869
-0.082114
0.246577
-0.150984
0.015410
-0.005864
-0.106058
0.239764
-0.144007
0.006469
0.117940
0.057087
-0.320689
0.179046
-0.067866
0.240442
-0.414060
-0.000283
0.019375
-0.257397
-0.054239
0.039364
-0.267004
-0.177341
-0.070280
-0.116042
0.074235
0.204317
-0.208845
-0.251287
1.542663
0.133644
-0.221044
0.289390
0.831320
-0.251187
-0.196754
0.047531
0.064761
0.082053
0.101226
0.891663
0.036421
-0.152160
-0.437619
-0.044380
-0.121215
-0.170591
-0.063628
0.508792
0.213506
-0.531519
0.014144
-0.342913
-0.118971
0.200095
-0.070801
0.046099
-0.245805
-0.162741
0.199255
0.369690
-0.001150
-0.166414
-0.046190
0.099490
0.072594
-0.127250
-0.198781
-0.033352
-0.423993
-0.372731
-0.076481
0.035088
0.296607
-0.029541
-0.344948
0.438371
-0.495489
0.088526
0.066467
-0.318734
-0.429881
0.237118
-0.054905
0.101816
-0.070107
0.024006
-0.362638
0.331780
0.158630
-0.128103
0.243183
0.069342
-0.242343
-0.339450
-0.398304
0.072915
0.070199
0.027059
-0.093480
0.261304
0.101517
0.053536
-0.298073
0.607460
0.085454
0.075840
-0.408267
-0.115685
-0.826670
-0.133315
0.468487
0.201289
-0.572900
-0.147185
0.143448
-0.110710
-0.493973
0.149823
-0.150827
0.146707
0.338684
-0.345068
