0.801709 0.462501 1.092574 0.380966
0.798528 0.470456 1.095812 0.412919
0.802918 0.458908 1.088651 0.386851
0.795337 0.465172 1.091660 0.414809
0.798969 0.453121 1.083439 0.396503
0.792497 0.457082 1.085327 0.415667
0.794459 0.448067 1.079352 0.400329
0.788875 0.448319 1.078541 0.415727
0.790395 0.442634 1.074775 0.404935
0.785908 0.440972 1.072306 0.418147
0.786405 0.436588 1.069520 0.409857
0.782654 0.434769 1.067374 0.418675
0.779015 0.428246 1.062461 0.416821
0.776494 0.427991 1.061969 0.421524
0.774593 0.424417 1.058737 0.424124
0.772530 0.419092 1.053903 0.426173
0.768144 0.419699 1.054777 0.429500
0.764956 0.413711 1.050084 0.427229
0.764458 0.414762 1.049872 0.436342
0.761062 0.408282 1.045739 0.427584
0.760382 0.410897 1.046052 0.442462
0.757153 0.403291 1.041472 0.430095
0.761676 0.406241 1.040471 0.449289
0.752550 0.399560 1.038152 0.433993
0.757905 0.402851 1.036320 0.458454
0.747191 0.393947 1.033426 0.435879
0.754746 0.396584 1.030020 0.463726
0.742344 0.386319 1.026743 0.436581
0.755586 0.397527 1.029886 0.468518
0.738980 0.386031 1.025792 0.444489
0.750239 0.392825 1.026819 0.466184
0.735453 0.382339 1.021690 0.450357
0.744423 0.389267 1.023311 0.470231
0.732172 0.374074 1.012704 0.456631
0.740025 0.382775 1.017193 0.472718
0.733308 0.369646 1.006986 0.463277
0.734908 0.373872 1.009243 0.472910
0.729370 0.365410 1.002260 0.468778
0.729432 0.368658 1.004732 0.473816
0.725507 0.364577 1.001603 0.471959
0.724007 0.363214 0.999314 0.477212
0.721438 0.360610 0.996571 0.479247
0.718177 0.357128 0.993558 0.478745
0.717471 0.354819 0.990446 0.482779
0.712686 0.351489 0.987881 0.480708
0.713630 0.352540 0.987009 0.489495
0.707118 0.342274 0.977286 0.487261
0.709621 0.343746 0.975599 0.500010
0.701368 0.334106 0.967979 0.491787
0.705340 0.339968 0.970408 0.506889
0.695482 0.334117 0.967207 0.499047
0.701864 0.336524 0.966223 0.510946
0.694237 0.327564 0.959630 0.501085
0.691613 0.330250 0.959267 0.515346
0.688879 0.325484 0.957293 0.503665
0.686290 0.321658 0.949251 0.518174
0.684077 0.318085 0.948863 0.505017
0.681276 0.315371 0.941065 0.522675
0.678806 0.315590 0.945775 0.507543
0.676295 0.309117 0.933493 0.524710
0.673912 0.308895 0.935822 0.516914
0.671134 0.304786 0.928416 0.526133
0.668473 0.304513 0.929549 0.522236
0.665536 0.300468 0.922261 0.530575
0.662792 0.297624 0.919130 0.530091
0.660305 0.294047 0.913226 0.535030
0.657505 0.293764 0.912889 0.536048
0.654904 0.291893 0.909368 0.540314
0.652399 0.289970 0.907262 0.539873
0.649227 0.286858 0.902296 0.543101
0.646482 0.285866 0.900578 0.544956
0.643603 0.284681 0.898419 0.547325
0.640760 0.281668 0.893699 0.549888
0.638431 0.280022 0.892130 0.548693
0.635619 0.278086 0.888433 0.552222
0.632856 0.278416 0.888187 0.554621
0.630996 0.274794 0.882200 0.557519
0.632401 0.274201 0.880891 0.558936
0.625323 0.268345 0.872382 0.560253
0.627740 0.269688 0.874188 0.560595
0.625064 0.268447 0.870780 0.565466
0.622214 0.265847 0.867398 0.564847
0.619404 0.264319 0.863306 0.569933
0.616883 0.260116 0.857904 0.568216
0.613595 0.261025 0.855922 0.576391
0.610738 0.260401 0.856119 0.573687
0.607887 0.256790 0.849004 0.578112
0.605040 0.256248 0.848240 0.577940
0.602469 0.251765 0.840086 0.581188
0.599467 0.252176 0.840502 0.581815
0.596625 0.251116 0.837998 0.583750
0.593642 0.249193 0.833972 0.585813
0.590779 0.247123 0.830239 0.586755
0.587907 0.243638 0.823722 0.588842
0.585245 0.239794 0.816500 0.590920
0.582724 0.237608 0.811471 0.594019
0.579855 0.235537 0.807709 0.594435
0.580358 0.237688 0.809735 0.597561
0.574998 0.234219 0.802995 0.598900
0.569798 0.234228 0.801546 0.601172
0.569976 0.227824 0.790508 0.601152
0.563097 0.232200 0.795093 0.605923
0.564784 0.224722 0.782806 0.604337
0.557183 0.230800 0.790796 0.608410
0.559959 0.217442 0.767969 0.606504
0.550471 0.230673 0.786608 0.614421
0.555196 0.214612 0.756569 0.616999
0.544348 0.228456 0.779758 0.618361
0.549302 0.212467 0.749428 0.621027
0.538815 0.224899 0.770584 0.622382
0.536187 0.218667 0.757463 0.624860
0.532935 0.225851 0.768335 0.627040
0.530593 0.217142 0.751223 0.628868
0.526964 0.226415 0.764960 0.631702
0.519296 0.219217 0.749499 0.633881
0.518943 0.223387 0.754163 0.638386
0.514819 0.221029 0.745109 0.644554
0.516987 0.221675 0.744467 0.647799
0.513252 0.222111 0.742809 0.649990
0.510364 0.219237 0.736011 0.651058
0.509342 0.217413 0.733251 0.648415
0.503527 0.211985 0.718930 0.653027
0.505104 0.214898 0.725346 0.652586
0.491491 0.210909 0.707941 0.661129
0.499097 0.213235 0.720549 0.651765
0.484324 0.207325 0.694105 0.667262
0.502074 0.206220 0.709021 0.648489
0.477981 0.205336 0.683872 0.671801
0.499397 0.204414 0.703153 0.650109
0.470011 0.205718 0.668557 0.687677
0.495889 0.201080 0.693690 0.652087
0.465341 0.205187 0.663926 0.689618
0.481013 0.200353 0.682567 0.658867
0.461959 0.202875 0.655934 0.690216
0.473759 0.202873 0.679269 0.666468
0.458833 0.200660 0.648416 0.690905
0.468801 0.200277 0.665255 0.674383
0.460816 0.199977 0.646958 0.691393
0.462628 0.198214 0.654955 0.677807
0.456645 0.196800 0.639992 0.687692
0.455970 0.198162 0.644619 0.685866
0.452450 0.195463 0.636638 0.686085
0.449793 0.193152 0.632237 0.683245
0.448895 0.193607 0.632598 0.683256
0.445098 0.192170 0.622569 0.688397
0.447507 0.195909 0.629312 0.691930
0.438343 0.191808 0.610188 0.696301
0.444364 0.195381 0.623255 0.694871
0.432646 0.188227 0.599011 0.694532
0.444478 0.193479 0.615830 0.696756
0.426141 0.185161 0.589203 0.691304
0.445031 0.195877 0.616766 0.700727
0.419168 0.183632 0.577665 0.693409
0.442179 0.194898 0.608080 0.705035
0.413862 0.186680 0.576256 0.700015
0.434902 0.195255 0.600237 0.708989
0.412317 0.185455 0.565556 0.703692
0.427822 0.196620 0.587806 0.719349
0.409981 0.187490 0.563559 0.708304
0.420820 0.195086 0.579349 0.718493
0.404383 0.188153 0.559360 0.709186
0.412532 0.193162 0.566592 0.719275
0.402796 0.187524 0.547638 0.715031
0.405977 0.188714 0.546401 0.720121
0.401555 0.187145 0.537652 0.719478
0.398567 0.187321 0.532746 0.721505
0.399608 0.188924 0.533049 0.725664
0.391760 0.185679 0.518908 0.722335
0.397609 0.191407 0.528592 0.732918
0.381504 0.186604 0.509054 0.724614
0.395272 0.192763 0.523387 0.737406
0.374039 0.188667 0.496578 0.732293
0.393671 0.198086 0.525283 0.746697
0.366986 0.189318 0.488724 0.733890
0.392112 0.200562 0.522494 0.752334
0.359370 0.189895 0.475995 0.737026
0.390330 0.209207 0.526793 0.764920
0.360028 0.185464 0.463628 0.731125
0.383246 0.210365 0.520088 0.765832
0.357945 0.189765 0.464558 0.738726
0.376764 0.207331 0.503397 0.765227
0.356607 0.193149 0.463118 0.744765
0.370036 0.205818 0.490656 0.764637
0.355354 0.195871 0.458510 0.750415
0.363093 0.206000 0.478419 0.765877
0.354069 0.197543 0.455463 0.753503
0.356572 0.202481 0.464014 0.760907
0.352939 0.203208 0.449122 0.767269
0.351043 0.203237 0.443405 0.768405
0.351406 0.203953 0.441806 0.770302
0.344822 0.200048 0.426117 0.763554
0.350613 0.206167 0.435671 0.776036
0.336260 0.199780 0.409856 0.762408
0.349341 0.206553 0.434546 0.776107
0.335583 0.197929 0.396692 0.761736
0.349322 0.208781 0.427705 0.782375
0.330726 0.200670 0.377381 0.767638
0.347308 0.213543 0.432287 0.787386
0.324987 0.198322 0.365757 0.760909
0.346123 0.215815 0.427791 0.792638
