0.055871 -0.000716 -0.000294 -0.000695 0.056154 -0.000182 -0.000674 0.056512 -0.000359 0.056401
0.055972 -0.000385 -0.000223 -0.000054 0.056500 -0.000067 -0.000123 0.056560 -0.000053 0.056713
0.056229 -0.000165 -0.000145 0.000201 0.056573 -0.000076 0.000042 0.056552 0.000069 0.056589
0.056338 -0.000117 -0.000106 0.000171 0.056602 -0.000056 0.000053 0.056568 0.000062 0.056492
0.056503 -0.000053 -0.000043 0.000114 0.056610 -0.000019 0.000054 0.056596 0.000040 0.056440
0.056250 -0.000102 0.000039 -0.000185 0.056566 0.000002 -0.000084 0.056594 -0.000005 0.056521
0.056303 -0.000017 0.000027 0.000045 0.056673 0.000045 0.000045 0.056635 0.000048 0.056685
0.056315 -0.000002 -0.000021 0.000151 0.056673 0.000019 0.000025 0.056634 0.000050 0.056608
0.056343 -0.000025 -0.000044 0.000146 0.056637 -0.000011 0.000010 0.056617 0.000027 0.056514
0.056478 -0.000011 -0.000017 0.000115 0.056620 -0.000004 0.000014 0.056613 0.000012 0.056485
0.056563 0.000007 0.000029 -0.000023 0.056608 -0.000004 0.000004 0.056595 0.000013 0.056611
0.056544 0.000014 0.000035 0.000005 0.056614 -0.000003 0.000013 0.056593 0.000014 0.056630
0.055232 -0.001320 -0.000704 -0.001597 0.055355 -0.000845 -0.001562 0.055955 -0.000977 0.054854
0.055314 -0.001029 -0.000833 -0.000728 0.056612 0.000037 0.000091 0.056700 0.000095 0.057169
0.056462 -0.000297 -0.000349 0.000288 0.056664 -0.000010 0.000450 0.056619 0.000471 0.057282
0.056445 -0.000103 -0.000124 0.000316 0.056546 -0.000149 0.000173 0.056439 0.000211 0.056371
0.056532 -0.000030 -0.000034 0.000166 0.056652 -0.000009 0.000132 0.056580 0.000099 0.056230
0.056026 -0.000223 -0.000070 -0.000429 0.056595 0.000022 -0.000090 0.056618 0.000010 0.056199
0.056511 -0.000160 -0.000194 -0.000140 0.057296 0.000645 0.000533 0.057244 0.000393 0.057879
0.056901 0.000056 -0.000044 0.000400 0.057038 0.000383 0.000379 0.057001 0.000358 0.057550
0.056570 0.000041 -0.000008 0.000271 0.056678 0.000023 0.000051 0.056624 0.000085 0.056523
0.056564 0.000018 0.000005 0.000104 0.056650 0.000015 0.000014 0.056615 0.000010 0.056434
0.056587 0.000000 0.000010 -0.000026 0.056623 0.000011 0.000025 0.056613 0.000031 0.056618
0.056673 0.000008 0.000005 0.000023 0.056708 0.000092 0.000084 0.056694 0.000064 0.056830
0.056655 0.000033 0.000026 0.000099 0.056673 0.000058 0.000052 0.056665 0.000046 0.056759
0.056595 0.000019 0.000013 0.000062 0.056616 0.000004 -0.000000 0.056614 0.000003 0.056604
0.056600 0.000008 0.000007 0.000024 0.056609 -0.000001 -0.000009 0.056609 -0.000009 0.056592
0.055331 -0.000592 -0.000282 -0.000737 0.055550 -0.000879 -0.000997 0.055851 -0.000851 0.054949
0.055538 -0.001316 -0.001125 -0.001908 0.056891 0.000442 0.000322 0.057231 0.000077 0.058358
0.056913 -0.000457 -0.000430 -0.000461 0.056745 0.000145 0.000655 0.056817 0.000655 0.058011
0.056698 0.000060 0.000032 0.000316 0.056393 -0.000314 0.000260 0.056245 0.000337 0.056380
0.056594 0.000020 0.000013 0.000117 0.056577 -0.000062 0.000152 0.056530 0.000114 0.056322
0.056098 -0.000277 -0.000201 -0.000324 0.056667 0.000082 0.000030 0.056707 0.000008 0.056395
0.057029 -0.000855 -0.000841 -0.001166 0.057827 0.001358 0.000698 0.058110 0.000384 0.059407
0.057898 -0.000209 -0.000230 0.000164 0.057320 0.000782 0.000505 0.057480 0.000444 0.058579
0.057041 0.000155 0.000119 0.000504 0.056657 0.000005 0.000092 0.056593 0.000146 0.056687
0.056640 0.000043 0.000035 0.000107 0.056622 0.000001 0.000025 0.056602 0.000012 0.056500
0.056604 -0.000024 -0.000024 -0.000019 0.056632 0.000023 0.000038 0.056632 0.000037 0.056654
0.056812 -0.000074 -0.000082 -0.000061 0.056790 0.000198 0.000112 0.056825 0.000068 0.057064
0.056933 0.000029 0.000022 0.000160 0.056719 0.000117 0.000073 0.056735 0.000058 0.056949
0.056742 0.000056 0.000048 0.000139 0.056613 0.000000 0.000005 0.056607 0.000010 0.056668
0.056627 0.000017 0.000015 0.000029 0.056604 -0.000004 -0.000009 0.056606 -0.000009 0.056601
0.056621 0.000003 0.000003 0.000006 0.056606 -0.000001 -0.000001 0.056609 -0.000001 0.056623
0.056618 0.000002 0.000002 0.000002 0.056606 -0.000001 -0.000002 0.056610 -0.000002 0.056618
0.055842 0.000090 0.000185 0.000161 0.056284 -0.000350 -0.000257 0.056245 -0.000328 0.056139
0.055374 -0.000443 -0.000283 -0.001070 0.056423 -0.000116 -0.000238 0.056559 -0.000294 0.056545
0.055699 -0.000194 -0.000060 -0.000995 0.056223 -0.000382 -0.000297 0.056235 -0.000192 0.055822
0.056496 0.000151 0.000179 -0.000107 0.056292 -0.000379 -0.000015 0.056180 0.000058 0.056105
0.056639 0.000056 0.000061 -0.000011 0.056528 -0.000094 0.000085 0.056501 0.000066 0.056475
0.056257 -0.000117 -0.000083 -0.000014 0.056614 0.000007 -0.000005 0.056620 -0.000023 0.056480
0.056013 -0.000680 -0.000584 -0.001074 0.056791 0.000280 -0.000225 0.056979 -0.000272 0.056607
0.056292 -0.000507 -0.000382 -0.000932 0.056508 -0.000040 -0.000574 0.056623 -0.000485 0.055579
0.056944 0.000042 0.000077 0.000050 0.056479 -0.000148 -0.000220 0.056442 -0.000162 0.056002
0.056793 0.000038 0.000044 0.000041 0.056575 -0.000031 0.000009 0.056576 -0.000018 0.056471
0.056584 -0.000024 -0.000023 0.000002 0.056609 0.000002 0.000009 0.056613 0.000013 0.056611
0.056582 -0.000100 -0.000091 -0.000135 0.056635 0.000040 -0.000037 0.056662 -0.000044 0.056606
0.056678 -0.000072 -0.000057 -0.000098 0.056591 -0.000010 -0.000120 0.056606 -0.000110 0.056415
0.056810 0.000022 0.000025 0.000072 0.056578 -0.000031 -0.000065 0.056578 -0.000057 0.056499
0.056711 0.000013 0.000012 0.000027 0.056597 -0.000009 -0.000013 0.056602 -0.000019 0.056569
0.056618 -0.000003 -0.000002 -0.000002 0.056608 0.000001 -0.000001 0.056611 -0.000001 0.056621
0.056624 -0.000001 -0.000001 0.000000 0.056608 0.000000 -0.000004 0.056610 -0.000004 0.056616
0.056630 0.000002 0.000002 0.000006 0.056605 -0.000001 -0.000003 0.056609 -0.000003 0.056617
0.056625 0.000001 0.000000 0.000002 0.056606 -0.000001 -0.000003 0.056610 -0.000003 0.056617
0.056619 0.000000 0.000000 0.000000 0.056607 -0.000000 -0.000000 0.056610 -0.000000 0.056621
0.056619 0.000000 0.000000 0.000000 0.056607 -0.000000 -0.000000 0.056610 -0.000000 0.056621
0.056242 0.000122 0.000153 0.000200 0.056579 -0.000055 -0.000024 0.056533 -0.000060 0.056508
0.055883 0.000152 0.000188 -0.000011 0.056536 -0.000071 -0.000066 0.056538 -0.000074 0.056407
0.055734 0.000146 0.000186 -0.000333 0.056474 -0.000139 -0.000147 0.056463 -0.000115 0.056096
0.056169 0.000073 0.000107 -0.000369 0.056514 -0.000125 -0.000084 0.056454 -0.000057 0.056165
0.056473 0.000025 0.000036 -0.000280 0.056593 -0.000035 0.000005 0.056556 0.000006 0.056390
0.056453 -0.000015 0.000004 0.000083 0.056608 -0.000001 0.000017 0.056605 0.000003 0.056549
0.056206 -0.000102 -0.000070 -0.000147 0.056597 -0.000000 -0.000079 0.056618 -0.000081 0.056356
0.055888 -0.000212 -0.000163 -0.000605 0.056520 -0.000080 -0.000319 0.056534 -0.000281 0.055722
0.056174 -0.000187 -0.000149 -0.000741 0.056509 -0.000103 -0.000320 0.056498 -0.000284 0.055601
0.056548 -0.000125 -0.000114 -0.000622 0.056587 -0.000017 -0.000126 0.056593 -0.000131 0.056058
0.056594 -0.000010 -0.000006 0.000016 0.056604 -0.000002 0.000007 0.056609 0.000005 0.056607
0.056558 -0.000029 -0.000023 -0.000030 0.056601 -0.000002 -0.000014 0.056610 -0.000016 0.056564
0.056486 -0.000069 -0.000060 -0.000155 0.056583 -0.000021 -0.000085 0.056591 -0.000077 0.056386
0.056562 -0.000093 -0.000084 -0.000243 0.056572 -0.000033 -0.000123 0.056580 -0.000112 0.056271
0.056679 -0.000086 -0.000081 -0.000254 0.056597 -0.000005 -0.000081 0.056608 -0.000078 0.056371
0.056620 -0.000006 -0.000006 -0.000011 0.056605 -0.000001 -0.000008 0.056609 -0.000006 0.056605
0.056627 -0.000008 -0.000008 -0.000017 0.056606 -0.000000 -0.000008 0.056610 -0.000007 0.056604
0.056498 -0.000024 0.000015 -0.000072 0.056617 0.000015 -0.000013 0.056615 0.000010 0.056595
0.056549 0.000018 0.000014 -0.000005 0.056670 0.000043 0.000035 0.056642 0.000039 0.056706
0.056594 0.000030 -0.000004 0.000023 0.056656 0.000023 0.000005 0.056632 0.000028 0.056673
0.056588 0.000012 -0.000012 0.000028 0.056629 0.000005 -0.000007 0.056617 0.000009 0.056600
0.056491 0.000031 0.000080 -0.000062 0.056617 -0.000009 0.000025 0.056565 0.000047 0.056602
0.056470 0.000070 0.000111 -0.000003 0.056641 -0.000004 0.000054 0.056560 0.000063 0.056703
0.056360 0.000059 0.000068 0.000049 0.056649 0.000017 0.000020 0.056620 0.000046 0.056660
0.056423 0.000032 0.000016 0.000078 0.056628 0.000006 -0.000012 0.056629 0.000003 0.056574
0.056519 0.000014 0.000006 0.000063 0.056616 0.000001 -0.000017 0.056616 -0.000011 0.056567
0.056462 0.000024 0.000044 0.000079 0.056604 -0.000008 -0.000027 0.056598 -0.000037 0.056577
0.056374 -0.000086 -0.000033 -0.000221 0.056692 0.000077 0.000050 0.056669 0.000069 0.056526
0.056878 -0.000025 -0.000091 -0.000146 0.057182 0.000537 0.000447 0.057137 0.000338 0.057826
0.057102 0.000102 0.000008 0.000178 0.056966 0.000325 0.000269 0.056938 0.000262 0.057558
0.056699 0.000058 0.000015 0.000111 0.056674 0.000034 0.000011 0.056635 0.000044 0.056668
0.056613 0.000021 0.000009 0.000033 0.056637 0.000014 -0.000008 0.056616 -0.000002 0.056556
0.056562 0.000023 0.000047 -0.000087 0.056704 0.000067 0.000167 0.056638 0.000173 0.056712
0.057154 0.000122 0.000076 0.000088 0.057156 0.000501 0.000500 0.057071 0.000390 0.057992
0.057162 0.000236 0.000165 0.000421 0.056961 0.000313 0.000294 0.056907 0.000272 0.057644
0.056688 0.000115 0.000066 0.000210 0.056663 0.000029 -0.000008 0.056635 0.000022 0.056674
0.056585 0.000043 0.000031 0.000066 0.056620 -0.000000 -0.000041 0.056605 -0.000036 0.056542
0.056596 0.000013 0.000043 -0.000040 0.056614 -0.000019 0.000048 0.056553 0.000076 0.056622
0.056683 0.000026 0.000081 0.000022 0.056684 0.000031 0.000090 0.056573 0.000084 0.056812
0.056561 0.000088 0.000133 0.000124 0.056651 0.000006 0.000050 0.056564 0.000047 0.056752
0.056517 0.000070 0.000070 0.000105 0.056592 -0.000023 -0.000025 0.056583 -0.000024 0.056591
0.056561 0.000043 0.000043 0.000061 0.056586 -0.000025 -0.000053 0.056584 -0.000053 0.056557
0.056373 -0.000178 -0.000144 -0.000215 0.056730 0.000127 0.000120 0.056741 0.000080 0.056674
0.057298 -0.000555 -0.000576 -0.000863 0.057600 0.001089 0.000594 0.057803 0.000356 0.059139
0.057935 -0.000078 -0.000116 0.000081 0.057195 0.000636 0.000341 0.057307 0.000310 0.058534
0.057085 0.000152 0.000117 0.000333 0.056673 0.000030 0.000031 0.056620 0.000082 0.056843
0.056660 0.000037 0.000029 0.000064 0.056622 0.000004 0.000008 0.056608 0.000004 0.056572
0.056613 -0.000121 -0.000126 -0.000078 0.056754 0.000137 0.000258 0.056735 0.000245 0.056883
0.058008 -0.000326 -0.000390 -0.000317 0.057620 0.001095 0.000711 0.057784 0.000458 0.059491
0.058860 0.000276 0.000204 0.000906 0.057196 0.000615 0.000420 0.057258 0.000346 0.058990
0.057575 0.000350 0.000293 0.000750 0.056647 0.000005 0.000027 0.056594 0.000068 0.057112
0.056724 0.000087 0.000074 0.000142 0.056599 -0.000016 -0.000035 0.056590 -0.000035 0.056568
0.056632 -0.000018 -0.000017 0.000007 0.056603 -0.000019 0.000062 0.056569 0.000086 0.056668
0.056903 -0.000023 -0.000024 0.000048 0.056739 0.000119 0.000113 0.056712 0.000083 0.057059
0.057075 0.000138 0.000138 0.000326 0.056670 0.000032 0.000067 0.056608 0.000052 0.057035
0.056856 0.000140 0.000124 0.000250 0.056566 -0.000056 -0.000019 0.056543 -0.000011 0.056746
0.056648 0.000058 0.000044 0.000062 0.056571 -0.000035 -0.000059 0.056580 -0.000047 0.056568
0.056626 -0.000003 0.000003 0.000003 0.056610 -0.000005 0.000004 0.056596 0.000006 0.056632
0.056622 0.000010 0.000018 0.000015 0.056603 -0.000015 0.000000 0.056583 0.000002 0.056633
0.056618 0.000015 0.000016 0.000016 0.056591 -0.000018 -0.000008 0.056589 -0.000006 0.056623
0.056617 0.000012 0.000007 0.000008 0.056595 -0.000010 -0.000018 0.056602 -0.000012 0.056607
0.056617 0.000001 0.000002 0.000000 0.056605 -0.000002 -0.000000 0.056608 -0.000000 0.056621
0.056618 0.000001 0.000000 0.000000 0.056606 -0.000000 -0.000001 0.056610 -0.000000 0.056621
0.056364 -0.000100 -0.000076 -0.000010 0.056631 0.000023 0.000029 0.056633 0.000011 0.056550
0.056208 -0.000523 -0.000452 -0.000827 0.056756 0.000220 -0.000174 0.056897 -0.000208 0.056711
0.056455 -0.000385 -0.000291 -0.000757 0.056524 -0.000040 -0.000513 0.056608 -0.000433 0.055937
0.056966 0.000039 0.000065 0.000037 0.056518 -0.000107 -0.000204 0.056487 -0.000152 0.056179
0.056784 0.000029 0.000033 0.000046 0.056589 -0.000018 0.000004 0.056589 -0.000013 0.056491
0.056423 -0.000146 -0.000140 0.000035 0.056612 0.000009 0.000079 0.056619 0.000099 0.056549
0.056480 -0.000564 -0.000518 -0.000774 0.056717 0.000180 -0.000208 0.056853 -0.000247 0.056633
0.057171 -0.000394 -0.000318 -0.000598 0.056415 -0.000157 -0.000731 0.056479 -0.000660 0.055597
0.058004 0.000126 0.000142 0.000449 0.056410 -0.000210 -0.000376 0.056387 -0.000321 0.055973
0.057265 0.000061 0.000058 0.000194 0.056557 -0.000043 -0.000063 0.056571 -0.000090 0.056320
0.056575 -0.000039 -0.000039 0.000038 0.056588 -0.000022 0.000032 0.056583 0.000047 0.056597
0.056639 -0.000092 -0.000084 -0.000082 0.056623 0.000010 -0.000042 0.056613 -0.000045 0.056621
0.056919 -0.000034 -0.000024 0.000006 0.056559 -0.000072 -0.000172 0.056510 -0.000157 0.056428
0.057244 0.000056 0.000049 0.000251 0.056525 -0.000094 -0.000133 0.056505 -0.000119 0.056501
0.056963 0.000020 0.000008 0.000080 0.056579 -0.000024 -0.000079 0.056590 -0.000077 0.056480
0.056621 -0.000005 -0.000003 0.000002 0.056615 0.000001 -0.000005 0.056605 -0.000002 0.056624
0.056638 -0.000001 0.000000 0.000008 0.056609 -0.000006 -0.000015 0.056594 -0.000011 0.056620
0.056662 -0.000001 -0.000003 0.000018 0.056598 -0.000012 -0.000018 0.056595 -0.000016 0.056622
0.056648 -0.000002 -0.000005 -0.000000 0.056602 -0.000004 -0.000018 0.056607 -0.000016 0.056607
0.056619 0.000000 0.000000 -0.000000 0.056607 0.000000 -0.000000 0.056610 0.000000 0.056621
0.056619 0.000000 0.000000 -0.000000 0.056606 -0.000001 -0.000001 0.056609 -0.000000 0.056621
0.056619 -0.000001 -0.000001 0.000000 0.056606 -0.000001 -0.000001 0.056609 -0.000001 0.056621
0.056619 -0.000001 -0.000001 -0.000001 0.056606 -0.000000 -0.000001 0.056610 -0.000001 0.056621
0.056472 -0.000017 0.000002 0.000073 0.056611 0.000002 0.000020 0.056610 0.000007 0.056562
0.056251 -0.000080 -0.000052 -0.000115 0.056600 0.000001 -0.000064 0.056617 -0.000066 0.056416
0.055975 -0.000175 -0.000133 -0.000510 0.056535 -0.000068 -0.000272 0.056545 -0.000239 0.055883
0.056232 -0.000168 -0.000136 -0.000641 0.056533 -0.000079 -0.000271 0.056524 -0.000238 0.055734
0.056563 -0.000119 -0.000107 -0.000537 0.056599 -0.000006 -0.000109 0.056604 -0.000110 0.056106
0.056458 -0.000069 -0.000039 0.000103 0.056587 -0.000013 0.000052 0.056600 0.000035 0.056532
0.056238 -0.000178 -0.000137 -0.000197 0.056565 -0.000025 -0.000080 0.056597 -0.000092 0.056302
0.055792 -0.000427 -0.000368 -0.000975 0.056427 -0.000166 -0.000508 0.056454 -0.000460 0.055190
0.056304 -0.000606 -0.000541 -0.001550 0.056373 -0.000212 -0.000740 0.056414 -0.000663 0.054389
0.057084 -0.000581 -0.000537 -0.001622 0.056560 -0.000020 -0.000506 0.056613 -0.000473 0.054998
0.056563 -0.000035 -0.000020 0.000046 0.056590 -0.000012 0.000028 0.056601 0.000020 0.056590
0.056532 -0.000057 -0.000040 -0.000034 0.056593 -0.000011 -0.000009 0.056601 -0.000018 0.056546
0.056450 -0.000148 -0.000131 -0.000271 0.056548 -0.000062 -0.000153 0.056543 -0.000138 0.056222
0.056729 -0.000322 -0.000298 -0.000569 0.056509 -0.000088 -0.000335 0.056533 -0.000301 0.055819
0.057096 -0.000387 -0.000366 -0.000803 0.056583 -0.000006 -0.000346 0.056623 -0.000309 0.055843
0.056614 -0.000004 -0.000003 0.000000 0.056610 0.000001 -0.000001 0.056610 0.000000 0.056618
0.056613 -0.000011 -0.000010 -0.000011 0.056607 -0.000004 -0.000012 0.056603 -0.000009 0.056608
0.056637 -0.000033 -0.000032 -0.000033 0.056600 -0.000006 -0.000032 0.056604 -0.000030 0.056586
0.056665 -0.000044 -0.000043 -0.000074 0.056605 -0.000001 -0.000043 0.056612 -0.000039 0.056566
0.056612 0.000003 0.000004 -0.000004 0.056608 0.000000 0.000002 0.056608 0.000003 0.056621
0.056573 0.000011 0.000016 0.000026 0.056605 -0.000004 -0.000013 0.056605 -0.000015 0.056605
0.056620 0.000004 0.000004 -0.000006 0.056617 0.000007 0.000019 0.056615 0.000018 0.056637
0.056692 0.000018 0.000011 0.000008 0.056660 0.000050 0.000053 0.056657 0.000042 0.056777
0.056698 0.000028 0.000019 0.000035 0.056642 0.000031 0.000031 0.056640 0.000029 0.056747
0.056637 0.000013 0.000006 0.000013 0.056613 0.000003 -0.000001 0.056613 0.000003 0.056637
0.056618 0.000003 0.000003 0.000003 0.056608 0.000000 -0.000003 0.056610 -0.000003 0.056617
0.056611 0.000013 0.000026 -0.000017 0.056605 -0.000016 0.000035 0.056575 0.000048 0.056628
0.056675 0.000041 0.000066 0.000021 0.056644 0.000010 0.000069 0.056583 0.000061 0.056781
0.056637 0.000074 0.000092 0.000078 0.056625 -0.000006 0.000039 0.056575 0.000037 0.056750
0.056599 0.000041 0.000037 0.000051 0.056599 -0.000012 -0.000012 0.056595 -0.000009 0.056624
0.056598 0.000022 0.000020 0.000027 0.056596 -0.000012 -0.000028 0.056598 -0.000025 0.056594
0.056514 0.000053 0.000175 -0.000044 0.056587 -0.000098 0.000053 0.056387 0.000071 0.056627
0.056346 0.000127 0.000248 -0.000015 0.056566 -0.000119 0.000043 0.056371 0.000057 0.056630
0.056543 0.000062 0.000056 0.000053 0.056566 -0.000040 -0.000065 0.056574 -0.000058 0.056562
0.056625 -0.000011 -0.000013 -0.000005 0.056622 0.000014 0.000031 0.056624 0.000028 0.056653
0.056788 -0.000025 -0.000033 -0.000026 0.056705 0.000107 0.000077 0.056726 0.000051 0.056944
0.056890 0.000038 0.000028 0.000093 0.056662 0.000057 0.000042 0.056671 0.000036 0.056913
0.056741 0.000039 0.000032 0.000076 0.056610 0.000000 0.000003 0.056608 0.000008 0.056695
0.056635 0.000009 0.000007 0.000013 0.056606 -0.000001 -0.000002 0.056609 -0.000002 0.056620
0.056630 -0.000012 -0.000012 0.000012 0.056597 -0.000020 0.000055 0.056577 0.000070 0.056646
0.056854 0.000005 0.000002 0.000044 0.056676 0.000058 0.000100 0.056655 0.000076 0.056984
0.057035 0.000133 0.000127 0.000254 0.056614 -0.000018 0.000065 0.056565 0.000055 0.057006
0.056863 0.000106 0.000091 0.000185 0.056571 -0.000047 -0.000001 0.056554 0.000007 0.056763
0.056664 0.000033 0.000022 0.000035 0.056586 -0.000019 -0.000029 0.056595 -0.000020 0.056607
0.056614 -0.000003 0.000009 0.000000 0.056568 -0.000065 0.000041 0.056509 0.000082 0.056603
0.056654 0.000007 0.000030 0.000020 0.056576 -0.000075 0.000036 0.056486 0.000048 0.056679
0.056662 0.000079 0.000114 0.000083 0.056528 -0.000137 0.000017 0.056407 0.000025 0.056695
0.056666 0.000072 0.000070 0.000075 0.056519 -0.000104 -0.000027 0.056491 -0.000018 0.056657
0.056642 0.000041 0.000018 0.000015 0.056560 -0.000042 -0.000067 0.056579 -0.000041 0.056584
0.056608 0.000014 0.000037 -0.000002 0.056552 -0.000098 0.000022 0.056469 0.000038 0.056618
0.056594 0.000030 0.000037 0.000009 0.056540 -0.000077 -0.000013 0.056521 -0.000008 0.056625
0.056620 0.000015 0.000006 0.000002 0.056581 -0.000023 -0.000030 0.056591 -0.000021 0.056601
0.056617 0.000001 0.000001 -0.000000 0.056603 -0.000004 -0.000003 0.056607 -0.000002 0.056619
0.056597 -0.000016 -0.000016 0.000006 0.056607 0.000000 0.000011 0.056611 0.000013 0.056611
0.056610 -0.000058 -0.000054 -0.000082 0.056612 0.000013 -0.000021 0.056629 -0.000025 0.056634
0.056699 -0.000039 -0.000032 -0.000067 0.056574 -0.000030 -0.000083 0.056583 -0.000074 0.056530
0.056795 0.000014 0.000014 0.000053 0.056582 -0.000027 -0.000040 0.056583 -0.000033 0.056558
0.056699 0.000006 0.000005 0.000026 0.056602 -0.000004 -0.000006 0.056607 -0.000008 0.056589
0.056581 -0.000032 -0.000031 0.000035 0.056586 -0.000022 0.000032 0.056584 0.000042 0.056591
0.056644 -0.000065 -0.000060 -0.000069 0.056587 -0.000026 -0.000020 0.056577 -0.000023 0.056631
0.056907 -0.000015 -0.000009 -0.000002 0.056505 -0.000124 -0.000116 0.056462 -0.000102 0.056490
0.057207 0.000042 0.000034 0.000210 0.056516 -0.000100 -0.000086 0.056501 -0.000072 0.056544
0.056943 0.000009 -0.000001 0.000074 0.056588 -0.000016 -0.000050 0.056598 -0.000047 0.056531
0.056601 -0.000019 -0.000016 0.000029 0.056584 -0.000037 0.000032 0.056559 0.000045 0.056592
0.056634 -0.000018 -0.000010 0.000004 0.056600 -0.000049 0.000000 0.056522 0.000017 0.056624
0.056745 0.000006 0.000014 0.000041 0.056538 -0.000126 -0.000043 0.056426 -0.000021 0.056603
0.056920 -0.000013 -0.000024 0.000107 0.056527 -0.000099 -0.000081 0.056494 -0.000069 0.056635
0.056824 -0.000020 -0.000037 -0.000002 0.056590 -0.000015 -0.000087 0.056598 -0.000075 0.056568
0.056619 -0.000002 0.000001 0.000005 0.056597 -0.000029 0.000017 0.056563 0.000031 0.056600
0.056625 -0.000001 0.000004 0.000007 0.056609 -0.000042 0.000003 0.056529 0.000023 0.056616
0.056639 0.000000 0.000004 0.000014 0.056579 -0.000069 -0.000018 0.056502 -0.000001 0.056627
0.056664 -0.000023 -0.000026 0.000018 0.056572 -0.000044 -0.000044 0.056556 -0.000040 0.056637
0.056652 -0.000018 -0.000023 -0.000021 0.056602 -0.000006 -0.000039 0.056603 -0.000037 0.056614
0.056623 -0.000004 -0.000005 0.000003 0.056599 -0.000011 -0.000009 0.056598 -0.000007 0.056626
0.056621 -0.000003 -0.000003 -0.000003 0.056606 -0.000002 -0.000005 0.056609 -0.000006 0.056622
0.056574 -0.000020 -0.000014 -0.000025 0.056601 -0.000004 -0.000008 0.056608 -0.000010 0.056589
0.056520 -0.000050 -0.000042 -0.000116 0.056582 -0.000023 -0.000057 0.056589 -0.000051 0.056459
0.056582 -0.000074 -0.000066 -0.000186 0.056577 -0.000026 -0.000084 0.056586 -0.000075 0.056353
0.056676 -0.000072 -0.000066 -0.000193 0.056603 -0.000001 -0.000060 0.056613 -0.000054 0.056424
0.056570 -0.000033 -0.000018 0.000039 0.056590 -0.000012 0.000028 0.056601 0.000018 0.056596
0.056548 -0.000048 -0.000031 -0.000037 0.056584 -0.000019 -0.000002 0.056592 -0.000012 0.056568
0.056476 -0.000127 -0.000112 -0.000243 0.056527 -0.000083 -0.000115 0.056522 -0.000101 0.056286
0.056735 -0.000284 -0.000262 -0.000502 0.056503 -0.000093 -0.000272 0.056527 -0.000240 0.055919
0.057073 -0.000348 -0.000325 -0.000701 0.056591 0.000000 -0.000295 0.056629 -0.000259 0.055954
0.056584 -0.000026 -0.000015 0.000030 0.056593 -0.000014 0.000026 0.056595 0.000021 0.056598
0.056588 -0.000028 -0.000017 -0.000004 0.056603 -0.000017 0.000011 0.056582 0.000012 0.056601
0.056586 -0.000069 -0.000064 -0.000078 0.056561 -0.000071 -0.000044 0.056515 -0.000030 0.056526
0.056753 -0.000213 -0.000204 -0.000221 0.056541 -0.000069 -0.000187 0.056538 -0.000170 0.056392
0.056952 -0.000279 -0.000271 -0.000459 0.056598 0.000002 -0.000260 0.056626 -0.000232 0.056294
0.056617 0.000000 -0.000002 0.000003 0.056624 -0.000005 0.000007 0.056586 0.000017 0.056607
0.056617 -0.000010 -0.000014 -0.000003 0.056611 -0.000023 -0.000009 0.056564 0.000002 0.056614
0.056630 -0.000047 -0.000050 -0.000027 0.056594 -0.000021 -0.000052 0.056581 -0.000050 0.056621
0.056646 -0.000053 -0.000055 -0.000084 0.056605 -0.000002 -0.000064 0.056609 -0.000062 0.056598
0.056618 -0.000005 -0.000006 -0.000002 0.056605 -0.000004 -0.000008 0.056604 -0.000007 0.056623
0.056618 -0.000004 -0.000005 -0.000007 0.056607 -0.000001 -0.000007 0.056609 -0.000007 0.056621
0.056619 0.000000 0.000001 0.000000 0.056607 -0.000000 0.000001 0.056610 0.000001 0.056624
0.056619 0.000002 0.000001 0.000001 0.056606 -0.000000 0.000001 0.056609 0.000001 0.056624
0.056601 0.000011 0.000018 0.000000 0.056602 -0.000012 0.000004 0.056590 0.000004 0.056623
0.056618 -0.000000 -0.000000 0.000000 0.056607 -0.000000 0.000001 0.056610 0.000001 0.056621
0.056622 0.000000 0.000000 0.000001 0.056608 -0.000000 0.000001 0.056611 0.000001 0.056627
0.056625 0.000002 0.000002 0.000004 0.056607 -0.000001 0.000001 0.056609 0.000001 0.056627
0.056623 0.000001 0.000001 0.000003 0.056606 -0.000001 -0.000000 0.056610 0.000000 0.056623
0.056618 0.000000 0.000000 0.000000 0.056602 -0.000007 0.000005 0.056600 0.000008 0.056618
0.056622 0.000003 0.000005 0.000002 0.056599 -0.000013 0.000005 0.056593 0.000007 0.056626
0.056625 0.000010 0.000013 0.000008 0.056593 -0.000020 0.000004 0.056584 0.000005 0.056630
0.056627 0.000006 0.000007 0.000006 0.056597 -0.000011 -0.000001 0.056598 0.000000 0.056627
0.056623 0.000002 0.000000 -0.000000 0.056603 -0.000003 -0.000004 0.056608 -0.000002 0.056620
0.056613 0.000016 0.000020 0.000006 0.056557 -0.000057 -0.000007 0.056547 -0.000004 0.056626
0.056625 0.000005 -0.000000 -0.000003 0.056592 -0.000013 -0.000017 0.056599 -0.000010 0.056614
0.056593 0.000029 0.000037 0.000002 0.056512 -0.000103 -0.000004 0.056497 0.000001 0.056633
0.056621 0.000003 0.000001 -0.000003 0.056589 -0.000018 -0.000014 0.056594 -0.000012 0.056615
0.056603 0.000013 0.000016 -0.000001 0.056562 -0.000045 0.000000 0.056563 0.000003 0.056631
0.056618 0.000001 0.000001 -0.000001 0.056601 -0.000006 -0.000003 0.056605 -0.000003 0.056622
0.056617 -0.000000 -0.000000 0.000000 0.056607 -0.000000 0.000000 0.056610 0.000000 0.056620
0.056619 -0.000001 -0.000001 -0.000001 0.056606 -0.000000 0.000000 0.056610 0.000000 0.056622
0.056624 0.000000 0.000000 -0.000000 0.056604 -0.000002 -0.000001 0.056608 -0.000001 0.056619
0.056629 0.000001 0.000001 0.000004 0.056605 -0.000002 -0.000001 0.056609 -0.000001 0.056621
0.056624 -0.000000 -0.000000 0.000002 0.056606 -0.000000 -0.000001 0.056610 -0.000001 0.056620
0.056616 -0.000002 -0.000002 0.000003 0.056603 -0.000005 0.000005 0.056604 0.000005 0.056617
0.056620 -0.000001 0.000000 0.000000 0.056600 -0.000012 0.000004 0.056594 0.000006 0.056620
0.056633 0.000002 0.000003 0.000003 0.056589 -0.000023 0.000000 0.056580 0.000003 0.056617
0.056656 -0.000001 -0.000003 0.000012 0.056594 -0.000014 -0.000006 0.056594 -0.000005 0.056623
0.056644 -0.000003 -0.000005 0.000001 0.056606 -0.000001 -0.000008 0.056609 -0.000006 0.056618
0.056618 -0.000001 0.000000 0.000004 0.056591 -0.000031 0.000019 0.056565 0.000029 0.056600
0.056621 0.000002 0.000006 0.000005 0.056580 -0.000065 0.000019 0.056513 0.000036 0.056606
0.056633 0.000004 0.000007 0.000010 0.056554 -0.000087 0.000003 0.056491 0.000017 0.056617
0.056656 -0.000019 -0.000021 0.000013 0.056572 -0.000044 -0.000028 0.056559 -0.000024 0.056633
0.056647 -0.000015 -0.000018 -0.000015 0.056604 -0.000004 -0.000027 0.056606 -0.000025 0.056619
0.056647 -0.000026 -0.000028 0.000019 0.056552 -0.000067 -0.000043 0.056533 -0.000037 0.056649
0.056634 -0.000016 -0.000019 -0.000014 0.056602 -0.000006 -0.000029 0.056602 -0.000030 0.056624
0.056626 -0.000011 -0.000011 0.000010 0.056578 -0.000033 -0.000019 0.056574 -0.000015 0.056642
0.056621 -0.000005 -0.000005 -0.000002 0.056604 -0.000004 -0.000009 0.056607 -0.000009 0.056624
0.056616 -0.000002 -0.000001 -0.000004 0.056605 -0.000002 -0.000002 0.056609 -0.000002 0.056615
0.056620 -0.000005 -0.000004 -0.000008 0.056605 -0.000001 -0.000004 0.056609 -0.000004 0.056610
0.056626 -0.000006 -0.000006 -0.000011 0.056606 0.000000 -0.000005 0.056611 -0.000004 0.056611
0.056615 -0.000008 -0.000007 -0.000010 0.056596 -0.000014 -0.000002 0.056594 -0.000000 0.056609
0.056635 -0.000025 -0.000024 -0.000027 0.056596 -0.000012 -0.000020 0.056599 -0.000018 0.056594
0.056661 -0.000033 -0.000032 -0.000053 0.056606 0.000001 -0.000029 0.056612 -0.000026 0.056585
0.056616 -0.000011 -0.000013 -0.000002 0.056589 -0.000040 0.000005 0.056550 0.000015 0.056608
0.056628 -0.000039 -0.000041 -0.000022 0.056586 -0.000028 -0.000037 0.056576 -0.000035 0.056620
0.056645 -0.000043 -0.000044 -0.000065 0.056605 -0.000002 -0.000050 0.056609 -0.000048 0.056604
0.056617 -0.000030 -0.000034 -0.000011 0.056587 -0.000034 -0.000039 0.056564 -0.000035 0.056630
0.056618 -0.000023 -0.000025 -0.000036 0.056603 -0.000006 -0.000038 0.056602 -0.000038 0.056620
0.056617 -0.000006 -0.000006 -0.000007 0.056605 -0.000003 -0.000011 0.056606 -0.000011 0.056622
0.056619 -0.000000 0.000000 0.000000 0.056602 -0.000004 -0.000002 0.056607 -0.000002 0.056621
0.056614 0.000003 0.000004 0.000002 0.056585 -0.000022 0.000000 0.056589 0.000002 0.056629
0.056618 0.000000 0.000000 0.000000 0.056604 -0.000002 -0.000001 0.056609 -0.000001 0.056622
0.056619 -0.000000 -0.000000 -0.000000 0.056606 -0.000001 0.000000 0.056609 0.000000 0.056621
0.056619 -0.000000 -0.000000 -0.000000 0.056607 0.000000 0.000000 0.056610 0.000000 0.056621
0.056622 -0.000003 -0.000002 0.000002 0.056600 -0.000008 -0.000003 0.056601 -0.000003 0.056624
0.056620 -0.000002 -0.000002 -0.000001 0.056606 -0.000001 -0.000003 0.056609 -0.000003 0.056621
0.056620 -0.000004 -0.000004 -0.000001 0.056605 -0.000003 -0.000007 0.056607 -0.000007 0.056623
0.056621 -0.000007 -0.000007 0.000005 0.056587 -0.000022 -0.000010 0.056587 -0.000006 0.056640
0.056619 -0.000002 -0.000002 0.000000 0.056605 -0.000002 -0.000004 0.056608 -0.000004 0.056624
0.056619 -0.000000 -0.000000 -0.000000 0.056607 -0.000000 0.000000 0.056610 0.000000 0.056621
0.056619 -0.000000 -0.000000 -0.000000 0.056607 0.000000 -0.000000 0.056610 0.000000 0.056621
0.056619 -0.000000 -0.000000 -0.000000 0.056606 -0.000000 -0.000001 0.056610 -0.000001 0.056621
0.056619 -0.000001 -0.000001 -0.000001 0.056607 0.000000 -0.000001 0.056610 -0.000001 0.056621
0.056618 -0.000002 -0.000002 -0.000003 0.056607 -0.000001 -0.000004 0.056609 -0.000004 0.056621
0.056618 -0.000004 -0.000005 -0.000005 0.056605 -0.000003 -0.000008 0.056607 -0.000008 0.056622
0.056618 -0.000003 -0.000003 -0.000002 0.056605 -0.000002 -0.000005 0.056607 -0.000004 0.056622
