69.175950
76.845153
61.478924
96.436081
51.594257
74.804756
59.936368
84.431179
81.917990
74.838947
56.008139
61.604339
102.542293
75.567305
68.505773
65.228342
55.874310
83.131504
68.355157
81.042041
65.830702
84.132165
87.184701
64.441470
66.926705
62.773070
79.917526
41.699942
76.288401
79.184648
78.841668
77.721177
90.044234
78.719013
69.393489
92.612305
67.408090
77.284334
84.418599
46.758170
80.132258
78.718006
94.313644
68.412611
103.357911
83.753018
80.230361
91.649676
60.437116
77.500799
84.027282
76.628825
87.779214
85.153672
97.344203
101.384671
94.288743
61.446087
80.339601
76.031120
82.855762
81.040592
66.234607
61.514659
68.338037
84.036577
77.553435
74.164650
70.095034
52.910904
80.834537
58.407558
84.130807
89.354813
62.593262
74.585121
92.739462
59.902043
93.528292
72.894703
58.137725
102.517176
108.237849
65.825467
78.781776
79.015423
65.485111
78.752927
67.782286
92.626698
106.068778
62.695591
79.978430
96.980365
81.017436
76.585057
50.878062
52.791964
72.406095
66.822340
78.852487
61.614114
75.707266
67.619367
98.776858
65.647700
74.679957
77.410700
79.572008
88.859235
71.439061
98.112944
98.744648
58.903959
62.901787
92.451391
83.394387
66.336901
95.272847
60.239259
89.372209
77.322732
86.568541
74.328791
57.456011
82.757980
61.342069
60.087896
80.084061
60.668304
64.466946
64.916301
60.160214
86.287755
73.442029
94.524464
57.024435
61.713488
87.845859
50.627097
78.825912
74.354076
64.034072
87.383771
70.305545
56.432362
45.656165
88.898807
90.553325
73.885840
73.668397
84.764802
68.436246
69.521694
68.462432
59.581018
79.227973
64.319296
106.908324
90.607142
78.398291
69.692666
96.287472
68.759909
67.463537
76.035003
84.818566
75.066352
75.958240
66.648388
73.854719
82.226869
93.390482
65.702425
98.143854
49.171940
78.991689
74.052458
64.171560
55.494586
77.618713
70.489985
94.764923
70.402173
84.452060
89.505447
61.517838
76.242023
64.156809
62.165667
56.857862
67.160085
91.683081
68.010084
79.754466
88.785247
51.490086
89.928147
70.114226
75.390168
72.274648
72.253408
83.719996
75.503263
89.934080
45.956310
74.157552
68.477917
81.849726
74.484044
66.742517
67.178648
72.192960
60.957747
82.368646
69.512848
79.789921
79.661833
67.379516
70.070770
67.284152
88.239905
82.972355
53.967911
60.483850
93.722508
85.353154
74.294734
61.687136
90.503173
75.212353
78.748710
73.273049
58.694372
70.642007
70.504810
78.399033
63.122453
63.295500
50.249260
83.274046
59.231781
83.258219
61.939518
69.953728
68.266039
75.806213
66.839712
46.647736
61.321230
67.052646
48.104082
107.003244
78.505903
65.334354
