0.368260 -0.097803 -0.077035 0.096035
0.397208 -0.073618 -0.056476 0.118924
0.438832 -0.042530 -0.029835 0.154029
0.479687 -0.013852 -0.004672 0.192592
0.532420 0.023775 0.029713 0.250434
0.620998 0.098674 0.102361 0.368735
0.694487 0.199600 0.204864 0.488953
0.739244 0.305223 0.309981 0.570002
0.783797 0.420837 0.419659 0.645764
0.437606 -0.059747 -0.053910 -0.052146
0.447199 -0.053041 -0.048525 -0.052371
0.461070 -0.043984 -0.041230 -0.052001
0.470618 -0.037878 -0.036312 -0.051520
0.484815 -0.029246 -0.029334 -0.050116
0.513994 -0.012122 -0.015423 -0.045446
0.547292 0.006475 -0.000121 -0.036734
0.583125 0.026096 0.016349 -0.023371
0.620354 0.047028 0.034384 -0.004932
0.664244 0.073978 0.058452 0.023455
0.693173 0.095220 0.078093 0.046884
0.395089 0.013772 0.037320 -0.050513
0.402895 0.021377 0.044657 -0.048695
0.413495 0.031517 0.054458 -0.045699
0.420787 0.038294 0.061027 -0.043251
0.431004 0.047717 0.070166 -0.039350
0.451778 0.065951 0.087922 -0.029655
0.474013 0.084876 0.106375 -0.016484
0.398653 -0.026580 -0.007441 0.041624
0.415488 -0.012228 0.005583 0.049750
0.433006 0.002280 0.018813 0.059306
0.450398 0.016170 0.031579 0.070119
0.470718 0.032176 0.046411 0.084516
0.507748 0.061396 0.073919 0.116810
0.559244 0.105724 0.116791 0.177247
0.585830 0.132745 0.143489 0.216478
0.614762 0.167100 0.177540 0.264345
0.642413 0.204988 0.215046 0.312332
0.490300 -0.027462 -0.025664 0.061442
0.504199 -0.019178 -0.018833 0.068646
0.521475 -0.008915 -0.010270 0.078448
0.535197 -0.000656 -0.003286 0.086897
0.553464 0.010298 0.006144 0.099369
0.587755 0.032042 0.025464 0.126621
0.619594 0.054487 0.046255 0.156772
0.646716 0.076855 0.067691 0.186659
0.676969 0.106609 0.096960 0.225129
0.366969 -0.081640 -0.058642 0.132751
0.390645 -0.060860 -0.040291 0.156809
0.419872 -0.037219 -0.019197 0.187718
0.459238 -0.007060 0.008256 0.232698
0.485880 0.013200 0.027136 0.265939
0.579593 0.092819 0.104817 0.401414
0.646505 0.180715 0.194965 0.510467
0.698963 0.298435 0.313157 0.598108
0.738324 0.402474 0.412708 0.665357
0.767800 0.489749 0.496442 0.723206
0.467758 -0.025284 -0.015481 0.182460
0.499808 -0.003095 0.004295 0.215222
0.532533 0.020196 0.025691 0.252069
0.566201 0.045645 0.049765 0.293597
0.597707 0.071804 0.075100 0.335632
0.655044 0.130763 0.134101 0.420728
0.700952 0.204187 0.208997 0.500123
0.731772 0.276721 0.281693 0.556508
0.759211 0.348421 0.350774 0.604391
0.277374 -0.057021 -0.017050 0.036547
0.279553 -0.052820 -0.012876 0.038215
0.281828 -0.048621 -0.008702 0.039978
0.284267 -0.044141 -0.004249 0.041923
0.286471 -0.040283 -0.000407 0.043679
0.292068 -0.030904 0.008964 0.048153
0.304810 -0.011371 0.028545 0.058924
0.311238 -0.002323 0.037652 0.064610
0.318854 0.007931 0.047985 0.071683
0.327089 0.018535 0.058676 0.079741
0.359827 -0.024734 0.007189 0.202377
0.364944 -0.019556 0.012187 0.209510
0.370534 -0.014018 0.017548 0.217346
0.376108 -0.008612 0.022797 0.225212
0.381361 -0.003518 0.027751 0.232750
0.393450 0.007954 0.038964 0.250366
0.405767 0.019575 0.050388 0.268918
0.417586 0.030624 0.061329 0.287231
0.430399 0.042784 0.073446 0.307827
0.443530 0.055436 0.086153 0.329610
0.266666 -0.016428 0.044879 0.311594
0.279950 0.005724 0.069440 0.348660
0.293066 0.028404 0.094887 0.386298
0.308930 0.055910 0.125678 0.430632
0.327413 0.085321 0.157570 0.475777
0.376914 0.151775 0.224167 0.563632
0.432636 0.223179 0.290797 0.634097
0.473153 0.287879 0.353429 0.684693
0.498712 0.349749 0.418233 0.729677
0.586299 0.066227 0.065792 0.157527
0.590810 0.069819 0.069239 0.162566
0.596117 0.074292 0.073545 0.168774
0.600347 0.077998 0.077124 0.173803
0.604051 0.081118 0.080160 0.178277
0.612581 0.088861 0.087720 0.189107
0.620918 0.096842 0.095548 0.200152
0.628702 0.104638 0.103246 0.210926
0.636498 0.112816 0.111358 0.222092
0.643765 0.120813 0.119383 0.232928
0.259214 -0.009984 0.038379 -0.027971
0.262721 -0.002618 0.046134 -0.026245
0.265948 0.003920 0.053028 -0.024452
0.270718 0.013196 0.062821 -0.021490
0.274839 0.020911 0.070968 -0.018622
0.285044 0.038456 0.089547 -0.010738
0.296723 0.056652 0.108801 -0.000392
0.308666 0.073736 0.126783 0.011445
0.355860 -0.026151 0.013854 0.337378
0.362080 -0.019664 0.020656 0.351471
0.368318 -0.013023 0.027669 0.366083
0.374654 -0.006170 0.034964 0.381352
0.381211 0.000680 0.042351 0.397106
0.394507 0.015425 0.058334 0.430517
0.407065 0.029815 0.074010 0.462214
0.421954 0.047283 0.092876 0.498190
0.437281 0.065347 0.112165 0.531561
0.455280 0.086748 0.134657 0.565836
0.358514 0.016474 0.050521 0.102377
0.366639 0.025173 0.059107 0.110485
0.375204 0.034021 0.067859 0.119306
0.384818 0.043800 0.077525 0.129749
0.393695 0.052523 0.086164 0.139660
0.412870 0.071017 0.104461 0.162468
0.436119 0.092979 0.126169 0.192175
0.452835 0.108765 0.141758 0.214667
0.474477 0.129876 0.162628 0.245259
0.312973 -0.045296 0.009613 0.406260
0.317916 -0.038008 0.018396 0.426089
0.322443 -0.030794 0.027136 0.445404
0.327204 -0.023012 0.036588 0.465909
0.332441 -0.014858 0.046504 0.487181
0.343483 0.003341 0.068031 0.530448
0.363878 0.032773 0.101148 0.590957
0.385126 0.060639 0.130774 0.637521
0.408128 0.091370 0.161597 0.677821
0.431912 0.124105 0.192766 0.711259
0.512874 -0.047489 -0.040377 0.374244
0.562205 -0.022835 -0.017528 0.443086
0.594254 -0.004739 0.000048 0.490512
0.634157 0.024190 0.029328 0.554800
0.673733 0.067505 0.074382 0.625807
0.724976 0.178237 0.186389 0.721254
0.745796 0.250961 0.259330 0.756543
0.396710 -0.039056 -0.013496 0.264590
0.402084 -0.034466 -0.009156 0.272953
0.404882 -0.032115 -0.006927 0.277336
0.410162 -0.027696 -0.002721 0.285632
0.412912 -0.025459 -0.000581 0.289945
0.421293 -0.018604 0.005997 0.303297
0.429359 -0.011948 0.012415 0.316504
0.438599 -0.004584 0.019589 0.331636
0.447827 0.002955 0.026968 0.347334
0.480926 -0.034273 -0.024907 0.269967
0.545317 0.007162 0.012987 0.352779
0.618287 0.060969 0.065273 0.456663
0.677246 0.131556 0.137506 0.554064
0.742238 0.297027 0.304620 0.670948
0.811132 0.483251 0.482572 0.793819
0.852685 0.693089 0.690368 0.903728
0.874681 0.900082 0.896852 0.999813
0.361887 -0.067976 -0.043648 0.112622
0.379713 -0.051287 -0.028618 0.128693
0.396156 -0.036802 -0.015502 0.144018
0.417871 -0.018601 0.001109 0.165274
0.445808 0.004081 0.022075 0.194950
0.505657 0.053091 0.068664 0.269215
0.573082 0.117422 0.132437 0.370083
0.613834 0.168207 0.184207 0.435953
0.648351 0.225662 0.242842 0.493061
0.446955 0.011250 0.029880 0.192668
0.495753 0.051668 0.068391 0.252664
0.538608 0.090392 0.106354 0.314015
0.586398 0.141969 0.158286 0.389293
0.621261 0.190105 0.207460 0.446262
0.679941 0.306620 0.323764 0.542573
0.736236 0.456202 0.466277 0.640509
0.300992 -0.128290 -0.089610 0.232579
0.311299 -0.115618 -0.077297 0.259278
0.328017 -0.096526 -0.058421 0.302926
0.336098 -0.088151 -0.049920 0.323998
0.349658 -0.074640 -0.035857 0.360685
0.381296 -0.045579 -0.003521 0.452061
0.417886 -0.010316 0.037318 0.559457
0.467312 0.045024 0.097993 0.672649
0.546262 0.165189 0.214814 0.781720
0.405257 0.034581 0.062033 0.097895
0.415302 0.044052 0.071238 0.107325
0.425373 0.053281 0.080237 0.117256
0.434798 0.061860 0.088610 0.127109
0.444037 0.070332 0.096880 0.137370
0.462636 0.087134 0.113328 0.159313
0.480771 0.103833 0.129696 0.182662
0.500344 0.122340 0.147881 0.209687
0.519105 0.141023 0.166292 0.237169
0.536815 0.159961 0.184978 0.264396
0.300600 -0.014645 0.024141 -0.020941
0.307216 -0.004406 0.034513 -0.018547
0.313187 0.004731 0.043767 -0.015941
0.320705 0.015392 0.054637 -0.012316
0.328493 0.026134 0.065603 -0.007992
0.345718 0.048245 0.088244 0.003312
0.365867 0.071934 0.112490 0.019315
0.388340 0.096251 0.137195 0.040222
0.388340 0.096251 0.137195 0.040222
0.550169 0.021011 0.025147 0.299415
0.584928 0.046774 0.049662 0.344251
0.601509 0.060041 0.062526 0.366728
0.629161 0.084468 0.086616 0.405907
0.722643 0.233345 0.238242 0.566239
0.462027 0.037067 0.053417 0.070589
0.490330 0.059843 0.074974 0.093872
0.542580 0.104374 0.117938 0.151260
0.568691 0.129541 0.142643 0.187884
0.609478 0.176462 0.189035 0.254725
0.644514 0.225962 0.237648 0.316264
0.545793 0.034954 0.034161 0.005586
0.558845 0.043160 0.041489 0.012727
0.572169 0.051789 0.049259 0.020774
0.586093 0.061041 0.057679 0.030077
0.597687 0.069003 0.065007 0.038709
0.621370 0.086172 0.081067 0.058769
0.643985 0.104449 0.098539 0.081624
0.663564 0.123046 0.116640 0.105408
0.680172 0.141848 0.135185 0.129351
0.580553 0.050696 0.051961 0.267407
0.596932 0.064171 0.064960 0.288313
0.614183 0.079370 0.079766 0.311050
0.628864 0.093287 0.093477 0.331371
0.644923 0.109506 0.109688 0.354411
0.697152 0.177414 0.178050 0.437492
0.716968 0.213575 0.214643 0.473611
0.733839 0.251041 0.252035 0.505756
0.538724 0.069850 0.084393 0.349759
0.551822 0.081948 0.096420 0.369905
0.563590 0.093456 0.107935 0.388349
0.575358 0.105776 0.120412 0.407295
0.588127 0.120028 0.134931 0.427848
0.609829 0.147651 0.163374 0.463498
0.629816 0.177878 0.194495 0.496255
0.400673 -0.002321 0.019615 0.050757
0.429181 0.022920 0.043330 0.068819
0.460849 0.049799 0.068855 0.093833
0.494435 0.078214 0.096166 0.127096
0.531701 0.111296 0.128395 0.173017
0.586633 0.169776 0.186093 0.257768
0.633374 0.234640 0.249856 0.337710
0.548697 0.022029 0.023940 0.227060
0.605955 0.066706 0.066466 0.296108
0.661666 0.121262 0.120405 0.373585
0.704429 0.179871 0.179470 0.442965
0.796066 0.393321 0.387572 0.607637
0.845411 0.543460 0.531363 0.700936
0.876274 0.699550 0.687262 0.790079
0.908496 0.871726 0.856141 0.873384
0.887628 1.008285 0.999374 0.935744
0.357518 -0.028204 -0.002040 0.005778
0.378922 -0.005530 0.019393 0.013655
0.404637 0.019545 0.043299 0.025938
0.433749 0.046059 0.068787 0.044040
0.466090 0.074321 0.096133 0.070089
0.529287 0.130525 0.150863 0.141911
0.585166 0.190532 0.209340 0.229477
0.630726 0.254485 0.270934 0.308638
0.669254 0.322518 0.335633 0.371846
0.705104 0.398527 0.407595 0.423650
0.560519 0.032835 0.038082 0.335566
0.569631 0.039666 0.044634 0.347847
0.578888 0.046838 0.051557 0.360617
0.587938 0.053977 0.058483 0.373129
0.597073 0.061501 0.065826 0.385908
0.615265 0.077556 0.081767 0.412655
0.632416 0.094297 0.098551 0.438360
0.648555 0.112438 0.117020 0.464088
0.662871 0.131053 0.136152 0.487802
0.676155 0.151332 0.156943 0.510524
0.515767 0.059530 0.072757 0.225847
0.532009 0.073677 0.086485 0.247326
0.543925 0.084475 0.097053 0.263866
0.556666 0.096577 0.108991 0.282315
0.570572 0.110558 0.122875 0.303181
0.595148 0.137509 0.149921 0.341550
0.619451 0.168165 0.180890 0.380963
0.517116 -0.002037 -0.001618 0.079655
0.539883 0.012042 0.010571 0.094795
0.564765 0.028069 0.024792 0.113708
0.589494 0.044938 0.040214 0.135635
0.611160 0.061171 0.055462 0.157456
0.684785 0.134927 0.127918 0.253558
0.709885 0.169322 0.162235 0.294463
0.725809 0.194062 0.186607 0.322159
0.389168 -0.040135 -0.015179 0.217918
0.406280 -0.025334 -0.001334 0.241240
0.427343 -0.007758 0.015310 0.270929
0.448092 0.009349 0.031736 0.301658
0.469475 0.027127 0.049057 0.335006
0.512188 0.064912 0.086726 0.406283
0.554421 0.109037 0.131895 0.478099
0.398039 0.027854 0.057578 0.167618
0.406161 0.035518 0.065053 0.177266
0.415406 0.044138 0.073481 0.188580
0.422352 0.050579 0.079790 0.197332
0.432709 0.060177 0.089213 0.210804
0.447297 0.073729 0.102562 0.230531
0.465152 0.090641 0.119299 0.255841
0.481883 0.107065 0.135641 0.280619
0.498669 0.124452 0.153028 0.306468
0.421781 -0.016373 0.001399 0.117024
0.433655 -0.006862 0.010050 0.126708
0.446190 0.003047 0.019121 0.137515
0.458740 0.012938 0.028237 0.148987
0.471883 0.023289 0.037855 0.161784
0.498121 0.044173 0.057526 0.189995
0.524545 0.066312 0.078763 0.222183
0.549267 0.088504 0.100421 0.255715
0.571846 0.110599 0.122310 0.288848
0.595426 0.136433 0.148085 0.325505
0.580081 0.006573 0.007938 0.387770
0.596961 0.017282 0.018100 0.410425
0.617516 0.031113 0.031398 0.438117
0.634211 0.043575 0.043635 0.461976
0.651784 0.058541 0.058656 0.488756
0.681478 0.090485 0.091328 0.537806
0.705378 0.126963 0.128710 0.581098
0.723830 0.166360 0.169158 0.616018
0.409934 -0.003989 0.013969 -0.051853
0.421464 0.006260 0.023482 -0.050156
0.434358 0.017079 0.033588 -0.047505
0.447548 0.028196 0.043977 -0.044011
0.464124 0.041442 0.056440 -0.038423
0.566899 0.122324 0.133582 0.030422
0.490818 -0.061932 -0.059537 0.215623
0.531340 -0.038839 -0.040244 0.258429
0.574426 -0.014329 -0.018760 0.305468
0.625743 0.016061 0.009070 0.362882
0.676937 0.051056 0.042322 0.424371
0.748432 0.128533 0.119512 0.533643
0.783927 0.219706 0.212221 0.614063
0.234140 -0.113124 -0.036242 0.416882
0.234669 -0.100934 -0.016136 0.464600
0.234484 -0.085657 0.009222 0.520028
0.235976 -0.063745 0.041900 0.583643
0.291761 0.062581 0.180095 0.794987
0.356739 0.167740 0.259608 0.883620
0.398999 0.217013 0.297140 0.922031
0.427715 0.253863 0.344650 0.954936
0.443124 0.327920 0.444191 1.007420
0.365336 -0.125699 -0.104215 0.142960
0.404238 -0.095330 -0.079036 0.188429
0.427842 -0.078712 -0.065129 0.216816
0.524213 -0.018134 -0.012048 0.338811
0.618089 0.043628 0.046993 0.469136
0.704146 0.160131 0.166524 0.617330
0.742421 0.272972 0.280203 0.686477
0.820234 0.484465 0.482969 0.825679
0.495633 0.022907 0.035379 0.242546
0.518404 0.040906 0.052476 0.271565
0.544105 0.062294 0.073159 0.306736
0.565770 0.081726 0.092243 0.338171
0.586862 0.102417 0.112900 0.370259
0.628736 0.151833 0.163115 0.436918
0.661990 0.205310 0.217906 0.492824
0.688994 0.263084 0.276070 0.539531
0.713341 0.323503 0.334929 0.580593
0.376087 0.064122 0.101043 0.016713
0.382753 0.071311 0.108324 0.022097
0.389535 0.078457 0.115549 0.027861
0.399099 0.088421 0.125584 0.036541
0.407573 0.097020 0.134208 0.044723
0.422195 0.111225 0.148391 0.059529
0.436223 0.124537 0.161547 0.074857
0.449891 0.137472 0.174183 0.090909
0.465730 0.151798 0.188059 0.109955
0.315180 -0.082344 -0.045893 0.207852
0.332197 -0.062479 -0.026645 0.239668
0.355791 -0.037426 -0.002022 0.283745
0.381387 -0.012073 0.023491 0.333394
0.463579 0.073846 0.113684 0.508255
0.527407 0.156436 0.198367 0.610441
0.577386 0.241199 0.282169 0.668454
0.506522 0.008355 0.014291 0.160319
0.513487 0.013227 0.018696 0.166845
0.520298 0.018033 0.023074 0.173444
0.527979 0.023537 0.028123 0.181118
0.534928 0.028585 0.032790 0.188307
0.548480 0.038712 0.042242 0.202878
0.562554 0.049730 0.052665 0.219037
0.576501 0.061094 0.063562 0.235996
0.590210 0.072793 0.074909 0.253525
0.416675 -0.002866 0.020650 0.214829
0.424788 0.004094 0.027253 0.225101
0.433210 0.011281 0.034104 0.236011
0.441593 0.018400 0.040925 0.247116
0.450675 0.026148 0.048384 0.259500
0.468371 0.041346 0.063135 0.284540
0.484590 0.055682 0.077189 0.308691
0.519446 0.088563 0.109923 0.363649
0.404187 -0.090233 -0.069634 0.289322
0.448291 -0.061941 -0.043877 0.365032
0.464579 -0.052676 -0.035132 0.393086
0.502531 -0.032012 -0.014901 0.458482
0.538941 -0.009689 0.007860 0.523402
0.647199 0.120471 0.142818 0.718091
0.709434 0.289099 0.310752 0.806474
0.750492 0.419294 0.439335 0.903457
0.533919 0.015315 0.020948 0.279664
0.545769 0.023835 0.028933 0.294328
0.556774 0.031965 0.036622 0.308413
0.566714 0.039444 0.043754 0.321314
0.579979 0.049711 0.053619 0.338876
0.600160 0.066378 0.069844 0.366807
0.621190 0.085290 0.088601 0.397073
0.642737 0.107351 0.110729 0.429405
0.660892 0.129251 0.133081 0.458549
0.473247 -0.018125 -0.013513 -0.008763
0.483487 -0.011412 -0.007845 -0.005946
0.492220 -0.005869 -0.003143 -0.003233
0.502740 0.000769 0.002510 0.000361
0.514270 0.007948 0.008658 0.004732
0.536227 0.021535 0.020424 0.014567
0.560666 0.036587 0.033677 0.027802
0.584570 0.051846 0.047387 0.043418
0.607692 0.067444 0.061713 0.061215
0.630074 0.084088 0.077347 0.081530
0.345227 0.070104 0.114212 -0.023532
0.357590 0.085229 0.129875 -0.013788
0.372919 0.102802 0.147934 -0.000361
0.400392 0.131799 0.177225 0.026579
0.430464 0.160928 0.205683 0.059336
0.459380 0.188171 0.231406 0.094296
0.489859 0.216861 0.257454 0.133606
0.190330 0.034567 0.114530 0.163936
0.194690 0.041244 0.121595 0.171269
0.200199 0.049120 0.129852 0.180036
0.203111 0.053183 0.134070 0.184414
0.207858 0.059457 0.140544 0.191429
0.217928 0.071984 0.153344 0.205643
0.230351 0.086591 0.168029 0.221926
0.240599 0.098220 0.179588 0.234427
0.252703 0.111594 0.192751 0.248919
0.421905 -0.020255 -0.003081 0.112223
0.483041 0.027496 0.040663 0.166280
0.540607 0.074884 0.085912 0.234177
0.604926 0.140302 0.150848 0.329545
0.645995 0.195817 0.206815 0.397265
0.717448 0.338701 0.347092 0.517867
0.777838 0.501722 0.502023 0.623595
0.334647 -0.023378 0.010785 0.121190
0.357117 0.001577 0.035120 0.146032
0.383844 0.028729 0.061753 0.177800
0.423077 0.066375 0.098932 0.229426
0.434775 0.077600 0.110074 0.245974
0.494910 0.139493 0.172094 0.337380
0.546351 0.204651 0.237961 0.418710
0.593028 0.282699 0.315669 0.491093
0.624483 0.353221 0.384044 0.541401
0.387309 -0.044030 -0.023743 0.072676
0.414851 -0.020567 -0.002652 0.090138
0.446425 0.004818 0.020417 0.113231
0.482578 0.033063 0.046569 0.145082
0.516264 0.060233 0.072313 0.181149
0.586717 0.126602 0.137462 0.278307
0.638515 0.192061 0.203030 0.362987
0.686186 0.275040 0.285298 0.444543
0.715491 0.338390 0.346181 0.492093
0.458360 0.067428 0.104811 0.469677
0.491347 0.106118 0.145179 0.531158
0.519539 0.142645 0.182632 0.574639
0.647480 0.427407 0.464917 0.769422
0.367654 0.015428 0.045344 -0.002081
0.376039 0.024704 0.054460 0.002016
0.384908 0.034097 0.063727 0.006786
0.393520 0.042849 0.072392 0.011817
0.401059 0.050457 0.079916 0.016688
0.423573 0.072333 0.101575 0.033262
0.439475 0.087279 0.116346 0.046987
0.461009 0.107156 0.135908 0.068209
0.480606 0.124845 0.153230 0.089973
0.418315 -0.073772 -0.063718 0.007808
0.447645 -0.053716 -0.047593 0.014532
0.482450 -0.031842 -0.029948 0.025128
0.531999 -0.002679 -0.005974 0.046338
0.580864 0.025996 0.018626 0.076056
0.669136 0.090563 0.078842 0.157972
0.730099 0.167546 0.155139 0.247496
0.775866 0.246716 0.232133 0.332596
0.507306 0.012877 0.023880 0.295968
0.542650 0.039509 0.049290 0.344468
0.574948 0.066082 0.075264 0.391739
0.607284 0.097261 0.106621 0.442124
0.635697 0.131770 0.142075 0.488671
0.679545 0.210223 0.222804 0.563292
0.710267 0.288424 0.300909 0.615639
0.741067 0.370716 0.380015 0.668229
0.443791 0.037270 0.057849 0.104723
0.452663 0.044854 0.065086 0.112805
0.476477 0.065171 0.084597 0.136837
0.493187 0.079652 0.098612 0.155842
0.527551 0.110958 0.129215 0.200730
0.540049 0.123178 0.141252 0.218833
0.646676 0.143855 0.180046 0.921367
0.650289 0.155284 0.190254 0.925110
0.654011 0.166934 0.200758 0.928185
0.658474 0.177624 0.210124 0.929746
0.660764 0.185794 0.218278 0.932308
0.667266 0.203723 0.236728 0.936880
0.673244 0.223433 0.258177 0.943931
0.678199 0.245544 0.283370 0.956876
0.683391 0.273376 0.314037 0.975464
0.441245 -0.040877 -0.033535 -0.042121
0.451492 -0.033687 -0.027529 -0.041364
0.463408 -0.025546 -0.020718 -0.040095
0.475964 -0.017376 -0.013849 -0.038165
0.490617 -0.007915 -0.005875 -0.035386
0.520338 0.010463 0.009762 -0.027315
0.562885 0.035851 0.031794 -0.010072
0.600152 0.058803 0.052256 0.010880
0.621702 0.072898 0.065128 0.025948
0.657160 0.099453 0.089990 0.056499
0.679550 0.119120 0.108896 0.080671
0.358474 -0.024283 0.006773 0.172415
0.363560 -0.019114 0.011737 0.178741
0.369993 -0.012698 0.017911 0.186834
0.375925 -0.006882 0.023520 0.194397
0.381133 -0.001888 0.028349 0.201092
0.393296 0.009700 0.039585 0.217167
0.427492 0.041500 0.070735 0.265276
0.445395 0.058320 0.087410 0.292368
0.458123 0.070552 0.099630 0.312364
0.385318 -0.089855 -0.072506 0.078245
0.396780 -0.080732 -0.064901 0.085264
0.410838 -0.070038 -0.055986 0.094221
0.423078 -0.061142 -0.048557 0.102200
0.435162 -0.052562 -0.041371 0.110378
0.467884 -0.030322 -0.022551 0.134252
0.506486 -0.004712 -0.000301 0.166636
0.580123 0.048031 0.048267 0.243906
0.616749 0.079091 0.078336 0.290391
0.452609 0.044723 0.065883 0.153161
0.463609 0.054205 0.075005 0.165348
0.471616 0.061098 0.081666 0.174611
0.477952 0.066683 0.087072 0.182291
0.487114 0.074730 0.094898 0.193712
0.504737 0.090769 0.110571 0.217109
0.520017 0.105069 0.124655 0.238561
0.536440 0.121553 0.140988 0.263092
0.551566 0.137615 0.156971 0.286483
0.288240 0.015923 0.076271 0.319491
0.296410 0.027931 0.089320 0.338341
0.306969 0.043595 0.106426 0.362894
0.313982 0.054351 0.118162 0.379321
0.323289 0.068383 0.133497 0.400743
0.343809 0.098602 0.165827 0.445285
0.367985 0.131612 0.199911 0.490821
0.401689 0.174906 0.242368 0.543218
0.429582 0.211203 0.276797 0.580173
0.455783 0.248198 0.311971 0.612959
0.409500 -0.051376 -0.027451 0.309269
0.446707 -0.023953 -0.001041 0.374784
0.484392 0.003030 0.026012 0.444284
0.525153 0.036623 0.060661 0.521787
0.570303 0.086899 0.113195 0.603224
0.630796 0.193948 0.221761 0.690779
0.671418 0.296777 0.323981 0.745366
0.706360 0.403126 0.429663 0.820750
0.322124 0.097911 0.158591 0.243640
0.324401 0.100354 0.161050 0.246841
0.326617 0.102719 0.163434 0.249860
0.328648 0.104898 0.165628 0.252517
0.330860 0.107259 0.168011 0.255410
0.335397 0.112093 0.172900 0.261679
0.344299 0.121643 0.182478 0.273576
0.348806 0.126525 0.187392 0.279797
0.354403 0.132586 0.193436 0.287261
0.376449 -0.085839 -0.063106 0.191545
0.395057 -0.070362 -0.049404 0.216326
0.415041 -0.054713 -0.035394 0.243338
0.439852 -0.036198 -0.018563 0.277794
0.462851 -0.019732 -0.003305 0.310648
0.517134 0.018773 0.033495 0.393027
0.574861 0.066971 0.081823 0.488283
0.622658 0.125694 0.142517 0.568447
0.660060 0.198108 0.216909 0.628106
0.681736 0.253026 0.272130 0.660277
0.704891 0.316456 0.334443 0.697534
0.409616 -0.057556 -0.043234 0.056536
0.421448 -0.048583 -0.035615 0.062108
0.435750 -0.038094 -0.026681 0.069328
0.449452 -0.028333 -0.018331 0.076711
0.464528 -0.017872 -0.009322 0.085504
0.497671 0.004677 0.010386 0.107655
0.531693 0.028102 0.031443 0.135253
0.565094 0.052690 0.054307 0.168115
0.597734 0.079917 0.080476 0.206537
0.624105 0.105220 0.105364 0.242312
0.361085 -0.124083 -0.101846 0.135460
0.384140 -0.104897 -0.085849 0.161668
0.410679 -0.084880 -0.069061 0.192119
0.443513 -0.062012 -0.049621 0.231144
0.480249 -0.038027 -0.028672 0.276396
0.563934 0.014962 0.020081 0.386158
0.723242 0.233585 0.241791 0.646341
0.756978 0.331780 0.338356 0.705151
0.795282 0.431950 0.433757 0.774418
0.218179 0.052619 0.131099 0.220482
0.220269 0.055371 0.133936 0.223624
0.222325 0.058073 0.136724 0.226619
0.224557 0.060853 0.139590 0.229973
0.226840 0.063792 0.142622 0.233215
0.231514 0.069587 0.148549 0.239898
0.240718 0.080831 0.160009 0.252459
0.449896 0.023189 0.042216 0.171285
0.474240 0.043457 0.061494 0.198820
0.496696 0.062648 0.079995 0.226950
0.519171 0.082769 0.099644 0.257640
0.539418 0.102166 0.118796 0.287291
0.590105 0.158798 0.175666 0.367161
0.619107 0.199192 0.216649 0.414728
0.657446 0.267615 0.285170 0.478345
0.686470 0.332423 0.348029 0.525677
0.450124 -0.070916 -0.063876 0.126776
0.515455 -0.031705 -0.031935 0.179798
0.573204 0.003785 -0.000932 0.235635
0.639168 0.050140 0.042356 0.308091
0.705184 0.109553 0.100255 0.390786
0.891902 0.555813 0.533883 0.729772
0.926811 0.739991 0.718628 0.831795
0.558271 0.002982 -0.005758 -0.013395
0.592160 0.021112 0.009282 0.001179
0.621705 0.037179 0.022991 0.017108
0.654203 0.056595 0.040067 0.038056
0.695901 0.085634 0.066732 0.071679
0.751334 0.144354 0.123718 0.135657
0.778636 0.192415 0.171727 0.185877
0.798405 0.235728 0.213728 0.230956
0.345676 0.014026 0.048663 0.031354
0.364876 0.036224 0.070813 0.045372
0.383973 0.056677 0.091272 0.061556
0.407654 0.080499 0.115049 0.084657
0.430762 0.102573 0.136945 0.110139
0.482474 0.150778 0.184055 0.175908
0.529591 0.199955 0.231338 0.245684
0.569241 0.250415 0.279603 0.308047
0.451409 0.081641 0.108097 0.103985
0.499719 0.125776 0.151278 0.162780
0.529736 0.155323 0.180137 0.206150
0.554501 0.182576 0.206717 0.245233
0.653348 0.337449 0.355926 0.406236
0.518283 -0.026272 -0.013643 0.435316
0.536520 -0.015882 -0.003449 0.464804
0.555310 -0.004228 0.008177 0.495933
0.576949 0.011097 0.023862 0.532964
0.597627 0.028353 0.041674 0.568611
0.634204 0.069776 0.085051 0.634378
0.661741 0.115897 0.132321 0.682901
0.682255 0.163952 0.180727 0.716631
0.697137 0.207828 0.224455 0.738963
0.365372 -0.034439 -0.009861 0.035431
0.377854 -0.021932 0.001757 0.041377
0.391179 -0.009181 0.013652 0.048347
0.407126 0.005585 0.027479 0.057646
0.426191 0.022374 0.043313 0.070283
0.504839 0.089623 0.107812 0.144436
0.619377 0.066617 0.061662 0.217644
0.648472 0.093455 0.087866 0.254286
0.666012 0.111864 0.106188 0.278527
0.685766 0.134980 0.129140 0.307212
0.720217 0.182817 0.176637 0.362577
0.789680 0.318873 0.309151 0.488201
0.817923 0.382128 0.368507 0.532228
0.844222 0.447196 0.429066 0.573313
0.610499 0.049599 0.042899 0.183019
0.623822 0.060081 0.052891 0.197738
0.636599 0.070955 0.063374 0.212465
0.648394 0.081526 0.073677 0.226877
0.660290 0.092983 0.084931 0.241982
0.681501 0.115906 0.107603 0.270645
0.722097 0.168570 0.159922 0.332457
0.737050 0.191427 0.182532 0.357891
0.752796 0.218758 0.209261 0.386211
0.499540 0.011693 0.014628 -0.059151
0.518213 0.023676 0.025136 -0.054417
0.535343 0.034222 0.034470 -0.048770
0.554655 0.046424 0.045340 -0.041184
0.615407 0.086004 0.081403 -0.006691
0.681698 0.140756 0.133446 0.056152
0.176281 -0.069327 -0.003567 0.119788
0.177306 -0.060094 0.006857 0.128513
0.179088 -0.049765 0.018491 0.138636
0.181841 -0.038581 0.031020 0.150106
0.185267 -0.027853 0.042966 0.161533
0.196080 -0.003142 0.070085 0.189351
0.229345 0.048748 0.125279 0.250745
0.251085 0.077301 0.154922 0.283915
0.274718 0.107411 0.185814 0.317712
0.349295 -0.133087 -0.107976 0.159985
0.380027 -0.106581 -0.085425 0.203646
0.426333 -0.072305 -0.055773 0.270265
0.484430 -0.035359 -0.022489 0.356104
0.549304 0.003854 0.015008 0.455990
0.663778 0.132380 0.147198 0.652330
0.721909 0.288686 0.303858 0.741959
0.775729 0.442058 0.452699 0.850568
0.535448 0.025080 0.027126 0.127463
0.576998 0.055401 0.055248 0.167661
0.617971 0.090697 0.089386 0.217233
0.651223 0.126064 0.124465 0.264983
0.684006 0.168189 0.166533 0.317664
0.729483 0.242858 0.240217 0.397803
0.780854 0.348457 0.341346 0.483879
0.590154 -0.050544 -0.047168 0.508610
0.641949 -0.021788 -0.017719 0.591536
0.684398 0.015106 0.021358 0.670217
0.730849 0.086351 0.093620 0.764145
0.746978 0.130068 0.136262 0.798655
0.767512 0.212083 0.216905 0.834577
0.792195 0.288285 0.294938 0.876413
0.065414 -0.053016 0.045829 0.002332
0.063726 -0.048403 0.052035 0.004293
0.062025 -0.043237 0.058951 0.006595
0.059709 -0.035063 0.069861 0.010367
0.055343 -0.010466 0.102228 0.024706
0.054763 0.000633 0.116471 0.032459
0.055187 0.012543 0.131412 0.041319
0.480287 -0.033909 -0.029569 0.111809
0.528767 -0.003660 -0.003854 0.148164
0.578863 0.029599 0.026061 0.194917
0.622295 0.063168 0.057891 0.243419
0.663619 0.101806 0.095760 0.296356
0.775567 0.279294 0.271208 0.484790
0.309476 -0.062396 -0.021604 0.237854
0.321390 -0.047828 -0.007011 0.262181
0.334679 -0.032385 0.008624 0.289455
0.364068 0.000309 0.042525 0.352501
0.395443 0.036345 0.081128 0.426188
0.418113 -0.014861 0.009572 0.278382
0.430216 -0.004841 0.019198 0.296843
0.440335 0.003466 0.027248 0.312617
0.483267 0.039743 0.063082 0.384211
0.283682 -0.059884 -0.020096 0.085237
0.314122 -0.014651 0.024759 0.120983
0.358652 0.036524 0.075868 0.176232
0.470907 0.152601 0.192296 0.338401
0.571175 0.302144 0.340869 0.493806
0.265368 -0.047820 0.004857 0.240864
0.270841 -0.039072 0.014047 0.254203
0.279401 -0.026368 0.027476 0.274348
0.291015 -0.009637 0.045294 0.301623
0.470225 0.040786 0.064632 0.341040
0.479140 0.048816 0.072623 0.355840
0.490249 0.059077 0.082903 0.374650
0.282047 0.000125 0.045552 0.012935
0.290852 0.014816 0.060773 0.019887
0.300654 0.029845 0.076373 0.028417
0.324396 0.061730 0.109464 0.051695
0.242817 -0.001869 0.092130 0.513822
0.256917 0.032055 0.130753 0.571407
0.284314 0.076827 0.175767 0.634356
0.350515 0.165613 0.253291 0.727169
0.406344 0.027165 0.053142 0.092113
0.429283 0.048239 0.073519 0.113146
0.445360 0.062678 0.087542 0.129651
0.487060 0.100169 0.124167 0.179584
0.262429 0.013745 0.081158 0.323904
0.277512 0.038865 0.108912 0.361256
0.295385 0.068904 0.141969 0.404279
0.333109 0.125673 0.201559 0.481925
0.275608 0.046889 0.103851 0.100134
0.300773 0.078036 0.136029 0.133593
0.324340 0.103152 0.161444 0.163728
0.369905 0.147949 0.205528 0.220293
0.519692 0.125831 0.155927 0.443282
0.538716 0.149720 0.180560 0.474249
0.556361 0.174243 0.205735 0.501519
0.588718 0.226730 0.259094 0.548418
0.598394 -0.004480 -0.013687 0.266945
0.624746 0.011667 0.001004 0.294015
0.648166 0.026875 0.015121 0.318441
0.700718 0.065278 0.051452 0.375820
0.604947 -0.014746 -0.027049 0.253027
0.624121 -0.003736 -0.017253 0.271751
0.649414 0.011422 -0.003489 0.296397
0.693261 0.039943 0.022957 0.339557
0.424473 0.018067 0.041646 0.182044
0.443823 0.034915 0.057798 0.204976
0.462918 0.051623 0.073961 0.229344
0.501014 0.086391 0.108074 0.282998
0.444312 0.050939 0.072625 0.053941
0.522942 0.119611 0.139263 0.134142
0.590079 0.191308 0.209257 0.238050
0.612961 0.169057 0.180097 -0.017640
0.626761 0.182664 0.192938 -0.001337
0.639476 0.196510 0.205996 0.015964
0.425147 -0.017336 0.000691 0.151873
0.438497 -0.006665 0.010440 0.164736
0.452409 0.004310 0.020549 0.178831
0.478551 0.024942 0.039802 0.207528
0.467888 0.189308 0.231025 0.129476
0.481633 0.202090 0.242735 0.147071
0.493973 0.214463 0.254056 0.164527
0.435062 0.028509 0.048491 0.060801
0.450933 0.041987 0.061280 0.072444
0.462917 0.052104 0.070922 0.082191
0.495923 0.079899 0.097636 0.113766
0.465144 0.090021 0.115628 0.126802
0.481630 0.105033 0.130309 0.146823
0.499668 0.121593 0.146525 0.170383
0.532582 0.154145 0.178398 0.218138
0.468596 0.029107 0.047620 0.242949
0.498619 0.054519 0.072157 0.283810
0.526554 0.079740 0.096952 0.325073
0.590903 0.150120 0.168156 0.427597
0.589061 0.072734 0.074206 0.221795
0.609365 0.091381 0.092429 0.248605
0.629437 0.111854 0.112679 0.277179
0.283078 -0.005002 0.050796 0.278865
0.289355 0.003564 0.059915 0.292313
0.295603 0.012405 0.069343 0.305975
0.308106 0.029743 0.087976 0.333413
0.576902 0.034340 0.042078 0.435698
0.606408 0.058688 0.066429 0.481679
0.633926 0.087288 0.095717 0.527046
0.676918 0.155534 0.166200 0.602026
0.600704 0.079390 0.078146 0.144992
0.607692 0.085420 0.083978 0.153149
0.613473 0.090615 0.089034 0.160297
0.625794 0.102199 0.100386 0.176270
0.393230 -0.020398 0.010368 0.311969
0.411505 -0.003921 0.026805 0.345828
0.432866 0.015176 0.046247 0.387157
0.473558 0.054577 0.087163 0.469841
0.375497 -0.036165 -0.013246 0.054494
0.388987 -0.023384 -0.001526 0.062020
0.402695 -0.010996 0.009887 0.070256
0.436246 0.017760 0.036613 0.093670
0.346451 0.011314 0.068896 0.465447
0.359044 0.029836 0.089939 0.504689
0.372883 0.048962 0.110977 0.541416
0.410142 0.097734 0.161675 0.615724
0.397373 -0.013534 0.012333 0.209510
0.407450 -0.004606 0.020822 0.222483
0.417739 0.004435 0.029462 0.236132
0.439332 0.023192 0.047551 0.265983
0.451382 -0.016447 0.002463 0.306969
0.490328 0.012398 0.030124 0.367147
0.530958 0.044537 0.061937 0.434295
0.612336 0.137745 0.157891 0.571368
0.666022 0.076825 0.061625 0.039201
0.690622 0.095484 0.079042 0.060484
0.723607 0.126854 0.109261 0.096383
0.508149 -0.005559 0.004091 0.319728
0.540769 0.016453 0.024816 0.364374
0.568346 0.036281 0.043930 0.404063
0.616688 0.077985 0.085629 0.478819
0.341950 0.060748 0.103458 -0.064046
0.352441 0.074059 0.117336 -0.058131
0.364524 0.088922 0.132758 -0.050200
0.390168 0.117828 0.162461 -0.030408
0.387821 0.053776 0.086337 0.006935
0.398554 0.065096 0.097649 0.014593
0.410764 0.077217 0.109784 0.024048
0.438150 0.103735 0.136154 0.048931
0.342909 -0.043530 -0.013406 0.112503
0.368910 -0.016165 0.012558 0.138505
0.401741 0.015202 0.042612 0.174344
0.464808 0.072744 0.098710 0.256041
0.400172 0.050037 0.090608 0.353543
0.435134 0.089997 0.132335 0.421743
0.469574 0.131725 0.175708 0.483627
0.543943 0.238434 0.282865 0.587717
0.618558 0.045578 0.033154 0.004384
0.639457 0.057871 0.044042 0.017449
0.659903 0.071151 0.056014 0.031807
0.695793 0.097753 0.080764 0.062152
0.528875 0.011780 0.015045 0.196900
0.577276 0.047497 0.048387 0.250928
0.612709 0.077378 0.077303 0.296133
0.688770 0.162752 0.162485 0.408581
0.427563 -0.011966 0.009414 0.244098
0.436108 -0.005006 0.015973 0.255557
0.447620 0.004304 0.024804 0.271361
0.462482 0.016378 0.036360 0.292489
0.531405 -0.020315 -0.021767 0.194003
0.602526 0.025616 0.019595 0.266813
0.660319 0.070057 0.061985 0.333552
0.753966 0.183178 0.174325 0.472754
0.320745 -0.018243 0.019474 0.124731
0.353426 0.019274 0.056661 0.164266
0.398536 0.064925 0.102135 0.224143
0.650077 0.038422 0.039074 0.518641
0.671948 0.059709 0.060865 0.555459
0.693464 0.086495 0.088406 0.593249
0.724749 0.147767 0.151224 0.654788
0.273911 0.012347 0.067282 0.188180
0.282644 0.023811 0.079157 0.202328
0.290419 0.033459 0.089131 0.214704
0.308349 0.054673 0.111021 0.242641
0.288022 0.041337 0.114994 0.428430
0.312225 0.083371 0.160849 0.492282
0.345576 0.129675 0.207430 0.554951
0.426847 0.233133 0.303041 0.659610
0.372407 -0.055255 -0.013151 0.439140
0.374772 -0.053101 -0.010645 0.446520
0.377414 -0.050831 -0.007975 0.454398
0.382417 -0.046244 -0.002587 0.470066
0.292110 0.004959 0.077066 0.463676
0.324125 0.062752 0.141677 0.565970
0.384235 0.141820 0.218350 0.664775
0.530839 0.033376 0.055001 0.509641
0.562897 0.065450 0.088365 0.567757
0.597822 0.112500 0.137183 0.626945
0.440037 0.034391 0.060759 0.281498
0.455821 0.048717 0.074894 0.305670
0.470764 0.062661 0.088773 0.329467
0.502874 0.094651 0.121039 0.382876
0.322915 0.049132 0.096576 0.127616
0.344845 0.073245 0.121089 0.155477
0.372373 0.101163 0.149133 0.191295
0.426303 0.154619 0.201926 0.262954
0.533980 0.089774 0.101238 0.036750
0.561863 0.112683 0.123276 0.063827
0.586063 0.134585 0.144511 0.093003
0.410081 -0.007366 0.018419 0.252058
0.434187 0.013504 0.038568 0.287423
0.460482 0.036388 0.061031 0.328546
0.538161 -0.014597 -0.020738 0.047382
0.558659 -0.003475 -0.011650 0.058206
0.573977 0.004942 -0.004637 0.067222
0.368744 0.023599 0.060581 0.220527
0.385337 0.040322 0.077268 0.244703
0.402177 0.057140 0.094140 0.270199
0.493491 0.032846 0.082700 0.697362
0.529529 0.084652 0.135634 0.760743
0.566140 0.149670 0.196696 0.805386
0.381292 -0.008704 0.026548 0.322105
0.426957 0.036993 0.073891 0.415788
0.496251 0.116401 0.156967 0.549753
0.466633 -0.091309 -0.087819 0.182147
0.541203 -0.051327 -0.056158 0.257492
0.631467 -0.003652 -0.014513 0.351610
0.502516 0.051427 0.060884 -0.053160
0.535247 0.074895 0.082827 -0.037795
0.562588 0.094734 0.101548 -0.020689
0.182814 -0.006488 0.061985 -0.004074
0.189549 0.018479 0.090058 0.007542
0.205058 0.055696 0.131251 0.032584
0.290463 0.049644 0.104456 0.127348
0.314644 0.077652 0.133167 0.159612
0.342653 0.106681 0.162387 0.196136
0.475593 -0.011800 -0.004867 0.075133
0.506917 0.009070 0.013362 0.095091
0.540263 0.031801 0.033771 0.121015
0.575809 0.057886 0.058039 0.155206
0.608265 0.085194 0.084352 0.193238
0.659955 0.140713 0.139504 0.268307
0.552634 -0.005619 -0.011799 0.102909
0.586164 0.014139 0.005223 0.128119
0.618181 0.034817 0.023842 0.156114
0.648452 0.056965 0.044621 0.186506
0.674542 0.079379 0.066256 0.215601
0.721058 0.130635 0.116701 0.275311
0.765697 0.196029 0.181125 0.345967
0.494461 0.051897 0.064744 0.081768
0.534418 0.084263 0.095585 0.120358
0.582317 0.128537 0.138854 0.182954
0.571962 0.031688 0.096812 0.912837
0.617742 0.141288 0.186328 0.973333
0.637925 0.194289 0.236273 0.984007
0.655684 0.273452 0.326164 1.023854
0.672498 0.397065 0.450399 1.090705
0.662573 -0.005672 -0.024825 0.301319
0.701890 0.016578 -0.004759 0.336508
0.734256 0.036631 0.013539 0.365655
0.772880 0.064203 0.038987 0.403693
0.802756 0.090648 0.063622 0.438373
0.849174 0.153991 0.124743 0.515170
0.443961 -0.021902 -0.005536 0.227837
0.530786 0.044543 0.057138 0.343699
0.586147 0.094760 0.107084 0.429144
0.655785 0.194695 0.210025 0.544340
0.690705 0.275386 0.291199 0.601155
0.598153 0.084243 0.085100 0.194278
0.607804 0.093048 0.093728 0.206932
0.616768 0.101956 0.102497 0.219354
0.624884 0.110267 0.110742 0.230949
0.637575 0.124341 0.124765 0.250071
0.361138 0.036728 0.079807 0.275569
0.390190 0.068422 0.112356 0.325344
0.400944 0.080664 0.124995 0.344381
0.445012 0.132867 0.179063 0.422340
0.477513 0.174364 0.221399 0.474630
0.377729 0.024898 0.105563 0.711470
0.413189 0.077188 0.158156 0.780789
0.444935 0.126720 0.202085 0.823448
0.441402 0.027888 0.047578 0.107889
0.453355 0.037973 0.057130 0.118562
0.468046 0.050334 0.068907 0.132854
0.480297 0.060586 0.078745 0.145711
0.495736 0.073786 0.091485 0.163263
0.521446 0.096868 0.113965 0.196081
0.546311 0.120794 0.137524 0.231547
0.371773 0.034597 0.066991 0.012554
0.385119 0.048924 0.081285 0.021389
0.391951 0.056043 0.088391 0.026370
0.399094 0.063307 0.095646 0.031862
0.415010 0.079063 0.111353 0.045334
0.548988 0.132871 0.150966 0.233252
0.563623 0.148626 0.166565 0.256102
0.576804 0.163873 0.181709 0.277496
0.589695 0.179960 0.197642 0.298886
0.601824 0.196056 0.213597 0.319192
0.625633 0.231071 0.248251 0.359356
0.448012 0.020652 0.057049 0.492389
0.458684 0.031441 0.068589 0.516545
0.471958 0.045304 0.083367 0.544700
0.483985 0.058754 0.097532 0.568689
0.497332 0.074662 0.114222 0.593590
0.403287 0.013733 0.058608 0.479610
0.442239 0.058516 0.107165 0.571164
0.485751 0.114176 0.164280 0.645265
0.527762 0.175962 0.224597 0.695332
0.560838 0.234369 0.280809 0.728384
0.605120 0.348040 0.396722 0.799983
0.521305 0.004655 0.007092 0.151725
0.535259 0.014031 0.015489 0.164301
0.545470 0.021076 0.021884 0.174080
0.557657 0.029757 0.029859 0.186230
0.570075 0.038777 0.038272 0.199445
0.592681 0.056426 0.055018 0.225149
0.261891 0.010433 0.070012 0.223089
0.272108 0.024266 0.084497 0.241306
0.283355 0.038847 0.099757 0.260819
0.295200 0.053828 0.115429 0.280976
0.305917 0.067203 0.129431 0.299068
0.351886 -0.034664 0.002437 0.292850
0.364506 -0.021738 0.015516 0.317975
0.378290 -0.007741 0.029892 0.346571
0.391589 0.005915 0.044126 0.375441
0.404959 0.019574 0.058595 0.405181
0.418320 0.034106 0.074069 0.435987
0.296656 -0.036816 0.001201 0.037576
0.306076 -0.022297 0.015599 0.044347
0.314509 -0.010332 0.027527 0.050712
0.326841 0.006073 0.043927 0.060776
0.337849 0.019731 0.057623 0.070480
0.212097 0.004889 0.068806 0.061150
0.215386 0.012495 0.077090 0.066616
0.218921 0.020006 0.085230 0.072392
0.223194 0.028347 0.094230 0.079304
0.227769 0.036535 0.103003 0.086529
0.237795 0.052386 0.119838 0.101678
0.249354 0.068232 0.136438 0.118174
0.560149 0.006043 0.002261 0.181142
0.580415 0.019425 0.014353 0.200732
0.594281 0.029022 0.023212 0.215144
0.384924 -0.080663 -0.064607 0.000736
0.401806 -0.066667 -0.052866 0.003746
0.420200 -0.052405 -0.040897 0.007584
0.440931 -0.037306 -0.028205 0.012838
0.463655 -0.021628 -0.014965 0.019934
0.514776 0.011615 0.013571 0.042244
0.580344 0.054771 0.052298 0.087136
0.488380 0.051716 0.064331 -0.008475
0.501420 0.061745 0.073758 -0.001196
0.514585 0.071614 0.083093 0.007113
0.528231 0.081959 0.092922 0.016818
0.542421 0.093228 0.103650 0.028264
0.295824 0.001730 0.052846 0.241103
0.320487 0.032288 0.084602 0.285831
0.340873 0.057152 0.110677 0.323463
0.364132 0.086413 0.141494 0.367240
0.385603 0.113902 0.170311 0.407306
0.441388 0.186171 0.243628 0.499087
0.293316 0.000218 0.042984 -0.002478
0.321467 0.041812 0.085899 0.017599
0.327071 0.049169 0.093512 0.022344
0.348769 0.075905 0.121043 0.042994
0.370711 0.100035 0.145637 0.066188
0.425418 0.153134 0.198003 0.130311
0.485458 0.211035 0.252396 0.209483
0.366108 -0.035258 -0.011006 0.030424
0.386249 -0.015388 0.007431 0.039645
0.411891 0.008207 0.029489 0.053686
0.438780 0.031670 0.051616 0.071743
0.469005 0.057102 0.075855 0.096735
0.366916 -0.011289 0.014234 -0.044534
0.373795 -0.003883 0.021335 -0.043536
0.380096 0.002772 0.027728 -0.042432
0.387754 0.010813 0.035461 -0.040763
0.394744 0.017875 0.042280 -0.038964
0.410852 0.033596 0.057510 -0.033762
0.415615 0.025042 0.047776 0.039176
0.433624 0.041003 0.063075 0.050970
0.449482 0.054873 0.076414 0.062977
0.488277 0.088380 0.108835 0.099098
0.525537 0.121546 0.141148 0.143693
0.438590 0.040473 0.060871 0.014853
0.444416 0.045338 0.065542 0.018185
0.449901 0.050104 0.070103 0.021580
0.455422 0.054872 0.074672 0.025156
0.461145 0.059564 0.079194 0.029002
0.474134 0.070615 0.089821 0.038597
0.486642 0.080937 0.099799 0.048782
0.430026 -0.011096 0.005223 0.097589
0.439690 -0.003449 0.012154 0.104629
0.449675 0.004365 0.019267 0.112226
0.460459 0.012661 0.026870 0.120973
0.470988 0.020819 0.034390 0.130016
0.491609 0.036822 0.049296 0.149385
0.515925 0.056290 0.067724 0.175349
0.328571 -0.016804 0.046112 0.492583
0.337796 -0.001122 0.064821 0.530244
0.347608 0.014040 0.082261 0.563486
0.362546 0.035214 0.105664 0.604273
0.378545 0.056779 0.128481 0.639659
0.415088 0.105684 0.176992 0.700912
0.483488 0.025279 0.033191 -0.085084
0.494548 0.032961 0.040196 -0.082776
0.505559 0.040578 0.047159 -0.079930
0.518476 0.049314 0.055175 -0.075977
0.530042 0.057109 0.062355 -0.071898
0.556522 0.074975 0.078901 -0.060261
0.582377 0.092828 0.095569 -0.045865
0.425368 -0.049159 -0.039912 -0.057895
0.454056 -0.028293 -0.022349 -0.057709
0.487443 -0.006003 -0.003452 -0.054109
0.530795 0.020804 0.019591 -0.043472
0.575881 0.048039 0.043517 -0.025065
0.669024 0.112698 0.103158 0.041935
0.408053 0.059210 0.097117 0.311054
0.418479 0.070200 0.108329 0.328835
0.428158 0.080570 0.118956 0.345622
0.438678 0.092156 0.130853 0.364083
0.447756 0.102308 0.141341 0.380091
0.467389 0.125278 0.164983 0.414204
0.367489 0.024149 0.091284 0.594201
0.386685 0.050482 0.119436 0.639624
0.444348 0.128075 0.195618 0.730410
0.463161 0.154922 0.219930 0.750911
0.503010 0.216846 0.276399 0.788279
0.641568 0.052109 0.041054 0.214427
0.645682 0.055395 0.044189 0.218798
0.650043 0.058944 0.047599 0.223702
0.653743 0.062064 0.050598 0.227779
0.269622 0.004683 0.083881 0.465143
0.272339 0.011795 0.092423 0.478349
0.275451 0.019184 0.101159 0.491794
0.279066 0.027312 0.110522 0.506009
0.283129 0.035582 0.119745 0.520056
0.293006 0.053419 0.139133 0.548696
0.305138 0.072693 0.158979 0.577067
0.364363 0.008934 0.042882 0.171338
0.378479 0.023197 0.056900 0.189139
0.393482 0.037875 0.071377 0.208866
0.408385 0.052210 0.085571 0.229229
0.424112 0.067346 0.100613 0.251669
0.456206 0.099192 0.132480 0.300066
0.439767 0.020692 0.040466 0.140276
0.460992 0.038420 0.057261 0.161823
0.473475 0.048986 0.067352 0.175696
0.278650 -0.052167 -0.011275 0.064650
0.288831 -0.034530 0.006330 0.075261
0.304117 -0.011517 0.029413 0.091423
0.318851 0.008002 0.049066 0.107589
0.338016 0.030947 0.072184 0.129895
0.386648 0.081697 0.123159 0.191420
0.445514 0.018113 0.033611 0.012833
0.476405 0.042581 0.056367 0.029121
0.514093 0.071868 0.084000 0.056147
0.549532 0.100802 0.111748 0.090386
0.659739 0.055732 0.044866 0.302752
0.683696 0.075818 0.064223 0.330263
0.707745 0.098478 0.086209 0.359553
0.728081 0.120374 0.107749 0.386812
0.561351 0.087446 0.094864 0.155360
0.578376 0.102825 0.109879 0.177334
0.595147 0.119616 0.126439 0.201383
0.608597 0.134339 0.141039 0.222265
0.623575 0.152045 0.158696 0.246858
0.488212 0.061167 0.079044 0.194745
0.495852 0.067798 0.085465 0.204310
0.503310 0.074372 0.091856 0.213964
0.510637 0.080912 0.098241 0.223702
0.518100 0.087779 0.104967 0.234004
0.284880 -0.064906 -0.006031 0.384945
0.292638 -0.050331 0.012038 0.424629
0.299564 -0.035915 0.030334 0.463758
0.307805 -0.018407 0.052359 0.508516
0.319335 0.003041 0.078046 0.557464
0.358315 0.062063 0.141649 0.659505
0.393858 0.027526 0.081318 0.534326
0.411010 0.048917 0.104544 0.575620
0.428357 0.069765 0.126636 0.609987
0.448245 0.095452 0.152797 0.644061
0.466452 0.120504 0.177395 0.670440
0.412009 0.046210 0.085044 0.376766
0.431467 0.067851 0.107703 0.416230
0.449650 0.088966 0.129787 0.452332
0.472094 0.115635 0.157621 0.493071
0.468386 -0.040899 -0.026829 0.331474
0.489900 -0.027626 -0.014546 0.363724
0.512276 -0.014095 -0.001761 0.397708
0.534689 -0.000215 0.011653 0.432467
0.559495 0.016502 0.028167 0.472184
0.607725 0.058735 0.071375 0.554544
0.375769 -0.054464 -0.030561 0.152075
0.402868 -0.030710 -0.008864 0.181442
0.434019 -0.004885 0.015064 0.217625
0.469774 0.024193 0.042562 0.263318
0.502536 0.051585 0.069057 0.309478
0.327921 -0.004207 0.032095 0.064577
0.335852 0.005677 0.041908 0.071337
0.344838 0.016389 0.052565 0.079387
0.354325 0.027121 0.063271 0.088259
0.367374 0.041299 0.077421 0.101301
0.388315 0.062854 0.098912 0.124053
0.452437 -0.032244 -0.019122 0.216164
0.482918 -0.010635 0.000354 0.251645
0.507610 0.006913 0.016536 0.282179
0.534813 0.026687 0.035153 0.317714
0.577383 0.060131 0.067480 0.377312
0.634594 0.117573 0.125394 0.466087
0.735875 -0.011599 -0.035328 0.442104
0.786264 0.016271 -0.010094 0.502202
0.837249 0.060852 0.031636 0.579189
0.866826 0.106597 0.075656 0.637131
0.884266 0.156975 0.125907 0.683795
0.584357 -0.025459 -0.032164 0.323347
0.613817 -0.009917 -0.018263 0.355068
0.646320 0.008054 -0.001790 0.390910
0.677163 0.026789 0.015832 0.426818
0.709479 0.050010 0.038169 0.468175
0.454168 0.033405 0.052392 0.145662
0.465308 0.042769 0.061295 0.157258
0.479065 0.054335 0.072369 0.172498
0.500777 0.073024 0.090429 0.198777
0.521875 0.092095 0.109060 0.226973
0.342402 -0.051120 -0.019918 0.161364
0.355732 -0.037035 -0.006550 0.178400
0.369621 -0.023180 0.006672 0.196407
0.386181 -0.007345 0.021879 0.218476
0.402296 0.007603 0.036343 0.240758
0.439100 0.041234 0.069343 0.295333
0.473924 0.074550 0.102692 0.352030
0.181282 -0.054803 0.074160 0.583084
0.188872 -0.017478 0.119262 0.649795
0.205458 0.025297 0.162572 0.708708
0.233028 0.079356 0.209345 0.767457
0.261220 0.125787 0.244337 0.809935
0.312665 0.199773 0.293657 0.870674
0.387683 -0.001865 0.026028 0.172899
0.414089 0.022419 0.049404 0.204688
0.440364 0.046156 0.072495 0.239229
0.469237 0.072804 0.098732 0.280675
0.493798 0.096721 0.122577 0.318384
0.365532 0.038536 0.080324 0.263789
0.372312 0.045676 0.087581 0.274709
0.379755 0.053579 0.095630 0.286873
0.387144 0.061482 0.103699 0.299100
0.394727 0.069607 0.112024 0.311849
0.408996 0.085309 0.128158 0.336183
0.337975 -0.019835 0.025041 0.336697
0.386141 0.039925 0.090127 0.460957
0.432508 0.099112 0.152919 0.561113
0.514643 0.211115 0.263052 0.667199
0.557800 0.293143 0.343553 0.718162
0.232541 -0.017847 0.036459 0.030266
0.243942 0.008358 0.064427 0.044368
0.255778 0.030172 0.087654 0.059441
0.274899 0.059001 0.118065 0.084448
0.298906 0.088584 0.148647 0.115648
0.352164 0.142567 0.202215 0.181098
0.398485 -0.002011 0.030286 0.321578
0.434673 0.032174 0.065129 0.390643
0.467853 0.066114 0.100441 0.457091
0.505190 0.109066 0.145160 0.525642
0.545275 0.164133 0.201514 0.585947
0.601662 0.267058 0.304322 0.656460
0.381546 0.015561 0.048029 0.201733
0.390414 0.024172 0.056480 0.213550
0.399311 0.032696 0.064870 0.225707
0.409672 0.042582 0.074633 0.240246
0.596655 0.023018 0.018511 0.287618
0.612568 0.034252 0.029071 0.305862
0.628610 0.046071 0.040296 0.324624
0.643832 0.057821 0.051557 0.342806
0.660665 0.071835 0.065157 0.363951
0.540452 0.066453 0.080644 0.359315
0.552033 0.076935 0.091042 0.377025
0.562835 0.087353 0.101513 0.394276
0.322122 -0.055710 0.004452 0.478674
0.332102 -0.039794 0.024961 0.528521
0.345677 -0.019020 0.050550 0.585105
0.364116 0.006388 0.080038 0.642378
0.390332 0.041671 0.118394 0.704492
0.442452 0.119014 0.192429 0.788878
0.369065 -0.048517 -0.007067 0.418295
0.372358 -0.045338 -0.003475 0.428122
0.375099 -0.042561 -0.000333 0.436607
0.378785 -0.039071 0.003672 0.447600
0.382076 -0.036066 0.007156 0.457186
0.388842 -0.029408 0.014847 0.477775
0.396196 -0.022115 0.023293 0.499754
0.358349 -0.076132 -0.054225 0.014058
0.396658 -0.040282 -0.022564 0.025750
0.442228 -0.003271 0.010448 0.044771
0.507540 0.045806 0.055293 0.086897
0.580602 0.105934 0.112879 0.164910
0.669158 0.217222 0.222903 0.312190
0.286810 -0.025936 0.018122 0.127217
0.306192 0.000909 0.045287 0.154278
0.326759 0.025627 0.070320 0.183019
0.355825 0.057161 0.102248 0.224461
0.383225 0.085719 0.131149 0.264712
0.440107 0.148119 0.194420 0.352002
0.457766 0.072579 0.099115 0.229763
0.464696 0.079054 0.105490 0.239432
0.472953 0.086820 0.113160 0.251154
0.480948 0.094439 0.120709 0.262726
0.489872 0.103199 0.129410 0.276002
0.481112 0.040561 0.056675 0.192042
0.491743 0.049361 0.065085 0.204628
0.500904 0.057087 0.072514 0.215958
0.513480 0.067999 0.083074 0.232285
0.521928 0.075488 0.090372 0.243682
0.541746 0.093862 0.108413 0.271734
0.492905 0.102265 0.134967 0.445064
0.516319 0.130525 0.164179 0.485127
0.539301 0.160954 0.195487 0.520822
0.561700 0.194572 0.229736 0.552693
0.536165 0.104194 0.118152 0.078406
0.541472 0.108649 0.122478 0.084250
0.547088 0.113703 0.127371 0.090740
0.552423 0.118461 0.131994 0.097185
0.558143 0.123584 0.136987 0.104301
0.528692 0.117342 0.149451 0.526625
0.580281 0.194159 0.227929 0.600764
0.620539 0.277080 0.310629 0.653629
0.650137 0.355377 0.387207 0.702627
0.678145 0.444085 0.473903 0.763294
0.356775 0.011404 0.061041 0.408008
0.366758 0.024681 0.075765 0.435769
0.377554 0.039282 0.091877 0.465223
0.388766 0.053965 0.107946 0.493506
0.451994 0.000882 0.020982 0.291495
0.476706 0.020528 0.039887 0.328420
0.501928 0.041262 0.060202 0.368269
0.538341 0.074088 0.093115 0.428916
0.560836 0.097304 0.116816 0.466573
0.430564 -0.063449 -0.052665 0.097568
0.444464 -0.054012 -0.044889 0.106550
0.459920 -0.043884 -0.036492 0.117028
0.475631 -0.033719 -0.027989 0.128317
0.493346 -0.022396 -0.018397 0.141863
0.528465 0.000201 0.001258 0.171834
0.524444 0.006589 0.007460 0.104829
0.553888 0.025896 0.024626 0.128036
0.585672 0.048139 0.045124 0.157864
0.612658 0.069637 0.065589 0.187502
0.644903 0.099519 0.094846 0.228525
0.606771 0.036241 0.041646 0.479118
0.636547 0.063191 0.068962 0.527294
0.664640 0.097238 0.104157 0.575477
0.682306 0.126157 0.133833 0.606825
0.454008 -0.065662 -0.049676 0.357147
0.480102 -0.051592 -0.036581 0.399932
0.509575 -0.036289 -0.021830 0.448443
0.504179 -0.012003 -0.002228 0.321574
0.523846 0.000911 0.009799 0.348506
0.544936 0.014976 0.023128 0.378014
0.566363 0.030049 0.037672 0.409124
0.584403 0.043646 0.050986 0.435831
0.285535 0.070382 0.149370 0.438183
0.320783 0.124051 0.205003 0.511421
0.367071 0.182881 0.260327 0.581225
0.424827 0.259753 0.331021 0.653969
0.444569 0.293066 0.364401 0.681223
0.381348 -0.003664 0.040037 0.427516
0.399856 0.017698 0.063677 0.478321
0.418544 0.039259 0.087337 0.525052
0.435653 0.059667 0.109183 0.562976
0.467711 0.099747 0.150658 0.620673
0.517125 0.169368 0.219061 0.683947
0.304399 0.022073 0.068686 0.117638
0.311425 0.030951 0.077765 0.126541
0.317932 0.038805 0.085786 0.134881
0.326875 0.049147 0.096328 0.146357
0.334670 0.057823 0.105142 0.156583
0.352219 0.076379 0.123918 0.179649
0.371534 0.095894 0.143523 0.205339
0.468101 0.020825 0.049671 0.453223
0.525111 0.078011 0.109465 0.562955
0.574324 0.147538 0.180775 0.639207
0.615636 0.227822 0.260893 0.689444
0.643628 0.297212 0.329797 0.727995
0.693625 0.460406 0.491040 0.839952
0.404195 0.050390 0.087166 0.297236
0.419567 0.066162 0.103189 0.323031
0.433682 0.081139 0.118508 0.347365
0.450043 0.099182 0.137012 0.376030
0.469693 0.121835 0.160371 0.410265
0.386175 0.020540 0.052098 0.183323
0.398609 0.032442 0.063760 0.199013
0.411711 0.044872 0.075974 0.216276
0.426581 0.058882 0.089799 0.236662
0.440175 0.071790 0.102592 0.256090
0.385141 0.034709 0.069061 0.197885
0.396164 0.045464 0.079708 0.212627
0.406598 0.055589 0.089750 0.226991
0.443038 0.091176 0.125255 0.280063
0.550938 -0.058769 -0.055150 0.439196
0.604264 -0.034950 -0.032280 0.515466
0.651347 -0.005255 -0.001858 0.592181
0.696730 0.041095 0.046828 0.677696
0.729300 0.097581 0.103708 0.743296
0.262448 -0.156957 -0.113918 0.154874
0.278204 -0.127041 -0.084596 0.204537
0.303845 -0.090153 -0.047771 0.274545
0.339266 -0.047791 -0.003253 0.371561
0.379227 -0.000812 0.050265 0.495948
0.515373 0.182179 0.235905 0.735657
0.362463 -0.009487 0.030926 0.337824
0.367812 -0.003695 0.036977 0.349567
0.375395 0.004475 0.045590 0.366482
0.382417 0.012176 0.053766 0.382582
0.387748 0.018115 0.060105 0.395038
0.401456 0.033751 0.076912 0.427569
0.481926 0.027726 0.047229 0.334165
0.486100 0.031185 0.050609 0.340704
0.491024 0.035181 0.054534 0.348338
0.495249 0.038794 0.058082 0.355166
0.499844 0.042675 0.061914 0.362527
0.510067 0.029672 0.045722 0.370079
0.522183 0.039312 0.055191 0.389222
0.534797 0.049836 0.065629 0.409716
0.548165 0.061592 0.077427 0.431773
0.562717 0.075333 0.091343 0.455880
0.391682 0.043448 0.072692 -0.057139
0.407728 0.059876 0.089094 -0.050693
0.424157 0.075978 0.105174 -0.042377
0.442357 0.093126 0.122266 -0.031285
0.462198 0.111401 0.140372 -0.016725
0.503772 0.149027 0.177107 0.022087
0.604730 0.035753 0.025553 0.078374
0.671783 0.084395 0.070890 0.139898
0.724042 0.143810 0.129602 0.209592
0.759135 0.202095 0.187149 0.272523
0.381327 0.012497 0.043302 0.165405
0.392697 0.023483 0.054004 0.178941
0.408778 0.038691 0.068872 0.198992
0.419116 0.048344 0.078346 0.212422
0.529160 0.092960 0.108779 0.231718
0.535715 0.099231 0.114956 0.241100
0.541720 0.105092 0.120735 0.249851
0.547711 0.111027 0.126606 0.258700
0.553333 0.116820 0.132371 0.267260
0.564898 0.128966 0.144469 0.285018
0.294177 -0.014177 0.027891 0.070758
0.316310 0.016690 0.059177 0.093972
0.350891 0.056981 0.100022 0.134072
0.381100 0.087952 0.131146 0.172134
0.416165 0.122000 0.164965 0.218262
0.533967 0.034259 0.044015 0.322282
0.550572 0.047311 0.056618 0.345647
0.567057 0.060932 0.069912 0.369508
0.582395 0.074416 0.083238 0.392334
0.599114 0.090400 0.099277 0.418075
0.629530 0.124692 0.134208 0.466622
0.461883 -0.002073 0.013232 0.230108
0.493749 0.022452 0.036216 0.269956
0.527487 0.049539 0.062215 0.316188
0.560799 0.078741 0.090894 0.365435
0.593625 0.111989 0.124355 0.416823
0.648583 0.189634 0.204162 0.507390
0.696072 -0.005253 -0.005938 0.634440
0.730399 0.031405 0.032181 0.701983
0.758413 0.077133 0.077711 0.760318
0.776650 0.121278 0.120573 0.797728
0.412301 0.068102 0.100599 0.139270
0.429823 0.084600 0.116893 0.160291
0.446215 0.099966 0.132041 0.181260
0.386378 0.027974 0.055685 -0.037849
0.400541 0.042481 0.069991 -0.032367
0.415923 0.057559 0.084903 -0.025050
