7.699044036865234375e+01
7.747460937500000000e+01
7.795877838134765625e+01
7.844294738769531250e+01
7.989545440673828125e+01
8.268575286865234375e+01
8.303941345214843750e+01
8.339308166503906250e+01
8.374674987792968750e+01
8.402968597412109375e+01
8.480774688720703125e+01
7.659120941162109375e+01
7.704821777343750000e+01
7.841925811767578125e+01
7.471901702880859375e+01
7.493864440917968750e+01
7.515826416015625000e+01
7.555358886718750000e+01
7.603676605224609375e+01
7.503557586669921875e+01
7.568157196044921875e+01
7.632756042480468750e+01
7.826554107666015625e+01
7.559715270996093750e+01
7.632637023925781250e+01
7.705558013916015625e+01
7.778479003906250000e+01
7.851399993896484375e+01
8.011826324462890625e+01
7.554929351806640625e+01
7.575083923339843750e+01
7.595238494873046875e+01
7.091945648193359375e+01
7.169734191894531250e+01
6.143700027465820312e+01
6.215765380859375000e+01
6.263809204101562500e+01
6.383918380737304688e+01
7.492602539062500000e+01
7.548857879638671875e+01
7.605113220214843750e+01
7.717623901367187500e+01
7.874070739746093750e+01
7.899559783935546875e+01
7.916552734375000000e+01
7.991373443603515625e+01
8.016769409179687500e+01
6.271881866455078125e+01
6.313667297363281250e+01
6.355452728271484375e+01
6.439023590087890625e+01
6.530950927734375000e+01
6.606165313720703125e+01
7.580120849609375000e+01
7.635926818847656250e+01
7.691732788085937500e+01
7.892634582519531250e+01
7.776979827880859375e+01
7.861817169189453125e+01
7.692058563232421875e+01
7.768354034423828125e+01
7.844648742675781250e+01
7.920943450927734375e+01
7.276426696777343750e+01
7.354194641113281250e+01
7.431962585449218750e+01
6.332366561889648438e+01
6.385639190673828125e+01
6.438911437988281250e+01
6.545456695556640625e+01
7.619235992431640625e+01
7.787707519531250000e+01
7.037455749511718750e+01
7.096044921875000000e+01
7.154634094238281250e+01
7.315754699707031250e+01
7.467868041992187500e+01
7.528937530517578125e+01
7.590007019042968750e+01
7.651076507568359375e+01
7.712145996093750000e+01
8.062494659423828125e+01
8.160726165771484375e+01
6.802340698242187500e+01
6.847568511962890625e+01
6.892796325683593750e+01
6.983251190185546875e+01
7.073706817626953125e+01
7.164162445068359375e+01
7.636580657958984375e+01
7.677709197998046875e+01
7.718837738037109375e+01
7.801094818115234375e+01
7.859286499023437500e+01
7.873238372802734375e+01
7.887189483642578125e+01
7.915093231201171875e+01
7.186578369140625000e+01
7.255404663085937500e+01
7.324230957031250000e+01
7.475649261474609375e+01
7.330064392089843750e+01
7.376466369628906250e+01
7.422867584228515625e+01
7.515671539306640625e+01
7.044109344482421875e+01
7.094846343994140625e+01
7.145582580566406250e+01
7.257203674316406250e+01
7.669053649902343750e+01
7.725576782226562500e+01
7.782099914550781250e+01
7.895146942138671875e+01
7.396341705322265625e+01
7.432695007324218750e+01
7.469048309326171875e+01
7.505401611328125000e+01
7.541755676269531250e+01
7.614462280273437500e+01
7.294786834716796875e+01
7.435851287841796875e+01
7.829276275634765625e+01
7.884355926513671875e+01
7.915830230712890625e+01
7.947303771972656250e+01
7.986646270751953125e+01
8.073200225830078125e+01
7.649098205566406250e+01
7.667459106445312500e+01
7.685820007324218750e+01
7.704180908203125000e+01
7.722541809082031250e+01
7.759263610839843750e+01
7.795985412597656250e+01
6.866557312011718750e+01
6.915605163574218750e+01
6.948303222656250000e+01
7.038224029541015625e+01
7.111795043945312500e+01
7.872303771972656250e+01
7.936930847167968750e+01
8.001557159423828125e+01
8.130811309814453125e+01
7.263871765136718750e+01
7.311492156982421875e+01
7.359112548828125000e+01
7.406732940673828125e+01
7.003322601318359375e+01
7.073960113525390625e+01
7.121051788330078125e+01
5.954520797729492188e+01
6.002428817749023438e+01
6.050336837768554688e+01
6.146152877807617188e+01
7.783012390136718750e+01
7.905015563964843750e+01
7.623323059082031250e+01
7.673981475830078125e+01
7.724639892578125000e+01
7.825957489013671875e+01
7.136886596679687500e+01
7.353680419921875000e+01
7.498209381103515625e+01
7.458880615234375000e+01
7.654367828369140625e+01
7.703240203857421875e+01
7.874291229248046875e+01
6.817850494384765625e+01
6.865864562988281250e+01
6.985898590087890625e+01
7.165949249267578125e+01
6.503092956542968750e+01
6.561934661865234375e+01
6.620776367187500000e+01
6.679618072509765625e+01
7.519522094726562500e+01
7.579817962646484375e+01
7.620015716552734375e+01
6.735131835937500000e+01
6.786562347412109375e+01
7.315953826904296875e+01
7.382918548583984375e+01
7.449883270263671875e+01
7.706011962890625000e+01
7.731610870361328125e+01
7.742581939697265625e+01
7.764524078369140625e+01
7.415095520019531250e+01
7.477073669433593750e+01
7.539052581787109375e+01
7.663009643554687500e+01
7.637557983398437500e+01
7.701149749755859375e+01
7.764740753173828125e+01
6.570999145507812500e+01
6.653991699218750000e+01
6.701415252685546875e+01
6.808117675781250000e+01
6.926676940917968750e+01
7.257339477539062500e+01
7.300614166259765625e+01
7.352542877197265625e+01
7.387162017822265625e+01
7.473709869384765625e+01
7.732204437255859375e+01
7.776400756835937500e+01
7.831647491455078125e+01
6.914674377441406250e+01
6.978655242919921875e+01
7.042636108398437500e+01
7.170597839355468750e+01
7.298341369628906250e+01
7.344799041748046875e+01
7.391256713867187500e+01
7.502754974365234375e+01
7.577088165283203125e+01
7.670003509521484375e+01
6.623374938964843750e+01
6.676564025878906250e+01
6.729753875732421875e+01
6.836132049560546875e+01
6.942510223388671875e+01
7.048888397216796875e+01
7.393532562255859375e+01
7.462940216064453125e+01
7.532347869873046875e+01
7.671163940429687500e+01
7.680100250244140625e+01
7.736583709716796875e+01
7.793067169189453125e+01
7.917330169677734375e+01
7.526673126220703125e+01
7.546043395996093750e+01
7.565413665771484375e+01
6.887747955322265625e+01
6.955538940429687500e+01
7.023329162597656250e+01
6.989242553710937500e+01
7.045404052734375000e+01
7.101565551757812500e+01
7.213887786865234375e+01
7.364429473876953125e+01
7.431640625000000000e+01
7.498851013183593750e+01
7.633272552490234375e+01
7.556870269775390625e+01
7.579200744628906250e+01
7.601531982421875000e+01
7.623863220214843750e+01
7.646193695068359375e+01
7.676901245117187500e+01
7.735471343994140625e+01
7.805755615234375000e+01
7.911181640625000000e+01
7.905579376220703125e+01
7.976724243164062500e+01
8.047868347167968750e+01
8.190157318115234375e+01
7.028058624267578125e+01
7.071640777587890625e+01
7.167521667480468750e+01
6.823565673828125000e+01
6.841024780273437500e+01
6.858483886718750000e+01
6.875942993164062500e+01
6.889910125732421875e+01
6.928320312500000000e+01
7.967190551757812500e+01
8.036478424072265625e+01
7.225875854492187500e+01
7.289057922363281250e+01
7.352239990234375000e+01
7.478604888916015625e+01
6.273270797729492188e+01
6.345037841796875000e+01
6.416804504394531250e+01
6.560337829589843750e+01
6.839634704589843750e+01
6.885226440429687500e+01
6.930818176269531250e+01
7.022001647949218750e+01
7.743283843994140625e+01
7.794444274902343750e+01
7.845605468750000000e+01
7.947927093505859375e+01
6.974787902832031250e+01
6.993534851074218750e+01
7.012282562255859375e+01
7.049776458740234375e+01
6.711437988281250000e+01
6.777955627441406250e+01
6.844473266601562500e+01
6.910990905761718750e+01
7.984060668945312500e+01
8.003160095214843750e+01
8.022258758544921875e+01
8.060457611083984375e+01
7.573154449462890625e+01
7.626374816894531250e+01
7.679595184326171875e+01
7.786036682128906250e+01
7.092192077636718750e+01
7.133544158935546875e+01
7.174895477294921875e+01
7.257598114013671875e+01
7.340301513671875000e+01
7.423004913330078125e+01
7.607795715332031250e+01
7.691722106933593750e+01
6.330854034423828125e+01
6.438511657714843750e+01
6.546169281005859375e+01
6.653827667236328125e+01
7.866519165039062500e+01
7.924732208251953125e+01
7.982944488525390625e+01
7.812596130371093750e+01
7.876695251464843750e+01
7.940794372558593750e+01
8.068992614746093750e+01
7.267215728759765625e+01
7.310504150390625000e+01
7.353791809082031250e+01
7.440367889404296875e+01
7.526943969726562500e+01
7.998664855957031250e+01
8.010689544677734375e+01
8.018706512451171875e+01
7.385013580322265625e+01
7.459455108642578125e+01
7.533895874023437500e+01
7.583523559570312500e+01
7.645558166503906250e+01
6.933430480957031250e+01
6.989532470703125000e+01
7.045634460449218750e+01
7.101735687255859375e+01
7.157837677001953125e+01
7.656192016601562500e+01
7.716846466064453125e+01
7.777500915527343750e+01
7.910942077636718750e+01
7.679947662353515625e+01
7.739535522460937500e+01
7.799122619628906250e+01
7.858710479736328125e+01
7.454600524902343750e+01
7.537731933593750000e+01
7.873765563964843750e+01
7.927554321289062500e+01
7.981343078613281250e+01
8.088919830322265625e+01
7.641035461425781250e+01
7.658409118652343750e+01
7.679257965087890625e+01
7.710531616210937500e+01
7.745279693603515625e+01
6.952571105957031250e+01
7.012052917480468750e+01
7.071534729003906250e+01
7.131016540527343750e+01
7.190498352050781250e+01
7.345149993896484375e+01
7.224474334716796875e+01
7.287297058105468750e+01
7.350119018554687500e+01
6.653877258300781250e+01
6.715641784667968750e+01
6.777405548095703125e+01
6.900933837890625000e+01
8.117890167236328125e+01
8.138406372070312500e+01
8.158922576904296875e+01
8.199955749511718750e+01
8.240988159179687500e+01
7.677240753173828125e+01
7.784484863281250000e+01
7.891728210449218750e+01
7.020816040039062500e+01
7.043506622314453125e+01
7.066197204589843750e+01
7.088888549804687500e+01
7.645891571044921875e+01
7.863990020751953125e+01
7.981426239013671875e+01
7.255176544189453125e+01
7.312380218505859375e+01
7.369584655761718750e+01
7.732177734375000000e+01
7.751277160644531250e+01
7.770376586914062500e+01
7.808575439453125000e+01
7.367913818359375000e+01
7.428687286376953125e+01
7.489460754394531250e+01
7.611008453369140625e+01
7.604984283447265625e+01
7.690020751953125000e+01
7.468378448486328125e+01
7.528187561035156250e+01
7.587995910644531250e+01
7.707614135742187500e+01
6.906886291503906250e+01
6.960024261474609375e+01
7.013162231445312500e+01
7.066300201416015625e+01
7.140692901611328125e+01
7.257595825195312500e+01
7.408979797363281250e+01
7.479427337646484375e+01
7.549874877929687500e+01
7.704858398437500000e+01
8.014050292968750000e+01
8.030602264404296875e+01
8.050464630126953125e+01
8.080258178710937500e+01
7.385457611083984375e+01
7.461287689208984375e+01
7.537118530273437500e+01
7.578113555908203125e+01
7.597196197509765625e+01
8.008801269531250000e+01
8.086649322509765625e+01
8.164497375488281250e+01
8.320193481445312500e+01
7.254104614257812500e+01
7.330397033691406250e+01
7.406688690185546875e+01
7.441154479980468750e+01
7.499578094482421875e+01
7.558000946044921875e+01
7.616423797607421875e+01
7.674847412109375000e+01
7.791693115234375000e+01
8.100028228759765625e+01
8.251075744628906250e+01
6.638868713378906250e+01
6.660888671875000000e+01
6.682908630371093750e+01
6.726947784423828125e+01
6.770987701416015625e+01
6.606873321533203125e+01
6.638050079345703125e+01
6.684814453125000000e+01
6.770550537109375000e+01
7.431846618652343750e+01
7.571327209472656250e+01
7.710807800292968750e+01
7.413420867919921875e+01
7.478512573242187500e+01
7.543604278564453125e+01
7.435756683349609375e+01
7.593615722656250000e+01
6.989947509765625000e+01
7.057566070556640625e+01
7.260422515869140625e+01
8.109808349609375000e+01
8.188943481445312500e+01
8.268079376220703125e+01
6.976000213623046875e+01
7.036261749267578125e+01
7.096524047851562500e+01
7.168837738037109375e+01
7.217047119140625000e+01
7.337570953369140625e+01
8.585556030273437500e+01
8.645314025878906250e+01
8.705071258544921875e+01
7.895520782470703125e+01
7.917010498046875000e+01
7.931336975097656250e+01
7.967152404785156250e+01
7.389214324951171875e+01
7.455674743652343750e+01
7.522135162353515625e+01
7.668347930908203125e+01
7.359676361083984375e+01
7.413891601562500000e+01
7.468106842041015625e+01
7.531652069091796875e+01
7.546302795410156250e+01
7.560954284667968750e+01
6.839281463623046875e+01
6.900991821289062500e+01
6.962702941894531250e+01
7.086123657226562500e+01
7.056797790527343750e+01
7.117813110351562500e+01
7.178829193115234375e+01
7.313063049316406250e+01
7.409580230712890625e+01
7.466111755371093750e+01
7.522644042968750000e+01
7.960654449462890625e+01
7.983451080322265625e+01
8.006247711181640625e+01
8.013849639892578125e+01
8.031968688964843750e+01
7.239974212646484375e+01
7.294476318359375000e+01
7.348977661132812500e+01
7.468881225585937500e+01
6.799484252929687500e+01
6.873830413818359375e+01
6.948177337646484375e+01
7.096870422363281250e+01
7.890051269531250000e+01
7.964556884765625000e+01
8.039062500000000000e+01
8.188073730468750000e+01
7.990442657470703125e+01
8.041381072998046875e+01
8.075340270996093750e+01
8.168727874755859375e+01
7.710895538330078125e+01
7.732891082763671875e+01
7.769550323486328125e+01
7.806210327148437500e+01
7.245659637451171875e+01
7.323311614990234375e+01
7.400963592529296875e+01
7.556266784667968750e+01
7.682174682617187500e+01
7.768524169921875000e+01
7.872143554687500000e+01
7.786985015869140625e+01
7.846466827392578125e+01
7.905949401855468750e+01
8.048706054687500000e+01
8.340750122070312500e+01
8.401377868652343750e+01
8.462005615234375000e+01
8.583261871337890625e+01
7.436919403076171875e+01
7.485008239746093750e+01
7.533097076416015625e+01
7.567289733886718750e+01
7.618728637695312500e+01
7.670166778564453125e+01
7.773043823242187500e+01
7.224272918701171875e+01
7.264411163330078125e+01
7.304548645019531250e+01
7.344686889648437500e+01
7.384825134277343750e+01
7.465100860595703125e+01
7.222354888916015625e+01
7.303949737548828125e+01
7.325927734375000000e+01
7.364502716064453125e+01
7.403078460693359375e+01
7.441653442382812500e+01
7.535801696777343750e+01
7.593751525878906250e+01
7.651701354980468750e+01
7.709651184082031250e+01
7.755744934082031250e+01
7.836046600341796875e+01
7.972517395019531250e+01
8.027717590332031250e+01
8.082917785644531250e+01
8.204357910156250000e+01
7.708211517333984375e+01
7.726798248291015625e+01
7.745384979248046875e+01
7.974858856201171875e+01
8.036111450195312500e+01
8.097364807128906250e+01
8.219870758056640625e+01
7.689696502685546875e+01
7.708795928955078125e+01
7.727894592285156250e+01
7.746994018554687500e+01
7.766092681884765625e+01
7.804290771484375000e+01
7.554612731933593750e+01
7.575434875488281250e+01
7.592787170410156250e+01
7.617080688476562500e+01
7.637903594970703125e+01
7.570670318603515625e+01
7.645833587646484375e+01
7.720996093750000000e+01
7.026547241210937500e+01
7.066396331787109375e+01
7.106245422363281250e+01
7.146095275878906250e+01
7.762786102294921875e+01
7.782244110107421875e+01
7.801702880859375000e+01
7.549141693115234375e+01
7.596756744384765625e+01
7.644371032714843750e+01
7.739600372314453125e+01
7.209777069091796875e+01
7.277677154541015625e+01
7.345577239990234375e+01
7.481378173828125000e+01
7.354273223876953125e+01
7.438960266113281250e+01
7.495417022705078125e+01
7.636561584472656250e+01
7.170259094238281250e+01
7.188932800292968750e+01
7.060684204101562500e+01
7.083708190917968750e+01
7.709703826904296875e+01
7.728702545166015625e+01
7.747701263427734375e+01
7.785698699951171875e+01
7.823695373535156250e+01
6.948444366455078125e+01
7.003833007812500000e+01
7.059220886230468750e+01
7.169996643066406250e+01
7.870415496826171875e+01
7.955404663085937500e+01
7.647729492187500000e+01
7.686839294433593750e+01
7.079504394531250000e+01
7.125978851318359375e+01
7.172453308105468750e+01
7.218927001953125000e+01
7.265401458740234375e+01
7.708340454101562500e+01
7.764958953857421875e+01
7.821577453613281250e+01
7.934814453125000000e+01
8.394544219970703125e+01
8.470337677001953125e+01
8.546131134033203125e+01
7.034096527099609375e+01
7.074515533447265625e+01
7.125039672851562500e+01
7.175564575195312500e+01
7.276612854003906250e+01
7.198594665527343750e+01
7.283971405029296875e+01
7.417711639404296875e+01
7.493825531005859375e+01
7.569940185546875000e+01
7.646054077148437500e+01
7.722168731689453125e+01
7.645532226562500000e+01
7.704418945312500000e+01
7.763306427001953125e+01
7.600113677978515625e+01
7.668003082275390625e+01
7.193730163574218750e+01
7.265114593505859375e+01
7.336499786376953125e+01
7.479269409179687500e+01
7.281338500976562500e+01
7.347331237792968750e+01
7.426522827148437500e+01
7.558508300781250000e+01
6.731366729736328125e+01
6.778804016113281250e+01
6.849958801269531250e+01
7.731069183349609375e+01
7.792826843261718750e+01
7.854584503173828125e+01
7.978100585937500000e+01
7.904946136474609375e+01
7.921237182617187500e+01
7.953819274902343750e+01
7.986401367187500000e+01
8.569042205810546875e+01
8.585541534423828125e+01
8.614415740966796875e+01
8.668038177490234375e+01
7.607337188720703125e+01
7.669911193847656250e+01
7.732484436035156250e+01
7.857631683349609375e+01
7.916497039794921875e+01
7.974642181396484375e+01
8.061859893798828125e+01
8.192686462402343750e+01
7.643535614013671875e+01
7.760552215576171875e+01
7.844136047363281250e+01
7.779571533203125000e+01
7.870507812500000000e+01
7.961443328857421875e+01
7.516065216064453125e+01
7.529347229003906250e+01
7.549270629882812500e+01
7.582475280761718750e+01
7.196356201171875000e+01
7.268422698974609375e+01
7.354904174804687500e+01
7.484622955322265625e+01
7.213818359375000000e+01
7.302350616455078125e+01
7.691549682617187500e+01
7.725594329833984375e+01
7.291052246093750000e+01
7.409712219238281250e+01
7.469042205810546875e+01
7.528372192382812500e+01
7.647032928466796875e+01
7.736394500732421875e+01
7.753536224365234375e+01
7.709427642822265625e+01
7.776585388183593750e+01
7.843743896484375000e+01
7.978060150146484375e+01
7.412698364257812500e+01
7.456312561035156250e+01
7.587154388427734375e+01
7.565016174316406250e+01
7.621693420410156250e+01
7.678369903564453125e+01
7.803057861328125000e+01
7.425090026855468750e+01
7.445650482177734375e+01
7.489799499511718750e+01
7.569246673583984375e+01
7.664582061767578125e+01
7.807585906982421875e+01
7.181507110595703125e+01
7.324526977539062500e+01
7.441542816162109375e+01
7.192630004882812500e+01
7.217057800292968750e+01
7.241484832763671875e+01
7.270797729492187500e+01
7.348965454101562500e+01
7.468577575683593750e+01
7.483795928955078125e+01
7.506623840332031250e+01
7.053885650634765625e+01
7.120354461669921875e+01
7.285556030273437500e+01
7.351113891601562500e+01
7.416671752929687500e+01
7.482229614257812500e+01
7.547787475585937500e+01
7.678903961181640625e+01
7.618943023681640625e+01
7.693106079101562500e+01
7.767269134521484375e+01
7.915594482421875000e+01
7.873259735107421875e+01
7.890299224853515625e+01
7.907338714599609375e+01
7.941416931152343750e+01
7.687032318115234375e+01
7.742726898193359375e+01
7.798421478271484375e+01
7.911471557617187500e+01
7.989093780517578125e+01
8.082241058349609375e+01
7.385170745849609375e+01
7.535709381103515625e+01
7.610978698730468750e+01
7.686247253417968750e+01
7.836785888671875000e+01
7.873516845703125000e+01
7.935582733154296875e+01
7.997649383544921875e+01
7.706980133056640625e+01
7.727727508544921875e+01
7.841298675537109375e+01
7.913073730468750000e+01
7.984849548339843750e+01
8.056625366210937500e+01
7.094167327880859375e+01
7.153456115722656250e+01
7.212745666503906250e+01
7.272034454345703125e+01
7.331323242187500000e+01
7.461759185791015625e+01
7.060214996337890625e+01
7.132013702392578125e+01
7.203812408447265625e+01
7.926599884033203125e+01
7.941378784179687500e+01
7.556407165527343750e+01
7.575005340576171875e+01
7.597322845458984375e+01
7.630799865722656250e+01
7.137624359130859375e+01
7.200787353515625000e+01
7.263951110839843750e+01
8.371466064453125000e+01
8.448107910156250000e+01
8.524748992919921875e+01
7.482205200195312500e+01
7.506066894531250000e+01
7.485424804687500000e+01
7.574757385253906250e+01
7.664090728759765625e+01
8.054179382324218750e+01
8.138172149658203125e+01
8.222164916992187500e+01
8.004295349121093750e+01
8.056944274902343750e+01
8.109593963623046875e+01
8.225422668457031250e+01
6.564846038818359375e+01
6.628230285644531250e+01
6.691613769531250000e+01
6.818380737304687500e+01
7.759690856933593750e+01
7.773151397705078125e+01
7.786611938476562500e+01
7.422501373291015625e+01
7.483598327636718750e+01
7.544696044921875000e+01
6.314505004882812500e+01
6.363828277587890625e+01
6.423016357421875000e+01
6.511798095703125000e+01
6.610445404052734375e+01
7.519796752929687500e+01
7.539268493652343750e+01
7.558740234375000000e+01
7.597683715820312500e+01
7.405068206787109375e+01
7.483472442626953125e+01
7.379689025878906250e+01
7.427715301513671875e+01
7.475742340087890625e+01
7.816353607177734375e+01
7.900675201416015625e+01
7.431888580322265625e+01
7.492723083496093750e+01
7.565723419189453125e+01
7.687391662597656250e+01
8.612382507324218750e+01
8.682202148437500000e+01
8.034571075439453125e+01
8.100171661376953125e+01
8.178893280029296875e+01
8.296973419189453125e+01
7.827156829833984375e+01
7.909170532226562500e+01
7.991184234619140625e+01
7.193373107910156250e+01
7.243180084228515625e+01
7.292987823486328125e+01
7.342795562744140625e+01
7.719714355468750000e+01
7.783033752441406250e+01
7.846352386474609375e+01
7.972991180419921875e+01
8.014997100830078125e+01
8.094532775878906250e+01
8.147557067871093750e+01
8.280117034912109375e+01
7.289984130859375000e+01
7.360335540771484375e+01
7.430687713623046875e+01
7.571391296386718750e+01
7.739102172851562500e+01
7.819627380371093750e+01
7.525012207031250000e+01
7.584878540039062500e+01
7.644744110107421875e+01
7.764476013183593750e+01
7.277922058105468750e+01
7.336762237548828125e+01
7.395602416992187500e+01
7.513282775878906250e+01
7.723047637939453125e+01
7.744970703125000000e+01
7.393293762207031250e+01
7.469731140136718750e+01
7.546168518066406250e+01
7.699044036865234375e+01
7.175074768066406250e+01
7.232514190673828125e+01
7.304312896728515625e+01
6.655648803710937500e+01
6.732893371582031250e+01
6.810138702392578125e+01
7.271273040771484375e+01
7.304727935791015625e+01
7.321454620361328125e+01
7.338182067871093750e+01
7.406710052490234375e+01
7.501293945312500000e+01
7.824523925781250000e+01
7.914494323730468750e+01
7.974472808837890625e+01
8.124421691894531250e+01
7.353281402587890625e+01
7.414564514160156250e+01
7.475846862792968750e+01
7.598412322998046875e+01
8.446616363525390625e+01
8.500586700439453125e+01
8.554557037353515625e+01
8.662496948242187500e+01
7.506991577148437500e+01
7.552026367187500000e+01
7.597061920166015625e+01
7.811874389648437500e+01
7.869481658935546875e+01
7.927088928222656250e+01
8.042304229736328125e+01
7.232081604003906250e+01
7.307266998291015625e+01
7.382452392578125000e+01
7.472674560546875000e+01
7.547859191894531250e+01
7.698229980468750000e+01
7.955241394042968750e+01
7.987628936767578125e+01
8.020016479492187500e+01
8.084792327880859375e+01
8.113537597656250000e+01
8.176087951660156250e+01
8.238638305664062500e+01
7.758451843261718750e+01
7.821010589599609375e+01
8.008688354492187500e+01
7.216725921630859375e+01
7.236120605468750000e+01
7.255516052246093750e+01
8.330652618408203125e+01
8.390000152587890625e+01
6.906623840332031250e+01
7.001532745361328125e+01
7.096441650390625000e+01
8.071986389160156250e+01
8.189445495605468750e+01
8.385209655761718750e+01
6.429099273681640625e+01
6.494192504882812500e+01
6.559285736083984375e+01
6.624378967285156250e+01
6.689472198486328125e+01
7.349549102783203125e+01
7.404367065429687500e+01
7.459185791015625000e+01
7.568823242187500000e+01
7.806118011474609375e+01
7.865966796875000000e+01
8.045513916015625000e+01
