52.526721
52.785978
53.045235
53.304492
53.563749
53.823006
54.082264
54.341521
54.600778
54.860035
55.119292
55.378550
55.637807
55.897064
56.156321
56.415578
56.674836
56.934093
57.193350
57.452607
57.711864
57.971122
58.230379
58.489636
58.748893
59.008150
59.267408
59.526665
59.785922
60.045179
60.304436
60.563693
60.822951
61.082208
61.341465
61.600722
61.859979
62.119237
62.378494
62.637751
62.897008
63.156265
63.415523
63.674780
63.934037
64.193294
64.452551
64.711809
64.971066
65.230323
65.489580
65.748837
66.008095
66.267352
66.526609
66.785866
67.045123
67.304380
67.563638
67.822895
68.082152
68.341409
68.600666
68.859924
69.119181
69.378438
69.637695
69.896952
70.156210
70.415467
70.674724
70.933981
71.193238
71.452496
71.711753
71.971010
72.230267
72.489524
72.748781
73.008039
73.267296
73.526553
73.785810
74.045067
74.304325
74.563582
74.822839
75.082096
75.341353
75.600611
75.859868
76.119125
76.378382
76.637639
76.896897
77.156154
77.415411
77.674668
77.933925
78.193183
78.452440
78.711697
78.970954
79.230211
79.489468
79.748726
80.007983
80.267240
80.526497
80.785754
81.045012
81.304269
81.563526
81.822783
82.082040
82.341298
82.600555
82.859812
83.119069
83.378326
83.637584
83.896841
84.156098
84.415355
84.674612
84.933870
85.193127
85.452384
85.711641
85.970898
86.230155
86.489413
86.748670
87.007927
87.267184
87.526441
87.785699
88.044956
88.304213
88.563470
88.822727
89.081985
89.341242
89.600499
89.859756
90.119013
90.378271
90.637528
90.896785
91.156042
91.415299
91.674557
91.933814
92.193071
92.452328
92.711585
92.970842
93.230100
93.489357
93.748614
94.007871
94.267128
94.526386
94.785643
95.044900
95.304157
95.563414
95.822672
96.081929
96.341186
96.600443
96.859700
97.118958
97.378215
97.637472
97.896729
98.155986
98.415244
98.674501
98.933758
99.193015
99.452272
99.711529
99.970787
100.230044
100.489301
100.748558
101.007815
101.267073
101.526330
101.785587
102.044844
102.304101
102.563359
102.822616
103.081873
103.341130
103.600387
103.859645
104.118902
