0.526504 0.582095
0.531692 0.585805
0.536473 0.589256
0.541618 0.593085
0.546297 0.596606
0.368322 0.597817
0.370940 0.599770
0.373545 0.601781
0.376727 0.604226
0.379051 0.605946
0.487541 0.661673
0.489210 0.663133
0.490803 0.664485
0.492295 0.665756
0.493843 0.667081
0.461631 0.727183
0.463457 0.728835
0.464719 0.729977
0.466988 0.732080
0.468748 0.733706
0.518027 0.658312
0.526650 0.665875
0.535244 0.673641
0.543622 0.681417
0.551929 0.689427
0.744247 0.416726
0.751539 0.421845
0.758383 0.426962
0.773499 0.438445
0.784575 0.447541
0.329515 0.561388
0.335062 0.565620
0.340607 0.569829
0.346298 0.574136
0.351898 0.578356
1.175296 0.405514
1.174401 0.404294
1.175822 0.407759
1.186712 0.433392
1.199731 0.469317
0.520935 0.593303
0.526607 0.597474
0.532286 0.601699
0.537960 0.606061
0.543239 0.610175
0.894659 0.091788
0.910944 0.103148
0.936867 0.121615
0.949093 0.130645
0.969580 0.146244
0.374018 0.673297
0.378072 0.676697
0.381702 0.679902
0.385524 0.683115
0.389540 0.686675
0.834024 0.504860
0.832234 0.503118
0.837706 0.509900
0.843437 0.517330
0.852703 0.530211
0.360436 0.587803
0.366637 0.592463
0.372658 0.597009
0.378748 0.601650
0.385088 0.606428
-0.063316 0.784724
-0.060756 0.789347
-0.054641 0.800388
-0.049088 0.809971
-0.042540 0.820841
0.478685 0.635715
0.489293 0.644198
0.499785 0.652832
0.510149 0.661622
0.520321 0.670537
1.085492 0.401884
1.089588 0.409331
1.095656 0.420786
1.101719 0.433027
1.102433 0.435070
0.391788 0.592888
0.398452 0.597787
0.405219 0.602815
0.411585 0.607469
0.417975 0.612232
0.536061 0.660272
0.540510 0.664254
0.544355 0.667795
0.548842 0.671924
0.553028 0.675873
0.562180 0.671973
0.567673 0.677333
0.573250 0.682899
0.578662 0.688462
0.583548 0.693689
0.323712 0.613813
0.332833 0.621461
0.341572 0.628692
0.350895 0.636513
0.360159 0.644233
0.382639 0.630767
0.388385 0.635350
0.394084 0.639913
0.399606 0.644278
0.405461 0.649089
0.623078 0.656483
0.628670 0.662483
0.633957 0.668536
0.637526 0.672879
0.643246 0.679622
0.450406 0.618815
0.455933 0.622998
0.461411 0.627186
0.466830 0.631325
0.472263 0.635576
0.787449 0.548447
0.793767 0.556398
0.797040 0.561051
0.805090 0.572254
0.802826 0.569695
0.387853 0.495333
0.393100 0.498460
0.398330 0.501554
0.404034 0.504953
0.409380 0.508123
0.556234 0.679052
0.561613 0.684307
0.566793 0.689502
0.571924 0.694775
0.577056 0.700172
0.736600 0.065652
0.741006 0.068307
0.748865 0.072844
0.750021 0.073525
0.751754 0.074554
0.517505 0.751665
0.523862 0.758462
0.533871 0.768888
0.541186 0.776965
0.549563 0.786296
0.447367 0.624980
0.454977 0.630776
0.462747 0.636895
0.470431 0.642939
0.478112 0.649184
0.597627 0.667970
0.601077 0.671455
0.602517 0.673203
0.606194 0.676983
0.608773 0.679793
-0.047866 0.688784
-0.047329 0.689843
-0.045980 0.693208
-0.041609 0.703760
-0.039662 0.708072
0.391698 0.592797
0.395926 0.595931
0.400074 0.598980
0.404239 0.602052
0.408356 0.605035
-0.079353 0.814637
-0.074309 0.823410
-0.069860 0.830947
-0.065684 0.837711
-0.062042 0.843504
0.469115 0.655745
0.474161 0.659917
0.479222 0.664153
0.484404 0.668546
0.489485 0.672908
1.107538 0.353076
1.119482 0.372226
1.132537 0.395420
1.140696 0.411821
1.148713 0.429753
0.803479 0.570641
0.807889 0.577744
0.813120 0.586427
0.817485 0.594384
0.821211 0.601870
0.448667 0.629772
0.454707 0.634461
0.460757 0.639214
0.466802 0.644022
0.472674 0.648749
0.412525 0.574938
0.416677 0.577807
0.420842 0.580696
0.425049 0.583652
0.429211 0.586515
0.390332 0.544153
0.393019 0.545933
0.395608 0.547643
0.398204 0.549357
0.400904 0.551148
-0.240598 0.760403
-0.237248 0.768756
-0.230513 0.785051
-0.225802 0.795688
-0.222380 0.803265
0.511559 0.656895
0.519799 0.664030
0.527811 0.671123
0.535949 0.678567
0.544003 0.686200
0.468693 0.716401
0.472737 0.720174
0.477136 0.724298
0.482083 0.728877
0.487196 0.733766
-0.128177 0.878450
-0.116887 0.895977
-0.114579 0.899232
-0.107024 0.910364
-0.099997 0.920245
-0.121052 0.808200
-0.118309 0.813230
-0.116039 0.817407
-0.109690 0.829055
-0.103043 0.840643
0.494350 0.662089
0.501036 0.667818
0.507843 0.673710
0.514551 0.679745
0.521181 0.685782
0.387511 0.552594
0.392555 0.556002
0.397680 0.559472
0.402765 0.562916
0.407834 0.566333
0.703721 0.050387
0.713014 0.055857
0.711373 0.054849
0.708985 0.053454
0.716432 0.057874
-0.253899 0.728401
-0.251658 0.734836
-0.246599 0.748879
-0.242715 0.758953
-0.239660 0.766720
0.488837 0.621344
0.491259 0.623248
0.493694 0.625134
0.496103 0.627010
0.498678 0.629026
0.581120 0.693279
0.587380 0.700027
0.593069 0.706405
0.599596 0.713797
0.605350 0.720650
0.426085 0.662337
0.436391 0.670916
0.445747 0.678822
0.455504 0.687213
0.465711 0.696170
0.441278 0.662893
0.447019 0.667668
0.452894 0.672596
0.458924 0.677721
0.464830 0.682802
0.249154 0.772548
0.258658 0.782161
0.268213 0.791690
0.277393 0.800594
0.287470 0.810460
0.550825 0.608037
0.552452 0.609302
0.554846 0.611240
0.557712 0.613550
0.559144 0.614721
0.534865 0.722580
0.540323 0.728120
0.545582 0.733601
0.550465 0.738829
0.555412 0.744214
0.065813 0.899224
0.075332 0.909676
0.083284 0.918135
0.094237 0.929466
0.102134 0.937391
0.464550 0.619086
0.468749 0.622270
0.472934 0.625471
0.476985 0.628550
0.481196 0.631880
0.036025 0.800989
0.047353 0.816901
0.054027 0.825990
0.064147 0.839063
0.077294 0.855245
0.565152 0.618266
0.570694 0.623002
0.576842 0.628332
0.583694 0.634379
0.589131 0.639400
0.403513 0.607068
0.409339 0.611434
0.415239 0.615878
0.421155 0.620361
0.426802 0.624609
0.489273 0.691668
0.494920 0.696767
0.499933 0.701387
0.505403 0.706474
0.510838 0.711608
0.558974 0.675149
0.562908 0.678964
0.566802 0.682807
0.570600 0.686630
0.574374 0.690496
0.495908 0.661576
0.502182 0.666950
0.508663 0.672596
0.514886 0.678139
0.520931 0.683637
0.578585 0.669764
0.589210 0.680608
0.599035 0.691238
0.610101 0.703720
0.619676 0.715357
0.396368 0.642546
0.398908 0.644593
0.401523 0.646708
0.404063 0.648693
0.406675 0.650886
0.467569 0.629572
0.476092 0.636237
0.484544 0.642975
0.492942 0.649820
0.501262 0.656760
0.226735 0.820605
0.236566 0.830433
0.248902 0.842508
0.263834 0.856704
0.278264 0.870052
0.594774 0.674635
0.600687 0.680866
0.604988 0.685687
0.611368 0.692705
0.615793 0.697994
0.331891 0.657316
0.338608 0.663324
0.344552 0.668523
0.350607 0.673734
0.356638 0.679107
0.569719 0.711627
0.572058 0.714156
0.574644 0.716949
0.576858 0.719407
0.579202 0.722018
0.402715 0.637214
0.407272 0.640770
0.411933 0.644570
0.416445 0.648197
0.421014 0.651891
0.516854 0.515108
0.520813 0.517431
0.522356 0.518324
0.523773 0.519149
0.527918 0.521612
0.361710 0.611835
0.368205 0.616960
0.374781 0.622193
0.381550 0.627563
0.388083 0.632749
0.532066 0.683586
0.535783 0.687080
0.539369 0.690464
0.543127 0.694130
0.546754 0.697688
0.393684 0.607625
0.402014 0.613931
0.410224 0.620180
0.418464 0.626441
0.426836 0.632934
0.439001 0.548690
0.441795 0.550476
0.445235 0.552665
0.448206 0.554581
0.451363 0.556613
0.471443 0.614597
0.478332 0.619788
0.485134 0.624996
0.491832 0.630167
0.498770 0.635708
0.080530 0.698286
0.085077 0.705444
0.088645 0.711038
0.092835 0.717295
0.097193 0.723756
-0.282552 0.811445
-0.270905 0.836230
-0.257176 0.863391
-0.254698 0.867723
-0.249566 0.877075
0.515049 0.594119
0.526702 0.602726
0.538136 0.611517
0.550341 0.621298
0.560225 0.629668
0.466575 0.580943
0.470262 0.583481
0.473846 0.585963
0.477300 0.588372
0.480814 0.590840
0.558024 0.608213
0.559645 0.609515
0.561360 0.610879
0.563449 0.612601
0.565110 0.613963
-0.190224 0.814419
-0.182553 0.829801
-0.175210 0.843885
-0.172711 0.848205
-0.165415 0.861423
0.429327 0.633330
0.435943 0.638515
0.442557 0.643813
0.449184 0.649117
0.455753 0.654441
1.339447 0.541783
1.339760 0.544866
1.342027 0.564166
1.341688 0.562387
1.346646 0.630578
0.405099 0.551812
0.407711 0.553544
0.410350 0.555295
0.412681 0.556831
0.414986 0.558351
0.712808 0.390836
0.725071 0.398234
0.738599 0.406875
0.746045 0.411862
0.754984 0.418090
0.481268 0.632981
0.483589 0.634763
0.486099 0.636799
0.488493 0.638704
0.490881 0.640621
0.783543 0.448827
0.792195 0.456368
0.799895 0.463363
0.803346 0.466790
0.806352 0.469917
0.512360 0.621621
0.517716 0.625809
0.523589 0.630561
0.528722 0.634759
0.534529 0.639596
0.825743 0.523627
0.829779 0.529162
0.836155 0.538198
0.839079 0.542764
0.844612 0.551356
0.493930 0.597296
0.498306 0.600479
0.501911 0.603086
0.506085 0.606217
0.510033 0.609176
-0.059958 0.708674
-0.057676 0.714136
-0.054245 0.722015
-0.051717 0.727445
-0.047733 0.736064
0.335602 0.510457
0.339806 0.513380
0.344013 0.516266
0.348162 0.519097
0.352350 0.521941
0.413961 0.632788
0.419911 0.637458
0.426324 0.642538
0.432134 0.647106
0.438634 0.652412
0.514086 0.651851
0.522777 0.659319
0.531397 0.666943
0.540009 0.674797
0.548332 0.682611
0.607302 0.699065
0.610266 0.702630
0.614150 0.707210
0.617846 0.711689
0.621303 0.715998
0.433702 0.597838
0.439353 0.601916
0.444985 0.606015
0.450576 0.610068
0.456236 0.614315
0.509171 0.655093
0.516797 0.661640
0.524379 0.668314
0.531837 0.675057
0.539306 0.681983
0.485339 0.704065
0.492447 0.710602
0.500370 0.718099
0.507760 0.725212
0.515398 0.732702
