0.074792
-0.228788
0.166273
-0.102680
0.599970
-0.051371
-0.313592
0.100784
0.267852
-0.092133
-0.321254
0.166311
0.011820
-0.239376
-0.081220
0.165184
-0.102230
0.359645
-0.257010
0.136159
-0.183534
0.123613
-0.348288
-0.268132
-0.163244
-0.268547
0.265067
0.512091
0.298077
-0.018063
-0.139921
-0.333291
0.142860
-0.092727
-0.295287
-0.101912
0.128298
0.429053
-0.194169
-0.283156
-0.077420
-0.189306
0.291667
0.336611
0.131371
0.003709
0.014645
0.014565
-0.056961
-0.360210
-0.093587
0.309870
0.316698
0.168167
-0.076591
-0.114924
-0.111188
-0.409767
0.093141
0.123251
-0.069787
0.101052
0.073132
-0.065626
0.253471
0.242163
0.094253
-0.753226
-0.087616
-0.241098
0.413132
-0.282764
0.431173
0.120159
-0.252281
-0.133346
0.201541
-0.002799
0.301135
-0.218863
-0.202287
-0.174474
-0.219076
-0.150407
-0.021898
-0.816336
-0.254167
0.023167
-0.205454
0.201484
0.022762
0.111412
0.221799
-0.072313
-0.104416
0.189880
-0.343715
-0.007869
-0.768662
-0.076688
-0.024570
-0.316550
-0.107696
0.353237
0.535677
0.078831
-0.370659
-0.300993
0.143957
0.040554
-0.521706
0.459344
-0.032091
0.077731
0.032822
0.044040
0.408036
-0.687135
-0.231151
-0.614532
-0.115859
-0.095953
-0.252921
-0.407596
0.002247
-0.036073
-0.032384
-0.439184
-0.214897
0.065911
-0.074048
-0.286361
-0.074862
0.160664
-0.018411
-0.139827
0.172589
-0.247380
0.168848
-0.542251
-0.173667
-0.101652
0.031390
-0.261683
-0.035207
-0.170086
0.184208
-0.396613
-0.124409
0.071091
-0.347860
0.004449
-0.508623
-0.346157
-0.097105
-0.156103
0.040537
0.205689
0.175751
-0.219981
-0.183549
0.925263
0.236180
-0.214092
0.238828
1.137301
-0.120241
-0.462322
-0.176059
-0.187233
0.035340
0.035878
0.494584
-0.072142
-0.449530
-0.745962
0.107473
-0.100163
-0.121880
0.210054
0.348163
1.118894
-0.296437
0.257503
-0.303505
0.085093
0.018617
-0.011354
-0.021551
-0.153141
-0.111311
0.014696
0.132335
-0.229966
0.011606
-0.051488
-0.005790
-0.036350
-0.239182
-0.360281
-0.051133
-0.417849
-0.634018
-0.188747
-0.062571
0.170029
-0.396593
-0.200233
0.278658
-0.473777
0.064222
-0.187637
-0.621162
-0.540276
0.386880
-0.242615
-0.111976
0.100046
-0.103218
-0.115264
0.452480
2.045827
-0.169287
0.176286
-0.051189
-0.206725
-0.388927
-0.356611
0.173687
-0.057119
-0.074349
-0.259059
0.348093
-0.426478
-0.033396
-0.190974
0.548858
0.067557
0.078208
-0.554735
0.029946
-1.459898
-0.148205
0.356419
0.269351
-0.567312
-0.263165
0.231988
0.060884
-0.608444
0.352617
-0.182224
0.268367
0.306444
-0.545302
