61.109416
61.240558
61.371701
61.502843
61.633986
61.765129
61.896271
62.027414
62.158556
62.289699
62.420841
62.551984
62.683127
62.814269
62.945412
63.076554
63.207697
63.338840
63.469982
63.601125
63.732267
63.863410
63.994553
64.125695
64.256838
64.387980
64.519123
64.650266
64.781408
64.912551
65.043693
65.174836
65.305979
65.437121
65.568264
65.699406
65.830549
65.961692
66.092834
66.223977
66.355119
66.486262
66.617405
66.748547
66.879690
67.010832
67.141975
67.273118
67.404260
67.535403
67.666545
67.797688
67.928831
68.059973
68.191116
68.322258
68.453401
68.584544
68.715686
68.846829
68.977971
69.109114
69.240257
69.371399
69.502542
69.633684
69.764827
69.895970
70.027112
70.158255
70.289397
70.420540
70.551683
70.682825
70.813968
70.945110
71.076253
71.207396
71.338538
71.469681
71.600823
71.731966
71.863108
71.994251
72.125394
72.256536
72.387679
72.518821
72.649964
72.781107
72.912249
73.043392
73.174534
73.305677
73.436820
73.567962
73.699105
73.830247
73.961390
74.092533
74.223675
74.354818
74.485960
74.617103
74.748246
74.879388
75.010531
75.141673
75.272816
75.403959
75.535101
75.666244
75.797386
75.928529
76.059672
76.190814
76.321957
76.453099
76.584242
76.715385
76.846527
76.977670
77.108812
77.239955
77.371098
77.502240
77.633383
77.764525
77.895668
78.026811
78.157953
78.289096
78.420238
78.551381
78.682524
78.813666
78.944809
79.075951
79.207094
79.338237
79.469379
79.600522
79.731664
79.862807
79.993950
80.125092
80.256235
80.387377
80.518520
80.649663
80.780805
80.911948
81.043090
81.174233
81.305375
81.436518
81.567661
81.698803
81.829946
81.961088
82.092231
82.223374
82.354516
82.485659
82.616801
82.747944
82.879087
83.010229
83.141372
83.272514
83.403657
83.534800
83.665942
83.797085
83.928227
84.059370
84.190513
84.321655
84.452798
84.583940
84.715083
84.846226
84.977368
85.108511
85.239653
85.370796
85.501939
85.633081
85.764224
85.895366
86.026509
86.157652
86.288794
86.419937
86.551079
86.682222
86.813365
86.944507
87.075650
87.206792
