-0.312532
-0.000276
-0.772485
-0.025790
0.697284
-0.997045
0.132807
0.206839
-0.284737
0.878433
-0.791079
-0.568691
0.650275
0.556951
0.238614
0.103014
0.962063
-0.262218
0.058216
-0.517193
-0.818940
-0.256354
0.207282
-0.330335
0.404745
-1.209655
0.269023
0.832674
-0.883923
0.335454
0.161218
-1.670827
0.075448
-0.730324
0.240485
-0.364357
-1.218365
-0.701923
-0.572039
-0.423850
0.061946
-0.042273
-0.018516
0.400061
-0.381273
-0.012924
-0.384904
-0.059694
-0.269437
-0.112699
0.636046
-0.791892
0.332617
0.293174
-0.078882
-0.165823
-0.423361
-0.453427
-0.493186
-0.021529
-0.272359
0.086035
-0.100131
0.915962
-0.255717
0.744978
-0.408880
-0.080496
-0.752847
0.563541
0.075990
-0.460904
-0.650168
-1.180036
-0.948277
-0.615681
-0.709456
-0.385569
-0.115322
0.041515
-0.326938
0.537141
0.327469
1.084642
0.430163
-0.384778
-0.698242
-1.705720
-0.576763
0.082788
-1.161775
0.637265
-0.283944
-0.537617
-0.895052
-0.504331
0.028097
0.490555
-1.351270
0.194711
-0.539602
0.112819
0.441966
-1.355975
0.161838
0.305650
-0.413684
0.790022
-1.375133
-0.466096
0.562016
0.466835
-0.052452
0.329344
-0.451984
0.054416
-0.792834
0.420559
0.272443
-0.209426
0.379810
-0.410480
-0.308409
0.381017
0.129229
-0.924212
-0.232720
-0.759749
-0.290748
0.638623
0.076175
-0.365957
0.166951
-0.373476
0.022483
-1.023239
-0.131913
-0.206198
-0.604895
0.453643
0.065881
-0.232579
0.237614
-1.362473
0.366966
0.021710
-0.566745
0.198947
-0.482428
-1.551334
0.039973
-0.168488
-0.397892
0.348749
-0.558976
-0.577243
-0.390354
-0.244229
-0.453529
0.433048
-0.139224
-0.296459
0.047124
-0.401878
0.015819
-0.111100
-0.534997
-0.051950
-0.751395
-0.535639
0.296775
-0.488777
0.275663
-1.066301
-0.317467
-0.603530
-0.730500
-0.245416
-0.269459
0.426819
-1.267322
-1.038500
0.273799
-0.141621
-0.202410
-0.263491
0.413645
-0.833144
-0.428126
0.279808
-0.575155
-0.531572
-0.262372
0.273634
-0.514274
-0.633400
1.452928
-1.617685
-0.126313
-0.231441
-0.245132
0.086761
0.223858
-0.661561
0.466581
-0.202556
-0.034488
-0.484867
-0.329548
-0.458485
1.074547
0.235763
-0.096550
0.094963
-0.352467
-0.910917
0.098164
0.051510
0.281165
-0.014139
-0.494994
0.327483
0.125289
-1.010202
0.522464
-0.705697
-0.337515
-0.578368
-0.757675
0.028080
1.072985
-0.722679
-0.057219
0.475946
0.240070
0.026167
0.208457
-0.690123
0.238637
0.317921
-0.994065
-1.315706
-0.854434
-0.877034
-0.171900
0.152022
0.354202
0.360188
0.146255
-0.318418
-0.154903
1.124304
0.601635
-0.156766
0.317993
