69.059638
78.086222
69.679613
73.192327
64.206876
76.914745
71.160277
85.982476
76.370909
79.291556
67.408906
70.605958
77.458518
78.178642
77.565696
69.546583
63.748593
72.628842
71.222025
81.439607
70.599254
78.160960
84.221929
66.888559
77.163209
68.235949
85.939891
58.983355
84.282957
75.244543
81.560245
66.722319
83.163578
81.126016
71.526285
82.014481
65.699858
75.517306
83.618252
61.214606
76.893997
81.264595
85.769007
64.995695
94.584772
79.655997
72.963697
81.879830
61.805011
71.388902
77.473747
79.440219
90.986307
85.568656
97.095270
84.553439
90.893331
71.510299
68.833367
75.081605
82.274100
80.562493
66.471635
72.809986
67.429104
81.547289
75.817317
74.618414
68.061658
55.728579
76.099200
69.133444
74.928716
81.574994
72.358805
80.137698
83.157334
71.702803
83.121766
77.653662
72.154301
90.777835
88.108710
67.487091
70.261209
73.217754
77.963412
75.060588
69.884328
78.296662
97.766760
59.839389
76.657343
98.104050
78.981397
71.462138
68.635881
57.967041
50.686958
75.950434
78.326769
66.963923
70.889842
65.606267
87.780683
57.608351
72.755413
80.250296
79.397106
85.938713
79.721920
77.861664
85.752243
73.696560
72.123125
88.012194
85.793627
73.743251
83.310557
67.956256
83.136948
74.716130
81.691185
70.608854
57.783194
83.684251
67.593162
65.365371
76.451289
64.975455
64.797109
75.480274
65.971777
84.966221
72.570734
92.046562
67.278322
77.526402
89.224526
63.089370
72.457697
64.649655
70.962443
80.859919
77.631496
73.127905
73.233726
88.233928
77.393128
72.339752
77.878142
74.579015
68.794129
72.875856
70.062628
81.251333
75.736177
65.610960
94.558805
80.180289
80.324041
76.770492
79.278884
76.431740
69.369614
75.041375
85.227651
75.670536
76.699036
71.981754
78.488906
84.002242
76.842181
78.612991
86.277484
65.009139
79.952673
79.783131
62.165756
66.795616
80.928913
63.908485
90.823245
67.937976
77.733582
72.854168
66.692314
71.884520
62.297870
65.165736
76.762746
59.947320
74.913079
69.012786
70.037738
87.335579
69.071404
98.178724
71.893696
77.122824
74.655216
68.413956
73.617690
68.924555
84.741835
53.097028
76.665289
65.078161
80.241380
70.378741
65.996686
68.257232
81.941321
62.120769
76.818419
71.118934
79.195824
80.312047
73.379143
73.582349
67.124891
80.995873
78.544623
65.315086
69.232900
85.178866
69.677116
72.248199
69.102029
80.868053
79.600733
77.282928
73.250290
73.186059
79.687994
70.275475
67.986579
65.896207
64.483944
69.323980
72.146013
58.355617
78.108614
63.991193
70.846910
68.713569
82.199629
81.247426
54.512715
71.956550
68.718652
65.472722
82.064672
76.170797
78.083453
