7.310977935791015625e+01
7.347557830810546875e+01
7.384137725830078125e+01
7.420716857910156250e+01
7.530455780029296875e+01
7.656394195556640625e+01
7.706380462646484375e+01
7.756366729736328125e+01
7.806352996826171875e+01
7.846342468261718750e+01
7.956311798095703125e+01
7.689284515380859375e+01
7.712377166748046875e+01
7.781656646728515625e+01
6.665686798095703125e+01
6.714414215087890625e+01
6.763140869140625000e+01
6.850849914550781250e+01
6.958049011230468750e+01
7.403615570068359375e+01
7.504029846191406250e+01
7.604444885253906250e+01
7.905688476562500000e+01
7.660675811767578125e+01
7.679124450683593750e+01
7.697572326660156250e+01
7.716020965576171875e+01
7.734469604492187500e+01
7.775055694580078125e+01
7.395355987548828125e+01
7.452457427978515625e+01
7.509558868408203125e+01
7.414937591552734375e+01
7.476426696777343750e+01
6.757799530029296875e+01
6.802931976318359375e+01
6.833020782470703125e+01
6.908242034912109375e+01
7.619682312011718750e+01
7.740038299560546875e+01
7.860394287109375000e+01
8.101107025146484375e+01
8.086575317382812500e+01
8.113776397705078125e+01
8.131910705566406250e+01
7.894744110107421875e+01
7.923057556152343750e+01
6.110940551757812500e+01
6.206744003295898438e+01
6.302547454833984375e+01
6.494154357910156250e+01
6.704921722412109375e+01
6.877368164062500000e+01
7.446261596679687500e+01
7.533528900146484375e+01
7.620796203613281250e+01
7.934957122802734375e+01
7.696027374267578125e+01
7.759501647949218750e+01
8.140445709228515625e+01
8.195870971679687500e+01
8.251296997070312500e+01
8.306722259521484375e+01
7.909609985351562500e+01
8.040464019775390625e+01
8.171318817138671875e+01
6.638130950927734375e+01
6.676598358154296875e+01
6.715065765380859375e+01
6.791999816894531250e+01
8.058712005615234375e+01
8.164706420898437500e+01
7.023270416259765625e+01
7.047117614746093750e+01
7.070965576171875000e+01
7.136546325683593750e+01
7.411886596679687500e+01
7.433930969238281250e+01
7.455976104736328125e+01
7.478021240234375000e+01
7.500066375732421875e+01
8.132321929931640625e+01
8.171015167236328125e+01
6.954856872558593750e+01
7.016373443603515625e+01
7.077890014648437500e+01
7.200922393798828125e+01
7.323955535888671875e+01
7.446988677978515625e+01
7.296539306640625000e+01
7.332473754882812500e+01
7.368407440185546875e+01
7.440276336669921875e+01
7.880270385742187500e+01
7.955216217041015625e+01
8.030162811279296875e+01
8.180054473876953125e+01
7.355398559570312500e+01
7.370314025878906250e+01
7.385228729248046875e+01
7.418041992187500000e+01
6.922559356689453125e+01
6.987993621826171875e+01
7.053427886962890625e+01
7.184296417236328125e+01
7.589869689941406250e+01
7.704842376708984375e+01
7.819815826416015625e+01
8.072755432128906250e+01
7.566258239746093750e+01
7.586916351318359375e+01
7.607573699951171875e+01
7.648889923095703125e+01
7.237035369873046875e+01
7.306964111328125000e+01
7.376892852783203125e+01
7.446821594238281250e+01
7.516750335693359375e+01
7.656607818603515625e+01
7.605992126464843750e+01
7.723486328125000000e+01
7.584538269042968750e+01
7.597704315185546875e+01
7.605228424072265625e+01
7.612751770019531250e+01
7.622156524658203125e+01
7.642846679687500000e+01
6.210452270507812500e+01
6.264370727539062500e+01
6.318289184570312500e+01
6.372207641601562500e+01
6.426126098632812500e+01
6.533963012695312500e+01
6.641799163818359375e+01
7.115505218505859375e+01
7.144410705566406250e+01
7.163680267333984375e+01
7.216673278808593750e+01
7.260031127929687500e+01
7.536205291748046875e+01
7.599798583984375000e+01
7.663391876220703125e+01
7.790578460693359375e+01
7.083699035644531250e+01
7.118431091308593750e+01
7.153163146972656250e+01
7.187895202636718750e+01
7.342284393310546875e+01
7.360027313232421875e+01
7.371855926513671875e+01
6.958329010009765625e+01
6.983110809326171875e+01
7.007891845703125000e+01
7.057455444335937500e+01
7.519993591308593750e+01
7.576430511474609375e+01
7.829927825927734375e+01
7.862654113769531250e+01
7.895379638671875000e+01
7.960832214355468750e+01
7.595943450927734375e+01
7.755529022216796875e+01
7.861920166015625000e+01
7.265510559082031250e+01
7.418887329101562500e+01
7.457231903076171875e+01
7.591437530517578125e+01
6.917662048339843750e+01
6.956928253173828125e+01
7.055094146728515625e+01
7.202342224121093750e+01
6.873712921142578125e+01
6.948309326171875000e+01
7.022904968261718750e+01
7.097500610351562500e+01
7.064134979248046875e+01
7.105114746093750000e+01
7.132434082031250000e+01
6.847000122070312500e+01
6.896358489990234375e+01
7.379914855957031250e+01
7.413940429687500000e+01
7.447966003417968750e+01
6.503768157958984375e+01
6.569712066650390625e+01
6.597973632812500000e+01
6.654496765136718750e+01
7.737859344482421875e+01
7.776049804687500000e+01
7.814240264892578125e+01
7.890621185302734375e+01
7.184848022460937500e+01
7.229518890380859375e+01
7.274189758300781250e+01
6.995569610595703125e+01
7.127799987792968750e+01
7.203359985351562500e+01
7.373368835449218750e+01
7.562268066406250000e+01
7.310012054443359375e+01
7.332661437988281250e+01
7.359840393066406250e+01
7.377959442138671875e+01
7.423258209228515625e+01
7.120175933837890625e+01
7.175959014892578125e+01
7.245690155029296875e+01
6.705316162109375000e+01
6.772350311279296875e+01
6.839383697509765625e+01
6.973451995849609375e+01
6.288814163208007812e+01
6.335021972656250000e+01
6.381229400634765625e+01
6.492126464843750000e+01
6.566059112548828125e+01
6.658473968505859375e+01
6.734324645996093750e+01
6.776683807373046875e+01
6.819043731689453125e+01
6.903763580322265625e+01
6.988483428955078125e+01
7.073202514648437500e+01
7.307644653320312500e+01
7.340386962890625000e+01
7.373129272460937500e+01
7.438613128662109375e+01
8.021746063232421875e+01
8.053517913818359375e+01
8.085290527343750000e+01
8.155189514160156250e+01
7.392508697509765625e+01
7.423043060302734375e+01
7.453576660156250000e+01
7.084334564208984375e+01
7.133270263671875000e+01
7.182205200195312500e+01
7.091957092285156250e+01
7.130036163330078125e+01
7.168115234375000000e+01
7.244273376464843750e+01
6.993229675292968750e+01
7.047721862792968750e+01
7.102214050292968750e+01
7.211198425292968750e+01
7.255749511718750000e+01
7.300985717773437500e+01
7.346221923828125000e+01
7.391457366943359375e+01
7.436693572998046875e+01
7.722486877441406250e+01
7.847445678710937500e+01
7.997396087646484375e+01
8.222322845458984375e+01
7.763545989990234375e+01
7.802263641357421875e+01
7.840982055664062500e+01
7.918418121337890625e+01
7.162352752685546875e+01
7.267672729492187500e+01
7.499375915527343750e+01
6.932278442382812500e+01
6.965498352050781250e+01
6.998718261718750000e+01
7.031937408447265625e+01
7.058513641357421875e+01
7.131596374511718750e+01
7.940069580078125000e+01
7.986202239990234375e+01
7.587033843994140625e+01
7.610585021972656250e+01
7.634136199951171875e+01
7.681238555908203125e+01
7.560609436035156250e+01
7.648453521728515625e+01
7.736297607421875000e+01
7.911985778808593750e+01
7.252534484863281250e+01
7.306481933593750000e+01
7.360429382324218750e+01
7.468325042724609375e+01
8.047377014160156250e+01
8.078912353515625000e+01
8.110447692871093750e+01
8.173519134521484375e+01
7.167821502685546875e+01
7.193919372558593750e+01
7.220017242431640625e+01
7.272212982177734375e+01
7.388976287841796875e+01
7.404339599609375000e+01
7.419702911376953125e+01
7.435066223144531250e+01
7.899313354492187500e+01
7.918684387207031250e+01
7.938054656982421875e+01
7.976795196533203125e+01
7.687776947021484375e+01
7.714791107177734375e+01
7.741804504394531250e+01
7.795832061767578125e+01
7.087760162353515625e+01
7.112355804443359375e+01
7.136951446533203125e+01
7.186142730712890625e+01
7.235333251953125000e+01
7.284524536132812500e+01
7.928136444091796875e+01
7.968939971923828125e+01
6.362756729125976562e+01
6.451864624023437500e+01
6.540972137451171875e+01
6.630080413818359375e+01
7.596692657470703125e+01
7.648812103271484375e+01
7.700931549072265625e+01
8.279307556152343750e+01
8.315364074707031250e+01
8.351420593261718750e+01
8.423532867431640625e+01
6.521985626220703125e+01
6.607540893554687500e+01
6.693096923828125000e+01
6.864207458496093750e+01
7.035317993164062500e+01
7.520993804931640625e+01
7.604240417480468750e+01
7.659738922119140625e+01
7.133061218261718750e+01
7.310563659667968750e+01
7.488066101074218750e+01
7.606401824951171875e+01
7.754320526123046875e+01
7.138918304443359375e+01
7.215793609619140625e+01
7.292668914794921875e+01
7.369544219970703125e+01
7.446419525146484375e+01
8.070443725585937500e+01
8.104473876953125000e+01
8.138504028320312500e+01
8.213370513916015625e+01
7.670655059814453125e+01
7.695528411865234375e+01
7.720401000976562500e+01
7.745274353027343750e+01
7.538414001464843750e+01
7.547496032714843750e+01
7.791074371337890625e+01
7.819159698486328125e+01
7.847245788574218750e+01
7.903417205810546875e+01
6.621572113037109375e+01
6.675888061523437500e+01
6.741066741943359375e+01
6.838834381103515625e+01
6.947465515136718750e+01
6.803388977050781250e+01
6.819035339355468750e+01
6.834681701660156250e+01
6.850328063964843750e+01
6.865975189208984375e+01
6.906655883789062500e+01
7.209587097167968750e+01
7.304152679443359375e+01
7.398717498779296875e+01
6.916381835937500000e+01
6.954022216796875000e+01
6.991662597656250000e+01
7.066943359375000000e+01
6.811497497558593750e+01
6.840705108642578125e+01
6.869911956787109375e+01
6.928325653076171875e+01
6.986739349365234375e+01
7.540244293212890625e+01
7.560673522949218750e+01
7.581102752685546875e+01
7.542109680175781250e+01
7.572305297851562500e+01
7.602500915527343750e+01
7.632696533203125000e+01
7.791648101806640625e+01
7.925352478027343750e+01
7.997346496582031250e+01
7.936762237548828125e+01
8.018422698974609375e+01
8.100083923339843750e+01
8.044215393066406250e+01
8.057160949707031250e+01
8.070106506347656250e+01
8.095997619628906250e+01
7.261007690429687500e+01
7.321755981445312500e+01
7.382503509521484375e+01
7.504000091552734375e+01
7.510966491699218750e+01
7.540116119384765625e+01
7.597033691406250000e+01
7.653005218505859375e+01
7.708976745605468750e+01
7.820919036865234375e+01
7.037720489501953125e+01
7.115509033203125000e+01
7.193296813964843750e+01
7.271084594726562500e+01
7.379988098144531250e+01
7.551121520996093750e+01
7.731576538085937500e+01
7.744461822509765625e+01
7.757346343994140625e+01
7.785692596435546875e+01
7.004109191894531250e+01
7.062892913818359375e+01
7.133433532714843750e+01
7.239243316650390625e+01
7.532547760009765625e+01
7.600422668457031250e+01
7.668298339843750000e+01
7.295786285400390625e+01
7.328846740722656250e+01
8.097065734863281250e+01
8.207238006591796875e+01
8.317410278320312500e+01
8.537754821777343750e+01
7.554084014892578125e+01
7.566724395751953125e+01
7.579364776611328125e+01
7.209319305419921875e+01
7.240691375732421875e+01
7.272063446044921875e+01
7.303436279296875000e+01
7.334808349609375000e+01
7.397553253173828125e+01
7.456318664550781250e+01
7.631739044189453125e+01
6.490180969238281250e+01
6.569927978515625000e+01
6.649674987792968750e+01
6.809169006347656250e+01
6.968662261962890625e+01
6.566112518310546875e+01
6.604068756103515625e+01
6.661002349853515625e+01
6.765382385253906250e+01
7.647968292236328125e+01
7.786973571777343750e+01
7.925979614257812500e+01
7.544517517089843750e+01
7.576335906982421875e+01
7.608154296875000000e+01
7.297082519531250000e+01
7.466030120849609375e+01
7.045217895507812500e+01
7.067845916748046875e+01
7.135729980468750000e+01
7.860109710693359375e+01
7.936250305175781250e+01
8.012390899658203125e+01
7.042875671386718750e+01
7.108534240722656250e+01
7.174192047119140625e+01
7.252982330322265625e+01
7.305509185791015625e+01
7.436826324462890625e+01
8.191014862060546875e+01
8.231567382812500000e+01
8.272119903564453125e+01
6.981076049804687500e+01
7.068796539306640625e+01
7.127276611328125000e+01
7.273477172851562500e+01
7.682709503173828125e+01
7.715876007080078125e+01
7.749042510986328125e+01
7.822009277343750000e+01
7.366958618164062500e+01
7.403689575195312500e+01
7.440419769287109375e+01
7.218855285644531250e+01
7.292044067382812500e+01
7.365232086181640625e+01
7.347335815429687500e+01
7.404233551025390625e+01
7.461130523681640625e+01
7.574925994873046875e+01
7.389989471435546875e+01
7.409831237792968750e+01
7.429673767089843750e+01
7.473326873779296875e+01
7.790114593505859375e+01
7.829733276367187500e+01
7.869351959228515625e+01
7.763504028320312500e+01
7.786893463134765625e+01
7.810282897949218750e+01
7.839959716796875000e+01
7.877345275878906250e+01
7.524421691894531250e+01
7.619115447998046875e+01
7.713809204101562500e+01
7.922135162353515625e+01
7.738345336914062500e+01
7.792302703857421875e+01
7.846260070800781250e+01
7.954175567626953125e+01
7.863374328613281250e+01
7.898050689697265625e+01
7.932727050781250000e+01
8.002080535888671875e+01
7.830191802978515625e+01
7.901093292236328125e+01
7.948361968994140625e+01
8.078347778320312500e+01
6.587632751464843750e+01
6.628932952880859375e+01
6.697766876220703125e+01
6.766600799560546875e+01
7.622393798828125000e+01
7.673530578613281250e+01
7.724667358398437500e+01
7.826940917968750000e+01
7.110703277587890625e+01
7.128675079345703125e+01
7.150240325927734375e+01
7.567207336425781250e+01
7.611028289794921875e+01
7.654848480224609375e+01
7.760018920898437500e+01
8.008774566650390625e+01
8.049458312988281250e+01
8.090142059326171875e+01
8.171509552001953125e+01
7.303591918945312500e+01
7.330898284912109375e+01
7.358204650878906250e+01
7.710079956054687500e+01
7.788781738281250000e+01
7.867483520507812500e+01
8.024887084960937500e+01
7.248022460937500000e+01
7.301427459716796875e+01
7.354832458496093750e+01
7.408236694335937500e+01
7.461641693115234375e+01
7.568451690673828125e+01
7.365670776367187500e+01
7.405294799804687500e+01
7.645440673828125000e+01
7.708851623535156250e+01
7.772262573242187500e+01
7.835673522949218750e+01
7.387702178955078125e+01
7.400503540039062500e+01
7.413304901123046875e+01
7.426106262207031250e+01
7.333934020996093750e+01
7.406101226806640625e+01
7.933201599121093750e+01
7.984299468994140625e+01
8.035396575927734375e+01
8.147810363769531250e+01
7.383451080322265625e+01
7.411819458007812500e+01
7.440187835693359375e+01
7.408739471435546875e+01
7.469745635986328125e+01
7.530751037597656250e+01
7.652762603759765625e+01
7.079826354980468750e+01
7.110690307617187500e+01
7.141554260253906250e+01
7.172418975830078125e+01
7.203282928466796875e+01
7.265010833740234375e+01
7.367006683349609375e+01
7.379724884033203125e+01
7.390322875976562500e+01
7.405160522460937500e+01
7.417878723144531250e+01
7.448170471191406250e+01
7.500209808349609375e+01
7.552248382568359375e+01
7.232516479492187500e+01
7.274763488769531250e+01
7.317010498046875000e+01
7.359258270263671875e+01
7.754624176025390625e+01
7.788211059570312500e+01
7.821797943115234375e+01
7.371810150146484375e+01
7.442675018310546875e+01
7.513539886474609375e+01
7.655268859863281250e+01
7.209934997558593750e+01
7.238525390625000000e+01
7.267115020751953125e+01
7.324294281005859375e+01
7.337981414794921875e+01
7.371668243408203125e+01
7.394125366210937500e+01
7.450270080566406250e+01
7.050382232666015625e+01
7.084222412109375000e+01
7.620048522949218750e+01
7.659214019775390625e+01
6.697007751464843750e+01
6.728777313232421875e+01
6.760546112060546875e+01
6.824084472656250000e+01
6.887622833251953125e+01
6.687983703613281250e+01
6.765081024169921875e+01
6.842178344726562500e+01
6.996373748779296875e+01
7.570893859863281250e+01
7.614395904541015625e+01
7.367797851562500000e+01
7.442142486572265625e+01
7.007993316650390625e+01
7.060405731201171875e+01
7.112818145751953125e+01
7.165230560302734375e+01
7.217643737792968750e+01
7.811012268066406250e+01
7.844465637207031250e+01
7.877918243408203125e+01
7.944824981689453125e+01
7.925980377197265625e+01
7.976777648925781250e+01
8.027574920654296875e+01
7.242407989501953125e+01
7.278202056884765625e+01
7.322944641113281250e+01
7.367687225341796875e+01
7.457171630859375000e+01
7.329753112792968750e+01
7.359036254882812500e+01
7.219013977050781250e+01
7.266483306884765625e+01
7.313951873779296875e+01
7.361420440673828125e+01
7.408889770507812500e+01
7.660979461669921875e+01
7.684564971923828125e+01
7.708150482177734375e+01
7.268119049072265625e+01
7.297383117675781250e+01
7.332387542724609375e+01
7.399662780761718750e+01
7.466938781738281250e+01
7.601490020751953125e+01
7.271598815917968750e+01
7.302267456054687500e+01
7.339070129394531250e+01
7.400407409667968750e+01
7.076998138427734375e+01
7.129694366455078125e+01
7.208738708496093750e+01
7.686285400390625000e+01
7.703498840332031250e+01
7.720713043212890625e+01
7.755140686035156250e+01
7.120963287353515625e+01
7.157363128662109375e+01
7.230162048339843750e+01
7.302960968017578125e+01
8.589430236816406250e+01
8.611305236816406250e+01
8.649586486816406250e+01
8.720680236816406250e+01
7.952378082275390625e+01
7.976461029052734375e+01
8.000544738769531250e+01
8.048711395263671875e+01
7.559403991699218750e+01
7.590699768066406250e+01
7.637641906738281250e+01
7.708056640625000000e+01
8.084557342529296875e+01
8.138022613525390625e+01
8.176212310791015625e+01
7.808846282958984375e+01
7.885465240478515625e+01
7.962084197998046875e+01
7.210261535644531250e+01
7.221524810791015625e+01
7.238420104980468750e+01
7.266578674316406250e+01
7.824783325195312500e+01
7.842481994628906250e+01
7.863721466064453125e+01
7.895580291748046875e+01
6.909193420410156250e+01
6.974940490722656250e+01
7.482540893554687500e+01
7.569335937500000000e+01
7.373331451416015625e+01
7.455007934570312500e+01
7.495845794677734375e+01
7.536683654785156250e+01
7.618359375000000000e+01
7.490070343017578125e+01
7.528488159179687500e+01
8.061416625976562500e+01
8.137033081054687500e+01
8.212648773193359375e+01
8.363880920410156250e+01
7.321429443359375000e+01
7.343163299560546875e+01
7.408365631103515625e+01
7.640289306640625000e+01
7.672875976562500000e+01
7.705462646484375000e+01
7.777152252197265625e+01
8.051364898681640625e+01
8.117508697509765625e+01
7.866017150878906250e+01
7.894148254394531250e+01
7.927905273437500000e+01
7.978540802001953125e+01
7.557466125488281250e+01
7.622110748291015625e+01
7.675001525878906250e+01
6.262544631958007812e+01
6.301005935668945312e+01
6.339467239379882812e+01
6.385620880126953125e+01
6.508696746826171875e+01
7.121009826660156250e+01
7.173599243164062500e+01
7.252483367919921875e+01
7.518492889404296875e+01
7.560349273681640625e+01
7.110028839111328125e+01
7.136568450927734375e+01
7.163107299804687500e+01
7.189646911621093750e+01
7.216185760498046875e+01
7.269264221191406250e+01
7.608331298828125000e+01
7.822112274169921875e+01
8.035893249511718750e+01
8.463455200195312500e+01
7.092261505126953125e+01
7.102179718017578125e+01
7.112097167968750000e+01
7.131932830810546875e+01
7.372755432128906250e+01
7.416822052001953125e+01
7.460889434814453125e+01
7.677153778076171875e+01
7.716823577880859375e+01
7.764427185058593750e+01
7.295542907714843750e+01
7.373802947998046875e+01
7.412933349609375000e+01
7.452062988281250000e+01
7.530323028564453125e+01
7.696217346191406250e+01
7.750749206542968750e+01
7.805281066894531250e+01
7.322795867919921875e+01
7.385340881347656250e+01
7.883093261718750000e+01
7.908895874023437500e+01
7.934697723388671875e+01
7.960500335693359375e+01
7.067611694335937500e+01
7.147338867187500000e+01
7.227065277099609375e+01
7.306791687011718750e+01
7.386518096923828125e+01
7.561917114257812500e+01
7.678481292724609375e+01
7.719313812255859375e+01
7.760145568847656250e+01
7.785890197753906250e+01
7.834195709228515625e+01
7.857469940185546875e+01
7.888259124755859375e+01
7.925205993652343750e+01
7.980625915527343750e+01
7.163174438476562500e+01
7.199137115478515625e+01
7.235099029541015625e+01
8.128211212158203125e+01
8.159823608398437500e+01
8.191435241699218750e+01
7.836063385009765625e+01
7.982496643066406250e+01
7.607715606689453125e+01
7.671009826660156250e+01
7.734303283691406250e+01
7.693717193603515625e+01
7.739115905761718750e+01
7.784513854980468750e+01
8.236513519287109375e+01
8.291494750976562500e+01
8.346475219726562500e+01
8.467433166503906250e+01
7.051220703125000000e+01
7.086368560791015625e+01
7.121516418457031250e+01
7.191811370849609375e+01
7.601267242431640625e+01
7.621374511718750000e+01
7.641482543945312500e+01
7.844735717773437500e+01
7.899892425537109375e+01
7.955049896240234375e+01
6.644695281982421875e+01
6.697338104248046875e+01
6.760509490966796875e+01
6.855267333984375000e+01
6.960552978515625000e+01
7.242388916015625000e+01
7.308622741699218750e+01
7.374855804443359375e+01
7.507323455810546875e+01
7.545135498046875000e+01
7.594433593750000000e+01
7.478424072265625000e+01
7.508903503417968750e+01
7.539382171630859375e+01
7.051036071777343750e+01
7.120409393310546875e+01
7.181992340087890625e+01
7.238665771484375000e+01
7.306674194335937500e+01
7.420021820068359375e+01
8.138255310058593750e+01
8.178311157226562500e+01
8.009693908691406250e+01
8.094002532958984375e+01
8.195174407958984375e+01
8.346929168701171875e+01
7.327370452880859375e+01
7.352059173583984375e+01
7.376747131347656250e+01
7.533744049072265625e+01
7.569420623779296875e+01
7.605097961425781250e+01
7.640775299072265625e+01
7.725215911865234375e+01
7.753256225585937500e+01
7.781297302246093750e+01
7.837378692626953125e+01
7.842176818847656250e+01
7.870302581787109375e+01
7.889052581787109375e+01
7.935928344726562500e+01
7.335803222656250000e+01
7.387226867675781250e+01
7.438651275634765625e+01
7.541498565673828125e+01
7.307901763916015625e+01
7.454106140136718750e+01
7.406491088867187500e+01
7.430763244628906250e+01
7.455036163330078125e+01
7.503581237792968750e+01
7.382555389404296875e+01
7.429775238037109375e+01
7.476994323730468750e+01
7.571433258056640625e+01
7.668753814697265625e+01
7.749230957031250000e+01
7.426605987548828125e+01
7.490172576904296875e+01
7.553739929199218750e+01
7.680873107910156250e+01
7.417332458496093750e+01
7.458393096923828125e+01
7.509718322753906250e+01
7.217331695556640625e+01
7.278920745849609375e+01
7.340509033203125000e+01
7.214633941650390625e+01
7.264785766601562500e+01
7.289861297607421875e+01
7.314936828613281250e+01
7.389031982421875000e+01
7.452507781982421875e+01
8.232601928710937500e+01
8.315058898925781250e+01
8.370028686523437500e+01
8.507455444335937500e+01
7.871160888671875000e+01
7.889664459228515625e+01
7.908168029785156250e+01
7.945175170898437500e+01
7.882355499267578125e+01
7.895769500732421875e+01
7.909183502197265625e+01
7.936012268066406250e+01
7.616199493408203125e+01
7.637475585937500000e+01
7.658751678466796875e+01
7.437927246093750000e+01
7.458728027343750000e+01
7.479528808593750000e+01
7.521130371093750000e+01
7.522177886962890625e+01
7.564280700683593750e+01
7.606384277343750000e+01
7.656907653808593750e+01
7.699010467529296875e+01
7.783216857910156250e+01
7.516635131835937500e+01
7.574844360351562500e+01
7.633053588867187500e+01
7.749472045898437500e+01
7.909646606445312500e+01
7.980899047851562500e+01
8.052151489257812500e+01
7.748008728027343750e+01
7.819688415527343750e+01
8.034728240966796875e+01
7.493058013916015625e+01
7.550932312011718750e+01
7.608806610107421875e+01
7.908257293701171875e+01
7.944622039794921875e+01
7.474872589111328125e+01
7.517697906494140625e+01
7.560522460937500000e+01
7.556598663330078125e+01
7.741282653808593750e+01
8.049090576171875000e+01
6.664985656738281250e+01
6.756240844726562500e+01
6.847496032714843750e+01
6.938750457763671875e+01
7.030005645751953125e+01
7.461772155761718750e+01
7.504517364501953125e+01
7.547262573242187500e+01
7.632752990722656250e+01
8.155769348144531250e+01
8.224487304687500000e+01
8.430642700195312500e+01
