-0.0468511
-0.0420221
0.07937
-0.180059
-0.0163147
0.109996
-0.0754416
0.167613
-0.0012238
-0.110064
-0.194028
-0.00867064
-0.00805848
0.01723
-0.073392
0.0531855
-0.00653353
-0.0260972
-0.25931
-0.0914578
0.0578706
-0.024694
0.0238785
0.00256651
-0.0727679
0.0910909
-0.0874736
0.133675
0.157601
-0.0597198
-0.0820173
0.0655489
0.1468
0.0555535
0.055012
-0.0591065
0.12115
0.0918223
-0.0402524
0.00328565
0.0645344
0.0464933
0.0190528
0.0443452
0.150206
-0.0595577
-0.0814306
-0.153416
-0.0986376
-0.0956946
-0.099774
0.107326
-0.0581529
0.0248636
0.140563
0.0676953
-0.0476192
-0.019408
-0.116182
0.0304257
-0.0474794
-0.05388
-0.282241
0.0623267
-0.0250387
0.105432
-0.064648
0.0635007
0.0908244
0.107667
0.0160434
0.0604299
0.163799
0.023114
-0.0116135
0.210591
-0.300663
-0.172294
0.118366
-0.0715774
0.125553
-0.133795
-0.0531268
-0.106635
0.238376
-0.12242
0.157033
-0.0543487
0.0734112
-0.106394
-0.140244
-0.231371
0.103955
-0.0568009
0.0336979
-0.060748
-0.175932
-0.0752276
0.0619672
-0.051693
