1 115 2

0.0408 1.70708
0.111484 1.63712
0.148681 1.51958
0.158076 1.36333
0.153523 1.20708
0.150487 1.05083
0.175309 0.925827
0.261416 0.832077
0.392734 0.817077
0.517734 0.832991
0.673984 0.852539
0.798984 0.871365
0.940263 0.894577
1.08023 0.914084
1.20523 0.932228
1.36148 0.956694
1.48648 0.967547
1.61148 0.949421
1.70523 0.876707
1.70523 0.746319
1.64125 0.675827
1.51773 0.619772
1.39273 0.596799
1.25125 0.582077
1.11148 0.559425
0.986484 0.533973
0.861484 0.514352
0.705234 0.495067
0.580234 0.474925
0.455234 0.453051
0.330234 0.421378
0.236484 0.359976
0.173984 0.243916
0.160712 0.113327
0.173966 -0.042923
0.205234 -0.157932
0.237768 -0.261673
0.271584 -0.386673
0.299146 -0.511673
0.330234 -0.649926
0.361484 -0.764309
0.397893 -0.886673
0.435057 -1.01167
0.472225 -1.13667
0.512085 -1.26167
0.548984 -1.37452
0.580234 -1.48825
0.605664 -1.63667
0.580234 -1.78698
0.495321 -1.85542
0.392734 -1.84247
0.310439 -1.76167
0.265959 -1.66792
0.224636 -1.54292
0.18303 -1.41792
0.142734 -1.30492
0.102701 -1.19917
0.048984 -1.08891
-0.044766 -1.08891
-0.098483 -1.19917
-0.138516 -1.30492
-0.178812 -1.41792
-0.220418 -1.54292
-0.261741 -1.66792
-0.306221 -1.76167
-0.388516 -1.84247
-0.491103 -1.85542
-0.576016 -1.78698
-0.601446 -1.63667
-0.576016 -1.48825
-0.544766 -1.37452
-0.507866 -1.26167
-0.468006 -1.13667
-0.430839 -1.01167
-0.393675 -0.886673
-0.357266 -0.764309
-0.326016 -0.649828
-0.295347 -0.511673
-0.269741 -0.386673
-0.241549 -0.261673
-0.211742 -0.136673
-0.190868 -0.011673
-0.18814 0.144577
-0.208182 0.269577
-0.264656 0.363327
-0.360507 0.425827
-0.482266 0.457718
-0.638516 0.485646
-0.763516 0.503009
-0.894358 0.519577
-1.04477 0.546588
-1.16977 0.570791
-1.29477 0.58736
-1.45102 0.605893
-1.57602 0.641641
-1.66977 0.703666
-1.71839 0.800827
-1.66977 0.914065
-1.57602 0.958402
-1.41977 0.964274
-1.29477 0.947384
-1.1612 0.925827
-1.01352 0.905954
-0.888516 0.887338
-0.747515 0.863327
-0.607266 0.845063
-0.482266 0.830003
-0.326016 0.826276
-0.232266 0.882029
-0.185318 0.988327
-0.17754 1.14458
-0.184203 1.30083
-0.182371 1.45708
-0.1618 1.58208
-0.107266 1.67939

