0.000822 0.000121
0.000446 0.000341
0.000174 0.000148
0.002423 0.000524
0.001597 0.000931
0.000068 -0.000324
0.001036 0.000391
0.000854 0.000442
-0.000155 -0.000783
0.004215 0.001083
0.002879 0.002443
0.000233 0.000552
0.012761 0.004122
0.010425 0.006337
-0.002051 -0.003925
0.005654 0.002389
0.005744 0.002766
-0.001967 -0.006452
0.003441 0.000159
0.002922 0.003217
0.001262 -0.001263
0.011214 0.003033
0.010904 0.007203
0.000044 -0.009665
0.005271 0.001956
0.006240 0.002819
-0.000313 -0.009803
0.000355 -0.000773
0.000435 0.001431
0.002137 -0.000664
0.001545 -0.000464
0.001591 0.002252
0.004537 -0.002952
0.000840 0.000153
0.001014 0.000629
0.002400 -0.002270
-0.000100 -0.000086
0.000049 0.000157
0.000301 0.000009
-0.000176 -0.000074
0.000066 0.000212
0.000661 -0.000019
-0.000061 0.000002
0.000040 0.000040
0.000319 -0.000023
0.003545 -0.000089
0.000194 0.001046
0.000476 0.000247
0.009287 0.000505
0.001194 0.002247
-0.000457 -0.000816
0.003644 0.000679
0.000896 0.000681
-0.000829 -0.001850
0.019143 0.001119
0.000133 0.006844
-0.002922 0.002020
0.051051 0.007490
0.005461 0.012808
-0.014609 -0.008299
0.020439 0.005130
0.005163 0.002827
-0.008295 -0.015685
0.014106 -0.001073
-0.001555 0.009286
-0.003148 -0.000347
0.040545 0.005464
0.001352 0.012770
-0.003520 -0.019987
0.016744 0.004490
0.004442 0.000763
0.004391 -0.023873
-0.002949 -0.001487
0.000488 0.004566
0.010337 0.000519
-0.005852 -0.000413
0.000169 0.005561
0.031102 -0.004357
-0.002414 0.000319
0.000746 0.000490
0.019188 -0.004710
-0.001529 0.000624
0.000754 0.000235
0.003108 0.000326
-0.003639 0.001100
0.001041 0.000353
0.006856 0.000326
-0.001562 0.000215
0.000284 0.000120
0.003267 0.000054
0.003371 -0.000737
-0.000952 0.000717
0.000133 -0.000446
0.007237 -0.000882
-0.001886 0.001281
-0.000936 -0.000825
0.002330 -0.000000
-0.000511 0.000275
-0.000780 -0.000667
0.022441 -0.003192
-0.008008 0.004858
-0.009144 -0.002158
0.046969 -0.001511
-0.016184 0.007310
-0.021300 -0.003532
0.014181 0.001369
-0.004212 0.000600
-0.007371 -0.004288
0.017256 -0.002517
-0.009689 0.007123
-0.024399 0.006433
0.031407 0.001105
-0.022109 0.007343
-0.011947 0.007132
0.004863 0.000928
-0.006505 -0.001496
0.014997 -0.001156
-0.005540 0.002994
0.002263 0.000910
0.012534 0.018056
-0.021726 0.004504
-0.002196 0.001829
0.062417 0.015514
-0.014960 -0.001977
-0.002167 0.000472
0.042489 0.000523
0.000126 0.003421
0.001586 -0.001504
0.009243 0.005053
-0.003633 0.005345
0.001387 -0.001249
0.020226 0.002734
-0.003589 0.000134
0.000097 0.000380
0.009063 -0.001424
0.001489 -0.000274
0.000131 0.000248
0.000558 -0.000692
0.001402 0.000264
0.000402 0.000650
0.000318 -0.000875
-0.000853 0.000680
0.000120 0.000620
-0.000409 -0.000404
0.016228 0.000779
0.001827 0.002909
-0.001235 -0.012155
0.019568 0.012798
0.008515 0.005949
-0.006528 -0.009022
-0.004165 0.010006
0.004810 0.004567
-0.007772 0.002434
0.026294 0.004354
0.003889 0.002664
-0.018947 -0.027699
0.021437 0.032150
0.012505 -0.002527
-0.011874 -0.024501
-0.015084 0.015386
0.007563 -0.003847
0.000392 0.007288
0.009961 -0.000460
-0.000035 -0.002783
0.001231 0.012325
-0.006173 0.005574
-0.004363 -0.005480
0.030925 -0.005411
-0.021311 -0.004196
-0.001908 -0.002450
0.017719 -0.011195
0.005333 -0.000126
-0.001654 -0.001551
0.009511 0.008949
0.002836 0.000440
-0.003580 -0.000503
0.016214 0.000025
-0.004649 -0.002635
-0.000927 0.001330
0.002773 -0.007784
0.000919 0.000900
0.001350 -0.000803
0.001877 0.000569
-0.001788 0.004358
0.003144 -0.003877
0.002353 0.000141
-0.003951 0.004265
0.000880 -0.002056
-0.000655 -0.000887
0.013072 0.010869
0.011234 0.001012
0.013681 0.005831
-0.001596 0.041997
0.026244 -0.000518
0.005010 0.022801
-0.024432 0.031858
0.008573 0.003689
-0.019639 0.011331
0.024890 0.015209
0.014582 0.002762
0.004382 -0.004599
-0.004863 0.054068
0.029898 -0.004738
-0.014924 0.009072
-0.043406 0.032815
0.009587 -0.004193
-0.033910 0.002905
0.007837 -0.002079
0.000382 -0.001876
-0.000793 -0.000850
-0.016260 -0.002754
-0.001503 -0.013764
-0.005199 -0.025882
-0.029930 -0.006284
-0.002152 -0.012148
-0.015715 -0.031711
0.000085 -0.002214
-0.002256 -0.000662
0.007403 0.001703
-0.006152 -0.004301
-0.003606 -0.002037
0.008720 -0.008859
-0.007007 -0.003606
-0.000673 -0.001553
-0.004009 -0.011234
-0.000287 0.002102
0.001016 -0.002071
0.001312 0.001485
-0.002613 0.008168
0.003637 -0.008658
0.002187 0.001207
-0.002239 0.005895
0.001727 -0.005465
-0.000352 -0.001176
-0.000643 0.013744
0.003760 -0.008587
0.016504 0.014779
-0.019177 0.043802
0.019144 -0.029325
0.018858 0.021848
-0.018748 0.027382
0.012124 -0.014512
-0.006630 -0.001312
-0.001130 0.013138
-0.005851 -0.009807
0.025299 0.013103
-0.036409 0.032842
0.001433 -0.037579
0.023153 -0.011306
-0.035081 0.017042
0.009814 -0.020846
-0.014432 -0.038675
0.002440 -0.002168
-0.004528 -0.004108
0.002757 -0.002876
-0.010699 -0.012146
-0.008889 -0.024379
-0.002601 -0.041622
-0.014467 -0.010474
-0.001935 -0.019477
-0.010928 -0.045360
0.000453 -0.001659
-0.000283 -0.000739
0.001614 -0.001499
-0.000357 -0.006018
-0.000093 -0.004832
0.002041 -0.010419
-0.001393 -0.004174
0.000203 -0.004189
-0.001566 -0.009472
-0.000291 0.000645
0.000125 -0.000586
0.000597 0.000849
-0.001095 0.002192
0.001090 -0.001976
0.001379 0.001610
-0.000499 0.001293
0.000700 -0.001111
0.000410 0.000252
-0.002988 0.003812
-0.002088 -0.004605
0.010493 0.007868
-0.010843 0.009656
0.004959 -0.011067
0.021666 0.013018
-0.005729 0.004419
0.006650 -0.004043
0.007480 0.001722
-0.007598 0.003756
-0.012500 -0.007471
0.024119 0.009405
-0.024353 0.006057
-0.010780 -0.019050
0.045352 0.005767
-0.012210 0.001179
0.006361 -0.007269
0.015340 -0.007975
-0.002878 0.000185
-0.007117 -0.001605
0.007673 0.000250
-0.009189 -0.002197
-0.011777 -0.007336
0.013019 -0.008371
-0.004665 -0.002384
-0.001200 -0.004720
0.003552 -0.009404
-0.000037 -0.000236
-0.000479 -0.000092
0.000410 -0.000381
-0.000177 -0.001196
-0.000842 -0.001060
0.000642 -0.002106
-0.000190 -0.000833
-0.000179 -0.000882
0.000030 -0.001695
