6.142518526385174729e-05 -1.616452243785572262e-05 4.526066282599601790e-05
1.950519040834590434e-04 -8.082261218927860630e-05 -8.405551667684974947e-05
1.056082132606573796e-04 -4.633829765518640348e-05 -1.638004940369379837e-04
2.715639769559761345e-04 1.347043536487976952e-04 8.944369082280166378e-05
7.920615994549302930e-04 4.784698641605293515e-04 -9.634055372962010977e-04
3.944143474836796291e-04 2.209151399840281887e-04 -1.253289306348413529e-03
-1.476359715990822679e-04 6.519690716601806834e-04 -5.204976224989542669e-04
-1.541017805742245542e-04 2.358942641097744927e-03 -2.043195636144962916e-03
2.155269658380762677e-06 1.190786486255371573e-03 -1.643393114515331833e-03
-3.663958419247297397e-04 4.267433923593910066e-04 -3.739392857290623168e-04
-6.907639255110345098e-04 1.251134036690032840e-03 -6.821428468775114252e-04
-2.015177130586013297e-04 5.679135549833310695e-04 -3.114364656360201974e-04
-6.142518526385174729e-05 5.280410663032868981e-05 -3.017377521733068086e-05
-1.174621963817515803e-04 1.336267188196072961e-04 -2.694087072975953769e-05
-2.801850555894991649e-05 4.526066282599601790e-05 2.155269658380762677e-06
2.952719431981645358e-04 -1.465583367698918688e-04 1.778097468164129284e-04
7.564996500916478265e-04 -4.946343865983851215e-04 -1.939742692542686714e-04
3.340667970490182538e-04 -2.747968814435472777e-04 -4.073459654339642018e-04
1.657402367294806859e-03 -3.663958419247297397e-04 4.924791169400043233e-04
3.985093598346030157e-03 -1.155224536892088998e-03 -2.897760055692935599e-03
1.570113946130385777e-03 -6.358045492223250760e-04 -3.381618093999417055e-03
6.142518526385174187e-04 1.028063627047623961e-03 -2.130484057309383998e-03
1.981770450881111412e-03 3.454897262384363111e-03 -7.140408378215467623e-03
8.362446274517359524e-04 1.630461496565047260e-03 -4.440933131093561560e-03
-1.844910827573932946e-03 1.667101080757520072e-03 -2.386961146656694979e-03
-3.245836105521429042e-03 4.255579940472816597e-03 -2.833101965941512736e-03
-8.351669926225456075e-04 1.614296974127191328e-03 -5.194199876697638135e-04
-6.164071222968982170e-04 3.469984149993028265e-04 -5.323516056200483862e-04
-1.195097025572132952e-03 8.200801050138802365e-04 -4.493737237723890630e-04
-3.114364656360201974e-04 2.694087072975953905e-04 2.909614038814029867e-05
2.306138534467416182e-04 -1.336267188196072961e-04 1.627228592077476117e-04
5.495937628870945554e-04 -3.620853026079681432e-04 -1.206951008693227234e-04
2.015177130586013297e-04 -1.368596233071784393e-04 -1.918189995958879002e-04
2.038885096828201536e-03 -8.028379477468341758e-04 9.493962845167259633e-04
4.238337783205770211e-03 -1.715594648071087436e-03 -1.946208501517829054e-03
1.556104693350910751e-03 -5.711464594709021042e-04 -2.049661445120105636e-03
2.505500977867636606e-03 -4.536842630891505510e-04 -6.390374537098962191e-04
5.331059500004817035e-03 -6.832204817067018786e-04 -6.036910313124517133e-03
1.834134479282029280e-03 3.879485385085373157e-05 -3.099277768751536929e-03
-3.608999042958587530e-03 1.364285693755022850e-03 -4.807328973018291408e-03
-7.736340438757748419e-03 3.641328087834298961e-03 -5.664048662224645432e-03
-2.459162680212450582e-03 1.265143289469507649e-03 -1.001122756317864362e-03
-2.125095883163432165e-03 6.584348806353230782e-04 -2.227471191936518293e-03
-4.756680136046344438e-03 1.812581782698221514e-03 -2.760900432385757133e-03
-1.659557636953187332e-03 6.390374537098962191e-04 -6.519690716601806834e-04
7.543443804332670215e-06 -4.526066282599601790e-05 -5.172647180113831101e-05
4.989449259151466096e-04 4.892462124524331801e-04 -3.308338925614471107e-04
6.077860436633752408e-04 6.185623919552789068e-04 -2.467783758845973883e-04
8.524091498895917766e-04 -1.541017805742245542e-04 1.595977182030954705e-03
3.409636599558367107e-03 3.102510673239108289e-03 -1.595977182030954705e-03
3.464595975847076324e-03 3.802973312212856120e-03 -2.284585837883608417e-03
1.778097468164129393e-03 1.336267188196072961e-04 8.236362999502085808e-03
6.368821840515155076e-03 5.695300072271165977e-03 3.577747632912066551e-04
4.894617394182712924e-03 5.239460539523634573e-03 -6.189934458869551098e-03
-4.319160395395049007e-03 1.878317507278834831e-03 2.371874259048029499e-03
-1.081729841541304894e-02 6.241660930670689389e-03 -5.395717589756239899e-03
-3.276009880738760000e-03 3.063715819388254571e-03 -6.022901060345042107e-03
-3.121908100164534714e-03 1.449418845261063026e-03 -2.023798209219536057e-03
-8.271924948865368166e-03 3.185488555086767558e-03 -4.790086815751245890e-03
-3.443043279263268558e-03 1.154146902062898328e-03 -2.303983264809035710e-03
-3.243680835863048243e-04 -2.004400782294109306e-04 -4.504513586015794621e-04
1.034529436022766220e-04 6.271834705888020998e-04 -5.517490325454752452e-04
1.056082132606573796e-03 1.298549969174409534e-03 2.931166735397837376e-04
-2.214539573986233720e-03 -1.350276440975548041e-03 -1.690809046999708527e-03
-3.739392857290623168e-04 3.310494195272851905e-03 -4.728661630487394386e-03
4.670469349711113376e-03 6.558485570452661853e-03 -5.614477460081886747e-04
-2.726416117851665228e-03 -1.411701626239399762e-03 6.904406350622773955e-03
2.070136506874722514e-03 5.868799279770817688e-03 -4.060528036389357553e-03
7.712632472515560181e-03 7.632887495155471838e-03 -9.486419401362928411e-03
-4.147816457553778202e-03 5.355845101076196378e-04 7.800998528509171283e-03
-7.402273641708730437e-03 4.075614923998023033e-03 5.830004425919964404e-04
-4.849356731356716785e-05 3.292174403176615499e-03 -8.125366612095475186e-03
-2.119707709017480332e-03 6.983073693153672495e-04 5.107989090362407289e-04
-5.882808532550292714e-03 1.467738637357299432e-03 -1.156302171721279234e-03
-2.505500977867636606e-03 5.248081618157157549e-04 -1.620762783102333614e-03
-2.392349320802646757e-04 -7.543443804332669199e-05 -1.142292918941804371e-04
-5.614477460081886747e-04 6.465808975142289046e-05 7.855957904797881150e-04
3.232904487571144438e-06 5.075660045486696942e-04 1.556104693350910751e-03
-2.274887124420895204e-03 -2.726416117851665336e-04 -2.311526708613368449e-03
-4.637062670006211924e-03 2.737192466143568786e-04 8.319340881349744643e-04
-6.918415603402248547e-04 1.867541158986930948e-03 5.904361229134100046e-03
-3.889184098548086315e-03 -1.730681535679752699e-03 -1.670333985245091215e-03
-6.691034654443078940e-03 -5.471152027799566428e-03 -4.632752130689450111e-03
-1.799650164747936996e-04 -2.061515428241199755e-03 -9.450857451999644752e-04
-3.294329672834995972e-03 -1.801805434406317848e-03 3.225361043766811729e-03
-6.543398682843996374e-03 -4.868754158282143779e-03 1.395537103801543829e-03
-1.276997272590602202e-03 -2.110008995554767119e-03 -2.839567774916655456e-03
-1.005433295634625959e-03 -3.448431453409220825e-04 9.537068238334876682e-04
-2.707018690926237935e-03 -9.235330486161569263e-04 1.174621963817515857e-03
-1.044228149485479677e-03 -3.847156340209661996e-04 -2.607876286640723059e-04
-8.728842116442090619e-05 9.052132565199203580e-05 -8.513315150604013504e-05
-1.853531906207456139e-04 1.465583367698918688e-04 1.745768423288418124e-04
-6.250282009304211931e-05 7.974497736008822073e-05 3.890261733377276877e-04
-9.601726328086298461e-04 7.511114759456958851e-04 -1.791029086114413965e-03
-2.306138534467416182e-03 4.784698641605293515e-04 -1.623995687589904974e-03
-8.513315150604013233e-04 -7.112389872656517680e-05 1.052849228119002653e-03
-1.634772035881808640e-03 -7.004626389737479122e-05 -3.620853026079681649e-03
-4.146738822724587749e-03 -3.590679250862350690e-03 -6.022901060345042107e-03
-1.613219339298001091e-03 -2.701630516780286536e-03 -1.549638884375768464e-03
-9.978898518302932192e-04 -8.071484870635956639e-04 -4.946343865983851215e-04
-2.671456741562955577e-03 -3.272776976251188640e-03 -1.664945811099139165e-03
-1.039917610168718080e-03 -1.881550411766405974e-03 -1.168156154842373354e-03
-1.702663030120802701e-04 -1.314714491612265250e-04 1.034529436022766220e-04
-5.355845101076196378e-04 -4.806251338189101497e-04 1.379372581363688113e-04
-1.950519040834590434e-04 -2.144493310088859295e-04 -5.926991560547098292e-05
