0.099555 -0.011330
0.097864 -0.003978
0.096545 0.000634
0.095914 0.000306
0.094477 0.005706
0.092799 0.012805
0.092128 0.012647
0.090906 0.016439
0.089174 0.023864
0.088284 0.025223
0.087365 0.026848
0.085589 0.034517
0.084384 0.038141
0.083701 0.038070
0.081958 0.045480
0.080409 0.051551
0.079686 0.051738
0.078174 0.057569
0.076385 0.065496
0.075587 0.066199
0.074393 0.069837
0.072589 0.078074
0.071537 0.080720
0.070519 0.083163
0.068776 0.091249
0.067454 0.096163
0.066568 0.097699
0.064930 0.105381
0.063421 0.112214
0.062506 0.114102
0.061141 0.120057
0.059449 0.129233
0.058541 0.131293
0.057429 0.135421
0.055812 0.144925
0.054730 0.149223
0.053881 0.151082
0.052324 0.161413
0.051144 0.167873
0.050317 0.169865
0.049071 0.178284
0.047834 0.187860
0.047020 0.190438
0.046069 0.196476
0.044977 0.207313
0.044212 0.210737
0.043431 0.215391
0.042598 0.225340
0.041905 0.231237
0.041256 0.234921
0.040697 0.245292
0.040222 0.253640
0.039700 0.257250
0.039400 0.266064
0.039334 0.276945
0.038926 0.280175
0.038846 0.287657
0.039278 0.299794
0.039228 0.305249
0.039136 0.309890
0.039986 0.321599
0.040386 0.328649
0.040343 0.332133
0.041666 0.343812
0.042935 0.353896
0.043111 0.357508
0.044490 0.366702
0.046632 0.378430
0.047189 0.382721
0.048631 0.390282
0.051291 0.401542
0.052752 0.408014
0.053766 0.412762
0.057250 0.424591
0.059624 0.432529
0.061117 0.437673
0.064535 0.447410
0.068115 0.456903
0.070191 0.462496
0.073428 0.470323
0.077869 0.480148
0.080729 0.486392
0.084125 0.493321
0.088934 0.502437
0.092825 0.509483
0.096034 0.515192
0.101703 0.524368
0.106609 0.531954
0.110540 0.537850
0.116072 0.545612
0.121633 0.553013
0.126210 0.558942
0.131459 0.565369
0.137443 0.572369
0.142965 0.578535
0.148961 0.584955
0.154741 0.590862
0.161052 0.597051
0.167284 0.602894
0.173354 0.608362
0.179648 0.613785
0.186291 0.619295
0.192791 0.624453
0.198968 0.629195
0.205422 0.633941
0.211991 0.638607
0.219201 0.643517
0.226453 0.648258
0.233086 0.652437
0.240716 0.657050
0.247893 0.661243
0.253974 0.664669
0.262352 0.669221
0.270515 0.673481
0.277080 0.676797
0.284750 0.680540
0.292514 0.684200
0.299536 0.687406
0.306813 0.690628
0.315429 0.694322
0.322427 0.697231
0.329008 0.699892
0.338871 0.703767
0.346510 0.706675
0.351282 0.708456
0.361174 0.712065
0.370301 0.715307
0.375174 0.717000
0.383163 0.719728
0.393557 0.723213
0.398479 0.724830
0.405425 0.727085
0.415787 0.730401
0.422140 0.732404
0.427437 0.734059
0.437733 0.737245
0.444747 0.739402
0.450076 0.741023
0.459282 0.743813
0.467192 0.746220
0.473525 0.748129
0.480694 0.750296
0.487024 0.752228
0.495107 0.754673
0.502249 0.756832
0.507423 0.758449
0.513909 0.760452
0.519707 0.762259
0.526441 0.764366
0.532984 0.766431
0.537149 0.767781
0.544263 0.770066
0.550186 0.772006
0.555145 0.773633
0.561134 0.775651
0.569727 0.778517
0.572385 0.779481
0.577328 0.781213
0.584950 0.783890
0.589709 0.785619
0.592133 0.786558
0.600093 0.789488
0.605752 0.791643
0.608596 0.792793
0.615081 0.795303
0.621013 0.797651
0.623516 0.798741
0.627510 0.800407
0.632793 0.802592
0.636038 0.804040
0.639344 0.805499
0.644830 0.807871
0.648496 0.809541
0.650637 0.810591
0.656028 0.813037
0.660133 0.814981
0.662446 0.816160
0.667098 0.818409
0.670908 0.820280
0.673902 0.821837
0.677786 0.823822
0.681834 0.825919
0.685011 0.827613
0.688407 0.829439
0.691852 0.831317
0.695167 0.833151
0.698481 0.835010
0.700839 0.836352
0.703329 0.837828
0.707329 0.840098
0.709386 0.841342
0.712508 0.843195
0.714764 0.844569
0.718062 0.846558
0.721693 0.848786
0.722761 0.849486
0.724477 0.850570
0.729534 0.853698
0.731938 0.855215
0.731215 0.854805
