-0.108618
-0.070142
0.014772
0.216602
-0.397391
-0.023390
-1.318258
0.630261
-0.424954
0.768685
-0.620363
-0.238570
-0.126763
0.256591
0.113989
-0.480369
0.075805
-0.601104
-0.147498
-0.068790
-0.994130
0.476599
-0.099100
-0.001268
-0.157821
0.127503
-0.251350
0.219616
0.106598
-0.005877
0.151425
0.050765
0.257627
-0.090103
0.268643
-0.042882
0.202768
0.013314
-0.453013
-0.167462
0.005997
-0.290987
-0.273260
-0.325668
0.077545
-0.200079
-0.573741
-0.156321
0.573378
0.240525
-0.801766
-0.088234
0.261216
0.064016
-0.214236
-0.161192
0.287421
0.195987
0.176352
0.344852
-0.577391
0.081863
-0.175910
0.043701
0.244626
-0.185188
0.008916
0.075087
-0.292089
-0.039078
0.164741
-0.014410
0.108523
0.106241
-0.081428
-0.104189
0.047387
0.301950
-0.103716
-0.502550
0.243076
0.047355
-0.210036
-0.297542
-0.368269
0.528833
0.915075
-2.006348
0.753903
-0.008971
0.065041
0.338262
0.270500
0.106588
-0.001644
-0.558792
-0.401588
-0.083240
0.023595
1.034746
0.011499
0.423554
-0.143833
-0.202766
-0.057307
0.501850
-0.425395
0.006881
-0.137698
0.293411
-0.868752
0.383601
0.203121
-0.033221
-0.282962
0.492109
0.031196
0.559185
-0.177746
-0.161188
-0.362584
-0.063699
1.053780
-0.070215
-1.544873
0.014897
-0.021186
-0.239280
0.264595
-0.720096
0.303487
-1.255322
-0.026869
0.454059
-0.525564
-0.582870
0.631107
0.206173
-0.174370
0.140753
-0.212315
-0.140722
-0.429389
-0.046887
-0.383098
1.189200
0.330223
0.202412
0.242819
0.173681
0.409520
0.140663
-0.126978
-0.453945
-0.067672
-0.701030
0.118584
-0.150755
1.074809
-0.231025
0.080824
0.290438
0.030134
0.018926
-0.116152
-0.254254
-0.450787
-0.234094
-1.269099
0.563998
1.520960
-0.087839
-0.282941
0.149697
-0.196846
-0.610155
-0.922369
0.639800
-0.618324
-0.458872
-1.101232
0.120664
-0.370039
-0.285636
-0.189634
0.893439
-0.593892
-0.236516
0.220800
0.164548
-0.453166
-0.239332
0.030791
-0.997349
0.108372
-0.253225
0.303588
0.087921
-0.339473
-0.166784
-0.020738
-0.124683
-0.309259
0.160206
0.345504
-0.069343
0.029898
-1.165337
-0.048751
0.506466
0.729037
-0.568583
-0.595031
-0.151129
-0.354379
0.133187
-0.474848
-0.094484
0.102170
-0.114310
-0.456328
0.903584
-1.899023
-0.927735
-0.048924
0.146671
0.298972
-0.094905
0.299524
-0.078641
-0.215815
0.164366
0.132081
0.228239
0.070885
0.013636
-0.346824
0.184627
0.499391
-0.052022
-0.369477
-0.179109
-0.059661
-0.167510
-0.688103
-0.025561
-0.184953
-0.210630
-0.421357
0.112021
0.184613
-0.042918
-0.065282
-0.485452
0.078521
-0.073358
-0.094246
-0.155330
0.198873
0.213969
-0.015715
1.181128
1.028939
-0.450900
-0.233693
-0.332158
0.505626
-0.241876
-0.178711
-0.453538
1.486132
0.211171
0.163068
-0.192983
-0.109190
0.194431
-0.164223
0.209091
-0.296399
0.083138
1.333124
-0.104920
-0.213677
-0.756662
-0.051114
-0.861896
0.015769
-0.417737
-0.107978
0.041689
-0.108645
-0.257856
0.300438
0.265785
1.155742
-0.522603
-0.575009
-0.791654
0.827577
0.103778
0.282317
-0.616280
-0.058226
-0.235695
0.239069
0.722194
-0.495894
1.204119
0.175100
0.592125
-0.723888
1.587103
0.273369
0.046515
-0.179348
-0.278677
-0.096987
-1.032356
0.048074
-0.632185
0.112502
0.826983
0.111806
-0.625469
-0.307064
0.111875
-0.294694
-0.634341
-0.107343
-0.183632
0.266008
0.146257
-0.566672
0.177175
0.155358
0.007192
-0.140612
-0.581630
0.292807
0.052608
-0.437198
-0.299950
-0.187860
-0.321858
0.395309
-0.161316
0.282159
0.144626
0.249722
-0.429851
0.393451
-0.102080
17.958425
0.970773
-0.207507
0.413971
0.230064
-0.596688
0.312226
0.015083
1.316927
-0.902908
0.218093
-0.191791
0.504404
-0.122013
0.293033
0.623783
0.441067
0.230511
0.306873
0.337686
-0.713408
-0.380631
-0.495500
-0.211322
-1.330940
0.611681
0.655989
0.206860
0.011201
-0.219148
-0.284569
0.171843
0.901508
1.690566
-0.300799
0.051014
0.533098
0.086486
1.621564
0.050598
-0.185363
0.233509
0.358479
-0.283983
0.178235
0.129339
-0.370139
-0.023118
-0.205619
-0.020281
0.271449
-0.659581
-0.094649
-0.142023
-0.159994
-0.361190
-0.684764
0.062390
-0.670395
0.018915
-0.309988
0.114131
-0.850768
-0.109208
-0.436486
-0.241590
0.069594
-0.443200
0.020023
-0.059803
-0.613057
-0.451633
-1.005166
0.128355
-0.723796
-0.493559
-0.242294
0.161605
