0.143071 -0.025462
0.142359 -0.019658
0.141628 -0.015587
0.140879 -0.014649
0.140138 -0.010049
0.139396 -0.004355
0.138626 -0.003270
0.137863 0.000343
0.137103 0.006289
0.136322 0.008377
0.135545 0.010640
0.134766 0.016790
0.133979 0.020362
0.133190 0.021572
0.132394 0.027604
0.131595 0.032788
0.130796 0.034200
0.129992 0.039259
0.129187 0.045680
0.128381 0.047463
0.127575 0.051148
0.126774 0.057817
0.125965 0.060889
0.125158 0.063836
0.124369 0.070456
0.123571 0.075033
0.122769 0.077429
0.121996 0.083832
0.121226 0.089695
0.120432 0.092356
0.119678 0.097674
0.118970 0.105109
0.118192 0.107916
0.117445 0.112078
0.116796 0.119774
0.116077 0.124074
0.115327 0.126783
0.114764 0.135068
0.114142 0.140821
0.113423 0.143649
0.112902 0.150715
0.112466 0.158560
0.111804 0.161800
0.111303 0.167331
0.111037 0.176056
0.110477 0.179877
0.109996 0.184521
0.109832 0.192699
0.109496 0.198190
0.109056 0.202210
0.109094 0.210707
0.109061 0.217868
0.108721 0.221855
0.108840 0.229348
0.109231 0.238250
0.108973 0.241996
0.109178 0.248619
0.109974 0.258418
0.110104 0.263686
0.110179 0.268401
0.111244 0.277952
0.111789 0.284327
0.111884 0.288248
0.113288 0.297825
0.114589 0.306324
0.114887 0.310329
0.116254 0.318221
0.118252 0.327904
0.118893 0.332377
0.120284 0.339151
0.122663 0.348539
0.124064 0.354550
0.125121 0.359335
0.128140 0.369163
0.130282 0.376230
0.131749 0.381284
0.134719 0.389644
0.137816 0.397841
0.139775 0.403208
0.142634 0.410195
0.146417 0.418649
0.149020 0.424478
0.152043 0.430798
0.156148 0.438745
0.159577 0.445148
0.162520 0.450558
0.167317 0.458548
0.171562 0.465348
0.175101 0.470872
0.179852 0.477795
0.184640 0.484437
0.188722 0.489965
0.193317 0.495853
0.198482 0.502180
0.203318 0.507852
0.208529 0.513720
0.213591 0.519175
0.219070 0.524847
0.224504 0.530237
0.229833 0.535326
0.235339 0.540365
0.241123 0.545471
0.246807 0.550282
0.252274 0.554765
0.257946 0.559231
0.263723 0.563632
0.269975 0.568213
0.276263 0.572651
0.282105 0.576631
0.288673 0.580946
0.294927 0.584924
0.300378 0.588270
0.307500 0.592518
0.314465 0.596527
0.320277 0.599764
0.326885 0.603341
0.333558 0.606846
0.339696 0.609976
0.346015 0.613113
0.353290 0.616638
0.359394 0.619508
0.365207 0.622172
0.373344 0.625843
0.379893 0.628709
0.384410 0.630630
0.392539 0.634083
0.400110 0.637228
0.404689 0.639071
0.411451 0.641787
0.419887 0.645149
0.424490 0.646928
0.430506 0.649251
0.438883 0.652482
0.444476 0.654598
0.449336 0.656418
0.457646 0.659558
0.463682 0.661819
0.468565 0.663625
0.476108 0.666448
0.482741 0.668942
0.488309 0.671017
0.494439 0.673321
0.499978 0.675424
0.506736 0.677989
0.512860 0.680318
0.517598 0.682167
0.523254 0.684371
0.528437 0.686410
0.534267 0.688725
0.539967 0.691013
0.544023 0.692671
0.550120 0.695177
0.555394 0.697383
0.560018 0.699327
0.565327 0.701619
0.572479 0.704700
0.575492 0.706068
0.580096 0.708141
0.586567 0.711081
0.591048 0.713172
0.593899 0.714553
0.600601 0.717751
0.605714 0.720257
0.608859 0.721861
0.614555 0.724715
0.619868 0.727431
0.622775 0.729008
0.626730 0.731122
0.631606 0.733727
0.635020 0.735651
0.638494 0.737605
0.643514 0.740406
0.647240 0.742568
0.649881 0.744169
0.654832 0.747059
0.658865 0.749493
0.661623 0.751235
0.666035 0.753955
0.669874 0.756353
0.673104 0.758455
0.676972 0.760955
0.680951 0.763557
0.684319 0.765807
0.687836 0.768178
0.691384 0.770598
0.694837 0.772982
0.698286 0.775389
0.701085 0.777363
0.703935 0.779431
0.707862 0.782210
0.710422 0.784096
0.713713 0.786504
0.716402 0.788503
0.719801 0.791025
0.723402 0.793732
0.725262 0.795166
0.727563 0.796924
0.732133 0.800382
0.734889 0.802496
0.735517 0.803017
