0.311160 0.111890
0.318579 0.125430
0.326259 0.138750
0.334785 0.152772
0.353412 0.181146
0.375048 0.210964
0.326594 0.168428
0.334088 0.180653
0.358318 0.216804
0.368232 0.230415
0.376565 0.241385
0.501869 0.430245
0.526142 0.451619
0.550287 0.472995
0.561926 0.483454
0.573354 0.493870
0.498056 0.531895
0.536061 0.556181
0.548071 0.564034
0.563244 0.574169
0.581402 0.586722
0.442168 0.114933
0.451357 0.124522
0.462415 0.135961
0.472345 0.146413
0.484259 0.158949
0.506178 0.182564
0.530152 0.209345
0.342163 0.230028
0.372703 0.271908
0.403906 0.309209
0.422955 0.330076
0.441329 0.349181
0.856072 0.455213
0.861518 0.477133
0.866404 0.496054
0.879876 0.542531
0.885099 0.557924
0.890436 0.572242
0.461060 0.670342
0.493445 0.682105
0.524793 0.693778
0.553508 0.705046
0.582309 0.717274
0.547732 0.214660
0.553596 0.221625
0.559873 0.229180
0.565701 0.236333
0.578717 0.252709
0.584700 0.260448
0.590365 0.267923
0.472592 0.714248
0.505407 0.724947
0.532941 0.734253
0.559468 0.743713
0.588217 0.754695
0.554804 0.128894
0.563002 0.137714
0.570023 0.145458
0.578014 0.154506
0.592230 0.171270
0.606572 0.189162
0.502388 0.272018
0.535046 0.309401
0.567417 0.347789
0.596914 0.384565
0.630294 0.428987
0.674035 0.492921
0.696190 0.527681
0.718786 0.564083
0.351819 0.165773
0.360900 0.178721
0.372243 0.194214
0.384784 0.210632
0.399029 0.228414
0.423862 0.257891
0.194070 0.090865
0.194090 0.095549
0.194503 0.100336
0.195863 0.117608
0.197409 0.132684
0.198595 0.145316
0.203218 0.176154
0.209121 0.207546
0.213380 0.224384
0.245953 0.154247
0.248623 0.163454
0.252203 0.174623
0.259263 0.195016
0.267809 0.216465
0.287591 0.258263
0.567511 0.208873
0.572648 0.215150
0.576318 0.219695
0.585363 0.231144
0.595083 0.243836
0.639664 0.308154
0.254281 0.137713
0.257891 0.148981
0.260672 0.157430
0.268965 0.179840
0.278512 0.202662
0.646864 0.255391
0.649899 0.260089
0.655107 0.268514
0.663397 0.282173
0.671031 0.295252
0.298938 0.060052
0.300856 0.064354
0.304929 0.072470
0.309907 0.082256
0.316145 0.093877
0.323310 0.106380
0.363830 0.168180
0.576016 0.454256
0.581644 0.460092
0.587568 0.466293
0.599272 0.478732
0.610791 0.491245
0.622670 0.504461
0.718057 0.201960
0.722671 0.210242
0.729646 0.223348
0.740617 0.245483
0.752344 0.271476
0.760611 0.291184
0.317734 0.545156
0.324125 0.549388
0.330824 0.553670
0.344104 0.561766
0.357555 0.569481
0.398522 0.247592
0.406301 0.256942
0.414007 0.266015
0.450563 0.306943
0.468212 0.325817
0.500768 0.419891
0.515845 0.433509
0.531555 0.447674
0.561397 0.474894
0.590087 0.501975
0.619977 0.531747
0.450881 0.267206
0.462640 0.280288
0.475786 0.294766
0.485974 0.305919
0.509942 0.332032
0.315851 0.316681
0.319986 0.322493
0.324522 0.328715
0.332421 0.339066
0.339963 0.348449
0.348760 0.358862
0.361543 0.373086
0.366040 0.377866
0.495401 0.256078
0.499477 0.260679
0.504156 0.265981
0.512226 0.275156
0.521345 0.285602
0.530120 0.295744
0.597280 0.599262
0.603756 0.604035
0.609819 0.608598
0.621924 0.617934
0.634139 0.627678
0.677010 0.664766
0.435873 0.428718
0.442022 0.433825
0.448056 0.438762
0.460402 0.448677
0.472797 0.458412
0.485199 0.468006
0.322206 0.213011
0.324511 0.216822
0.327207 0.221203
0.332233 0.229157
0.337769 0.237624
0.343388 0.245927
0.354782 0.261967
0.361485 0.390151
0.366727 0.395453
0.373037 0.401660
0.385072 0.412991
0.397327 0.423939
0.409444 0.434259
0.470687 0.424337
0.474315 0.427446
0.479185 0.431597
0.488140 0.439172
0.505207 0.453457
0.438302 0.514163
0.444505 0.518054
0.452224 0.522814
0.465671 0.530998
0.477847 0.538256
0.491176 0.546186
0.519530 0.563061
0.623330 0.495247
0.629085 0.501961
0.635069 0.509027
0.646335 0.522587
0.658056 0.537043
0.670107 0.552288
0.292589 0.398341
0.297696 0.404510
0.302685 0.410308
0.310097 0.418561
0.326191 0.435116
0.360995 0.465923
0.312298 0.164987
0.314535 0.169082
0.317016 0.173581
0.322155 0.182468
0.327579 0.191599
0.333670 0.201392
0.402767 0.459847
0.405771 0.462153
0.409745 0.465169
0.416776 0.470409
0.423717 0.475475
0.430817 0.480555
0.606359 0.524455
0.611134 0.529155
0.615395 0.533391
0.621837 0.539872
0.636544 0.555034
0.649958 0.569312
0.676280 0.598617
0.636165 0.317944
0.641984 0.327027
0.649871 0.339771
0.663066 0.361953
0.674349 0.381881
0.686172 0.403764
0.476695 0.289377
0.481847 0.295047
0.486731 0.300413
0.496898 0.311569
0.506913 0.322554
0.526805 0.344425
0.542689 0.362054
0.344554 0.257219
0.348539 0.262825
0.352133 0.267801
0.359890 0.278178
0.368008 0.288621
0.376840 0.299535
0.404185 0.330868
0.415423 0.342864
0.382927 0.104430
0.388010 0.110407
0.391485 0.114700
0.400837 0.125569
0.409317 0.135553
0.417800 0.145221
0.454062 0.185665
0.465135 0.197900
0.594775 0.361729
0.597624 0.365422
0.602569 0.371986
0.610120 0.382109
0.617544 0.392250
0.620358 0.366456
0.633982 0.386381
0.645393 0.403691
0.656817 0.421627
0.668445 0.440508
0.704379 0.502563
0.411923 0.388769
0.437199 0.411790
0.470475 0.439982
0.513541 0.474636
0.557862 0.510311
0.600937 0.546996
0.713537 0.661255
0.748410 0.700857
0.378043 0.152171
0.381360 0.156553
0.385763 0.162094
0.393854 0.172194
0.402421 0.182703
0.410601 0.192515
0.428161 0.213109
0.438748 0.225241
0.621300 0.231349
0.625634 0.237502
0.630295 0.244237
0.639894 0.258563
0.646969 0.269571
0.483391 0.304078
0.485078 0.305928
0.488601 0.309762
0.492793 0.314329
0.501748 0.324079
0.509329 0.332324
0.149066 0.402116
0.156531 0.418952
0.169240 0.443172
0.192134 0.478463
0.219178 0.510942
0.250987 0.541195
0.350491 0.605260
0.381426 0.619813
0.418340 0.635429
0.235543 0.274105
0.238687 0.281718
0.242426 0.290682
0.250185 0.307394
0.257538 0.321970
0.268271 0.340795
0.636904 0.152098
0.640112 0.156278
0.644391 0.161963
0.651963 0.172308
0.664538 0.190452
0.673167 0.203642
0.693643 0.237706
0.391216 0.246512
0.394225 0.250220
0.398070 0.254918
0.403255 0.261155
0.423594 0.284746
0.296136 0.397144
0.300797 0.402734
0.308212 0.411246
0.318631 0.422491
0.329818 0.433738
0.341125 0.444361
0.353051 0.454849
0.374763 0.472391
0.386464 0.481158
0.399412 0.490406
0.243114 0.082568
0.245253 0.091706
0.247558 0.100943
0.250016 0.109824
0.256880 0.133227
0.272436 0.176604
0.560951 0.354687
0.564781 0.359212
0.568346 0.363479
0.576503 0.373289
0.583679 0.382010
0.591146 0.391237
0.598617 0.400601
0.338821 0.122493
0.344639 0.131272
0.348404 0.136836
0.385631 0.187690
0.412253 0.220450
0.438395 0.250833
0.193380 0.174736
0.194058 0.179671
0.194554 0.183948
0.196090 0.193747
0.199835 0.214432
0.206128 0.241256
0.209075 0.252255
0.212538 0.264077
0.218749 0.154973
0.221490 0.168852
0.224022 0.180017
0.230621 0.205320
0.239764 0.233656
0.248270 0.256737
0.511501 0.522081
0.525176 0.531372
0.539189 0.541000
0.565716 0.559700
0.590663 0.578167
0.615715 0.597847
0.263760 0.418424
0.270729 0.427118
0.279830 0.437725
0.286529 0.445083
0.293005 0.451859
0.442291 0.038372
0.447544 0.042961
0.451378 0.046587
0.460694 0.055075
0.471350 0.064718
0.480706 0.073407
0.506458 0.097857
0.388976 0.369144
0.395891 0.376139
0.403356 0.383481
0.417700 0.397040
0.431171 0.409212
0.444875 0.421142
0.542709 0.356905
0.550940 0.366203
0.560395 0.376952
0.577549 0.396818
0.594235 0.416647
0.610039 0.435985
0.639895 0.474355
0.624875 0.555457
0.642538 0.573170
0.658843 0.590194
0.689885 0.624300
0.720536 0.659629
0.748297 0.692207
0.480438 0.533854
0.487923 0.538413
0.498968 0.545113
0.516773 0.555915
0.534779 0.566984
0.553224 0.578609
0.586455 0.600636
0.602648 0.612040
0.617383 0.622875
0.632066 0.634160
0.509999 0.314604
0.526406 0.332882
0.542726 0.351241
0.557580 0.368196
0.572864 0.385981
0.619808 0.443395
0.632515 0.459928
0.306337 0.197728
0.309482 0.203506
0.315083 0.213430
0.321988 0.225095
0.340500 0.253729
0.357576 0.277442
0.376920 0.301854
0.246054 0.108020
0.247307 0.112730
0.249052 0.119110
0.252307 0.130449
0.256211 0.143260
0.278250 0.201370
0.426053 0.153826
0.429980 0.158288
0.435141 0.164045
0.444024 0.173898
0.454084 0.185042
0.463457 0.195371
0.475205 0.208389
0.482819 0.216855
0.493767 0.229101
0.503416 0.239958
0.513343 0.251256
0.451458 0.348834
0.456389 0.353822
0.461399 0.358840
0.471296 0.368650
0.481126 0.378263
0.490356 0.387200
0.518943 0.414534
0.249334 0.224287
0.250783 0.228240
0.252682 0.233261
0.256164 0.242180
0.260720 0.252782
0.265084 0.262501
0.282063 0.295630
0.288644 0.306969
0.272668 0.101521
0.275587 0.109371
0.280259 0.121335
0.289162 0.142280
0.298755 0.162720
0.309804 0.184089
0.321694 0.205041
0.335081 0.226584
0.349698 0.248128
0.365636 0.269755
0.382524 0.290930
0.399716 0.398037
0.405990 0.403846
0.413660 0.410768
0.430660 0.425520
0.456869 0.446979
0.314603 0.296870
0.319506 0.304108
0.324611 0.311378
0.335018 0.325456
0.356860 0.352166
0.428905 0.295515
0.431218 0.298079
0.434106 0.301263
0.438651 0.306236
0.447853 0.316171
0.456367 0.325221
0.465202 0.334499
0.484984 0.354899
0.503335 0.373523
0.524301 0.380875
0.528571 0.385306
0.535923 0.392928
0.543634 0.400983
0.563218 0.421589
0.578722 0.438222
0.594996 0.456098
0.568094 0.504764
0.577196 0.512743
0.587150 0.521613
0.603781 0.536827
0.635106 0.567067
0.666348 0.599543
0.693602 0.629673
0.204209 0.254045
0.205189 0.258767
0.208005 0.267684
0.212361 0.281699
0.217234 0.295586
0.222573 0.309426
0.239385 0.345253
0.255023 0.372376
0.368581 0.205881
0.372112 0.210683
0.375694 0.215392
0.383534 0.225569
0.391786 0.235969
0.399542 0.245495
0.420458 0.270186
0.429367 0.280334
0.437834 0.289807
0.535697 0.161239
0.538807 0.164625
0.541802 0.167933
0.548332 0.175243
0.553998 0.181690
0.566718 0.196590
0.573905 0.205272
0.580833 0.213835
0.223650 0.242917
0.225497 0.248826
0.227938 0.255781
0.232677 0.269464
0.237893 0.282652
0.244071 0.297113
0.258581 0.326166
0.265420 0.338231
0.273624 0.351564
0.437176 0.392409
0.442021 0.396862
0.449348 0.403502
0.471221 0.422749
0.512108 0.457341
0.522959 0.466419
0.533777 0.475480
0.455037 0.237214
0.463510 0.246733
0.473049 0.257394
0.486909 0.272883
0.520952 0.311095
0.551818 0.346495
0.579604 0.379482
0.609188 0.416378
0.538867 0.277665
0.542582 0.282079
0.546106 0.286287
0.554542 0.296487
0.563041 0.306924
0.476291 0.165995
0.481364 0.171476
0.487441 0.178006
0.498675 0.190269
0.520324 0.214420
0.143419 0.337591
0.145301 0.344415
0.146416 0.349013
0.151555 0.364939
0.161892 0.392383
0.036294 0.268967
0.035832 0.285585
0.036210 0.306802
0.037982 0.338060
0.047692 0.401928
0.068056 0.467029
0.872315 0.245013
0.881468 0.275066
0.891456 0.311725
0.905642 0.371194
0.928533 0.474527
0.301165 0.644639
0.315903 0.651811
0.329645 0.658094
0.360452 0.671002
0.389969 0.682189
0.420171 0.692812
0.481579 0.713178
0.507604 0.721789
0.531699 0.730018
0.376732 0.287989
0.378740 0.290465
0.382298 0.294768
0.385471 0.298572
0.394568 0.309180
0.412034 0.328611
0.421193 0.338368
0.278804 0.192871
0.280797 0.197340
0.283166 0.202478
0.287214 0.211095
0.295592 0.227881
0.317479 0.265836
0.337578 0.295509
0.363242 0.328337
0.279888 0.433295
0.282201 0.435897
0.287069 0.441278
0.292461 0.447001
0.304665 0.459192
0.329405 0.481144
0.352126 0.498755
0.366751 0.509080
0.380095 0.517952
0.382866 0.483738
0.392218 0.490427
0.403695 0.498321
0.424407 0.511858
0.464856 0.536472
0.315691 0.298750
0.320044 0.305185
0.325107 0.312378
0.334865 0.325536
0.354234 0.349393
0.397975 0.395096
0.434493 0.357108
0.440371 0.362966
0.446355 0.368843
0.457770 0.379862
0.478869 0.399650
0.501566 0.420392
0.514232 0.431838
0.523763 0.440434
0.586038 0.192318
0.590095 0.197361
0.593111 0.201142
0.600959 0.211245
0.614582 0.229496
0.628593 0.249389
0.634372 0.257916
0.575299 0.261453
0.578860 0.266019
0.582876 0.271242
0.589567 0.280047
0.607195 0.304158
0.625202 0.330175
0.587128 0.458386
0.590698 0.462219
0.594634 0.466472
0.602064 0.474586
0.609602 0.482938
0.624503 0.499832
0.641216 0.519441
0.602395 0.525156
0.619297 0.541647
0.637628 0.560278
0.670378 0.595560
0.729575 0.664676
0.452614 0.773167
0.473697 0.779292
0.496195 0.785793
0.529679 0.795661
0.634184 0.830532
0.677254 0.848862
0.415224 0.346536
0.417576 0.348976
0.420376 0.351861
0.424645 0.356202
0.434112 0.365660
0.453089 0.383954
0.336064 0.531788
0.342051 0.535750
0.350220 0.540992
0.363835 0.549295
0.393625 0.565985
0.454694 0.280922
0.459551 0.286300
0.465190 0.292488
0.475507 0.303751
0.484642 0.313665
0.503999 0.334553
0.519572 0.351327
0.537772 0.371018
0.412411 0.192911
0.416126 0.197292
0.419784 0.201591
0.425627 0.208406
0.439842 0.224724
0.452327 0.238909
0.466167 0.254432
0.468358 0.353790
0.474291 0.359765
0.481258 0.366721
0.494575 0.379901
0.508120 0.393189
0.133794 0.197184
0.134014 0.202210
0.134135 0.206960
0.134666 0.216836
0.135395 0.231443
0.137837 0.261844
0.580954 0.255339
0.583973 0.259248
0.588216 0.264834
0.593929 0.272437
0.605248 0.287914
0.625899 0.317727
0.590852 0.506527
0.599806 0.515172
0.611332 0.526536
0.624402 0.539768
0.655909 0.573364
0.711905 0.638520
0.455136 0.285575
0.460245 0.291199
0.464596 0.295963
0.473190 0.305321
0.491757 0.325368
0.266586 0.382857
0.273156 0.392054
0.277554 0.397899
0.287255 0.410114
0.310559 0.435968
0.615888 0.102915
0.619539 0.107039
0.624267 0.112480
0.633020 0.122877
0.645486 0.138427
0.674156 0.178135
0.681655 0.189618
0.163953 0.139550
0.164222 0.147936
0.164575 0.155888
0.164916 0.170274
0.167338 0.203881
0.172951 0.245505
0.181533 0.284154
0.546591 0.557470
0.565354 0.570266
0.582161 0.582148
0.616218 0.607762
0.678789 0.661631
0.740450 0.722645
0.752161 0.734668
0.274721 0.090308
0.276437 0.094882
0.278405 0.100054
0.281538 0.107939
0.288820 0.125215
0.689655 0.497023
0.702960 0.519410
0.715357 0.540566
0.735824 0.575544
0.782341 0.651044
0.136888 0.201230
0.136619 0.205903
0.137312 0.215202
0.137481 0.225234
0.139503 0.249238
0.146010 0.293963
0.160448 0.351033
0.168833 0.374179
0.181646 0.402906
0.454102 0.397555
0.457942 0.401049
0.462899 0.405526
0.468480 0.410514
0.482262 0.422670
0.509374 0.446115
0.537611 0.470367
0.152272 0.396899
0.155058 0.403532
0.157521 0.409280
0.162504 0.419814
0.172536 0.438644
0.444347 0.246444
0.447673 0.250203
0.451020 0.253972
0.458810 0.262706
0.472930 0.278417
0.492817 0.300401
0.507372 0.316454
0.552989 0.377343
0.555501 0.380177
0.557852 0.382816
0.561615 0.387043
0.569832 0.396394
0.585573 0.414569
0.599960 0.431597
0.613865 0.448512
0.565334 0.271245
0.569579 0.276586
0.574831 0.283275
0.583895 0.295029
0.600631 0.317509
0.355902 0.218335
0.360360 0.224586
0.365929 0.232204
0.376704 0.246394
0.414562 0.292044
0.425004 0.303738
0.451312 0.331976
0.078773 -0.007282
0.078773 -0.007282
0.078773 -0.007282
0.078773 -0.007282
0.078773 -0.007282
0.356857 0.214718
0.359608 0.218580
0.372334 0.235791
0.392773 0.261675
0.429963 0.304601
0.855171 0.345229
0.857702 0.355234
0.858410 0.357881
0.863649 0.379524
0.871096 0.411334
0.876347 0.434386
0.272955 0.129636
0.274881 0.134722
0.277337 0.140936
0.280567 0.148901
0.288910 0.167970
0.309069 0.207948
0.334259 0.249401
0.428098 0.337049
0.431789 0.340895
0.436017 0.345262
0.443808 0.353185
0.460874 0.370106
0.453925 0.217181
0.458864 0.222734
0.463164 0.227566
0.473686 0.239335
0.493125 0.261130
0.514975 0.285866
0.534774 0.308640
0.620377 0.631710
0.630318 0.639201
0.636036 0.643589
0.651290 0.655762
0.680115 0.680203
0.596040 0.133977
0.600954 0.139662
0.607898 0.147902
0.616788 0.158819
0.637737 0.186323
0.186026 0.153930
0.186908 0.160825
0.187405 0.167132
0.189012 0.180195
0.193823 0.209688
0.199016 0.236260
0.206019 0.263761
0.809871 0.312099
0.812796 0.321428
0.814660 0.327420
0.820258 0.346406
0.829512 0.380084
0.838900 0.416653
0.587832 0.487493
0.594714 0.494391
0.601295 0.501072
0.614274 0.514508
0.638561 0.540691
0.322888 0.537821
0.329100 0.541989
0.334674 0.545611
0.347379 0.553527
0.374101 0.568789
0.399044 0.581694
0.416302 0.590128
0.428985 0.596071
0.632056 0.271916
0.655216 0.308574
0.660669 0.317793
0.686240 0.364103
0.728640 0.453518
0.769343 0.546544
0.789338 0.588951
0.646315 0.263785
0.653614 0.275492
0.660878 0.287467
0.671961 0.306528
0.695822 0.351653
0.718316 0.399571
0.329970 0.616635
0.338792 0.621015
0.348886 0.625826
0.364793 0.633033
0.381272 0.640060
0.400665 0.647932
0.417351 0.654416
0.436412 0.661573
0.455099 0.668434
0.358140 0.424282
0.360689 0.426640
0.364118 0.429768
0.369813 0.434845
0.380831 0.444292
0.407821 0.465685
0.429517 0.481493
0.441218 0.489642
0.452859 0.497547
0.515902 0.328033
0.519869 0.332415
0.523493 0.336438
0.529804 0.343439
0.570791 0.389824
0.513193 0.506286
0.518393 0.510030
0.523278 0.513545
0.533480 0.520926
0.553411 0.535563
0.504103 0.290655
0.509099 0.296271
0.515211 0.303169
0.525820 0.315179
0.548461 0.341208
0.466379 0.295888
0.468804 0.298528
0.472003 0.302015
0.475546 0.305872
0.504107 0.336667
0.437142 0.094321
0.440313 0.097713
0.445681 0.103016
0.454922 0.112487
0.500468 0.159606
0.509839 0.169673
0.578494 0.468142
0.590613 0.480472
0.601048 0.491303
0.620831 0.512458
0.662522 0.560146
0.584684 0.284176
0.587492 0.287878
0.590486 0.291861
0.595305 0.298342
0.605468 0.312359
0.492596 0.816795
0.509622 0.821637
0.525523 0.826197
0.552448 0.833984
0.602487 0.849193
0.534828 0.600412
0.555777 0.612170
0.579650 0.626247
0.621035 0.652977
0.685547 0.702445
0.744295 0.755113
0.745404 0.756172
0.270395 0.309846
0.273987 0.316137
0.277218 0.321749
0.284548 0.333610
0.299980 0.356272
0.209527 0.186988
0.211354 0.195373
0.213119 0.203771
0.217534 0.220843
0.227884 0.255313
0.240192 0.288021
0.256696 0.322530
0.469279 0.491941
0.476380 0.496859
0.484155 0.502183
0.498621 0.512063
0.570617 0.562168
0.583868 0.571984
0.309081 0.504737
0.313891 0.508531
0.319133 0.512554
0.327968 0.519060
0.348978 0.533407
0.348001 0.367847
0.353443 0.373894
0.357997 0.378818
0.369952 0.391187
0.392903 0.413047
0.518764 0.361009
0.522127 0.364581
0.525427 0.368086
0.531264 0.374293
0.543150 0.386991
0.526276 0.174994
0.530954 0.180152
0.536676 0.186560
0.547699 0.199166
0.568388 0.223893
0.419779 0.295086
0.424328 0.300167
0.428662 0.304965
0.438318 0.315457
0.456590 0.334785
0.717241 0.333528
0.719302 0.338107
0.721553 0.343141
0.726024 0.353391
0.734536 0.373679
0.759807 0.439575
0.765787 0.456146
0.573123 0.541035
0.583154 0.549069
0.595376 0.559087
0.610036 0.571490
0.647589 0.605401
0.707951 0.666724
0.490528 0.315509
0.493035 0.318229
0.496989 0.322514
0.500851 0.326699
0.509498 0.336060
0.527436 0.355523
0.543257 0.372825
0.558950 0.390178
0.481983 0.790348
0.507423 0.797671
0.532485 0.805012
0.575330 0.818116
0.650296 0.844629
0.484778 0.257024
0.487565 0.260135
0.490946 0.263927
0.495390 0.268921
0.505401 0.280202
0.525025 0.302539
0.287736 0.227129
0.289759 0.231165
0.292181 0.235934
0.296874 0.244813
0.306546 0.261789
0.317264 0.279098
0.185754 0.086703
0.186061 0.093908
0.186065 0.101177
0.186972 0.117297
0.189209 0.148067
0.193392 0.182335
0.197399 0.206582
0.199723 0.217983
0.287119 0.178076
0.290296 0.184902
0.293939 0.192464
0.300871 0.206171
0.319392 0.238882
0.372399 0.304019
0.376237 0.308655
0.379762 0.312826
0.393237 0.328245
0.405950 0.342056
0.438892 0.282341
0.442460 0.286311
0.446439 0.290712
0.454091 0.299104
0.472168 0.318608
0.487820 0.335240
0.495575 0.343412
0.503681 0.351927
0.554307 0.322485
0.557913 0.326810
0.562387 0.332250
0.570287 0.341913
0.586439 0.362098
0.603113 0.383621
0.618050 0.403604
0.648145 0.338162
0.651709 0.344054
0.653869 0.347575
0.660458 0.358712
0.673428 0.381451
0.684459 0.401747
0.367076 0.116694
0.369584 0.120169
0.373923 0.125678
0.380361 0.134018
0.395362 0.152639
0.411530 0.171931
0.786058 0.241081
0.788793 0.247708
0.792174 0.256195
0.798828 0.273924
0.810595 0.308373
0.821103 0.342943
0.825601 0.358943
0.174931 0.446388
0.179334 0.453532
0.184038 0.460852
0.193083 0.473884
0.211278 0.496923
0.229762 0.516900
0.251997 0.537503
0.530629 0.886773
0.538859 0.889112
0.545776 0.891053
0.562075 0.895654
0.588167 0.903058
0.616933 0.911178
0.636924 0.917081
0.618285 0.490522
0.631577 0.505935
0.648160 0.525801
0.677620 0.562862
0.731318 0.634345
0.758006 0.669898
0.772448 0.688621
0.772448 0.688621
0.510017 0.253043
0.525385 0.270738
0.538590 0.286217
0.568351 0.322279
0.619516 0.389546
0.665241 0.457418
0.687795 0.493966
0.345263 0.371473
0.348673 0.375278
0.352070 0.378994
0.359192 0.386557
0.372790 0.400239
0.390966 0.417202
0.331154 0.087499
0.334946 0.093253
0.338151 0.098263
0.344907 0.108440
0.359114 0.128977
0.375231 0.150709
0.393992 0.174490
0.654510 0.262952
0.656545 0.266153
0.660277 0.272292
0.665219 0.280580
0.676765 0.300784
0.754956 0.310714
0.759528 0.322453
0.764218 0.334970
0.771981 0.356754
0.780572 0.382464
0.125611 0.402397
0.129241 0.411630
0.131518 0.417640
0.138751 0.433851
0.154294 0.463366
0.163617 0.478431
0.172296 0.491153
0.185531 0.508404
0.194276 0.518776
0.601140 0.183192
0.604458 0.187404
0.608744 0.192903
0.615945 0.202402
0.630059 0.221870
0.643808 0.242061
0.501886 0.146397
0.505326 0.149984
0.509747 0.154669
0.516897 0.162314
0.532185 0.179002
0.546280 0.194955
0.561731 0.213164
0.807088 0.376325
0.808680 0.381802
0.810350 0.387678
0.815733 0.407034
0.823354 0.435158
0.829368 0.457613
0.835112 0.478760
0.510266 0.494230
0.519896 0.501390
0.530679 0.509426
0.552380 0.525820
0.590275 0.555726
0.694299 0.462728
0.698664 0.470789
0.702208 0.477415
0.709637 0.491361
0.725794 0.522157
0.441363 0.174701
0.446282 0.180199
0.451167 0.185628
0.508772 0.249976
0.521489 0.264572
0.459348 0.255425
0.478050 0.276277
0.496583 0.296855
0.533030 0.337543
0.686869 0.534275
0.054136 0.158693
0.052471 0.167815
0.050981 0.175225
0.048240 0.189536
0.045553 0.210759
0.686764 0.328006
0.690660 0.335496
0.693781 0.341611
0.701598 0.357443
0.716593 0.389720
0.729820 0.420171
0.736696 0.436640
0.743733 0.453873
0.547382 0.325093
0.552750 0.331439
0.558140 0.337869
0.569390 0.351455
0.595515 0.383966
0.419140 0.482166
0.426659 0.487427
0.433738 0.492282
0.448405 0.502086
0.477456 0.520823
0.661548 0.633798
0.674778 0.646363
0.689684 0.660945
0.703826 0.675204
0.733228 0.705796
0.781698 0.598460
0.787682 0.609621
0.794336 0.621616
0.805222 0.640340
0.805222 0.640340
0.514051 0.284782
0.518356 0.289692
0.523377 0.295454
0.532735 0.306238
0.550853 0.327470
0.564424 0.343724
0.581251 0.364331
0.261212 0.111681
0.262993 0.117177
0.265112 0.123434
0.268645 0.133412
0.275974 0.152719
0.731785 0.226355
0.738789 0.240327
0.746552 0.256895
0.761079 0.290879
0.784789 0.356588
0.795141 0.389566
0.283230 0.244459
0.288973 0.255608
0.294499 0.265829
0.307812 0.288146
0.385918 0.384640
0.460246 0.215513
0.464938 0.220766
0.470116 0.226556
0.479861 0.237454
0.500018 0.260114
0.291399 0.422277
0.308962 0.441099
0.330800 0.461639
0.370557 0.493150
0.460838 0.549179
0.541087 0.593936
0.582646 0.618991
0.612750 0.638889
0.493766 0.464522
0.498588 0.468321
0.503371 0.472083
0.513124 0.479725
0.531529 0.494152
0.552464 0.510792
0.561297 0.517925
0.570323 0.525316
0.545140 0.260067
0.548913 0.264610
0.557144 0.274633
0.561219 0.279672
0.574938 0.296948
0.593508 0.321257
0.387608 0.186442
0.391998 0.191931
0.395515 0.196328
0.403708 0.206361
0.420249 0.226103
0.433089 0.240976
0.450907 0.261205
0.280353 0.115918
0.281624 0.119050
0.283431 0.123465
0.285190 0.127652
0.290264 0.139196
0.312224 0.183196
0.319085 0.195352
0.326365 0.207558
0.609798 0.462472
0.623031 0.478222
0.636175 0.494320
0.661346 0.526470
0.708449 0.590724
0.755446 0.656342
0.775444 0.683215
0.775444 0.683215
0.582578 0.324629
0.585038 0.327851
0.588489 0.332333
0.593235 0.338580
0.604297 0.353467
0.431780 0.457336
0.435998 0.460546
0.441873 0.464972
0.451768 0.472281
0.471270 0.486323
0.480190 0.492599
0.305730 0.464710
0.311360 0.469888
0.320716 0.478098
0.335829 0.490443
0.370016 0.515049
0.453928 0.330878
0.459597 0.336787
0.465464 0.342851
0.477845 0.355495
0.520327 0.397924
0.541608 0.419081
0.539053 0.470937
0.547937 0.478652
0.554406 0.484307
0.567716 0.496076
0.639184 0.564365
0.726156 0.157056
0.728021 0.160121
0.732843 0.168340
0.736434 0.174546
0.745047 0.190203
0.760725 0.221498
0.385102 0.268213
0.388968 0.272956
0.393135 0.277986
0.399120 0.285106
0.421811 0.310845
0.430551 0.320346
0.446977 0.337662
0.333651 0.568777
0.341257 0.573201
0.347238 0.576561
0.361395 0.584195
0.389061 0.597980
0.412922 0.608955
0.427031 0.615149
0.502195 0.713278
0.516074 0.718042
0.535113 0.724726
0.564556 0.735626
0.621605 0.759760
0.661645 0.780180
0.690844 0.797335
0.702306 0.804621
0.657847 0.289860
0.662741 0.298202
0.666609 0.304821
0.673384 0.316734
0.700518 0.369010
0.700049 0.353646
0.704599 0.363085
0.709484 0.373493
0.718924 0.394340
0.736580 0.435758
0.743792 0.453438
0.751146 0.471682
0.689882 0.554497
0.702743 0.572922
0.713289 0.588171
0.738520 0.624734
0.777645 0.679404
0.777645 0.679404
0.603984 0.326828
0.606653 0.330522
0.616465 0.344471
0.628503 0.361995
0.648532 0.392737
0.662636 0.415598
0.274481 0.250846
0.277245 0.256477
0.279770 0.261627
0.285784 0.272977
0.298238 0.294646
0.305417 0.306042
0.446100 0.082796
0.448786 0.085458
0.452207 0.088796
0.457636 0.094194
0.468237 0.104717
0.492362 0.128893
0.406125 0.260049
0.408358 0.262684
0.411096 0.265901
0.413725 0.268971
0.423221 0.279890
0.440941 0.299655
0.349692 0.340651
0.352169 0.343604
0.355236 0.347211
0.358204 0.350644
0.369094 0.362784
0.389436 0.383823
0.405655 0.245285
0.409005 0.249286
0.411243 0.251943
0.414339 0.255571
0.423053 0.265692
0.439730 0.284552
0.456542 0.303027
0.473723 0.321504
0.501347 0.147081
0.507073 0.153066
0.512085 0.158402
0.518899 0.165727
0.536576 0.185219
0.668742 0.819954
0.677447 0.824344
0.686194 0.828898
0.703352 0.838441
0.731504 0.855552
0.731216 0.855413
0.731216 0.855413
0.842245 0.190399
0.845943 0.199562
0.850107 0.210333
0.854940 0.223244
0.866176 0.256492
0.886980 0.331523
0.635649 0.106394
0.638640 0.109924
0.667176 0.146493
0.682588 0.168638
0.690724 0.181145
0.698615 0.193875
0.300026 0.136288
0.302089 0.140509
0.304976 0.146163
0.309956 0.155720
0.320793 0.175319
0.330179 0.190988
0.232882 0.146734
0.234086 0.152230
0.238202 0.167939
0.258347 0.227895
0.276015 0.267203
0.303692 0.315035
0.221618 0.303650
0.225176 0.312153
0.228617 0.320211
0.235403 0.334603
0.264649 0.384510
0.390351 0.240562
0.395836 0.247337
0.401042 0.253663
0.410642 0.265067
0.430895 0.288241
0.202579 0.244285
0.204787 0.253503
0.208040 0.264908
0.214550 0.285614
0.231852 0.327958
0.280229 0.405978
0.409571 0.275524
0.411750 0.278056
0.414026 0.280683
0.417841 0.285051
0.425962 0.294206
0.442577 0.312427
0.458554 0.329421
0.550335 0.341239
0.553208 0.344603
0.556779 0.348796
0.564127 0.357512
0.599462 0.400747
0.402691 0.436643
0.408679 0.441575
0.415496 0.447073
0.427165 0.456202
0.451857 0.474633
0.467823 0.486056
0.485894 0.498723
0.226907 0.096246
0.227885 0.102112
0.229026 0.108425
0.231901 0.122270
0.238408 0.149743
0.242345 0.164171
0.245735 0.175454
0.250061 0.189091
0.255520 0.204731
0.226964 0.234278
0.229089 0.241233
0.231215 0.247851
0.237435 0.264873
0.249271 0.293185
0.265631 0.325126
0.438199 0.408461
0.443637 0.413249
0.448978 0.417893
0.458136 0.425732
0.478412 0.442649
0.271623 0.124899
0.273484 0.129850
0.276243 0.137006
0.279812 0.145865
0.288410 0.165729
0.560652 0.274637
0.569792 0.286080
0.580267 0.299508
0.596871 0.321550
0.636188 0.377837
0.745284 0.568266
0.230401 0.189169
0.231611 0.193878
0.233883 0.201321
0.237695 0.213955
0.246159 0.238334
0.253121 0.255978
0.264166 0.280530
0.181926 0.409568
0.186649 0.418233
0.188180 0.421109
0.194506 0.431873
0.219911 0.468399
0.236154 0.487513
0.348804 0.217174
0.352281 0.222191
0.356182 0.227737
0.363614 0.237955
0.378952 0.258057
0.465580 0.153916
0.467798 0.156258
0.469939 0.158567
0.474304 0.163223
0.484302 0.173943
0.501041 0.192193
0.519552 0.212858
0.528016 0.222524
0.442345 0.243253
0.447261 0.248823
0.452576 0.254812
0.461071 0.264325
0.469537 0.273766
0.478529 0.283730
0.497121 0.304268
0.365139 0.234198
0.368289 0.238399
0.371250 0.242321
0.378208 0.251358
0.391509 0.267932
0.395453 0.195739
0.401354 0.203020
0.407953 0.211021
0.421566 0.227147
0.437515 0.245553
0.524206 0.072351
0.525632 0.073681
0.528655 0.076470
0.531884 0.079532
0.538245 0.085640
0.552501 0.099640
0.565900 0.113406
0.572242 0.120148
0.541627 0.443645
0.547751 0.449412
0.554287 0.455603
0.566778 0.467543
0.589591 0.489883
0.391091 0.178659
0.395496 0.184182
0.402179 0.192332
0.412036 0.204185
0.433489 0.229234
0.535776 0.327605
0.539153 0.331484
0.543395 0.336364
0.549515 0.343453
0.563060 0.359317
0.576624 0.375562
0.582820 0.383054
0.589536 0.391326
0.499388 0.162578
0.503450 0.166937
0.508200 0.172088
0.516228 0.180814
0.533269 0.199868
0.545045 0.213457
0.339887 0.336278
0.343293 0.340504
0.347448 0.345538
0.354635 0.353968
0.382922 0.384196
0.308966 0.354055
0.313369 0.359841
0.318883 0.366805
0.330007 0.380076
0.340471 0.391720
0.402946 0.293834
0.405350 0.296598
0.407917 0.299528
0.412500 0.304700
0.421778 0.314970
0.389626 0.261475
0.394462 0.267359
0.400572 0.274669
0.412914 0.289027
0.439226 0.318095
0.482658 0.114264
0.487973 0.119494
0.494467 0.126068
0.505487 0.137346
0.517355 0.149741
0.308762 0.263496
0.311757 0.268388
0.315361 0.274128
0.319987 0.281290
0.331166 0.297655
0.356478 0.330592
0.330853 0.172938
0.333846 0.177799
0.337511 0.183564
0.343388 0.192669
0.357509 0.213235
0.368414 0.228236
0.384284 0.248839
0.324758 0.146849
0.329168 0.154342
0.334713 0.163298
0.345607 0.180188
0.366610 0.210205
0.387506 0.237487
0.400831 0.253885
0.414793 0.270384
0.315257 0.086890
0.317878 0.091553
0.320719 0.096552
0.327090 0.107534
0.342181 0.131507
0.349979 0.143313
0.364964 0.164403
0.442639 0.486734
0.455426 0.495501
0.469947 0.505237
0.492103 0.519795
0.537570 0.549640
0.621095 0.610146
0.674071 0.655989
0.722497 0.703260
0.736164 0.717241
0.216982 0.175950
0.218879 0.183623
0.220334 0.190461
0.223336 0.202731
0.230021 0.226252
0.248661 0.276866
0.266082 0.312743
0.281397 0.338773
0.279145 0.117371
0.281205 0.122480
0.283542 0.128158
0.288898 0.140532
0.300059 0.164244
0.306923 0.177611
0.257188 0.735523
0.288825 0.749366
0.319445 0.761330
0.390341 0.785263
0.458338 0.805459
0.525776 0.824666
0.588625 0.843348
0.162346 0.639994
0.172810 0.648375
0.184699 0.657294
0.204927 0.671129
0.250571 0.697485
0.290377 0.716290
0.572087 0.230105
0.574593 0.233243
0.577372 0.236747
0.581506 0.242003
0.590209 0.253323
0.618425 0.292401
0.626028 0.303607
0.633238 0.314506
0.382159 0.136578
0.385155 0.140289
0.388820 0.144784
0.394105 0.151255
0.405392 0.164868
0.461069 0.169546
0.480750 0.190980
0.497270 0.209242
0.532948 0.249918
0.598466 0.332256
0.631253 0.378670
0.656266 0.417246
0.133141 0.180081
0.133130 0.188010
0.133043 0.200339
0.136606 0.261637
0.147724 0.322996
0.552200 0.327513
0.555139 0.331013
0.558880 0.335504
0.565282 0.343222
0.579029 0.360108
0.588725 0.372238
0.600288 0.387009
0.415405 0.212345
0.418821 0.216379
0.423680 0.222070
0.464909 0.268869
0.478832 0.284318
0.530783 0.180171
0.534927 0.184803
0.539417 0.189874
0.547175 0.198771
0.563675 0.218346
0.576754 0.234539
0.691448 0.929141
0.701365 0.932729
0.711567 0.936617
0.724815 0.942023
0.738481 0.948069
0.738481 0.948069
0.322056 0.390630
0.327426 0.396652
0.334457 0.404233
0.347083 0.417060
0.370366 0.438502
0.215232 0.071498
0.217403 0.089400
0.218985 0.100742
0.222449 0.121090
0.266655 0.264227
0.422884 0.211640
0.427373 0.216869
0.435542 0.226266
0.443455 0.235285
0.464267 0.258723
0.471370 0.322415
0.476939 0.328324
0.483516 0.335261
0.495626 0.347957
0.517516 0.370764
0.257632 0.276797
0.262261 0.286486
0.266313 0.294594
0.276492 0.313203
0.299180 0.348652
0.316104 0.370955
0.345185 0.403638
0.357108 0.147526
0.359560 0.150973
0.362934 0.155547
0.367887 0.162313
0.378355 0.176215
0.388474 0.189235
0.241875 0.254614
0.243636 0.259721
0.247093 0.267856
0.252429 0.280247
0.266478 0.308872
0.277651 0.328477
0.294072 0.353512
0.453735 0.182088
0.457277 0.186014
0.461076 0.190191
0.468927 0.198853
0.485849 0.217634
0.500145 0.233652
0.516583 0.252358
0.355770 0.333298
0.358915 0.337039
0.363031 0.341854
0.370067 0.349843
0.378807 0.359396
0.392681 0.373810
0.542519 0.858075
0.557979 0.862478
0.572260 0.866590
0.600091 0.874793
0.647819 0.889767
0.393009 0.236602
0.395773 0.240016
0.399342 0.244376
0.404024 0.250037
0.415154 0.263208
0.365524 0.127215
0.369001 0.131705
0.372719 0.136748
0.379174 0.145028
0.397235 0.167585
0.408990 0.181862
0.631694 0.163017
0.633451 0.165310
0.635850 0.168493
0.640386 0.174605
0.647589 0.184561
0.663515 0.207985
0.676213 0.228186
0.323089 0.177456
0.327348 0.184620
0.331144 0.190796
0.339534 0.204032
0.372570 0.250556
0.393587 0.276777
0.709746 0.240381
0.712034 0.244710
0.714914 0.250290
0.720084 0.260575
0.724309 0.269210
0.728971 0.279104
0.732706 0.287219
0.259375 0.090560
0.262093 0.099254
0.265060 0.108325
0.270501 0.123893
0.283478 0.156582
0.319126 0.226157
0.355951 0.280706
0.412760 0.346980
0.465665 0.129171
0.470472 0.134084
0.475563 0.139378
0.482748 0.146855
0.500437 0.165602
0.517701 0.184367
0.454219 0.304824
0.456332 0.307121
0.458610 0.309571
0.462466 0.313719
0.470639 0.322448
0.486158 0.338829
0.514110 0.367973
0.332358 0.268805
0.336650 0.275045
0.340843 0.280993
0.369200 0.317592
0.384941 0.335753
0.395339 0.347094
0.412960 0.257978
0.416611 0.262258
0.421094 0.267434
0.429322 0.276825
0.446990 0.296489
0.458270 0.308751
0.466934 0.318054
0.475604 0.327270
0.531085 0.292833
0.534644 0.296989
0.538379 0.301353
0.546289 0.310712
0.561289 0.328718
0.575520 0.346215
0.461465 0.548120
0.469223 0.552503
0.473455 0.554853
0.488183 0.563025
0.513630 0.577160
0.437964 0.518003
0.444452 0.522000
0.450526 0.525704
0.460665 0.531776
0.483629 0.545377
0.248572 0.725989
0.265380 0.733902
0.288081 0.743763
0.314824 0.754384
0.385070 0.778505
0.508750 0.814755
0.502554 0.117393
0.507838 0.122680
0.511558 0.126428
0.521265 0.136412
0.537662 0.153816
0.522257 0.114401
0.528187 0.120369
0.534204 0.126583
0.546477 0.139476
0.570827 0.166522
0.705161 0.263475
0.708861 0.270722
0.713695 0.280303
0.717313 0.287747
0.741441 0.342612
0.664440 0.802492
0.672834 0.806917
0.684574 0.813330
0.697837 0.821048
0.731681 0.842462
0.731681 0.842462
0.377252 0.372607
0.392620 0.388051
0.407784 0.402363
0.438218 0.428956
0.501512 0.478987
0.547706 0.514455
0.189610 0.122278
0.190015 0.130019
0.191069 0.141180
0.192483 0.155976
0.201161 0.211368
0.516483 0.091925
0.520022 0.095358
0.524540 0.099775
0.533523 0.108659
0.551380 0.126977
0.566454 0.143245
0.583815 0.163058
0.610675 0.496148
0.616541 0.502547
0.622361 0.508977
0.634068 0.522156
0.656510 0.548389
0.681136 0.578613
0.691352 0.591528
0.444244 0.208553
0.448866 0.213743
0.453216 0.218658
0.462115 0.228664
0.480522 0.249266
0.199602 0.106950
0.200114 0.114472
0.201472 0.125568
0.203200 0.141149
0.208721 0.175644
0.227778 0.250763
0.253054 0.311825
0.301354 0.386871
0.316226 0.641642
0.331691 0.648901
0.347635 0.655914
0.377734 0.668097
0.432727 0.687972
0.483627 0.705146
0.537695 0.723832
0.612450 0.259252
0.617931 0.267025
0.623543 0.275159
0.634740 0.291991
0.645526 0.308978
0.640814 0.864845
0.652376 0.869024
0.665202 0.873873
0.683510 0.881305
0.701662 0.889292
0.714602 0.895505
0.476495 0.497644
0.487379 0.505098
0.498453 0.512630
0.519625 0.527022
0.559992 0.555068
0.590747 0.577749
0.609052 0.592023
0.626818 0.606581
0.485331 0.667465
0.510835 0.677188
0.533757 0.686223
0.572013 0.702369
0.638112 0.735439
0.678350 0.760079
0.705566 0.778956
0.548447 0.082601
0.552151 0.086232
0.557610 0.091574
0.565396 0.099434
0.574088 0.108451
0.741267 0.962717
0.741267 0.962717
0.741267 0.962717
0.741267 0.962717
0.741267 0.962717
0.271197 0.373295
0.273562 0.376736
0.276678 0.381135
0.282044 0.388450
0.293575 0.403043
0.269842 0.152285
0.272679 0.159684
0.276151 0.168445
0.283072 0.184573
0.298864 0.217096
0.585102 0.403785
0.594464 0.415008
0.604023 0.426681
0.621880 0.449109
0.657181 0.496177
0.681197 0.530320
0.522873 0.270432
0.526870 0.275069
0.531706 0.280724
0.540080 0.290585
0.555612 0.309198
0.428218 0.283773
0.432853 0.288966
0.437393 0.294017
0.445368 0.302767
0.469614 0.328711
0.476511 0.335947
0.493988 0.354102
0.699412 0.157548
0.702275 0.161973
0.705008 0.166272
0.709144 0.172890
0.717167 0.186310
0.734751 0.218388
0.276466 0.170651
0.278446 0.175387
0.280514 0.180291
0.285102 0.190501
0.301573 0.223638
0.308666 0.236340
0.520536 0.089645
0.526196 0.095100
0.532375 0.101128
0.543277 0.112066
0.564944 0.134852
0.263665 0.204664
0.267928 0.215280
0.272996 0.227020
0.284033 0.250041
0.337693 0.333902
0.549143 0.754352
0.572271 0.762518
0.592440 0.770121
0.628323 0.785039
0.658604 0.799405
0.693250 0.818177
0.283824 0.248928
0.286106 0.253363
0.289179 0.259292
0.294364 0.268681
0.305031 0.286747
0.329177 0.322228
0.353390 0.352363
0.382698 0.383823
0.567358 0.140323
0.573052 0.146664
0.578035 0.152331
0.589648 0.165895
0.609023 0.189980
0.526935 0.257879
0.531521 0.263238
0.538031 0.270905
0.548014 0.282844
0.567641 0.306955
0.288082 0.257196
0.295201 0.270243
0.302966 0.283465
0.310736 0.295794
0.319326 0.308555
0.334537 0.037431
0.338931 0.044223
0.343997 0.051265
0.354654 0.066371
0.378287 0.096586
0.396490 0.118441
0.426218 0.152490
0.519391 0.087670
0.522898 0.091057
0.527139 0.095221
0.535898 0.103760
0.553092 0.121335
0.564330 0.133282
0.581770 0.152775
0.291943 0.073452
0.294730 0.079599
0.297134 0.084590
0.302446 0.095826
0.314909 0.119682
0.329001 0.144414
0.339141 0.160655
0.539129 0.348130
0.546359 0.356322
0.553087 0.363982
0.569416 0.382845
0.595312 0.413651
0.206343 0.209311
0.208231 0.217265
0.210451 0.226862
0.214470 0.242145
0.248757 0.329317
0.288155 0.289331
0.291107 0.294488
0.294993 0.300915
0.303701 0.314681
0.325092 0.344538
0.566603 0.165520
0.570478 0.169967
0.574922 0.175168
0.583109 0.184969
0.598114 0.203687
0.610914 0.220555
0.618076 0.230367
0.625170 0.240402
0.316241 0.357674
0.320434 0.362968
0.324375 0.367811
0.332382 0.377264
0.348919 0.395361
0.477212 0.488000
0.485041 0.493536
0.495581 0.500967
0.513227 0.513350
0.541104 0.533068
0.537020 0.457169
0.543507 0.462979
0.550655 0.469418
0.563569 0.481161
0.574810 0.491540
0.389062 0.206304
0.391852 0.209786
0.396226 0.215222
0.402837 0.223339
0.415629 0.238627
0.442615 0.269661
0.478744 0.309406
0.493266 0.325088
0.526687 0.116078
0.529783 0.119182
0.533477 0.122972
0.539122 0.128823
0.550980 0.141398
0.573317 0.166373
0.189483 0.155701
0.190269 0.164715
0.192296 0.179296
0.196053 0.202780
0.206810 0.251792
0.383426 0.342122
0.389867 0.349125
0.396219 0.355856
0.410045 0.369955
0.437140 0.395788
0.429777 0.083250
0.435844 0.089408
0.441192 0.094836
0.453502 0.107286
0.477674 0.131900
0.495990 0.150918
0.508689 0.164419
0.521546 0.178402
0.440481 0.165428
0.445270 0.170647
0.449918 0.175802
0.459537 0.186391
0.478990 0.207902
0.492733 0.223186
0.508222 0.240645
0.330033 0.091109
0.334801 0.098780
0.338567 0.104455
0.374596 0.155556
0.394843 0.181392
0.535958 0.259589
0.540274 0.264703
0.545396 0.270834
0.554625 0.281996
0.573503 0.305537
0.592484 0.330229
0.243588 0.428552
0.246522 0.432434
0.249515 0.436294
0.254194 0.442158
0.266458 0.456364
0.315258 0.082826
0.317575 0.087050
0.320444 0.092087
0.324640 0.099154
0.334240 0.115048
0.355747 0.147394
0.374315 0.172918
0.484997 0.553379
0.492846 0.557844
0.500552 0.562248
0.516878 0.571597
0.547506 0.589583
0.562247 0.598570
0.576804 0.607736
0.590593 0.616739
0.586229 0.562220
0.594462 0.568762
0.603274 0.575885
0.618470 0.588573
0.649951 0.616520
0.665764 0.631464
0.280372 0.367286
0.282563 0.370361
0.284526 0.373140
0.288402 0.378400
0.295996 0.388306
0.312860 0.408226
0.322311 0.418413
0.330980 0.427223
0.340172 0.436069
0.558981 0.225430
0.561344 0.228288
0.563759 0.231254
0.567588 0.235960
0.575729 0.246183
0.269473 0.458452
0.274205 0.463495
0.279781 0.469203
0.291271 0.480277
0.314772 0.500489
0.331749 0.513428
0.360463 0.532907
0.358888 0.193768
0.362584 0.198877
0.366430 0.204200
0.373904 0.214224
0.389962 0.234864
0.419191 0.269889
-0.359671 0.458178
-0.342634 0.511771
-0.322765 0.563724
-0.264767 0.679149
-0.130153 0.867022
0.292139 0.702735
0.327938 0.717557
0.365054 0.731072
0.430692 0.752107
0.550908 0.788244
0.614820 0.810201
0.417739 0.196083
0.421445 0.200462
0.425861 0.205573
0.434187 0.215179
0.450298 0.233505
0.459845 0.244254
0.468915 0.254414
0.477344 0.263835
0.157526 0.189281
0.158386 0.200284
0.158997 0.209909
0.161464 0.232039
0.167739 0.271932
0.173423 0.296682
0.180709 0.321406
0.187245 0.340729
0.704958 0.693911
0.716196 0.704830
0.728168 0.716658
0.748459 0.736986
0.750616 0.739175
0.574670 0.161123
0.578397 0.165449
0.583240 0.171165
0.590474 0.179906
0.605566 0.198930
0.620391 0.218765
0.627461 0.228697
0.270264 0.402629
0.275620 0.409573
0.281655 0.417005
0.294409 0.431632
0.320993 0.458184
0.335808 0.471160
0.351010 0.483409
0.372403 0.301081
0.375039 0.304282
0.378512 0.308452
0.383459 0.314262
0.393882 0.326137
0.239489 0.754143
0.251521 0.759748
0.265253 0.765852
0.291001 0.776504
0.340341 0.794697
0.370320 0.804645
0.680873 0.175257
0.684493 0.180781
0.689204 0.188192
0.697389 0.201571
0.711884 0.226972
0.718437 0.239259
0.724987 0.252128
0.731333 0.265259
0.625597 0.620314
0.635772 0.628516
0.649158 0.639685
0.671604 0.659385
0.719586 0.705182
0.507818 0.307956
0.515934 0.317004
0.528604 0.331214
0.546895 0.351945
0.584391 0.395836
0.602724 0.418260
0.618802 0.438613
0.636693 0.462135
0.497742 0.644114
0.503330 0.646451
0.511979 0.650124
0.525364 0.655865
0.549380 0.666570
0.454087 0.295100
0.458632 0.300061
0.462743 0.304527
0.471788 0.314292
0.490023 0.333749
0.497336 0.341487
0.506491 0.351156
0.515445 0.360602
0.419803 0.520248
0.422323 0.521786
0.426428 0.524289
0.430132 0.526531
0.439031 0.531801
0.386877 0.639916
0.391989 0.641992
0.401816 0.645959
0.416112 0.651566
0.441958 0.661299
0.468646 0.671095
0.619216 0.684550
0.632692 0.692953
0.645656 0.701451
0.674019 0.721403
0.725259 0.762192
0.215905 0.196570
0.217941 0.204655
0.220097 0.213344
0.224767 0.229925
0.235111 0.261474
0.250933 0.298995
0.259626 0.316312
0.381465 0.502566
0.390459 0.508593
0.405772 0.518434
0.425680 0.530541
0.468432 0.554849
0.548859 0.599682
0.358405 0.502960
0.366355 0.508508
0.376200 0.515119
0.392179 0.525300
0.425380 0.544792
0.437597 0.551561
0.455326 0.561142
0.472059 0.569998
0.518295 0.058122
0.523001 0.062345
0.527458 0.066500
0.538907 0.077150
0.556078 0.093844
0.493242 0.177538
0.496475 0.181050
0.500121 0.185044
0.507318 0.192942
0.520574 0.207756
0.528117 0.216340
0.535070 0.224373
0.542276 0.232833
0.486528 0.113491
0.489973 0.116907
0.493932 0.120948
0.501474 0.128563
0.515602 0.143099
0.528216 0.156506
0.517981 0.306926
0.521274 0.310648
0.525087 0.314973
0.531934 0.322773
0.547730 0.340963
0.555328 0.349812
0.562117 0.357821
0.568669 0.365597
0.675801 0.046179
0.680359 0.051348
0.685005 0.056741
0.702320 0.077981
0.722562 0.105434
0.107255 0.191158
0.106644 0.199772
0.106008 0.208364
0.105741 0.228466
0.107780 0.272124
0.120237 0.354280
0.330931 0.626086
0.347221 0.633776
0.371987 0.644602
0.404846 0.657677
0.479542 0.684748
0.512763 0.696649
0.541552 0.707440
0.388389 0.450929
0.394559 0.455857
0.404898 0.463865
0.415633 0.471880
0.442119 0.490617
0.469176 0.508688
0.501713 0.529765
0.550299 0.561517
0.573939 0.577733
0.250383 0.053222
0.252360 0.061001
0.254229 0.068011
0.258718 0.083771
0.275698 0.133334
0.283582 0.152565
0.291134 0.169432
0.540946 0.328279
0.545579 0.333654
0.550350 0.339232
0.559756 0.350287
0.586821 0.383054
0.560510 0.311613
0.562715 0.314326
0.565240 0.317445
0.568969 0.322075
0.578142 0.333634
0.215856 0.094130
0.216766 0.101613
0.217812 0.108917
0.220188 0.123257
0.225051 0.148372
0.387110 0.721449
0.410332 0.729038
0.433863 0.736418
0.482291 0.751158
0.568765 0.778536
0.256165 0.821361
0.286470 0.833710
0.327252 0.848866
0.388415 0.869770
0.522527 0.910648
0.598085 0.350032
0.600245 0.352918
0.602943 0.356557
0.606572 0.361461
0.615785 0.374209
0.439439 0.396859
0.448751 0.405280
0.460860 0.415977
0.480443 0.432812
0.520634 0.466416
0.558485 0.498211
0.578070 0.515176
0.158085 0.386856
0.164701 0.402455
0.174528 0.422419
0.191063 0.450593
0.229661 0.499919
0.341060 0.584308
0.404136 0.615052
0.462064 0.438311
0.465050 0.440752
0.468506 0.443565
0.475433 0.449160
0.488568 0.459632
0.501098 0.469522
0.507859 0.474834
0.441825 0.876576
0.455139 0.880563
0.466306 0.883894
0.486954 0.889995
0.512051 0.897262
0.555210 0.909629
0.573109 0.914706
0.387145 0.344720
0.392497 0.350484
0.398265 0.356559
0.409152 0.367674
0.422368 0.380618
0.434621 0.392157
0.446658 0.403139
0.458980 0.414073
0.471526 0.424958
0.603814 0.423145
0.608242 0.428652
0.614938 0.437090
0.625960 0.451251
0.636570 0.465216
0.558088 0.577397
0.567891 0.583890
0.583980 0.594846
0.601402 0.607236
0.641495 0.638157
0.657172 0.651292
0.289797 0.457344
0.295152 0.462667
0.301390 0.468622
0.310555 0.476954
0.321524 0.486316
0.344432 0.504079
0.359036 0.514365
0.354338 0.071182
0.357419 0.075595
0.360437 0.079882
0.376674 0.100643
0.387127 0.113385
0.407598 0.137560
0.223601 0.151652
0.225290 0.158838
0.226502 0.164654
0.233393 0.191510
0.248587 0.237870
0.298781 0.292074
0.302570 0.298210
0.306235 0.303936
0.313766 0.315181
0.322751 0.327809
0.344874 0.355727
0.573645 0.277362
0.589248 0.297701
0.605557 0.319894
0.635992 0.364391
0.706161 0.484765
0.399994 0.304968
0.402490 0.307807
0.404760 0.310370
0.409677 0.315855
0.421122 0.328307
0.425969 0.333457
0.431203 0.338951
0.435892 0.343800
0.544372 0.340576
0.546586 0.343137
0.551612 0.348949
0.555549 0.353547
0.564674 0.364223
0.296553 0.153123
0.300645 0.161504
0.314434 0.187569
0.356682 0.253193
0.408556 0.316666
0.369275 0.474094
0.375094 0.478517
0.382286 0.483847
0.394890 0.492811
0.407472 0.501352
0.441948 0.523233
0.557429 0.115720
0.561081 0.119527
0.565844 0.124583
0.573915 0.133340
0.593566 0.155770
0.608844 0.174450
0.387561 0.237261
0.392432 0.243341
0.397727 0.249856
0.407494 0.261541
0.430220 0.287667
0.301067 0.068512
0.303074 0.072423
0.305119 0.076433
0.308264 0.082646
0.315452 0.096299
0.332945 0.126032
0.349247 0.151283
0.362221 0.169734
0.580724 0.409589
0.591187 0.421824
0.601806 0.434462
0.630375 0.469851
0.642073 0.484998
0.649051 0.494224
0.562881 0.269001
0.567502 0.274784
0.572908 0.281637
0.581990 0.293336
0.602868 0.321345
0.612281 0.334553
0.620450 0.346276
0.631887 0.193674
0.636806 0.200527
0.642633 0.208844
0.652486 0.223463
0.669104 0.249848
0.399332 0.365994
0.409492 0.376142
0.420825 0.387047
0.431439 0.396913
0.445480 0.409541
0.468274 0.429227
0.468818 0.029384
0.479547 0.038550
0.490151 0.047919
0.512926 0.068343
0.532935 0.087075
0.389656 0.324217
0.404374 0.340370
0.424618 0.361285
0.458514 0.393786
0.552500 0.477087
0.498118 0.223230
0.501968 0.227544
0.507217 0.233489
0.527201 0.256420
0.555540 0.290212
0.238990 0.128372
0.243324 0.145391
0.248607 0.163642
0.262157 0.202667
0.279034 0.241473
0.595535 0.086805
0.597605 0.088998
0.613370 0.106108
0.633405 0.129636
0.648444 0.148781
0.280676 0.044709
0.282619 0.049826
0.290731 0.069126
0.302030 0.093476
0.317097 0.122303
0.483889 0.138671
0.486976 0.141859
0.500479 0.156030
0.514182 0.170706
0.530616 0.188835
0.406376 0.161190
0.409766 0.165160
0.421583 0.178945
0.436617 0.196208
0.445085 0.205769
0.452342 0.213948
0.333277 0.293254
0.336927 0.298338
0.348512 0.313706
0.362901 0.331412
0.383074 0.354145
0.417394 0.068190
0.438370 0.089324
0.463636 0.114682
0.474960 0.126251
0.486218 0.137817
0.260768 0.099337
0.262953 0.106152
0.271648 0.131067
0.285670 0.165501
0.293801 0.183036
0.301940 0.199194
0.278820 0.078595
0.281693 0.085863
0.292930 0.112248
0.314342 0.155154
0.324264 0.172609
0.335998 0.191689
0.540289 0.116817
0.543492 0.120085
0.554638 0.131790
0.576112 0.155521
0.583277 0.163857
0.491276 0.138936
0.495568 0.143330
0.510077 0.158602
0.531810 0.182293
0.542479 0.194356
0.550134 0.203217
0.728863 0.217665
0.732625 0.224886
0.745886 0.252215
0.757372 0.278295
0.763966 0.294543
0.771106 0.313256
0.254861 0.198758
0.267787 0.231394
0.285254 0.267452
0.293325 0.281993
0.302425 0.297139
0.680046 0.249698
0.704124 0.294394
0.723863 0.336364
0.732958 0.357640
0.741614 0.379088
0.454247 0.082744
0.474296 0.102264
0.494569 0.122437
0.506171 0.134248
0.515142 0.143535
0.484565 0.249613
0.488997 0.254586
0.499874 0.266830
0.510126 0.278449
0.517371 0.286700
0.524750 0.295171
0.216354 0.077961
0.220368 0.106785
0.225713 0.136183
0.229796 0.154484
0.232884 0.167645
