53.475266
66.281317
58.971577
63.901670
68.088746
74.995515
59.873794
72.591468
69.156357
64.554255
52.649973
84.201745
72.419057
68.959238
75.690199
63.786822
60.273069
69.417121
54.007427
58.673116
69.203930
53.568459
68.631617
71.161550
69.388881
73.977808
53.877120
78.699173
85.659584
60.629180
53.759056
65.364607
53.349857
53.564070
71.386817
62.126430
54.155279
53.819011
52.979858
55.244352
70.914044
54.002364
66.229701
75.247188
65.071215
72.317227
74.054357
73.820220
54.282372
74.377626
65.285312
66.515469
67.624802
60.737074
53.074716
53.935669
63.148382
62.467125
54.045912
75.613410
75.479788
53.541037
53.382164
54.316796
79.844394
69.513840
54.663415
67.326818
68.040998
53.908501
66.652900
53.997715
77.988222
67.810137
76.530722
52.367956
74.292450
64.259486
54.485868
69.185228
53.401803
54.019368
59.771666
68.342963
55.760665
86.186910
53.873905
53.778561
71.951112
53.065678
80.547942
62.267752
58.567013
68.949623
53.356284
68.749641
87.464356
78.617815
53.717640
63.667141
