8.077291870117187500e+01
8.100078582763671875e+01
8.122865295410156250e+01
8.145652008056640625e+01
8.168438720703125000e+01
8.191225433349609375e+01
8.214012145996093750e+01
8.236798858642578125e+01
4.666955566406250000e+01
4.708615875244140625e+01
4.750276184082031250e+01
4.791936492919921875e+01
4.833596801757812500e+01
4.875257110595703125e+01
4.916917419433593750e+01
4.958577728271484375e+01
7.342398071289062500e+01
7.417878723144531250e+01
7.493360137939453125e+01
7.568840789794921875e+01
7.644322204589843750e+01
7.719802856445312500e+01
7.795283508300781250e+01
7.870764923095703125e+01
5.402227020263671875e+01
5.464629745483398438e+01
5.527032470703125000e+01
5.589435195922851562e+01
5.651837921142578125e+01
5.714240264892578125e+01
5.776642990112304688e+01
5.839045715332031250e+01
6.397042846679687500e+01
6.476480102539062500e+01
6.555918121337890625e+01
6.635356140136718750e+01
6.714793395996093750e+01
6.794231414794921875e+01
6.873668670654296875e+01
6.953106689453125000e+01
7.940888977050781250e+01
8.015291595458984375e+01
8.089694213867187500e+01
8.164096832275390625e+01
8.238500213623046875e+01
8.312902832031250000e+01
8.387305450439453125e+01
8.461708068847656250e+01
5.688733673095703125e+01
5.763466262817382812e+01
5.838198852539062500e+01
5.912931442260742188e+01
5.987664031982421875e+01
6.062397003173828125e+01
6.137129592895507812e+01
6.211862182617187500e+01
5.762225341796875000e+01
5.823983001708984375e+01
5.885741043090820312e+01
5.947499084472656250e+01
6.009256744384765625e+01
6.071014785766601562e+01
6.132772827148437500e+01
6.194530868530273438e+01
5.919990158081054688e+01
6.001317596435546875e+01
6.082645034790039062e+01
6.163972473144531250e+01
6.245299530029296875e+01
6.326626968383789062e+01
6.407954406738281250e+01
6.489282226562500000e+01
8.557167816162109375e+01
8.620066833496093750e+01
8.682965850830078125e+01
8.745864868164062500e+01
8.808763885498046875e+01
8.871662902832031250e+01
8.934562683105468750e+01
8.997460937500000000e+01
8.221905517578125000e+01
8.295205688476562500e+01
8.368505096435546875e+01
8.441804504394531250e+01
8.515104675292968750e+01
8.588404083251953125e+01
8.661703491210937500e+01
8.735003662109375000e+01
9.838455200195312500e+01
9.899005126953125000e+01
9.959555816650390625e+01
1.002010650634765625e+02
1.008065643310546875e+02
1.014120635986328125e+02
1.020175781250000000e+02
1.026230773925781250e+02
7.158142852783203125e+01
7.180621337890625000e+01
7.203099822998046875e+01
7.225578308105468750e+01
7.248056793212890625e+01
7.270535278320312500e+01
7.293013763427734375e+01
7.315492248535156250e+01
7.090161895751953125e+01
7.112873077392578125e+01
7.135584259033203125e+01
7.158296203613281250e+01
7.181007385253906250e+01
7.203719329833984375e+01
7.226430511474609375e+01
7.249141693115234375e+01
6.839894866943359375e+01
6.862577056884765625e+01
6.885260009765625000e+01
6.907942962646484375e+01
6.930625915527343750e+01
6.953308868408203125e+01
6.975991821289062500e+01
6.998674011230468750e+01
7.184976196289062500e+01
7.259100341796875000e+01
7.333224487304687500e+01
7.407348632812500000e+01
7.481472015380859375e+01
7.555596160888671875e+01
7.629720306396484375e+01
7.703844451904296875e+01
7.830097961425781250e+01
7.852836608886718750e+01
7.875575256347656250e+01
7.898313903808593750e+01
7.921052551269531250e+01
7.943791198730468750e+01
7.966529846191406250e+01
7.989268493652343750e+01
5.986220550537109375e+01
6.054234313964843750e+01
6.122248458862304688e+01
6.190262603759765625e+01
6.258276748657226562e+01
6.326290512084960938e+01
6.394304656982421875e+01
6.462318420410156250e+01
7.517443084716796875e+01
7.552694702148437500e+01
7.587947082519531250e+01
7.623198699951171875e+01
7.658451080322265625e+01
7.693702697753906250e+01
7.728955078125000000e+01
7.764207458496093750e+01
7.002079010009765625e+01
7.073640441894531250e+01
7.145202636718750000e+01
7.216764831542968750e+01
7.288326263427734375e+01
7.359888458251953125e+01
7.431450653076171875e+01
7.503012084960937500e+01
6.227278900146484375e+01
6.293888854980468750e+01
6.360498809814453125e+01
6.427108764648437500e+01
6.493719482421875000e+01
6.560329437255859375e+01
6.626939392089843750e+01
6.693549346923828125e+01
3.832475662231445312e+01
3.887967681884765625e+01
3.943459320068359375e+01
3.998950958251953125e+01
4.054442596435546875e+01
4.109934234619140625e+01
4.165426254272460938e+01
4.220917892456054688e+01
7.451612854003906250e+01
7.531361389160156250e+01
7.611110687255859375e+01
7.690859222412109375e+01
7.770608520507812500e+01
7.850357055664062500e+01
7.930106353759765625e+01
8.009854888916015625e+01
7.488265991210937500e+01
7.510924530029296875e+01
7.533583068847656250e+01
7.556241607666015625e+01
7.578900146484375000e+01
7.601559448242187500e+01
7.624217987060546875e+01
7.646876525878906250e+01
7.968966674804687500e+01
8.042167663574218750e+01
8.115368652343750000e+01
8.188570404052734375e+01
8.261771392822265625e+01
8.334972381591796875e+01
8.408173370361328125e+01
8.481374359130859375e+01
6.197443008422851562e+01
6.268286514282226562e+01
6.339130020141601562e+01
6.409973144531250000e+01
6.480816650390625000e+01
6.551660156250000000e+01
6.622503662109375000e+01
6.693347167968750000e+01
5.060971832275390625e+01
5.120215225219726562e+01
5.179458999633789062e+01
5.238702392578125000e+01
5.297946166992187500e+01
5.357189941406250000e+01
5.416433715820312500e+01
5.475677490234375000e+01
7.066742706298828125e+01
7.145565032958984375e+01
7.224388122558593750e+01
7.303210449218750000e+01
7.382032775878906250e+01
7.460855102539062500e+01
7.539677429199218750e+01
7.618499755859375000e+01
6.511093139648437500e+01
6.573793792724609375e+01
6.636495208740234375e+01
6.699195861816406250e+01
6.761896514892578125e+01
6.824597167968750000e+01
6.887298583984375000e+01
6.949999237060546875e+01
6.583992767333984375e+01
6.655349731445312500e+01
6.726706695556640625e+01
6.798063659667968750e+01
6.869419860839843750e+01
6.940776824951171875e+01
7.012133789062500000e+01
7.083490753173828125e+01
7.283251953125000000e+01
7.360233306884765625e+01
7.437214660644531250e+01
7.514196014404296875e+01
7.591177368164062500e+01
7.668158721923828125e+01
7.745140075683593750e+01
7.822121429443359375e+01
6.851995849609375000e+01
6.921482849121093750e+01
6.990969085693359375e+01
7.060456085205078125e+01
7.129942321777343750e+01
7.199429321289062500e+01
7.268915557861328125e+01
7.338402557373046875e+01
7.859770202636718750e+01
7.882434844970703125e+01
7.905099487304687500e+01
7.927764129638671875e+01
7.950428771972656250e+01
7.973094177246093750e+01
7.995758819580078125e+01
8.018423461914062500e+01
6.837688446044921875e+01
6.907829284667968750e+01
6.977970886230468750e+01
7.048111724853515625e+01
7.118253326416015625e+01
7.188394165039062500e+01
7.258535766601562500e+01
7.328676605224609375e+01
7.120123291015625000e+01
7.202970123291015625e+01
7.285816955566406250e+01
7.368663024902343750e+01
7.451509857177734375e+01
7.534356689453125000e+01
7.617203521728515625e+01
7.700050354003906250e+01
7.672627258300781250e+01
7.750278472900390625e+01
7.827929687500000000e+01
7.905580902099609375e+01
7.983232116699218750e+01
8.060883331298828125e+01
8.138534545898437500e+01
8.216185760498046875e+01
5.098796844482421875e+01
5.173180007934570312e+01
5.247563552856445312e+01
5.321946716308593750e+01
5.396330261230468750e+01
5.470713806152343750e+01
5.545096969604492188e+01
5.619480514526367188e+01
7.542182922363281250e+01
7.564862060546875000e+01
7.587541961669921875e+01
7.610221099853515625e+01
7.632900238037109375e+01
7.655579376220703125e+01
7.678258514404296875e+01
7.700937652587890625e+01
6.978558349609375000e+01
7.053110504150390625e+01
7.127661895751953125e+01
7.202214050292968750e+01
7.276765441894531250e+01
7.351316833496093750e+01
7.425868988037109375e+01
7.500420379638671875e+01
6.693032073974609375e+01
6.768650817871093750e+01
6.844269561767578125e+01
6.919889068603515625e+01
6.995507812500000000e+01
7.071126556396484375e+01
7.146746063232421875e+01
7.222364807128906250e+01
7.540132904052734375e+01
7.562783813476562500e+01
7.585433959960937500e+01
7.608084869384765625e+01
7.630735015869140625e+01
7.653385925292968750e+01
7.676036071777343750e+01
7.698686981201171875e+01
7.162717437744140625e+01
7.185366058349609375e+01
7.208014678955078125e+01
7.230662536621093750e+01
7.253311157226562500e+01
7.275959777832031250e+01
7.298608398437500000e+01
7.321257019042968750e+01
7.667045593261718750e+01
7.689741516113281250e+01
7.712437438964843750e+01
7.735133361816406250e+01
7.757828521728515625e+01
7.780524444580078125e+01
7.803219604492187500e+01
7.825915527343750000e+01
8.130516052246093750e+01
8.212619781494140625e+01
8.294723510742187500e+01
8.376828002929687500e+01
8.458931732177734375e+01
8.541036224365234375e+01
8.623139953613281250e+01
8.705244445800781250e+01
7.433180236816406250e+01
7.498971557617187500e+01
7.564762878417968750e+01
7.630554199218750000e+01
7.696346282958984375e+01
7.762137603759765625e+01
7.827928924560546875e+01
7.893720245361328125e+01
7.334636688232421875e+01
7.357351684570312500e+01
7.380065917968750000e+01
7.402780914306640625e+01
7.425495910644531250e+01
7.448210144042968750e+01
7.470925140380859375e+01
7.493640136718750000e+01
3.625523376464843750e+01
3.689495086669921875e+01
3.753466415405273438e+01
3.817438125610351562e+01
3.881409835815429688e+01
3.945381546020507812e+01
4.009353256225585938e+01
4.073324584960937500e+01
6.686511230468750000e+01
6.752822875976562500e+01
6.819133758544921875e+01
6.885445404052734375e+01
6.951756286621093750e+01
7.018067932128906250e+01
7.084378814697265625e+01
7.150690460205078125e+01
6.593735504150390625e+01
6.668452453613281250e+01
6.743168640136718750e+01
6.817885589599609375e+01
6.892601776123046875e+01
6.967317962646484375e+01
7.042034912109375000e+01
7.116751098632812500e+01
8.004866790771484375e+01
8.027570343017578125e+01
8.050273895263671875e+01
8.072976684570312500e+01
8.095680236816406250e+01
8.118383789062500000e+01
8.141087341308593750e+01
8.163790893554687500e+01
7.336157989501953125e+01
7.417514801025390625e+01
7.498871612548828125e+01
7.580228424072265625e+01
7.661585235595703125e+01
7.742942047119140625e+01
7.824298858642578125e+01
7.905655670166015625e+01
7.246623992919921875e+01
7.285678100585937500e+01
7.324731445312500000e+01
7.363784790039062500e+01
7.402838897705078125e+01
7.441892242431640625e+01
7.480945587158203125e+01
7.519998931884765625e+01
5.382828140258789062e+01
5.464447021484375000e+01
5.546065902709960938e+01
5.627684783935546875e+01
5.709303665161132812e+01
5.790922546386718750e+01
5.872541427612304688e+01
5.954160308837890625e+01
6.662937927246093750e+01
6.726669311523437500e+01
6.790400695800781250e+01
6.854132080078125000e+01
6.917863464355468750e+01
6.981594848632812500e+01
7.045326232910156250e+01
7.109057617187500000e+01
5.267472457885742188e+01
5.323189926147460938e+01
5.378907394409179688e+01
5.434624862670898438e+01
5.490342330932617188e+01
5.546059417724609375e+01
5.601776885986328125e+01
5.657494354248046875e+01
4.226989746093750000e+01
4.267225646972656250e+01
4.307462310791015625e+01
4.347698593139648438e+01
4.387934875488281250e+01
4.428171157836914062e+01
4.468407440185546875e+01
4.508643722534179688e+01
7.994813537597656250e+01
8.069134521484375000e+01
8.143455505371093750e+01
8.217775726318359375e+01
8.292096710205078125e+01
8.366417694091796875e+01
8.440738677978515625e+01
8.515059661865234375e+01
8.243508148193359375e+01
8.309760284423828125e+01
8.376011657714843750e+01
8.442263793945312500e+01
8.508515167236328125e+01
8.574766540527343750e+01
8.641018676757812500e+01
8.707270812988281250e+01
6.804853057861328125e+01
6.888723754882812500e+01
6.972594451904296875e+01
7.056465148925781250e+01
7.140335845947265625e+01
7.224206542968750000e+01
7.308077239990234375e+01
7.391947937011718750e+01
5.523419952392578125e+01
5.593865203857421875e+01
5.664310455322265625e+01
5.734755706787109375e+01
5.805200958251953125e+01
5.875646209716796875e+01
5.946091461181640625e+01
6.016537094116210938e+01
5.874750518798828125e+01
5.923538970947265625e+01
5.972327423095703125e+01
6.021116256713867188e+01
6.069904708862304688e+01
6.118693161010742188e+01
6.167481994628906250e+01
6.216270446777343750e+01
1.024315032958984375e+02
1.029032516479492188e+02
1.033750000000000000e+02
1.038467407226562500e+02
1.043184967041015625e+02
1.047902374267578125e+02
1.052619934082031250e+02
1.057337341308593750e+02
5.170248413085937500e+01
5.249584960937500000e+01
5.328921508789062500e+01
5.408258056640625000e+01
5.487594985961914062e+01
5.566931533813476562e+01
5.646268081665039062e+01
5.725605010986328125e+01
9.307949829101562500e+01
9.363288116455078125e+01
9.418626403808593750e+01
9.473963928222656250e+01
9.529302215576171875e+01
9.584639739990234375e+01
9.639978027343750000e+01
9.695315551757812500e+01
7.712328338623046875e+01
7.735029602050781250e+01
7.757730865478515625e+01
7.780432128906250000e+01
7.803133392333984375e+01
7.825834655761718750e+01
7.848535156250000000e+01
7.871237182617187500e+01
4.828168487548828125e+01
4.872138977050781250e+01
4.916109085083007812e+01
4.960079193115234375e+01
5.004049682617187500e+01
5.048020172119140625e+01
5.091990280151367188e+01
5.135960388183593750e+01
7.874346923828125000e+01
7.954347991943359375e+01
8.034349060058593750e+01
8.114350128173828125e+01
8.194351196289062500e+01
8.274352264404296875e+01
8.354353332519531250e+01
8.434353637695312500e+01
5.753240966796875000e+01
5.801342010498046875e+01
5.849443435668945312e+01
5.897544479370117188e+01
5.945645523071289062e+01
5.993746566772460938e+01
6.041847610473632812e+01
6.089948654174804688e+01
5.872034072875976562e+01
5.894860839843750000e+01
5.917687225341796875e+01
5.940513992309570312e+01
5.963340759277343750e+01
5.986167144775390625e+01
6.008993911743164062e+01
6.031820678710937500e+01
4.805419158935546875e+01
4.876825714111328125e+01
4.948231506347656250e+01
5.019638442993164062e+01
5.091045379638671875e+01
5.162451934814453125e+01
5.233858489990234375e+01
5.305265426635742188e+01
7.203253173828125000e+01
7.225935363769531250e+01
7.248617553710937500e+01
7.271298980712890625e+01
7.293981170654296875e+01
7.316663360595703125e+01
7.339344787597656250e+01
7.362026977539062500e+01
7.372188568115234375e+01
7.433966064453125000e+01
7.495744323730468750e+01
7.557521820068359375e+01
7.619299316406250000e+01
7.681077575683593750e+01
7.742855072021484375e+01
7.804632568359375000e+01
7.466825103759765625e+01
7.532726287841796875e+01
7.598626708984375000e+01
7.664527893066406250e+01
7.730428314208984375e+01
7.796329498291015625e+01
7.862229919433593750e+01
7.928131103515625000e+01
7.430822753906250000e+01
7.453459167480468750e+01
7.476095581054687500e+01
7.498731231689453125e+01
7.521367645263671875e+01
7.544003295898437500e+01
7.566639709472656250e+01
7.589275360107421875e+01
4.857434844970703125e+01
4.926545715332031250e+01
4.995656967163085938e+01
5.064768218994140625e+01
5.133879089355468750e+01
5.202989959716796875e+01
5.272101211547851562e+01
5.341212463378906250e+01
7.314974212646484375e+01
7.389834594726562500e+01
7.464695739746093750e+01
7.539556121826171875e+01
7.614417266845703125e+01
7.689277648925781250e+01
7.764138793945312500e+01
7.838999938964843750e+01
5.148460388183593750e+01
5.171205520629882812e+01
5.193950653076171875e+01
5.216696166992187500e+01
5.239441299438476562e+01
5.262186431884765625e+01
5.284931945800781250e+01
5.307677078247070312e+01
7.650444793701171875e+01
7.673265075683593750e+01
7.696085357666015625e+01
7.718905639648437500e+01
7.741726684570312500e+01
7.764546966552734375e+01
7.787367248535156250e+01
7.810187530517578125e+01
9.325222015380859375e+01
9.388754272460937500e+01
9.452287292480468750e+01
9.515819549560546875e+01
9.579351806640625000e+01
9.642884826660156250e+01
9.706417083740234375e+01
9.769949340820312500e+01
5.989462280273437500e+01
6.012282943725585938e+01
6.035103607177734375e+01
6.057924652099609375e+01
6.080745315551757812e+01
6.103566360473632812e+01
6.126387023925781250e+01
6.149208068847656250e+01
4.208048248291015625e+01
4.268531036376953125e+01
4.329014205932617188e+01
4.389497375488281250e+01
4.449980163574218750e+01
4.510462951660156250e+01
4.570946121215820312e+01
4.631429290771484375e+01
5.348512268066406250e+01
5.411301422119140625e+01
5.474090576171875000e+01
5.536879348754882812e+01
5.599668502807617188e+01
5.662457656860351562e+01
5.725246810913085938e+01
5.788036346435546875e+01
4.823117065429687500e+01
4.895682525634765625e+01
4.968247985839843750e+01
5.040813446044921875e+01
5.113378906250000000e+01
5.185944366455078125e+01
5.258509826660156250e+01
5.331075286865234375e+01
7.900887298583984375e+01
7.968766784667968750e+01
8.036646270751953125e+01
8.104525756835937500e+01
8.172405242919921875e+01
8.240284729003906250e+01
8.308164215087890625e+01
8.376043701171875000e+01
7.285543060302734375e+01
7.349541473388671875e+01
7.413539123535156250e+01
7.477536773681640625e+01
7.541535186767578125e+01
7.605532836914062500e+01
7.669530487060546875e+01
7.733528137207031250e+01
7.467038726806640625e+01
7.539907836914062500e+01
7.612777709960937500e+01
7.685647583007812500e+01
7.758516693115234375e+01
7.831386566162109375e+01
7.904256439208984375e+01
7.977125549316406250e+01
7.199318695068359375e+01
7.221971130371093750e+01
7.244623565673828125e+01
7.267276000976562500e+01
7.289928436279296875e+01
7.312580871582031250e+01
7.335233306884765625e+01
7.357886505126953125e+01
5.233897399902343750e+01
5.302267837524414062e+01
5.370637893676757812e+01
5.439008331298828125e+01
5.507378387451171875e+01
5.575748443603515625e+01
5.644118881225585938e+01
5.712488937377929688e+01
5.203440093994140625e+01
5.262232971191406250e+01
5.321025848388671875e+01
5.379818344116210938e+01
5.438611221313476562e+01
5.497403717041015625e+01
5.556196594238281250e+01
5.614989471435546875e+01
4.602627944946289062e+01
4.678390121459960938e+01
4.754151916503906250e+01
4.829914093017578125e+01
4.905676269531250000e+01
4.981438446044921875e+01
5.057200622558593750e+01
5.132962417602539062e+01
8.111463928222656250e+01
8.191491699218750000e+01
8.271518707275390625e+01
8.351546478271484375e+01
8.431574249267578125e+01
8.511602020263671875e+01
8.591629791259765625e+01
8.671656799316406250e+01
7.035879516601562500e+01
7.114998626708984375e+01
7.194117736816406250e+01
7.273236083984375000e+01
7.352355194091796875e+01
7.431473541259765625e+01
7.510592651367187500e+01
7.589710998535156250e+01
8.281517028808593750e+01
8.304307556152343750e+01
8.327098083496093750e+01
8.349889373779296875e+01
8.372679901123046875e+01
8.395470428466796875e+01
8.418261718750000000e+01
8.441052246093750000e+01
7.844625854492187500e+01
7.867284393310546875e+01
7.889943695068359375e+01
7.912602233886718750e+01
7.935260772705078125e+01
7.957919311523437500e+01
7.980577850341796875e+01
8.003236389160156250e+01
8.422496795654296875e+01
8.489332580566406250e+01
8.556167602539062500e+01
8.623002624511718750e+01
8.689837646484375000e+01
8.756672668457031250e+01
8.823508453369140625e+01
8.890343475341796875e+01
7.040309143066406250e+01
7.063008880615234375e+01
7.085707855224609375e+01
7.108407592773437500e+01
7.131107330322265625e+01
7.153807067871093750e+01
7.176506805419921875e+01
7.199206542968750000e+01
7.232209777832031250e+01
7.254917144775390625e+01
7.277624511718750000e+01
7.300331878662109375e+01
7.323039245605468750e+01
7.345746612548828125e+01
7.368453979492187500e+01
7.391161346435546875e+01
6.344121551513671875e+01
6.366868972778320312e+01
6.389616012573242188e+01
6.412363433837890625e+01
6.435110473632812500e+01
6.457858276367187500e+01
6.480605316162109375e+01
6.503353118896484375e+01
6.239081573486328125e+01
6.318666076660156250e+01
6.398250198364257812e+01
6.477834320068359375e+01
6.557418823242187500e+01
6.637002563476562500e+01
6.716587066650390625e+01
6.796171569824218750e+01
7.389437866210937500e+01
7.422459411621093750e+01
7.455480957031250000e+01
7.488502502441406250e+01
7.521524810791015625e+01
7.554546356201171875e+01
7.587567901611328125e+01
7.620589447021484375e+01
