0.095676
0.115973
0.037542
0.222824
0.207177
0.176962
0.081088
0.149070
0.065976
0.099061
0.049021
0.114027
0.158259
0.038419
0.176937
0.118702
0.130769
0.027073
0.098569
0.121563
0.078030
0.107380
0.033138
0.057564
0.063877
0.088453
0.074506
0.116024
0.173256
0.125114
0.129750
0.102922
0.032691
0.095808
0.137600
0.181035
0.180042
0.119942
0.062632
0.181494
0.043214
0.109076
0.043360
0.139370
0.162031
0.191502
0.023913
0.070182
0.050721
0.163780
0.141361
0.218298
0.160427
0.101898
0.157561
0.123927
0.148012
0.052067
0.108855
0.069956
0.045430
0.142281
0.201474
0.102205
0.062246
0.146436
0.029392
0.126600
0.042881
0.119789
0.111340
0.029449
0.036077
0.168213
0.174577
0.151431
0.099196
0.099502
0.100795
0.193635
0.122088
0.140837
0.149420
0.084033
0.110023
0.197289
0.025379
0.026556
0.018087
0.178200
0.132332
0.029990
0.141136
0.065565
0.064285
0.112948
0.083029
0.168303
0.020842
0.179825
