0.211748 0.376100
0.214021 0.377192
0.216293 0.378283
0.218550 0.379343
0.220832 0.380460
0.223100 0.381546
0.225366 0.382631
0.227631 0.383713
0.229880 0.384765
0.232142 0.385844
0.234417 0.386949
0.236677 0.388024
0.238936 0.389096
0.241178 0.390138
0.243434 0.391205
0.245689 0.392271
0.247959 0.393363
0.250212 0.394423
0.252465 0.395481
0.254701 0.396510
0.256952 0.397563
0.259218 0.398642
0.261468 0.399691
0.263717 0.400737
0.265949 0.401754
0.268198 0.402796
0.270462 0.403863
0.272710 0.404900
0.274958 0.405935
0.277205 0.406968
0.279436 0.407972
0.281684 0.409002
0.283949 0.410055
0.286198 0.411081
0.288447 0.412105
0.290696 0.413127
0.292928 0.414123
0.295197 0.415168
0.297448 0.416187
0.299701 0.417204
0.301954 0.418222
0.304209 0.419238
0.306446 0.420228
0.308722 0.421269
0.310980 0.422284
0.313241 0.423300
0.315503 0.424315
0.317747 0.425307
0.320012 0.426324
0.322300 0.427367
0.324570 0.428385
0.326842 0.429406
0.329096 0.430404
0.331373 0.431428
0.333653 0.432454
0.335957 0.433506
0.338243 0.434537
0.340532 0.435571
0.342801 0.436584
0.345096 0.437625
0.347417 0.438693
0.349719 0.439741
0.352025 0.440794
0.354311 0.441828
0.356624 0.442891
0.358965 0.443982
0.361287 0.445056
0.363613 0.446135
0.365943 0.447221
0.368278 0.448314
0.370618 0.449413
0.372911 0.450472
0.375311 0.451633
0.377613 0.452708
0.380024 0.453886
0.382388 0.455025
0.384758 0.456173
0.387133 0.457331
0.389513 0.458498
0.391900 0.459675
0.394292 0.460863
0.396690 0.462062
0.399094 0.463272
0.401446 0.464444
0.403920 0.465726
0.406283 0.466922
0.408771 0.468230
0.411206 0.469501
0.413648 0.470786
0.416096 0.472084
0.418551 0.473396
0.421013 0.474722
0.423482 0.476064
0.425972 0.477432
0.428455 0.478805
0.430879 0.480139
0.433443 0.481597
0.435948 0.483018
0.438461 0.484457
0.440980 0.485912
0.443437 0.487328
0.446042 0.488876
0.448512 0.490327
0.451134 0.491913
0.453691 0.493460
0.456256 0.495026
0.458829 0.496611
0.461333 0.498155
0.463997 0.499842
0.466516 0.501425
0.469198 0.503155
0.471730 0.504778
0.474429 0.506553
0.477057 0.508284
0.479611 0.509969
0.482337 0.511813
0.484904 0.513540
0.487649 0.515430
0.490230 0.517202
0.492992 0.519141
0.495676 0.521031
0.498278 0.522869
0.501068 0.524882
0.503776 0.526844
0.506491 0.528831
0.509122 0.530761
0.511948 0.532877
0.514687 0.534937
0.517339 0.536938
0.520191 0.539133
0.522855 0.541183
0.525725 0.543431
0.528403 0.545529
0.531291 0.547832
0.534086 0.550071
0.536784 0.552242
0.539698 0.554627
0.542408 0.556848
0.545340 0.559289
0.548172 0.561660
0.550901 0.563955
0.553858 0.566480
0.556599 0.568825
0.559572 0.571407
0.562326 0.573802
0.565315 0.576440
0.568197 0.578997
0.570967 0.581467
0.573981 0.584191
0.576882 0.586828
0.579790 0.589491
0.582581 0.592060
0.585624 0.594898
0.588550 0.597640
0.591356 0.600283
0.594292 0.603076
0.597363 0.606027
0.600311 0.608874
0.603134 0.611613
0.606224 0.614647
0.609188 0.617572
0.612021 0.620382
0.615129 0.623499
0.617968 0.626355
0.621087 0.629526
0.623931 0.632427
0.627059 0.635652
0.630051 0.638752
0.633045 0.641875
0.636042 0.645023
0.638896 0.648033
0.642044 0.651388
0.644899 0.654441
0.648054 0.657845
0.650910 0.660939
0.654069 0.664392
0.657078 0.667698
0.659932 0.670851
0.663096 0.674375
0.666106 0.677744
0.668956 0.680951
0.671963 0.684358
0.675128 0.687972
0.678133 0.691420
0.680973 0.694695
0.684136 0.698372
0.687133 0.701875
0.690127 0.705395
0.692952 0.708731
0.696105 0.712485
0.699087 0.716055
0.701896 0.719432
0.705038 0.723239
0.707833 0.726642
0.710965 0.730481
0.713746 0.733906
0.716867 0.737778
0.719808 0.741444
0.722565 0.744900
0.725666 0.748813
