1.345231
0.853076
1.198153
0.819597
1.067834
0.851503
1.424376
0.881738
1.597540
1.279738
1.375121
1.007422
0.784448
1.062665
1.044254
0.557684
0.852019
0.961724
1.188030
0.841375
1.083831
1.419986
1.458596
1.298456
1.324457
1.362959
1.246452
0.852642
1.082615
0.700732
1.159355
0.464303
1.085875
0.920293
0.662827
0.769673
1.031870
0.754540
1.099048
0.531965
1.157727
0.527820
0.924662
1.043320
0.480643
0.989065
0.904632
1.655573
1.053084
0.874840
1.075864
0.984007
1.068694
1.581715
0.553293
0.728002
0.356975
1.286076
0.529691
0.664815
0.821280
0.682728
1.210209
1.010219
1.177731
0.827253
0.980103
0.738464
1.138621
0.564530
1.239544
1.122939
0.977419
1.081346
1.127487
1.077633
0.779133
1.366992
1.109197
0.609543
0.685237
0.979632
0.896567
1.137367
1.435537
0.823202
1.243970
1.288574
1.041081
0.540591
1.326540
1.218941
1.277821
1.254785
1.262119
1.434126
0.586369
1.017880
1.026360
0.906709
