0.483955
1.238953
1.827962
1.857609
1.107123
1.542903
1.697478
1.318272
1.631787
1.544090
1.134989
1.320710
1.345230
1.436257
1.277073
1.353251
0.950470
1.082534
0.404318
1.224257
1.344640
0.421022
1.280538
1.056995
1.768304
1.859455
0.327691
2.056008
1.663024
2.545415
0.398255
1.070759
1.333414
0.379843
1.067436
2.372286
0.444924
0.334435
0.703997
0.289426
1.342351
0.380010
1.040464
1.955089
1.256708
1.358120
1.561770
2.201497
0.411858
1.617623
1.601135
2.237076
1.296847
1.941976
1.671016
0.400251
1.196081
1.671318
0.411120
1.841605
1.762632
0.760332
0.502061
0.425100
1.295246
1.316367
0.267359
1.632184
1.350654
0.447093
2.501895
0.477649
1.152350
1.569569
1.380531
0.536207
1.391001
1.326905
0.338298
0.974790
0.757764
0.472426
0.506494
1.064563
0.332553
0.637912
0.349818
0.458753
1.227232
0.743832
1.020216
2.304800
1.702134
1.219306
0.515578
1.883467
0.933193
1.492055
0.440437
2.133572
