-0.930181
-0.027816
0.384947
0.696481
-0.306979
0.041348
0.344411
0.088293
-0.495103
0.295774
0.089114
-0.095372
0.254701
0.109190
-0.170329
-0.555657
-0.679413
-0.213482
-0.502724
-0.425078
0.109402
-0.707558
-0.401236
-0.468461
0.731936
0.742384
-0.245512
0.797909
0.257742
0.937391
-0.252075
-0.382196
0.453634
-0.823951
-0.077793
-0.035912
-0.259440
-0.477860
0.284700
0.386357
-0.120405
-0.533563
-0.232403
0.548149
0.064536
-0.262940
0.315110
0.872003
-0.345519
0.716246
0.247380
0.929971
-0.075148
0.973648
0.999968
-0.462110
-0.097990
0.432785
-0.411875
0.324926
-0.094935
0.104606
-0.249003
-0.146264
-0.395569
-0.225282
-0.461462
0.230352
-0.390072
-0.361916
0.985428
-0.615445
-0.577350
-0.226622
-0.613055
0.068232
0.018739
0.048422
0.190851
-0.374026
-0.525698
-0.896480
-0.698294
-0.179087
0.493052
-0.383170
-0.348416
-0.528284
-0.292844
-0.449103
-0.151315
0.690503
0.851384
-0.395138
-0.202099
0.978063
-0.163021
0.140259
-0.283315
0.855730
