48.370577
48.612694
48.854811
49.096928
49.339045
49.581161
49.823278
50.065395
50.307512
50.549629
50.791746
51.033862
51.275979
51.518096
51.760213
52.002330
52.244446
52.486563
52.728680
52.970797
53.212914
53.455031
53.697147
53.939264
54.181381
54.423498
54.665615
54.907731
55.149848
55.391965
55.634082
55.876199
56.118315
56.360432
56.602549
56.844666
57.086783
57.328900
57.571016
57.813133
58.055250
58.297367
58.539484
58.781600
59.023717
59.265834
59.507951
59.750068
59.992185
60.234301
60.476418
60.718535
60.960652
61.202769
61.444885
61.687002
61.929119
62.171236
62.413353
62.655470
62.897586
63.139703
63.381820
63.623937
63.866054
64.108170
64.350287
64.592404
64.834521
65.076638
65.318755
65.560871
65.802988
66.045105
66.287222
66.529339
66.771455
67.013572
67.255689
67.497806
67.739923
67.982040
68.224156
68.466273
68.708390
68.950507
69.192624
69.434740
69.676857
69.918974
70.161091
70.403208
70.645325
70.887441
71.129558
71.371675
71.613792
71.855909
72.098025
72.340142
72.582259
72.824376
73.066493
73.308610
73.550726
73.792843
74.034960
74.277077
74.519194
74.761310
75.003427
75.245544
75.487661
75.729778
75.971895
76.214011
76.456128
76.698245
76.940362
77.182479
77.424595
77.666712
77.908829
78.150946
78.393063
78.635180
78.877296
79.119413
79.361530
79.603647
79.845764
80.087880
80.329997
80.572114
80.814231
81.056348
81.298465
81.540581
81.782698
82.024815
82.266932
82.509049
82.751165
82.993282
83.235399
83.477516
83.719633
83.961750
84.203866
84.445983
84.688100
84.930217
85.172334
85.414450
85.656567
85.898684
86.140801
86.382918
86.625035
86.867151
87.109268
87.351385
87.593502
87.835619
88.077735
88.319852
88.561969
88.804086
89.046203
89.288320
89.530436
89.772553
90.014670
90.256787
90.498904
90.741020
90.983137
91.225254
91.467371
91.709488
91.951605
92.193721
92.435838
92.677955
92.920072
93.162189
93.404305
93.646422
93.888539
94.130656
94.372773
94.614890
94.857006
95.099123
95.341240
95.583357
95.825474
96.067590
96.309707
96.551824
