7.787342071533203125e+01
7.807065582275390625e+01
7.826789855957031250e+01
7.846514129638671875e+01
7.866238403320312500e+01
7.061703491210937500e+01
7.110331726074218750e+01
7.158959960937500000e+01
7.207588195800781250e+01
7.256216430664062500e+01
5.564724731445312500e+01
5.638201522827148438e+01
5.711678314208984375e+01
5.785155105590820312e+01
5.858631896972656250e+01
5.788925170898437500e+01
5.889259338378906250e+01
5.989593124389648438e+01
6.089926910400390625e+01
6.190260696411132812e+01
6.731821441650390625e+01
6.768605041503906250e+01
6.805387878417968750e+01
6.842171478271484375e+01
6.878954315185546875e+01
7.447926330566406250e+01
7.500036621093750000e+01
7.552147674560546875e+01
7.604257965087890625e+01
7.656369018554687500e+01
7.911273956298828125e+01
7.981831359863281250e+01
8.052389526367187500e+01
8.122946929931640625e+01
8.193505096435546875e+01
6.605075073242187500e+01
6.659690093994140625e+01
6.714305114746093750e+01
6.768920898437500000e+01
6.823535919189453125e+01
7.829462432861328125e+01
7.859938049316406250e+01
7.890412902832031250e+01
7.920888519287109375e+01
7.951364135742187500e+01
6.794646453857421875e+01
6.861854553222656250e+01
6.929063415527343750e+01
6.996271514892578125e+01
7.063480377197265625e+01
7.067383575439453125e+01
7.122043609619140625e+01
7.176703643798828125e+01
7.231364440917968750e+01
7.286024475097656250e+01
6.968379974365234375e+01
7.013832092285156250e+01
7.059283447265625000e+01
7.104735565185546875e+01
7.150186920166015625e+01
7.277558135986328125e+01
7.342062377929687500e+01
7.406565856933593750e+01
7.471070098876953125e+01
7.535573577880859375e+01
6.104694747924804688e+01
6.160463714599609375e+01
6.216232681274414062e+01
6.272001647949218750e+01
6.327770233154296875e+01
7.320948028564453125e+01
7.363117218017578125e+01
7.405286407470703125e+01
7.447455596923828125e+01
7.489625549316406250e+01
7.260691070556640625e+01
7.289376068115234375e+01
7.318061065673828125e+01
7.346745300292968750e+01
7.375430297851562500e+01
5.994961166381835938e+01
6.020306777954101562e+01
6.045652389526367188e+01
6.070998382568359375e+01
6.096343994140625000e+01
6.987026977539062500e+01
7.027415466308593750e+01
7.067803955078125000e+01
7.108192443847656250e+01
7.148580932617187500e+01
6.784719848632812500e+01
6.814964294433593750e+01
6.845207977294921875e+01
6.875452423095703125e+01
6.905696105957031250e+01
6.705652618408203125e+01
6.738338470458984375e+01
6.771025085449218750e+01
6.803710937500000000e+01
6.836396789550781250e+01
7.307361602783203125e+01
7.363142395019531250e+01
7.418922424316406250e+01
7.474703216552734375e+01
7.530484008789062500e+01
7.718801879882812500e+01
7.743444061279296875e+01
7.768086242675781250e+01
7.792729187011718750e+01
7.817371368408203125e+01
7.367195892333984375e+01
7.400670623779296875e+01
7.434145355224609375e+01
7.467620086669921875e+01
7.501094818115234375e+01
7.407588958740234375e+01
7.438887023925781250e+01
7.470185089111328125e+01
7.501483154296875000e+01
7.532781982421875000e+01
4.837056732177734375e+01
4.941011810302734375e+01
5.044966506958007812e+01
5.148921585083007812e+01
5.252876663208007812e+01
8.578907012939453125e+01
8.683953857421875000e+01
8.789000701904296875e+01
8.894047546386718750e+01
8.999094390869140625e+01
6.966959381103515625e+01
7.006074523925781250e+01
7.045189666748046875e+01
7.084304809570312500e+01
7.123419952392578125e+01
9.082110595703125000e+01
9.193154907226562500e+01
9.304199981689453125e+01
9.415244293212890625e+01
9.526289367675781250e+01
5.667051696777343750e+01
5.731751632690429688e+01
5.796451950073242188e+01
5.861152267456054688e+01
5.925852584838867188e+01
9.144521331787109375e+01
9.272186279296875000e+01
9.399851989746093750e+01
9.527517700195312500e+01
9.655183410644531250e+01
7.183448791503906250e+01
7.222308349609375000e+01
7.261167144775390625e+01
7.300026702880859375e+01
7.338886260986328125e+01
7.010210418701171875e+01
7.044328308105468750e+01
7.078446960449218750e+01
7.112564849853515625e+01
7.146682739257812500e+01
7.905864715576171875e+01
7.984565734863281250e+01
8.063266754150390625e+01
8.141967773437500000e+01
8.220668792724609375e+01
7.767816162109375000e+01
7.789751434326171875e+01
7.811685943603515625e+01
7.833620452880859375e+01
7.855555725097656250e+01
6.247774505615234375e+01
6.294032287597656250e+01
6.340290069580078125e+01
6.386548233032226562e+01
6.432805633544921875e+01
5.111754608154296875e+01
5.159990692138671875e+01
5.208227157592773438e+01
5.256463623046875000e+01
5.304699707031250000e+01
6.572892761230468750e+01
6.611466979980468750e+01
6.650041198730468750e+01
6.688615417480468750e+01
6.727189636230468750e+01
7.009820556640625000e+01
7.040825653076171875e+01
7.071831512451171875e+01
7.102836608886718750e+01
7.133842468261718750e+01
8.716520690917968750e+01
8.782989501953125000e+01
8.849457550048828125e+01
8.915925598144531250e+01
8.982393646240234375e+01
5.137670135498046875e+01
5.211250686645507812e+01
5.284831237792968750e+01
5.358411788940429688e+01
5.431992340087890625e+01
6.504771423339843750e+01
6.549098968505859375e+01
6.593427276611328125e+01
6.637755584716796875e+01
6.682083129882812500e+01
6.549140930175781250e+01
6.578466796875000000e+01
6.607791900634765625e+01
6.637117767333984375e+01
6.666443634033203125e+01
6.397616195678710938e+01
6.437247467041015625e+01
6.476879119873046875e+01
6.516510009765625000e+01
6.556141662597656250e+01
8.898909759521484375e+01
8.985412597656250000e+01
9.071914672851562500e+01
9.158416748046875000e+01
9.244919586181640625e+01
7.045286560058593750e+01
7.098619842529296875e+01
7.151953125000000000e+01
7.205286407470703125e+01
7.258619689941406250e+01
6.792719268798828125e+01
6.831158447265625000e+01
6.869597625732421875e+01
6.908037567138671875e+01
6.946476745605468750e+01
8.317523956298828125e+01
8.386044311523437500e+01
8.454565429687500000e+01
8.523085784912109375e+01
8.591606140136718750e+01
5.238508987426757812e+01
5.358094024658203125e+01
5.477678680419921875e+01
5.597263336181640625e+01
5.716848373413085938e+01
6.414319610595703125e+01
6.449712371826171875e+01
6.485105133056640625e+01
6.520497894287109375e+01
6.555890655517578125e+01
7.242709350585937500e+01
7.345046234130859375e+01
7.447383117675781250e+01
7.549719238281250000e+01
7.652056121826171875e+01
7.946369934082031250e+01
8.010403442382812500e+01
8.074436187744140625e+01
8.138469696044921875e+01
8.202503204345703125e+01
5.281871032714843750e+01
5.408592987060546875e+01
5.535314559936523438e+01
5.662036132812500000e+01
5.788758087158203125e+01
7.622666931152343750e+01
7.669047546386718750e+01
7.715428161621093750e+01
7.761808013916015625e+01
7.808188629150390625e+01
8.411186218261718750e+01
8.543565368652343750e+01
8.675944519042968750e+01
8.808323669433593750e+01
8.940702819824218750e+01
8.130120086669921875e+01
8.266030120849609375e+01
8.401940155029296875e+01
8.537849426269531250e+01
8.673759460449218750e+01
6.853686523437500000e+01
6.885184478759765625e+01
6.916681671142578125e+01
6.948179626464843750e+01
6.979677581787109375e+01
5.936799240112304688e+01
5.982132339477539062e+01
6.027465057373046875e+01
6.072798156738281250e+01
6.118130874633789062e+01
7.003878784179687500e+01
7.080956268310546875e+01
7.158033752441406250e+01
7.235110473632812500e+01
7.312188720703125000e+01
6.745378875732421875e+01
6.778499603271484375e+01
6.811620330810546875e+01
6.844740295410156250e+01
6.877861022949218750e+01
5.794244384765625000e+01
5.863440704345703125e+01
5.932637405395507812e+01
6.001833724975585938e+01
6.071030044555664062e+01
5.765923309326171875e+01
5.811395263671875000e+01
5.856866836547851562e+01
5.902338409423828125e+01
5.947809982299804688e+01
7.893358612060546875e+01
7.948872375488281250e+01
8.004385375976562500e+01
8.059899139404296875e+01
8.115412902832031250e+01
7.814880371093750000e+01
7.853858947753906250e+01
7.892838287353515625e+01
7.931816864013671875e+01
7.970796203613281250e+01
6.298759078979492188e+01
6.341955566406250000e+01
6.385152053833007812e+01
6.428348541259765625e+01
6.471545410156250000e+01
6.796091461181640625e+01
6.829756164550781250e+01
6.863420867919921875e+01
6.897085571289062500e+01
6.930751037597656250e+01
6.783494567871093750e+01
6.823409271240234375e+01
6.863323974609375000e+01
6.903238677978515625e+01
6.943153381347656250e+01
5.511061096191406250e+01
5.542578887939453125e+01
5.574097061157226562e+01
5.605615234375000000e+01
5.637133026123046875e+01
6.198934936523437500e+01
6.261887359619140625e+01
6.324839401245117188e+01
6.387791824340820312e+01
6.450743865966796875e+01
6.771044158935546875e+01
6.804894256591796875e+01
6.838745117187500000e+01
6.872595214843750000e+01
6.906445312500000000e+01
6.957788085937500000e+01
6.992605590820312500e+01
7.027422332763671875e+01
7.062239074707031250e+01
7.097056579589843750e+01
8.851603698730468750e+01
8.985551452636718750e+01
9.119499969482421875e+01
9.253447723388671875e+01
9.387395477294921875e+01
6.746765899658203125e+01
6.773786163330078125e+01
6.800806427001953125e+01
6.827825927734375000e+01
6.854846191406250000e+01
7.601699066162109375e+01
7.629768371582031250e+01
7.657837677001953125e+01
7.685906982421875000e+01
7.713975524902343750e+01
6.858190917968750000e+01
6.898051452636718750e+01
6.937912750244140625e+01
6.977774047851562500e+01
7.017635345458984375e+01
6.613166046142578125e+01
6.640250396728515625e+01
6.667335510253906250e+01
6.694419860839843750e+01
6.721504974365234375e+01
7.613331604003906250e+01
7.666861724853515625e+01
7.720392608642578125e+01
7.773923492431640625e+01
7.827454376220703125e+01
6.770274353027343750e+01
6.821219635009765625e+01
6.872165679931640625e+01
6.923111724853515625e+01
6.974057006835937500e+01
9.013786315917968750e+01
9.066267395019531250e+01
9.118747711181640625e+01
9.171228027343750000e+01
9.223709106445312500e+01
5.659410095214843750e+01
5.719923782348632812e+01
5.780437850952148438e+01
5.840951919555664062e+01
5.901465606689453125e+01
6.727931213378906250e+01
6.762329101562500000e+01
6.796726989746093750e+01
6.831124877929687500e+01
6.865522766113281250e+01
8.669316101074218750e+01
8.698872375488281250e+01
8.728430175781250000e+01
8.757987213134765625e+01
8.787544250488281250e+01
6.596883392333984375e+01
6.617283630371093750e+01
6.637683868408203125e+01
6.658084106445312500e+01
6.678484344482421875e+01
5.294482421875000000e+01
5.319354248046875000e+01
5.344226074218750000e+01
5.369097518920898438e+01
5.393969345092773438e+01
7.148016357421875000e+01
7.189818572998046875e+01
7.231620025634765625e+01
7.273421478271484375e+01
7.315223693847656250e+01
4.838690948486328125e+01
4.920556259155273438e+01
5.002421569824218750e+01
5.084286499023437500e+01
5.166152191162109375e+01
5.195651626586914062e+01
5.229736328125000000e+01
5.263821411132812500e+01
5.297906112670898438e+01
5.331991195678710938e+01
6.978175354003906250e+01
7.013465881347656250e+01
7.048756408691406250e+01
7.084046173095703125e+01
7.119336700439453125e+01
7.029708099365234375e+01
7.059188842773437500e+01
7.088669586181640625e+01
7.118150329589843750e+01
7.147631072998046875e+01
6.656198120117187500e+01
6.693505096435546875e+01
6.730812072753906250e+01
6.768119049072265625e+01
6.805426025390625000e+01
9.031297302246093750e+01
9.063207244873046875e+01
9.095117187500000000e+01
9.127027130126953125e+01
9.158937072753906250e+01
7.216381072998046875e+01
7.259359741210937500e+01
7.302338409423828125e+01
7.345317077636718750e+01
7.388296508789062500e+01
5.324649810791015625e+01
5.424385452270507812e+01
5.524121475219726562e+01
5.623857498168945312e+01
5.723593521118164062e+01
8.471416473388671875e+01
8.588560485839843750e+01
8.705705261230468750e+01
8.822849273681640625e+01
8.939994049072265625e+01
7.069409179687500000e+01
7.103088378906250000e+01
7.136767578125000000e+01
7.170447540283203125e+01
7.204126739501953125e+01
8.239923858642578125e+01
8.280774688720703125e+01
8.321625518798828125e+01
8.362475585937500000e+01
8.403326416015625000e+01
5.427182769775390625e+01
5.560147857666015625e+01
5.693112945556640625e+01
5.826078033447265625e+01
5.959043121337890625e+01
6.369347000122070312e+01
6.411825561523437500e+01
6.454304504394531250e+01
6.496783447265625000e+01
6.539261627197265625e+01
7.195862579345703125e+01
7.253391265869140625e+01
7.310919952392578125e+01
7.368448638916015625e+01
7.425977325439453125e+01
7.242887115478515625e+01
7.280551147460937500e+01
7.318215179443359375e+01
7.355879211425781250e+01
7.393543243408203125e+01
5.274703216552734375e+01
5.392357635498046875e+01
5.510012054443359375e+01
5.627666854858398438e+01
5.745321273803710938e+01
