51.913418
63.912741
59.537387
63.265266
65.480682
72.025174
56.169697
73.068229
57.077824
63.742343
51.455550
84.571461
72.309561
69.911698
73.774453
58.703813
64.404819
67.766047
70.518028
57.911693
68.463176
65.623316
64.276740
68.918684
67.337603
75.395321
81.870887
80.994370
88.564001
60.578887
73.623309
60.858624
54.498887
70.294102
69.030743
70.677663
65.268499
75.188792
61.891894
77.226714
70.968688
73.596178
64.393950
74.853193
64.958403
69.853682
71.554424
72.484687
70.390930
75.005654
61.241580
65.589626
64.870645
60.742913
54.113290
72.373695
63.424539
61.209628
69.099754
76.758682
81.641165
63.277269
62.668420
68.240705
79.061398
69.174896
92.722513
68.807303
68.196219
64.431166
66.314672
61.235781
71.669479
66.955713
78.847135
50.090845
74.455926
62.742044
76.465638
67.948650
49.543416
64.449682
83.262842
68.602567
73.650410
81.514372
76.772728
63.487413
72.469739
46.887133
83.453173
62.094701
60.803411
67.162466
64.904920
65.667112
89.993131
77.658064
67.317361
62.016827
