0.697190
1.020898
1.078333
0.607281
0.816469
1.493976
0.657032
0.700310
2.218297
0.682296
1.862486
2.428445
0.874180
0.512066
0.336995
0.786370
1.445042
1.880582
0.525841
1.074291
0.749363
1.125543
1.353948
1.148130
0.758551
1.402812
1.998460
0.997379
0.567437
1.855629
2.376668
1.136835
0.846410
0.781168
1.370856
0.876025
1.630343
0.810999
0.928144
0.722851
0.427929
0.574495
0.662550
1.356175
1.224207
0.488837
1.176925
0.466128
0.754967
0.250878
1.130266
0.863253
1.806597
0.760535
1.248897
0.585425
2.116008
1.333370
1.190303
0.785775
0.669319
0.896224
1.287049
1.716618
1.271305
0.750161
3.298266
0.788700
1.377917
1.547673
0.861271
0.826573
0.946244
0.509929
2.291103
1.052160
0.782594
0.704424
1.252361
0.846318
0.861837
0.675150
2.025801
1.040589
0.884001
1.244018
0.579533
1.392873
0.719115
1.646068
0.897354
0.672740
0.541812
0.676637
1.406125
0.674368
0.970214
1.595178
0.765928
0.969307
