0.168610 0.000118 0.190058
0.167965 0.000828 0.190348
0.167817 0.000947 0.190743
0.168034 0.001443 0.190308
0.162867 0.013802 0.196532
0.161061 0.023540 0.208700
0.166230 0.006459 0.198239
0.168065 0.004183 0.190377
0.178381 0.060714 0.200526
0.236442 0.170638 0.272588
0.132584 0.034053 0.246918
0.152148 -0.006283 0.188597
0.167656 -0.000289 0.189360
0.169413 0.003889 0.186825
0.216887 0.058923 0.142824
0.231579 0.073259 0.102872
0.030265 -0.058586 0.124942
0.074442 -0.042765 0.156633
0.154440 -0.002881 0.188841
0.169754 0.001121 0.187512
0.203737 0.017606 0.138562
0.330991 0.008378 0.042614
0.199358 -0.081162 0.075773
0.075358 -0.047373 0.193086
0.140413 -0.005366 0.198122
0.178507 0.003146 0.177852
0.258877 0.016404 0.139207
0.273453 0.026200 0.186169
0.139884 -0.000732 0.217231
0.155343 -0.003088 0.193426
