7.531095123291015625e+01
7.555178833007812500e+01
7.579263305664062500e+01
7.603347015380859375e+01
7.627431488037109375e+01
6.359783554077148438e+01
6.421859741210937500e+01
6.483936309814453125e+01
6.546012878417968750e+01
6.608089447021484375e+01
5.218528747558593750e+01
5.308401107788085938e+01
5.398273468017578125e+01
5.488145828247070312e+01
5.578018188476562500e+01
5.711436462402343750e+01
5.803245544433593750e+01
5.895054244995117188e+01
5.986863327026367188e+01
6.078672027587890625e+01
5.906248855590820312e+01
5.961936187744140625e+01
6.017623519897460938e+01
6.073310470581054688e+01
6.128997802734375000e+01
6.757832336425781250e+01
6.835166168212890625e+01
6.912500000000000000e+01
6.989833068847656250e+01
7.067166900634765625e+01
6.683924102783203125e+01
6.768227386474609375e+01
6.852531433105468750e+01
6.936834716796875000e+01
7.021138763427734375e+01
6.275878143310546875e+01
6.341991424560546875e+01
6.408104705810546875e+01
6.474217987060546875e+01
6.540331268310546875e+01
6.859410095214843750e+01
6.940612792968750000e+01
7.021816253662109375e+01
7.103018951416015625e+01
7.184221649169921875e+01
6.211874008178710938e+01
6.289416503906250000e+01
6.366959762573242188e+01
6.444502258300781250e+01
6.522044372558593750e+01
6.495990753173828125e+01
6.552764129638671875e+01
6.609538269042968750e+01
6.666311645507812500e+01
6.723085021972656250e+01
6.694869232177734375e+01
6.761341857910156250e+01
6.827815246582031250e+01
6.894287872314453125e+01
6.960760498046875000e+01
6.822928619384765625e+01
6.890396118164062500e+01
6.957864379882812500e+01
7.025331878662109375e+01
7.092800140380859375e+01
5.686925125122070312e+01
5.758776473999023438e+01
5.830628585815429688e+01
5.902480316162109375e+01
5.974332046508789062e+01
6.878050994873046875e+01
6.942205047607421875e+01
7.006359100341796875e+01
7.070512390136718750e+01
7.134666442871093750e+01
6.655548095703125000e+01
6.723331451416015625e+01
6.791115570068359375e+01
6.858898925781250000e+01
6.926683044433593750e+01
5.240633392333984375e+01
5.288608932495117188e+01
5.336584472656250000e+01
5.384560012817382812e+01
5.432535552978515625e+01
6.445420074462890625e+01
6.499607849121093750e+01
6.553795623779296875e+01
6.607983398437500000e+01
6.662171936035156250e+01
7.095941162109375000e+01
7.116345977783203125e+01
7.136751556396484375e+01
7.157156372070312500e+01
7.177561187744140625e+01
6.063922119140625000e+01
6.125366210937500000e+01
6.186810302734375000e+01
6.248254394531250000e+01
6.309698486328125000e+01
6.828262329101562500e+01
6.895636749267578125e+01
6.963011932373046875e+01
7.030386352539062500e+01
7.097761535644531250e+01
7.711225891113281250e+01
7.732384490966796875e+01
7.753543853759765625e+01
7.774703216552734375e+01
7.795862579345703125e+01
6.844444274902343750e+01
6.908660888671875000e+01
6.972878265380859375e+01
7.037094879150390625e+01
7.101311492919921875e+01
7.178070831298828125e+01
7.231361389160156250e+01
7.284651947021484375e+01
7.337942504882812500e+01
7.391233825683593750e+01
4.542523956298828125e+01
4.629556274414062500e+01
4.716588592529296875e+01
4.803620910644531250e+01
4.890653228759765625e+01
8.003942871093750000e+01
8.094272613525390625e+01
8.184602355957031250e+01
8.274932861328125000e+01
8.365262603759765625e+01
7.438581848144531250e+01
7.455332946777343750e+01
7.472084808349609375e+01
7.488835906982421875e+01
7.505587005615234375e+01
8.757726287841796875e+01
8.859163665771484375e+01
8.960601043701171875e+01
9.062038421630859375e+01
9.163475799560546875e+01
5.729873275756835938e+01
5.812125396728515625e+01
5.894377517700195312e+01
5.976629638671875000e+01
6.058881759643554688e+01
8.331279754638671875e+01
8.452253723144531250e+01
8.573226928710937500e+01
8.694201660156250000e+01
8.815174865722656250e+01
7.426486206054687500e+01
7.446607208251953125e+01
7.466728210449218750e+01
7.486848449707031250e+01
7.506969451904296875e+01
6.122264480590820312e+01
6.176007080078125000e+01
6.229750442504882812e+01
6.283493423461914062e+01
6.337236022949218750e+01
7.449595642089843750e+01
7.515817260742187500e+01
7.582039642333984375e+01
7.648261260986328125e+01
7.714482879638671875e+01
7.895897674560546875e+01
7.915065765380859375e+01
7.934234619140625000e+01
7.953403472900390625e+01
7.972572326660156250e+01
5.445057678222656250e+01
5.498925399780273438e+01
5.552793121337890625e+01
5.606660842895507812e+01
5.660528182983398438e+01
4.641156005859375000e+01
4.756639099121093750e+01
4.872121810913085938e+01
4.987604904174804688e+01
5.103087615966796875e+01
6.809398651123046875e+01
6.831679534912109375e+01
6.853960418701171875e+01
6.876241302490234375e+01
6.898522186279296875e+01
7.256890869140625000e+01
7.273741149902343750e+01
7.290592193603515625e+01
7.307442474365234375e+01
7.324293518066406250e+01
7.984143829345703125e+01
8.017875671386718750e+01
8.051608276367187500e+01
8.085340118408203125e+01
8.119072723388671875e+01
6.786959075927734375e+01
6.801942443847656250e+01
6.816925811767578125e+01
6.831909179687500000e+01
6.846893310546875000e+01
5.949107742309570312e+01
6.016407775878906250e+01
6.083707809448242188e+01
6.151007843017578125e+01
6.218307876586914062e+01
7.013870239257812500e+01
7.032971191406250000e+01
7.052072143554687500e+01
7.071173858642578125e+01
7.090274810791015625e+01
5.608559036254882812e+01
5.661096191406250000e+01
5.713633728027343750e+01
5.766170883178710938e+01
5.818708419799804688e+01
8.463846588134765625e+01
8.559518432617187500e+01
8.655191040039062500e+01
8.750862884521484375e+01
8.846534729003906250e+01
6.646993255615234375e+01
6.710014343261718750e+01
6.773035430908203125e+01
6.836056518554687500e+01
6.899078369140625000e+01
5.970590591430664062e+01
6.038807296752929688e+01
6.107024002075195312e+01
6.175240707397460938e+01
6.243457412719726562e+01
7.547205352783203125e+01
7.624275207519531250e+01
7.701344299316406250e+01
7.778414154052734375e+01
7.855484008789062500e+01
5.069817352294921875e+01
5.176068115234375000e+01
5.282318878173828125e+01
5.388569641113281250e+01
5.494820404052734375e+01
6.888504791259765625e+01
6.909267425537109375e+01
6.930030822753906250e+01
6.950793457031250000e+01
6.971556854248046875e+01
6.715474700927734375e+01
6.796513366699218750e+01
6.877552032470703125e+01
6.958590698242187500e+01
7.039629364013671875e+01
6.870202636718750000e+01
6.949694061279296875e+01
7.029185485839843750e+01
7.108676910400390625e+01
7.188168334960937500e+01
5.383635711669921875e+01
5.491763687133789062e+01
5.599891662597656250e+01
5.708020019531250000e+01
5.816147994995117188e+01
7.096725463867187500e+01
7.161558532714843750e+01
7.226390838623046875e+01
7.291223907470703125e+01
7.356056213378906250e+01
7.190309143066406250e+01
7.284859466552734375e+01
7.379409790039062500e+01
7.473960113525390625e+01
7.568510437011718750e+01
7.156090545654296875e+01
7.238072204589843750e+01
7.320054626464843750e+01
7.402037048339843750e+01
7.484019470214843750e+01
7.212104797363281250e+01
7.232353210449218750e+01
7.252602386474609375e+01
7.272850799560546875e+01
7.293099975585937500e+01
5.282252883911132812e+01
5.342364501953125000e+01
5.402475738525390625e+01
5.462587356567382812e+01
5.522698974609375000e+01
6.291161727905273438e+01
6.375029373168945312e+01
6.458896636962890625e+01
6.542764282226562500e+01
6.626632690429687500e+01
7.025379943847656250e+01
7.046089935302734375e+01
7.066800689697265625e+01
7.087511444091796875e+01
7.108222198486328125e+01
5.664332580566406250e+01
5.754295730590820312e+01
5.844259262084960938e+01
5.934222793579101562e+01
6.024186325073242188e+01
5.879157257080078125e+01
5.966738510131835938e+01
6.054319763183593750e+01
6.141900634765625000e+01
6.229481887817382812e+01
7.931378173828125000e+01
7.969737243652343750e+01
8.008095550537109375e+01
8.046453857421875000e+01
8.084812927246093750e+01
7.527536010742187500e+01
7.552434539794921875e+01
7.577333831787109375e+01
7.602232360839843750e+01
7.627131652832031250e+01
6.797615051269531250e+01
6.818947601318359375e+01
6.840280914306640625e+01
6.861614227294921875e+01
6.882947540283203125e+01
6.279037857055664062e+01
6.343987274169921875e+01
6.408937072753906250e+01
6.473886108398437500e+01
6.538835906982421875e+01
6.327013015747070312e+01
6.393050765991210938e+01
6.459088897705078125e+01
6.525126647949218750e+01
6.591164398193359375e+01
6.929585266113281250e+01
6.943457031250000000e+01
6.957328033447265625e+01
6.971199035644531250e+01
6.985070037841796875e+01
6.011471176147460938e+01
6.093211364746093750e+01
6.174951171875000000e+01
6.256690597534179688e+01
6.338430404663085938e+01
6.335667419433593750e+01
6.403434753417968750e+01
6.471202087402343750e+01
6.538969421386718750e+01
6.606737518310546875e+01
7.007592773437500000e+01
7.030001068115234375e+01
7.052410125732421875e+01
7.074818420410156250e+01
7.097227478027343750e+01
7.715168762207031250e+01
7.833300018310546875e+01
7.951431274414062500e+01
8.069561767578125000e+01
8.187693023681640625e+01
6.731983184814453125e+01
6.755823516845703125e+01
6.779664611816406250e+01
6.803504943847656250e+01
6.827345275878906250e+01
7.260111236572265625e+01
7.318105316162109375e+01
7.376099395751953125e+01
7.434093475341796875e+01
7.492086791992187500e+01
6.346012115478515625e+01
6.424846649169921875e+01
6.503681182861328125e+01
6.582515716552734375e+01
6.661351013183593750e+01
6.249241256713867188e+01
6.318497085571289062e+01
6.387753295898437500e+01
6.457009124755859375e+01
6.526265716552734375e+01
6.655677032470703125e+01
6.682139587402343750e+01
6.708601379394531250e+01
6.735063171386718750e+01
6.761525726318359375e+01
6.410415649414062500e+01
6.480278015136718750e+01
6.550140380859375000e+01
6.620002746582031250e+01
6.689865112304687500e+01
8.955591583251953125e+01
9.022077178955078125e+01
9.088562774658203125e+01
9.155048370361328125e+01
9.221533966064453125e+01
6.881896972656250000e+01
6.899069976806640625e+01
6.916243743896484375e+01
6.933416748046875000e+01
6.950590515136718750e+01
6.105857467651367188e+01
6.154660034179687500e+01
6.203462600708007812e+01
6.252265167236328125e+01
6.301068115234375000e+01
8.519812011718750000e+01
8.557975769042968750e+01
8.596139526367187500e+01
8.634303283691406250e+01
8.672467041015625000e+01
6.680435180664062500e+01
6.703976440429687500e+01
6.727516937255859375e+01
6.751057434082031250e+01
6.774598693847656250e+01
6.361664199829101562e+01
6.386767959594726562e+01
6.411872100830078125e+01
6.436975860595703125e+01
6.462080383300781250e+01
6.880197906494140625e+01
6.933651733398437500e+01
6.987105560302734375e+01
7.040559387207031250e+01
7.094013214111328125e+01
6.692523193359375000e+01
6.709597778320312500e+01
6.726672363281250000e+01
6.743746948242187500e+01
6.760821533203125000e+01
4.591740798950195312e+01
4.623091888427734375e+01
4.654443359375000000e+01
4.685794830322265625e+01
4.717146301269531250e+01
7.332315063476562500e+01
7.350096893310546875e+01
7.367878723144531250e+01
7.385660552978515625e+01
7.403442382812500000e+01
7.050148010253906250e+01
7.073088836669921875e+01
7.096029663085937500e+01
7.118970489501953125e+01
7.141911315917968750e+01
6.199159622192382812e+01
6.260659027099609375e+01
6.322158813476562500e+01
6.383658218383789062e+01
6.445157623291015625e+01
8.458025360107421875e+01
8.493833923339843750e+01
8.529641723632812500e+01
8.565450286865234375e+01
8.601258850097656250e+01
7.180670166015625000e+01
7.232198333740234375e+01
7.283726501464843750e+01
7.335253906250000000e+01
7.386782073974609375e+01
5.087798309326171875e+01
5.199374389648437500e+01
5.310950851440429688e+01
5.422526931762695312e+01
5.534103393554687500e+01
7.845420837402343750e+01
7.928356170654296875e+01
8.011291503906250000e+01
8.094226837158203125e+01
8.177162170410156250e+01
6.644969177246093750e+01
6.706177520751953125e+01
6.767385101318359375e+01
6.828593444824218750e+01
6.889801788330078125e+01
7.905676269531250000e+01
7.931192016601562500e+01
7.956706237792968750e+01
7.982221221923828125e+01
8.007736206054687500e+01
5.124763488769531250e+01
5.216712951660156250e+01
5.308662033081054688e+01
5.400611495971679688e+01
5.492560577392578125e+01
6.214119720458984375e+01
6.260656356811523438e+01
6.307192611694335938e+01
6.353729248046875000e+01
6.400265502929687500e+01
6.719868469238281250e+01
6.794887542724609375e+01
6.869906616210937500e+01
6.944925689697265625e+01
7.019944763183593750e+01
7.288890075683593750e+01
7.310980987548828125e+01
7.333071899414062500e+01
7.355162811279296875e+01
7.377253723144531250e+01
5.020210266113281250e+01
5.124166107177734375e+01
5.228122329711914062e+01
5.332078170776367188e+01
5.436034393310546875e+01
