-0.731779
0.216809
0.582446
0.605150
0.109000
0.436593
0.520886
0.280013
0.483814
0.439746
0.127135
0.286286
0.300265
0.362544
0.250213
0.304642
-0.039387
0.080697
-0.894140
0.206939
0.298656
-0.859276
0.250822
0.065435
0.550022
0.584439
-1.088926
0.700910
0.495228
0.870457
-0.908213
0.073003
0.279366
-0.957315
0.076355
0.829997
-0.807788
-1.085406
-0.403256
-1.197260
0.297664
-0.960662
0.051603
0.641788
0.232079
0.311579
0.429626
0.745643
-0.876884
0.483307
0.461995
0.763987
0.259645
0.631446
0.490420
-0.901504
0.185028
0.518003
-0.879588
0.582452
0.559042
-0.263628
-0.699260
-0.850681
0.262221
0.278937
-1.273856
0.491794
0.304822
-0.802016
0.847660
-0.741023
0.149616
0.456311
0.326506
-0.639199
0.335505
0.282438
-1.064764
-0.023935
-0.270441
-0.753894
-0.690865
0.067777
-1.068478
-0.472055
-1.030208
-0.779073
0.207492
-0.344085
0.032179
0.795247
0.500096
0.203114
-0.675605
0.603677
-0.072399
0.406915
-0.816288
0.725878
