45.513224
45.747535
45.981847
46.216158
46.450469
46.684780
46.919092
47.153403
47.387714
47.622025
47.856337
48.090648
48.324959
48.559270
48.793582
49.027893
49.262204
49.496515
49.730827
49.965138
50.199449
50.433761
50.668072
50.902383
51.136694
51.371006
51.605317
51.839628
52.073939
52.308251
52.542562
52.776873
53.011184
53.245496
53.479807
53.714118
53.948429
54.182741
54.417052
54.651363
54.885674
55.119986
55.354297
55.588608
55.822919
56.057231
56.291542
56.525853
56.760164
56.994476
57.228787
57.463098
57.697409
57.931721
58.166032
58.400343
58.634655
58.868966
59.103277
59.337588
59.571900
59.806211
60.040522
60.274833
60.509145
60.743456
60.977767
61.212078
61.446390
61.680701
61.915012
62.149323
62.383635
62.617946
62.852257
63.086568
63.320880
63.555191
63.789502
64.023813
64.258125
64.492436
64.726747
64.961058
65.195370
65.429681
65.663992
65.898303
66.132615
66.366926
66.601237
66.835549
67.069860
67.304171
67.538482
67.772794
68.007105
68.241416
68.475727
68.710039
68.944350
69.178661
69.412972
69.647284
69.881595
70.115906
70.350217
70.584529
70.818840
71.053151
71.287462
71.521774
71.756085
71.990396
72.224707
72.459019
72.693330
72.927641
73.161952
73.396264
73.630575
73.864886
74.099198
74.333509
74.567820
74.802131
75.036443
75.270754
75.505065
75.739376
75.973688
76.207999
76.442310
76.676621
76.910933
77.145244
77.379555
77.613866
77.848178
78.082489
78.316800
78.551111
78.785423
79.019734
79.254045
79.488356
79.722668
79.956979
80.191290
80.425601
80.659913
80.894224
81.128535
81.362846
81.597158
81.831469
82.065780
82.300092
82.534403
82.768714
83.003025
83.237337
83.471648
83.705959
83.940270
84.174582
84.408893
84.643204
84.877515
85.111827
85.346138
85.580449
85.814760
86.049072
86.283383
86.517694
86.752005
86.986317
87.220628
87.454939
87.689250
87.923562
88.157873
88.392184
88.626495
88.860807
89.095118
89.329429
89.563740
89.798052
90.032363
90.266674
90.500986
90.735297
90.969608
91.203919
91.438231
91.672542
91.906853
92.141164
