-0.667075
0.902038
0.724669
0.301503
0.953751
-0.796563
-1.420257
-0.086551
-1.269548
1.049339
-0.252429
0.454720
-0.535751
1.354799
-1.274792
-1.159816
0.386680
0.445662
0.431671
0.166826
-0.885048
-0.412158
-1.082756
-0.931302
-0.318548
0.670162
-0.370214
0.365201
1.230718
0.156661
-0.272751
1.201864
-0.501904
-1.121119
1.169426
-0.025720
0.925412
2.159170
-0.050817
-0.871545
1.062155
2.208009
0.774216
0.347392
-0.405016
1.917661
-1.635598
-0.494777
0.647836
-0.503988
-1.854672
0.474202
-1.486775
-0.490841
-0.203358
-0.931432
1.146966
0.047376
0.664756
-0.369249
1.234806
-1.714481
-1.263853
1.329786
0.850727
-0.020722
0.111219
1.144493
0.076401
0.226409
0.392160
-0.228727
-0.594139
-0.906598
0.850223
-0.404433
0.321511
0.645080
1.818390
-0.114411
-0.041330
1.266978
-0.420701
0.350823
-0.768925
0.505075
0.603522
0.190941
0.354615
0.060513
-1.459895
-0.528530
0.256226
-0.382261
-0.556743
-0.003664
0.839861
-0.546160
-0.041291
-0.756755
