0.261902 0.449173
0.261772 0.455736
0.261658 0.462337
0.261607 0.469628
0.261629 0.478419
0.261685 0.487187
0.261766 0.495602
0.261911 0.503126
0.262122 0.510588
0.262449 0.518542
0.803896 1.046435
0.803896 1.046435
0.803896 1.046435
0.803896 1.046435
0.803896 1.046435
0.803896 1.046435
0.803896 1.046435
0.803896 1.046435
0.803896 1.046435
0.803896 1.046435
0.286323 0.456908
0.288421 0.466481
0.290241 0.474342
0.292698 0.483732
0.295210 0.492550
0.298049 0.501613
0.301368 0.511667
0.304739 0.521032
0.308751 0.532133
0.312767 0.542755
0.517658 0.632021
0.520701 0.636309
0.523730 0.640622
0.526730 0.644939
0.529718 0.649282
0.532662 0.653599
0.535621 0.657966
0.538512 0.662255
0.541482 0.666667
0.544361 0.670951
0.315201 0.453107
0.319880 0.460570
0.325043 0.467944
0.330886 0.475447
0.337359 0.482972
0.344596 0.490677
0.352591 0.498573
0.361396 0.506791
0.371015 0.515462
0.381392 0.524701
0.534221 0.688289
0.550004 0.709306
0.565629 0.728996
0.580734 0.747231
0.594953 0.764129
0.607987 0.779892
0.619658 0.794726
0.630026 0.808934
0.639098 0.822565
0.647042 0.835741
0.524710 0.641550
0.527722 0.645898
0.530698 0.650239
0.533643 0.654568
0.536608 0.658948
0.539523 0.663274
0.542463 0.667650
0.545365 0.671977
0.548233 0.676256
0.551108 0.680540
0.720981 0.986943
0.722549 0.990190
0.724236 0.993618
0.725763 0.996787
0.727390 1.000107
0.728964 1.003342
0.730399 1.006355
0.731957 1.009568
0.733405 1.012617
0.734806 1.015599
0.750153 0.989186
0.751801 0.993741
0.752888 0.997126
0.754207 1.001012
0.756131 1.006215
0.756798 1.008756
0.758688 1.013978
0.760445 1.019082
0.761735 1.023100
0.762950 1.027042
0.314488 0.278127
0.316852 0.283452
0.318762 0.287843
0.320596 0.291846
0.322305 0.295446
0.323681 0.298452
0.325576 0.301799
0.329649 0.306806
0.333625 0.311134
0.337618 0.314907
0.598692 0.676152
0.601373 0.681436
0.603993 0.686677
0.606548 0.691811
0.609055 0.696889
0.611615 0.702153
0.613982 0.706974
0.616259 0.711645
0.618690 0.716712
0.620869 0.721180
0.553749 0.655447
0.556566 0.659881
0.559393 0.664374
0.562099 0.668697
0.564812 0.673047
0.567489 0.677358
0.570166 0.681684
0.572837 0.686008
0.575417 0.690187
0.578041 0.694434
0.777091 0.984875
0.777669 0.987402
0.778180 0.989728
0.779116 0.993518
0.779931 0.997064
0.780153 0.998476
0.781083 1.002249
0.781871 1.005754
0.782454 1.008584
0.782793 1.010444
0.794268 1.050228
0.794268 1.050228
0.794268 1.050228
0.794268 1.050228
0.794268 1.050228
0.794268 1.050228
0.794268 1.050228
0.794268 1.050228
0.794268 1.050228
0.794268 1.050228
0.501761 0.610665
0.506504 0.616864
0.511193 0.623160
0.515844 0.629557
0.520428 0.635992
0.524982 0.642488
0.529501 0.649036
0.533944 0.655559
0.538348 0.662081
0.542772 0.668655
0.296490 0.325912
0.297075 0.328849
0.298964 0.334105
0.300389 0.338339
0.301672 0.342123
0.304031 0.347569
0.304446 0.349658
0.307253 0.355299
0.308424 0.358296
0.310648 0.362571
0.384245 0.634735
0.386299 0.639155
0.388383 0.643608
0.390532 0.648130
0.392746 0.652700
0.395077 0.657415
0.397363 0.661913
0.399841 0.666708
0.402326 0.671371
0.404959 0.676160
0.558693 0.624301
0.560525 0.627088
0.562280 0.629795
0.564018 0.632511
0.565763 0.635287
0.567523 0.638136
0.569157 0.640799
0.570889 0.643662
0.572620 0.646574
0.574197 0.649251
0.743429 0.982234
0.744820 0.986175
0.746143 0.989975
0.748291 0.995433
0.749468 0.998959
0.751019 1.003267
0.752794 1.008035
0.754070 1.011846
0.755910 1.016849
0.757879 1.022277
0.733710 0.968154
0.734937 0.971307
0.735856 0.973794
0.736817 0.976361
0.737456 0.978335
0.738873 0.981773
0.740421 0.985437
0.741726 0.988643
0.742785 0.991356
0.743361 0.993101
0.244343 0.432706
0.243841 0.431550
0.243277 0.438481
0.242712 0.442714
0.242183 0.446285
0.241310 0.455378
0.240998 0.455061
0.239913 0.465786
0.239378 0.468780
0.238604 0.474984
0.594241 0.907718
0.599092 0.909775
0.604506 0.912232
0.610002 0.914936
0.615175 0.917701
0.619343 0.920166
0.623906 0.923009
0.627488 0.925491
0.631242 0.928217
0.634661 0.930889
0.326442 0.453886
0.337062 0.465895
0.349890 0.477847
0.365260 0.489989
0.383685 0.503003
0.404911 0.517348
0.428773 0.534201
0.454200 0.554495
0.479935 0.579078
0.504848 0.608029
0.257457 0.315067
0.257457 0.315067
0.257457 0.315067
0.257457 0.315067
0.257457 0.315067
0.257457 0.315067
0.257457 0.315067
0.257457 0.315067
0.257457 0.315067
0.257457 0.315067
0.372895 0.579421
0.376173 0.585196
0.379496 0.591191
0.382866 0.597407
0.386286 0.603802
0.389778 0.610501
0.393334 0.617362
0.396937 0.624339
0.400680 0.631588
0.404491 0.638897
0.712925 0.981713
0.714252 0.984272
0.715533 0.986759
0.716791 0.989202
0.718045 0.991631
0.719291 0.994044
0.720520 0.996427
0.721769 0.998834
0.722972 1.001171
0.724127 1.003438
0.602659 0.830169
0.614403 0.840321
0.623934 0.849515
0.632612 0.858862
0.640442 0.868249
0.647371 0.877453
0.653517 0.886410
0.659145 0.895258
0.664347 0.903959
0.669088 0.912319
0.369018 0.635056
0.372767 0.644092
0.376680 0.653173
0.380890 0.662507
0.385413 0.672030
0.390353 0.681727
0.395613 0.691296
0.401296 0.700852
0.407540 0.710434
0.414250 0.719849
0.344271 0.546622
0.348019 0.552968
0.351851 0.559589
0.355892 0.566849
0.359870 0.574096
0.364069 0.582134
0.368286 0.590404
0.372598 0.599116
0.377068 0.608350
0.381607 0.617923
0.249672 0.328316
0.249672 0.328316
0.249672 0.328316
0.249672 0.328316
0.249672 0.328316
0.249672 0.328316
0.249672 0.328316
0.249672 0.328316
0.249672 0.328316
0.249672 0.328316
0.291746 0.432694
0.295612 0.446324
0.300543 0.460821
0.306221 0.474912
0.313349 0.489880
0.321651 0.504979
0.331769 0.521822
0.342894 0.539466
0.355571 0.560359
0.369051 0.584420
0.251759 0.324898
0.251759 0.324898
0.251759 0.324898
0.251759 0.324898
0.251759 0.324898
0.251759 0.324898
0.251759 0.324898
0.251759 0.324898
0.251759 0.324898
0.251759 0.324898
0.266270 0.298116
0.266270 0.298116
0.266270 0.298116
0.266270 0.298116
0.266270 0.298116
0.266270 0.298116
0.266270 0.298116
0.266270 0.298116
0.266714 0.304222
0.267719 0.313211
0.516715 0.572681
0.522013 0.578167
0.527221 0.583847
0.532293 0.589666
0.537308 0.595705
0.542183 0.601872
0.546966 0.608213
0.551547 0.614552
0.556045 0.621037
0.560433 0.627633
0.305511 0.306793
0.306610 0.310152
0.309254 0.315815
0.309422 0.317451
0.313080 0.324050
0.313076 0.325282
0.316144 0.330445
0.317085 0.332719
0.319300 0.336281
0.322212 0.340362
0.380762 0.613505
0.383027 0.618228
0.385371 0.623155
0.387702 0.627998
0.390174 0.633172
0.392628 0.638235
0.395151 0.643359
0.397756 0.648612
0.400487 0.653985
0.403203 0.659203
0.422512 0.622191
0.424268 0.625096
0.426049 0.628059
0.427830 0.631023
0.429654 0.634052
0.431483 0.637074
0.433295 0.640055
0.435194 0.643163
0.437043 0.646186
0.438973 0.649317
0.679735 0.901404
0.682502 0.908020
0.685196 0.914439
0.687856 0.920701
0.690458 0.926757
0.693055 0.932691
0.695585 0.938398
0.698108 0.943984
0.700629 0.949458
0.703120 0.954785
0.329821 0.312542
0.332897 0.316810
0.340045 0.323133
0.346057 0.327474
0.353665 0.331494
0.363435 0.334912
0.371975 0.336877
0.386158 0.338399
0.397777 0.338519
0.415170 0.337752
0.473929 0.616086
0.478835 0.622794
0.483745 0.629619
0.488665 0.636537
0.493599 0.643524
0.498563 0.650566
0.503556 0.657633
0.508566 0.664698
0.513600 0.671738
0.518655 0.678726
0.772654 0.989766
0.774190 0.995083
0.775919 1.001334
0.776881 1.005167
0.777611 1.008357
0.778226 1.011195
0.779052 1.014883
0.779781 1.018281
0.779883 1.019439
0.780127 1.020989
0.788193 0.993887
0.790429 1.005665
0.790117 1.005909
0.792566 1.019778
0.793015 1.023775
0.793134 1.026440
0.793084 1.028792
0.793353 1.033088
0.795382 1.046684
0.795863 1.049507
0.770016 0.979285
0.770794 0.982390
0.772371 0.987724
0.773430 0.991684
0.773915 0.994002
0.774366 0.996273
0.775261 0.999903
0.777155 1.006669
0.777953 1.010120
0.778789 1.013827
0.260127 0.310181
0.260127 0.310181
0.260127 0.310181
0.260127 0.310181
0.260127 0.310181
0.260127 0.310181
0.260127 0.310181
0.260127 0.310181
0.260127 0.310181
0.260127 0.310181
0.500823 0.610528
0.503616 0.614155
0.506382 0.617806
0.509115 0.621476
0.511875 0.625225
0.514614 0.629001
0.517305 0.632754
0.520002 0.636556
0.522691 0.640381
0.525344 0.644191
0.714489 0.930970
0.716688 0.937420
0.718987 0.943795
0.721196 0.949777
0.723451 0.955671
0.725807 0.961608
0.728015 0.967138
0.730289 0.972699
0.732393 0.977873
0.734134 0.982354
0.768504 0.975490
0.769461 0.979283
0.770580 0.983522
0.772452 0.989884
0.772334 0.990726
0.774670 0.998605
0.774551 0.999360
0.777037 1.008159
0.777833 1.011763
0.778972 1.016759
0.790912 1.004234
0.790887 1.005096
0.792197 1.012362
0.791736 1.011089
0.793038 1.018643
0.793525 1.022095
0.793899 1.025158
0.793678 1.025068
0.793797 1.026989
0.793656 1.027717
0.480942 0.639083
0.483391 0.642587
0.485822 0.646066
0.488274 0.649568
0.490737 0.653078
0.493207 0.656583
0.495697 0.660099
0.498196 0.663613
0.500701 0.667115
0.503230 0.670628
0.772175 0.988938
0.772420 0.990493
0.773630 0.994704
0.774521 0.998164
0.775259 1.001153
0.776659 1.006184
0.777516 1.009708
0.778407 1.013510
0.778948 1.016038
0.779369 1.018172
0.248130 0.330785
0.248130 0.330785
0.248130 0.330785
0.248130 0.330785
0.248130 0.330785
0.248130 0.330785
0.248130 0.330785
0.248130 0.330785
0.248130 0.330785
0.248130 0.330785
0.464503 0.635628
0.468439 0.641411
0.472423 0.647245
0.476447 0.653094
0.480553 0.659005
0.484696 0.664879
0.488911 0.670773
0.493189 0.676649
0.497500 0.682459
0.501885 0.688241
0.499141 0.720642
0.503242 0.725006
0.507476 0.729389
0.511735 0.733666
0.515961 0.737796
0.520247 0.741881
0.524508 0.745839
0.528739 0.749678
0.532987 0.753458
0.537243 0.757172
0.408851 0.631957
0.411958 0.637625
0.415138 0.643412
0.418359 0.649147
0.421721 0.655055
0.425227 0.661048
0.428774 0.666959
0.432455 0.672894
0.436238 0.678786
0.440236 0.684780
0.727692 0.983232
0.728752 0.985582
0.729737 0.987792
0.730773 0.990082
0.731749 0.992288
0.732680 0.994382
0.733544 0.996367
0.734399 0.998335
0.735216 1.000237
0.736082 1.002228
0.482060 0.635303
0.485412 0.640071
0.488753 0.644831
0.492122 0.649627
0.495502 0.654428
0.498909 0.659242
0.502323 0.664043
0.505767 0.668855
0.509217 0.673636
0.512696 0.678407
0.803943 1.009455
0.804545 1.015285
0.804861 1.019309
0.804581 1.018949
0.804807 1.022588
0.804111 1.020445
0.804464 1.025215
0.806102 1.040742
0.806501 1.045663
0.806501 1.045663
0.620046 0.629939
0.622892 0.636131
0.625660 0.642466
0.628221 0.648543
0.630685 0.654664
0.633120 0.660908
0.635441 0.667121
0.637664 0.673205
0.639749 0.679132
0.641873 0.685325
0.716072 0.974486
0.717969 0.978458
0.719847 0.982368
0.721758 0.986307
0.723538 0.990011
0.725268 0.993627
0.727097 0.997395
0.728742 1.000846
0.730579 1.004622
0.732088 1.007863
0.243354 0.338146
0.243354 0.338146
0.243354 0.338146
0.243354 0.338146
0.243354 0.338146
0.243354 0.338146
0.243354 0.338146
0.243354 0.338146
0.243354 0.338146
0.243354 0.338146
0.784420 0.975194
0.784982 0.977886
0.785872 0.981685
0.786258 0.983835
0.786046 0.983755
0.786805 0.987238
0.788574 0.994768
0.789022 0.997226
0.789437 0.999563
0.789775 1.001602
0.732865 0.975245
0.734449 0.979101
0.735387 0.981734
0.737602 0.986737
0.738278 0.988805
0.740371 0.993572
0.741126 0.995789
0.742518 0.999212
0.743994 1.002807
0.745096 1.005716
0.255213 0.319031
0.255213 0.319031
0.255213 0.319031
0.255213 0.319031
0.255213 0.319031
0.255213 0.319031
0.255213 0.319031
0.255213 0.319031
0.255213 0.319031
0.255213 0.319031
0.243649 0.337704
0.243649 0.337704
0.243649 0.337704
0.243649 0.337704
0.243649 0.337704
0.243649 0.337704
0.243649 0.337704
0.243649 0.337704
0.243649 0.337704
0.243649 0.337704
0.244993 0.335667
0.244993 0.335667
0.244993 0.335667
0.244993 0.335667
0.244993 0.335667
0.244993 0.335667
0.244993 0.335667
0.244993 0.335667
0.244993 0.335667
0.244993 0.335667
0.484863 0.617086
0.489225 0.622982
0.493556 0.628939
0.497926 0.635022
0.502272 0.641134
0.506618 0.647284
0.510965 0.653458
0.515312 0.659644
0.519654 0.665816
0.523992 0.671963
0.348814 0.538209
0.351855 0.542692
0.354927 0.547250
0.358083 0.552008
0.361249 0.556840
0.364481 0.561874
0.367747 0.567060
0.371128 0.572604
0.374550 0.578353
0.378006 0.584299
0.289775 0.352039
0.293569 0.365260
0.297093 0.376819
0.302096 0.389859
0.307200 0.401533
0.313614 0.413502
0.321226 0.425069
0.330326 0.436163
0.341804 0.447207
0.355268 0.457411
0.337890 0.413432
0.345616 0.419385
0.353282 0.424377
0.362231 0.429218
0.373090 0.434117
0.384420 0.438293
0.396639 0.442029
0.411704 0.446067
0.428028 0.449928
0.445677 0.453878
0.840084 0.976731
0.840398 0.977585
0.840256 0.980849
0.840677 0.980835
0.841126 0.980428
0.841035 0.983092
0.841327 0.983566
0.841812 0.982217
0.842111 0.982095
0.842346 0.982200
0.468584 0.625093
0.471218 0.628837
0.473855 0.632602
0.476502 0.636395
0.479137 0.640179
0.481830 0.644045
0.484505 0.647881
0.487215 0.651756
0.489932 0.655626
0.492661 0.659491
0.332177 0.603528
0.333951 0.609162
0.335731 0.614842
0.337571 0.620686
0.339483 0.626696
0.341491 0.632908
0.343607 0.639514
0.345827 0.646153
0.348096 0.652651
0.350607 0.659700
0.364642 0.578157
0.368820 0.586049
0.373087 0.594344
0.377385 0.602894
0.381861 0.612048
0.386463 0.621541
0.391235 0.631360
0.396154 0.641370
0.401397 0.651750
0.406953 0.662275
0.757211 0.973707
0.758538 0.977891
0.759692 0.981682
0.760667 0.985060
0.761392 0.987849
0.762409 0.991351
0.764027 0.996320
0.765149 1.000147
0.765936 1.003142
0.768040 1.009726
0.695111 0.822936
0.695550 0.827802
0.695959 0.832322
0.696472 0.837345
0.696940 0.841830
0.697365 0.846034
0.697911 0.850658
0.698451 0.855058
0.698915 0.858904
0.699421 0.862800
0.355282 0.388217
0.361583 0.391017
0.368345 0.393521
0.376719 0.396025
0.385443 0.398095
0.395074 0.399875
0.405139 0.401277
0.416330 0.402481
0.428694 0.403537
0.441641 0.404422
0.271129 0.366136
0.272084 0.373235
0.272986 0.380178
0.273592 0.386039
0.274214 0.391973
0.275016 0.398606
0.276094 0.406330
0.277042 0.413585
0.277759 0.419879
0.278499 0.426179
0.646960 0.690025
0.649411 0.697838
0.651701 0.705235
0.653908 0.712700
0.656013 0.719937
0.658010 0.726977
0.659910 0.733835
0.661714 0.740505
0.663408 0.746910
0.665118 0.753554
0.276246 0.446054
0.278156 0.462240
0.280079 0.476924
0.282813 0.493784
0.285888 0.509561
0.289893 0.527998
0.294402 0.546716
0.299572 0.568307
0.305250 0.592295
0.311831 0.621021
0.255720 0.318147
0.255720 0.318147
0.255720 0.318147
0.255720 0.318147
0.255720 0.318147
0.255720 0.318147
0.255720 0.318147
0.255720 0.318147
0.255720 0.318147
0.255720 0.318147
0.704505 0.978108
0.706743 0.982242
0.709047 0.986450
0.711349 0.990616
0.713532 0.994600
0.715727 0.998591
0.717790 1.002383
0.719807 1.006110
0.722041 1.010153
0.724014 1.013828
0.643215 0.677224
0.650510 0.700027
0.656890 0.721789
0.662347 0.741723
0.667175 0.760690
0.671340 0.778331
0.675070 0.795238
0.678500 0.811792
0.681436 0.826659
0.684204 0.840856
0.508754 0.650267
0.514097 0.657865
0.519430 0.665450
0.524766 0.673004
0.530110 0.680499
0.535453 0.687897
0.540794 0.695177
0.546137 0.702333
0.551468 0.709340
0.556780 0.716194
0.840877 0.980611
0.841221 0.981754
0.841412 0.983532
0.841668 0.984813
0.842000 0.985476
0.841918 0.988372
0.842443 0.987583
0.842862 0.987171
0.843304 0.986418
0.843581 0.986494
0.578723 0.658242
0.586062 0.671341
0.593118 0.684307
0.599893 0.696930
0.606399 0.709187
0.612659 0.721047
0.618578 0.732282
0.624145 0.742927
0.629495 0.753323
0.634622 0.763506
0.593520 0.664855
0.598245 0.674015
0.602798 0.683055
0.607287 0.692097
0.611659 0.701061
0.615800 0.709605
0.619693 0.717658
0.623485 0.725561
0.627264 0.733521
0.630899 0.741271
0.552770 0.674423
0.556890 0.680687
0.561052 0.687012
0.565159 0.693236
0.569190 0.699302
0.573202 0.705297
0.577184 0.711212
0.581106 0.716999
0.585010 0.722713
0.588838 0.728286
0.373877 0.526893
0.378981 0.531923
0.384215 0.537132
0.389678 0.542701
0.395239 0.548497
0.400925 0.554597
0.406716 0.561021
0.412607 0.567799
0.418545 0.574902
0.424535 0.582343
0.397128 0.401770
0.403466 0.402697
0.410371 0.403578
0.417005 0.404270
0.423045 0.404759
0.429045 0.405175
0.437337 0.405857
0.446390 0.406563
0.454447 0.407108
0.462466 0.407663
0.532869 0.713038
0.539708 0.721065
0.546531 0.728823
0.553327 0.736337
0.560020 0.743558
0.566625 0.750552
0.573114 0.757343
0.579505 0.763988
0.585661 0.770385
0.591579 0.776572
0.599926 0.663501
0.604177 0.672139
0.608311 0.680727
0.612320 0.689240
0.616222 0.697686
0.619965 0.705904
0.623498 0.713689
0.626844 0.721060
0.630125 0.728436
0.633312 0.735650
0.288272 0.393743
0.290697 0.403593
0.293634 0.414058
0.296773 0.424223
0.300425 0.434599
0.304572 0.444919
0.309350 0.455249
0.314954 0.465724
0.321311 0.476060
0.328900 0.486917
0.310485 0.300364
0.314895 0.310250
0.319315 0.318875
0.324578 0.327051
0.331100 0.334925
0.338137 0.341613
0.346507 0.347529
0.356792 0.352635
0.368408 0.356429
0.382569 0.359052
0.510557 0.625661
0.512838 0.628802
0.515093 0.631937
0.517337 0.635086
0.519582 0.638262
0.521818 0.641448
0.524029 0.644621
0.526260 0.647842
0.528456 0.651033
0.530637 0.654219
0.301571 0.292547
0.302810 0.296938
0.303741 0.300660
0.305867 0.306198
0.308343 0.312007
0.310885 0.317553
0.313518 0.322850
0.314939 0.326187
0.316323 0.329330
0.317783 0.332387
0.514983 0.601987
0.525731 0.615853
0.536074 0.630223
0.545959 0.644821
0.555529 0.659631
0.564671 0.674178
0.573590 0.688532
0.582213 0.702397
0.590661 0.715898
0.598768 0.728746
0.261376 0.307827
0.261376 0.307827
0.261376 0.307827
0.261376 0.307827
0.261376 0.307827
0.261376 0.307827
0.261376 0.307827
0.261376 0.307827
0.261376 0.307827
0.261376 0.307827
0.805316 1.045999
0.805316 1.045999
0.805316 1.045999
0.805316 1.045999
0.805316 1.045999
0.805316 1.045999
0.805316 1.045999
0.805316 1.045999
0.805316 1.045999
0.805316 1.045999
0.768297 0.960206
0.768445 0.961615
0.768786 0.963585
0.769763 0.967395
0.771242 0.972678
0.771421 0.974272
0.772250 0.977725
0.774380 0.984971
0.774548 0.986495
0.775351 0.989977
0.280676 0.398079
0.281736 0.404352
0.282859 0.410707
0.284036 0.417118
0.285305 0.423652
0.286543 0.429909
0.287897 0.436305
0.289348 0.442726
0.290909 0.449164
0.292609 0.455676
0.754683 0.979430
0.755996 0.983481
0.757775 0.988627
0.758334 0.990986
0.759465 0.994670
0.761180 0.999721
0.762102 1.002976
0.763716 1.007921
0.764379 1.010584
0.766465 1.016921
0.710979 0.974671
0.713158 0.979003
0.715301 0.983245
0.717404 0.987395
0.719477 0.991476
0.721519 0.995495
0.723510 0.999426
0.725449 1.003272
0.727372 1.007096
0.729245 1.010849
0.310007 0.295011
0.315493 0.306386
0.318338 0.312951
0.321699 0.319389
0.329319 0.328804
0.335100 0.335043
0.340461 0.339881
0.349890 0.345661
0.360495 0.350214
0.369995 0.352993
0.727537 0.842988
0.727036 0.854452
0.727023 0.866316
0.727230 0.875712
0.727955 0.885838
0.728887 0.894877
0.730085 0.903474
0.731993 0.913255
0.733891 0.921906
0.736122 0.930677
0.254369 0.320489
0.254369 0.320489
0.254369 0.320489
0.254369 0.320489
0.254369 0.320489
0.254369 0.320489
0.254369 0.320489
0.254369 0.320489
0.254369 0.320489
0.254369 0.320489
0.524415 0.679609
0.529955 0.687203
0.535486 0.694652
0.541076 0.702028
0.546642 0.709219
0.552196 0.716244
0.557725 0.723096
0.563213 0.729766
0.568640 0.736258
0.573992 0.742574
0.313830 0.551825
0.316576 0.559657
0.319324 0.567589
0.322141 0.575793
0.325129 0.584926
0.328080 0.594010
0.331267 0.604276
0.334555 0.614882
0.338032 0.626027
0.341855 0.638071
0.656507 0.923385
0.659651 0.927649
0.662679 0.931901
0.665947 0.936526
0.668676 0.940623
0.671350 0.944712
0.674244 0.949111
0.676992 0.953387
0.679369 0.957200
0.682151 0.961538
0.518036 0.619692
0.521165 0.623957
0.524225 0.628204
0.527289 0.632516
0.530323 0.636851
0.533325 0.641200
0.536298 0.645569
0.539218 0.649911
0.542163 0.654333
0.545018 0.658652
0.564337 0.674889
0.568304 0.681248
0.572201 0.687504
0.575995 0.693577
0.579776 0.699626
0.583524 0.705613
0.587222 0.711481
0.590905 0.717316
0.594510 0.723014
0.598031 0.728547
0.717641 0.714589
0.717732 0.715669
0.717777 0.720604
0.717834 0.722666
0.717851 0.726377
0.717833 0.729955
0.717924 0.730612
0.717759 0.737977
0.717862 0.737281
0.717752 0.742354
0.341950 0.412633
0.347601 0.416663
0.353733 0.420476
0.360749 0.424245
0.368164 0.427666
0.376499 0.430971
0.385834 0.434150
0.396111 0.437162
0.407314 0.440029
0.419390 0.442774
0.423430 0.583855
0.426782 0.588242
0.430148 0.592727
0.433501 0.597295
0.436902 0.602004
0.440288 0.606787
0.443692 0.611652
0.447121 0.616627
0.450583 0.621701
0.454038 0.626796
0.285146 0.545681
0.286343 0.551391
0.287792 0.559778
0.289098 0.565957
0.290622 0.574238
0.292097 0.581659
0.293766 0.590951
0.295397 0.599038
0.297184 0.608497
0.299125 0.618538
0.582318 0.637640
0.586461 0.644989
0.590411 0.652253
0.594147 0.659339
0.597837 0.666531
0.601420 0.673673
0.604918 0.680758
0.608335 0.687795
0.611645 0.694697
0.614915 0.701610
0.257430 0.315116
0.257430 0.315116
0.257430 0.315116
0.257430 0.315116
0.257430 0.315116
0.257430 0.315116
0.257430 0.315116
0.257430 0.315116
0.257430 0.315116
0.257430 0.315116
0.307860 0.329932
0.308651 0.332405
0.311326 0.337458
0.311453 0.338803
0.315073 0.344537
0.314962 0.345485
0.319045 0.351154
0.319770 0.352851
0.323472 0.357492
0.324656 0.359395
0.274526 0.357959
0.276721 0.371864
0.278493 0.384162
0.281195 0.399120
0.283126 0.411305
0.286099 0.426129
0.288965 0.439611
0.292675 0.454231
0.296910 0.468514
0.302134 0.483377
0.275898 0.313767
0.276645 0.318622
0.277415 0.323447
0.278217 0.328260
0.279044 0.333045
0.279898 0.337814
0.280782 0.342570
0.281692 0.347304
0.282637 0.352036
0.283610 0.356750
0.253500 0.321974
0.253500 0.321974
0.253500 0.321974
0.253500 0.321974
0.253500 0.321974
0.253500 0.321974
0.253500 0.321974
0.253500 0.321974
0.253500 0.321974
0.253500 0.321974
0.310175 0.497104
0.314036 0.505176
0.318501 0.514148
0.323123 0.522962
0.328027 0.532089
0.333483 0.542379
0.338981 0.552705
0.344795 0.564020
0.350905 0.576511
0.357216 0.590110
0.479187 0.626552
0.482208 0.630787
0.485215 0.635029
0.488273 0.639359
0.491315 0.643676
0.494376 0.648027
0.497444 0.652382
0.500529 0.656747
0.503623 0.661113
0.506729 0.665478
0.189262 0.398294
0.188858 0.398073
0.189266 0.388994
0.189677 0.379783
0.189103 0.383424
0.188175 0.389124
0.187907 0.388180
0.188586 0.379289
0.189245 0.370492
0.188688 0.373327
0.328768 0.565539
0.330176 0.569249
0.331309 0.571898
0.332674 0.575498
0.333989 0.578874
0.335280 0.582212
0.336623 0.585793
0.337976 0.589436
0.339359 0.593201
0.340801 0.597211
0.591701 0.791324
0.611931 0.811350
0.628899 0.830699
0.642391 0.848895
0.653626 0.866674
0.663007 0.883635
0.671241 0.899907
0.678645 0.915264
0.685533 0.929726
0.692137 0.943402
0.348996 0.576403
0.352329 0.583644
0.355696 0.591138
0.359155 0.599054
0.362739 0.607439
0.366380 0.616008
0.370161 0.624999
0.374114 0.634335
0.378314 0.644005
0.382693 0.653783
0.638390 0.666094
0.640531 0.672143
0.642545 0.678034
0.644550 0.684071
0.646487 0.690119
0.648257 0.695660
0.649797 0.700500
0.651534 0.706184
0.653237 0.712020
0.654718 0.716970
0.250480 0.327004
0.250480 0.327004
0.250480 0.327004
0.250480 0.327004
0.250480 0.327004
0.250480 0.327004
0.250480 0.327004
0.250480 0.327004
0.250480 0.327004
0.250480 0.327004
0.480756 0.693755
0.492586 0.708258
0.505085 0.722266
0.517942 0.735465
0.530866 0.747738
0.543639 0.759132
0.556266 0.769960
0.568475 0.780216
0.579971 0.789902
0.590713 0.799173
0.777999 0.984718
0.778764 0.987790
0.779366 0.990448
0.780308 0.994297
0.781857 1.000252
0.782623 1.003703
0.783033 1.005832
0.784046 1.010544
0.784316 1.012143
0.784322 1.012728
0.466926 0.535170
0.470810 0.537857
0.474744 0.540665
0.478668 0.543560
0.482562 0.546501
0.486523 0.549607
0.490397 0.552738
0.494326 0.556029
0.498155 0.559343
0.501993 0.562783
0.497174 0.664266
0.499876 0.668039
0.502607 0.671823
0.505339 0.675578
0.508089 0.679320
0.510845 0.683030
0.513608 0.686710
0.516396 0.690377
0.519196 0.694014
0.522016 0.697628
0.287405 0.583358
0.289155 0.593862
0.291010 0.604478
0.292991 0.615561
0.295256 0.627827
0.297853 0.640983
0.300937 0.655088
0.304624 0.670036
0.309050 0.685493
0.314368 0.701279
0.434957 0.602219
0.440897 0.610720
0.446896 0.619501
0.452976 0.628542
0.459179 0.637812
0.465451 0.647161
0.471898 0.656632
0.478532 0.666164
0.485331 0.675632
0.492329 0.685059
0.474989 0.668395
0.479315 0.674447
0.483687 0.680431
0.488167 0.686408
0.492740 0.692339
0.497272 0.698055
0.501917 0.703737
0.506688 0.709398
0.511561 0.715000
0.516452 0.720448
0.837971 0.968536
0.838144 0.970634
0.838464 0.971657
0.838796 0.972347
0.838902 0.974192
0.839144 0.974981
0.839664 0.973745
0.839929 0.973905
0.840606 0.970806
0.841269 0.967204
0.349225 0.397164
0.359963 0.402760
0.372161 0.407538
0.387080 0.411790
0.402708 0.414887
0.422920 0.417911
0.442687 0.420040
0.469255 0.423272
0.496194 0.427221
0.526843 0.433949
0.320637 0.590438
0.322297 0.596067
0.324045 0.602177
0.325831 0.608434
0.327672 0.614884
0.329586 0.621563
0.331586 0.628465
0.333696 0.635540
0.335921 0.642943
0.338293 0.650477
0.370807 0.559832
0.375146 0.566241
0.379629 0.573092
0.384120 0.580158
0.388675 0.587533
0.393342 0.595370
0.398104 0.603552
0.402912 0.612016
0.407857 0.620804
0.412873 0.629794
0.274613 0.388537
0.276175 0.400968
0.277603 0.412948
0.279229 0.425448
0.281262 0.439151
0.283563 0.453059
0.286259 0.467295
0.289400 0.481588
0.293047 0.495803
0.297444 0.510786
0.688776 0.878393
0.692418 0.891545
0.695892 0.903370
0.699526 0.914729
0.703334 0.925696
0.706886 0.935486
0.710936 0.945682
0.714719 0.954922
0.718694 0.964155
0.722392 0.972629
0.509867 0.664796
0.518941 0.677443
0.528083 0.689870
0.537291 0.701974
0.546526 0.713670
0.555724 0.724901
0.564810 0.735638
0.573711 0.745902
0.582363 0.755735
0.590668 0.765139
0.436552 0.637488
0.439888 0.642875
0.443307 0.648320
0.446737 0.653733
0.450243 0.659156
0.453858 0.664653
0.457548 0.670129
0.461330 0.675597
0.465212 0.681057
0.469147 0.686428
0.385134 0.406405
0.392630 0.408073
0.398851 0.409168
0.405698 0.410230
0.413849 0.411373
0.420165 0.412011
0.430233 0.413189
0.437872 0.413833
0.447684 0.414779
0.458150 0.415814
0.343245 0.334291
0.346896 0.336764
0.350965 0.339108
0.355656 0.341313
0.362903 0.343795
0.370329 0.345655
0.377474 0.346908
0.384519 0.347694
0.392571 0.348143
0.402847 0.348287
0.391155 0.603226
0.394559 0.609522
0.398010 0.615940
0.401500 0.622459
0.405085 0.629163
0.408731 0.635941
0.412500 0.642870
0.416374 0.649866
0.420410 0.657001
0.424642 0.664251
0.270882 0.288131
0.270882 0.288131
0.271506 0.293845
0.272468 0.302099
0.273581 0.310535
0.274810 0.319001
0.276050 0.327211
0.277317 0.335241
0.278739 0.343463
0.280254 0.351707
0.435615 0.443726
0.449937 0.446550
0.464592 0.449497
0.480406 0.453005
0.497509 0.457395
0.514304 0.462387
0.531717 0.468612
0.549144 0.476157
0.566431 0.485184
0.583295 0.495892
0.634045 0.672525
0.635553 0.676631
0.636933 0.680422
0.638456 0.684762
0.639710 0.688281
0.641156 0.692539
0.642255 0.695641
0.643723 0.700129
0.644679 0.702818
0.646092 0.707218
0.751939 0.989138
0.752588 0.991064
0.753426 0.993397
0.753790 0.994717
0.754426 0.996622
0.755053 0.998514
0.755687 1.000425
0.756784 1.003338
0.757570 1.005602
0.758274 1.007691
0.458269 0.633961
0.466910 0.646804
0.475845 0.659841
0.485074 0.672866
0.494620 0.685753
0.504449 0.698335
0.514620 0.710595
0.524933 0.722279
0.535370 0.733439
0.545750 0.743991
0.667601 0.743628
0.670479 0.756341
0.673166 0.768828
0.675519 0.780425
0.677815 0.792252
0.679937 0.803687
0.681930 0.814750
0.683687 0.824802
0.685421 0.834701
0.687151 0.844365
0.501048 0.670892
0.505143 0.676518
0.509289 0.682126
0.513425 0.687628
0.517602 0.693082
0.521837 0.698503
0.526119 0.703873
0.530386 0.709111
0.534654 0.714242
0.538963 0.719317
0.731943 0.906116
0.733244 0.912371
0.733870 0.916174
0.735625 0.922980
0.736689 0.927503
0.737970 0.932394
0.739241 0.937075
0.740936 0.942661
0.742126 0.946803
0.743481 0.951283
0.696377 0.773255
0.697421 0.790991
0.698351 0.807883
0.699227 0.823185
0.700220 0.837805
0.701456 0.851903
0.702775 0.864317
0.704574 0.876982
0.706469 0.888237
0.708855 0.899625
0.295133 0.549025
0.296821 0.555754
0.298685 0.563627
0.300479 0.570600
0.302498 0.579482
0.304421 0.587246
0.306572 0.596790
0.308742 0.606076
0.311112 0.616429
0.313655 0.627254
0.732526 0.951859
0.734774 0.958372
0.737154 0.964997
0.739864 0.972192
0.741529 0.977146
0.744306 0.984288
0.746260 0.989704
0.748513 0.995745
0.750264 1.000805
0.752861 1.007628
0.682035 0.653643
0.684659 0.665976
0.686680 0.676343
0.688497 0.686806
0.690147 0.697924
0.691462 0.707322
0.692669 0.717317
0.693708 0.727096
0.694529 0.735291
0.695395 0.745795
0.638935 0.908504
0.645748 0.915623
0.652164 0.922979
0.657600 0.929864
0.662900 0.936960
0.667514 0.943582
0.672313 0.950595
0.676440 0.956939
0.681219 0.964122
0.685033 0.970195
0.457834 0.540799
0.463066 0.544729
0.468278 0.548797
0.473556 0.553076
0.478825 0.557536
0.484069 0.562169
0.489235 0.566930
0.494420 0.571931
0.499545 0.577096
0.504599 0.582423
0.749711 0.975074
0.752205 0.981708
0.752278 0.982829
0.753864 0.987345
0.755208 0.991356
0.756105 0.994391
0.757276 0.998044
0.759248 1.003518
0.759556 1.005274
0.761716 1.011298
0.616464 0.837127
0.628000 0.849006
0.637987 0.860753
0.646910 0.872639
0.654538 0.884056
0.661384 0.895279
0.667565 0.906161
0.673178 0.916568
0.678473 0.926655
0.683635 0.936557
0.477942 0.690362
0.483853 0.697916
0.489827 0.705221
0.495993 0.712426
0.502402 0.719577
0.508809 0.726409
0.515305 0.733041
0.521845 0.739451
0.528377 0.745618
0.534900 0.751575
0.693926 0.821415
0.695684 0.838859
0.697659 0.855329
0.699637 0.869582
0.702379 0.884571
0.705214 0.897790
0.708296 0.910092
0.711548 0.921564
0.715236 0.932975
0.719207 0.944126
0.755315 0.970014
0.756351 0.973759
0.757233 0.977124
0.759397 0.983558
0.760095 0.986518
0.761440 0.991069
0.763291 0.996832
0.763983 0.999874
0.765837 1.005748
0.768048 1.012791
0.305048 0.300481
0.307329 0.305566
0.307893 0.307731
0.308457 0.309830
0.310912 0.314753
0.312782 0.318511
0.313035 0.319900
0.314431 0.322807
0.317423 0.327549
0.318096 0.329250
0.248665 0.329935
0.248665 0.329935
0.248665 0.329935
0.248665 0.329935
0.248665 0.329935
0.248665 0.329935
0.248665 0.329935
0.248665 0.329935
0.248665 0.329935
0.248665 0.329935
0.676770 0.709454
0.680907 0.733551
0.684104 0.755240
0.686727 0.775505
0.689029 0.795478
0.690946 0.813199
0.692796 0.830080
0.694735 0.846128
0.696769 0.860870
0.699153 0.875140
0.730629 0.976283
0.733112 0.982193
0.735882 0.988611
0.737712 0.993232
0.739776 0.998287
0.742008 1.003655
0.744039 1.008689
0.746469 1.014495
0.748112 1.018884
0.750170 1.024113
0.361397 0.545099
0.365334 0.550504
0.369425 0.556265
0.373537 0.562174
0.377744 0.568407
0.382007 0.574893
0.386338 0.581689
0.390756 0.588860
0.395246 0.596333
0.399772 0.604072
0.270889 0.288114
0.270889 0.288114
0.270889 0.288114
0.270889 0.288114
0.270889 0.288114
0.270889 0.288114
0.270889 0.288114
0.270889 0.288114
0.270889 0.288114
0.270889 0.288114
0.668333 0.659602
0.671949 0.674477
0.674793 0.687095
0.677335 0.699778
0.679668 0.712743
0.681674 0.724900
0.683298 0.735376
0.684924 0.747250
0.686500 0.759939
0.687521 0.768029
0.505642 0.588970
0.510175 0.594198
0.514665 0.599573
0.519074 0.605050
0.523392 0.610605
0.527699 0.616319
0.531905 0.622076
0.536051 0.627907
0.540103 0.633761
0.544129 0.639712
0.565677 0.649146
0.571828 0.659396
0.577657 0.669381
0.583474 0.679534
0.589011 0.689303
0.594451 0.698978
0.599812 0.708548
0.604901 0.717619
0.609749 0.726248
0.614663 0.735064
0.721593 0.957798
0.723945 0.963533
0.726154 0.968895
0.728481 0.974392
0.730701 0.979632
0.732669 0.984371
0.734899 0.989548
0.736876 0.994244
0.738714 0.998677
0.740804 1.003574
0.566922 0.801502
0.576402 0.808176
0.585117 0.814481
0.593028 0.820440
0.601009 0.826774
0.607865 0.832545
0.614981 0.838920
0.620817 0.844541
0.626547 0.850418
0.631632 0.856013
0.677195 0.921922
0.680305 0.928014
0.683403 0.934073
0.686466 0.940039
0.689506 0.945916
0.692324 0.951418
0.695046 0.956715
0.697757 0.961928
0.700495 0.967119
0.703180 0.972177
0.250738 0.326582
0.250738 0.326582
0.250738 0.326582
0.250738 0.326582
0.250738 0.326582
0.250738 0.326582
0.250738 0.326582
0.250738 0.326582
0.250738 0.326582
0.250738 0.326582
0.663390 0.679408
0.669337 0.704088
0.674272 0.727914
0.678381 0.750728
0.681450 0.769554
0.684417 0.789693
0.686995 0.808638
0.689144 0.825057
0.691399 0.841377
0.693737 0.856709
0.628232 0.703189
0.631249 0.710563
0.634195 0.717812
0.637036 0.724967
0.639836 0.732082
0.642495 0.738919
0.645066 0.745635
0.647515 0.752126
0.649897 0.758565
0.652271 0.765143
0.380907 0.625475
0.382855 0.629699
0.384917 0.634161
0.386982 0.638573
0.389070 0.643016
0.391222 0.647526
0.393440 0.652089
0.395770 0.656786
0.398063 0.661288
0.400542 0.666067
0.381907 0.570171
0.387157 0.578067
0.392469 0.586344
0.397926 0.595148
0.403426 0.604337
0.409047 0.613942
0.414837 0.623979
0.420761 0.634260
0.426915 0.644819
0.433405 0.655666
0.545408 0.686104
0.549622 0.692098
0.553788 0.697955
0.557929 0.703722
0.562061 0.709410
0.566177 0.715005
0.570259 0.720499
0.574317 0.725905
0.578301 0.731158
0.582215 0.736279
0.303158 0.467126
0.306112 0.474164
0.309544 0.481686
0.313402 0.489497
0.317390 0.496938
0.321824 0.504728
0.326832 0.513196
0.332143 0.521788
0.337635 0.530448
0.343622 0.539934
0.703579 0.970841
0.706499 0.976374
0.709315 0.981697
0.712123 0.986960
0.714856 0.992077
0.717551 0.997113
0.720164 1.002013
0.722556 1.006585
0.725074 1.011354
0.727566 1.016104
0.303120 0.411802
0.309009 0.424523
0.315860 0.436782
0.324376 0.449129
0.334604 0.461135
0.347220 0.473211
0.362345 0.485264
0.380607 0.497997
0.401960 0.511923
0.426242 0.528130
0.261451 0.306224
0.262116 0.312239
0.261960 0.314815
0.263020 0.322197
0.262650 0.323852
0.263929 0.331830
0.263542 0.333376
0.264636 0.340522
0.264663 0.343592
0.265539 0.349732
0.732270 0.869848
0.732708 0.881441
0.733165 0.889931
0.734300 0.899887
0.736118 0.910529
0.738202 0.920544
0.740393 0.929796
0.743147 0.939801
0.745471 0.948082
0.747843 0.956146
0.771261 0.973263
0.771703 0.975916
0.773159 0.981484
0.774443 0.986550
0.775808 0.991970
0.778052 1.000517
0.778784 1.004037
0.780009 1.009458
0.780843 1.013675
0.782166 1.019784
0.452660 0.632329
0.455791 0.637061
0.458983 0.641869
0.462202 0.646687
0.465452 0.651527
0.468741 0.656376
0.472100 0.661261
0.475498 0.666132
0.478949 0.671002
0.482444 0.675844
0.254545 0.320187
0.254545 0.320187
0.254545 0.320187
0.254545 0.320187
0.254545 0.320187
0.254545 0.320187
0.254545 0.320187
0.254545 0.320187
0.254545 0.320187
0.254545 0.320187
0.252662 0.323389
0.252662 0.323389
0.252662 0.323389
0.252662 0.323389
0.252662 0.323389
0.252662 0.323389
0.252662 0.323389
0.252662 0.323389
0.252662 0.323389
0.252662 0.323389
0.362367 0.596195
0.364990 0.602015
0.367669 0.608055
0.370406 0.614238
0.373218 0.620699
0.376101 0.627259
0.379012 0.633809
0.382125 0.640783
0.385273 0.647671
0.388588 0.654726
0.534391 0.621931
0.539469 0.629133
0.544423 0.636390
0.549208 0.643612
0.553925 0.650916
0.558615 0.658327
0.563173 0.665649
0.567565 0.672782
0.571962 0.679979
0.576278 0.687074
0.509950 0.647046
0.514766 0.653901
0.519564 0.660757
0.524360 0.667606
0.529158 0.674432
0.533944 0.681187
0.538721 0.687853
0.543489 0.694424
0.548256 0.700899
0.553008 0.707256
0.758795 0.973699
0.758947 0.975026
0.760226 0.979152
0.761838 0.984125
0.762192 0.986032
0.763188 0.989520
0.764763 0.994439
0.765954 0.998465
0.766755 1.001524
0.768101 1.006136
0.809047 1.045029
0.809047 1.045029
0.809047 1.045029
0.809047 1.045029
0.809047 1.045029
0.809047 1.045029
0.809047 1.045029
0.809047 1.045029
0.809047 1.045029
0.809047 1.045029
0.261063 0.308422
0.261063 0.308422
0.261063 0.308422
0.261063 0.308422
0.261063 0.308422
0.261063 0.308422
0.261063 0.308422
0.261063 0.308422
0.261063 0.308422
0.261063 0.308422
0.400189 0.465526
0.411818 0.469686
0.424453 0.474033
0.437710 0.478500
0.452017 0.483463
0.467071 0.488994
0.482575 0.495204
0.498547 0.502394
0.514656 0.510713
0.530730 0.520331
0.681116 0.855592
0.683258 0.863864
0.685236 0.871500
0.687319 0.879203
0.689547 0.887001
0.691720 0.894379
0.693766 0.901177
0.695984 0.908099
0.698194 0.914730
0.700282 0.920871
