0.255560 0.318427
0.255526 0.320951
0.255319 0.322709
0.255210 0.324824
0.255204 0.327407
0.255724 0.332378
0.256259 0.337355
0.256810 0.342345
0.257043 0.345938
0.256869 0.347695
0.256892 0.350305
0.256866 0.352713
0.257065 0.356111
0.257549 0.360812
0.258031 0.365550
0.258396 0.369838
0.258435 0.372669
0.258305 0.374692
0.258212 0.376837
0.258180 0.379360
0.258411 0.383298
0.258647 0.387351
0.258862 0.391437
0.259054 0.395561
0.258991 0.398148
0.258827 0.400105
0.258682 0.402148
0.258595 0.404705
0.258768 0.409339
0.258970 0.414572
0.259103 0.419555
0.259103 0.423647
0.258844 0.425383
0.258651 0.427571
0.258472 0.429813
0.258361 0.432988
0.258357 0.438182
0.258309 0.442993
0.258237 0.447866
0.258100 0.451583
0.257926 0.454456
0.257759 0.457725
0.257598 0.460817
0.257470 0.465088
0.257358 0.469675
0.257234 0.474768
0.257104 0.479434
0.256982 0.483210
0.256871 0.486777
0.256770 0.490310
0.256696 0.493725
0.256619 0.498865
0.256564 0.503905
0.256525 0.508921
0.256510 0.513427
0.256539 0.517274
0.256592 0.521258
0.256678 0.525346
0.256773 0.529586
0.256857 0.535213
0.256975 0.540771
0.257142 0.546198
0.257323 0.551759
0.257573 0.556315
0.257845 0.561178
0.258168 0.565906
0.258475 0.571595
0.258813 0.578059
0.259209 0.584310
0.259666 0.590184
0.260165 0.596526
0.260728 0.602578
0.261355 0.608885
0.262051 0.615756
0.262834 0.623271
0.263731 0.630953
0.264785 0.639378
0.266004 0.647917
0.267386 0.656572
0.268997 0.665608
0.270886 0.674960
0.273106 0.685028
0.275683 0.695358
0.278704 0.706107
0.282050 0.716596
0.285935 0.727534
0.290353 0.738690
0.295445 0.750189
0.301111 0.761614
0.307355 0.772911
0.314330 0.784266
0.322013 0.795484
0.330381 0.806462
0.339378 0.817099
0.348719 0.827048
0.358958 0.836892
0.370545 0.846915
0.381647 0.855513
0.393206 0.863595
0.404889 0.870954
0.416480 0.877535
0.427888 0.883403
0.440412 0.889232
0.453392 0.894639
0.465409 0.899110
0.476566 0.902836
0.487250 0.906054
0.497760 0.908927
0.507744 0.911422
0.518678 0.913985
0.528472 0.916117
0.538516 0.918198
0.545786 0.919680
0.552740 0.921090
0.560272 0.922675
0.566675 0.924086
0.574102 0.925816
0.581067 0.927565
0.586885 0.929148
0.592101 0.930713
0.597020 0.932320
0.601741 0.933995
0.606850 0.935950
0.611350 0.937848
0.615644 0.939826
0.619360 0.941708
0.623004 0.943690
0.626820 0.945890
0.629788 0.947804
0.633057 0.949984
0.636705 0.952504
0.639366 0.954585
0.642290 0.956915
0.644379 0.958807
0.646783 0.960968
0.649003 0.963070
0.652009 0.965823
0.654240 0.968079
0.655674 0.969754
0.657984 0.972168
0.660580 0.974881
0.662703 0.977247
0.665362 0.980101
0.666943 0.982072
0.669303 0.984742
0.670755 0.986652
0.673294 0.989535
0.674536 0.991275
0.676564 0.993736
0.677760 0.995419
0.679651 0.997780
0.681354 0.999963
0.683506 1.002589
0.685059 1.004644
0.686793 1.006877
0.687940 1.008521
0.689769 1.010862
0.691507 1.013115
0.693178 1.015305
0.694831 1.017482
0.696331 1.019503
0.698221 1.021938
0.699474 1.023702
0.700778 1.025531
0.702183 1.027462
0.702932 1.028672
0.704959 1.031311
0.706947 1.033920
0.708896 1.036499
0.710446 1.038649
0.711623 1.040410
0.712783 1.042144
0.714354 1.044342
0.715776 1.046388
0.717115 1.048353
0.717646 1.049403
0.718647 1.051001
0.720158 1.053195
0.721506 1.055223
0.722792 1.057177
0.724273 1.059393
0.724182 1.059694
0.724943 1.061013
0.725637 1.062217
0.726751 1.064023
0.728189 1.066295
0.729964 1.069010
0.730965 1.070766
0.731530 1.071897
0.732145 1.073083
0.733173 1.074875
0.734182 1.076654
0.735686 1.079174
0.736894 1.081262
0.737979 1.083197
0.739500 1.085727
0.740668 1.087748
0.740634 1.088197
0.740797 1.088802
0.740965 1.089515
