0.275476 0.277144
0.276001 0.280888
0.276583 0.284745
0.277171 0.288526
0.277740 0.292187
0.278172 0.295376
0.278614 0.298543
0.279065 0.301687
0.279621 0.305075
0.280312 0.308790
0.280962 0.312324
0.281644 0.315876
0.282271 0.319227
0.282820 0.322323
0.283380 0.325399
0.283981 0.328537
0.284721 0.331943
0.285530 0.335469
0.286349 0.338958
0.287155 0.342355
0.287892 0.345512
0.288632 0.348633
0.289392 0.351741
0.290173 0.354837
0.291095 0.358184
0.292096 0.361625
0.293121 0.365040
0.294132 0.368350
0.295028 0.371339
0.295901 0.374223
0.296829 0.377148
0.297869 0.380208
0.299150 0.383620
0.300440 0.386954
0.301777 0.390270
0.303088 0.393438
0.304282 0.396303
0.305562 0.399223
0.306897 0.402130
0.308402 0.405194
0.310050 0.408354
0.311761 0.411464
0.313561 0.414577
0.315333 0.417517
0.317148 0.420395
0.319028 0.423213
0.321041 0.426062
0.323259 0.429011
0.325620 0.431967
0.328111 0.434907
0.330748 0.437844
0.333319 0.440544
0.336039 0.443240
0.338908 0.445922
0.342004 0.448647
0.345366 0.451434
0.348891 0.454188
0.352578 0.456905
0.356476 0.459611
0.360358 0.462132
0.364456 0.464660
0.368776 0.467198
0.373339 0.469747
0.378314 0.472424
0.383494 0.475089
0.388947 0.477799
0.394536 0.480459
0.400227 0.483079
0.406235 0.485805
0.412605 0.488675
0.419173 0.491608
0.426096 0.494723
0.433244 0.497973
0.440540 0.501338
0.447962 0.504837
0.455587 0.508561
0.463255 0.512449
0.471090 0.516625
0.479084 0.521125
0.487117 0.525924
0.495118 0.531029
0.503101 0.536455
0.510999 0.542230
0.518763 0.548343
0.526504 0.554932
0.534022 0.561845
0.541332 0.569112
0.548357 0.576666
0.555152 0.584566
0.561706 0.592784
0.567956 0.601214
0.573916 0.609846
0.579579 0.618644
0.584961 0.627559
0.590123 0.636636
0.594959 0.645619
0.599410 0.654271
0.603859 0.663257
0.608076 0.672065
0.612135 0.680790
0.616060 0.689435
0.619865 0.697950
0.623415 0.705981
0.626785 0.713682
0.630112 0.721375
0.633371 0.729000
0.636520 0.736466
0.639530 0.743695
0.642429 0.750765
0.645089 0.757312
0.647693 0.763865
0.650113 0.770091
0.652643 0.776745
0.655044 0.783243
0.657253 0.789355
0.659431 0.795540
0.661375 0.801226
0.663233 0.806820
0.665085 0.812533
0.666892 0.818222
0.668621 0.823808
0.670277 0.829275
0.671808 0.834449
0.673324 0.839637
0.674789 0.844718
0.676258 0.849825
0.677681 0.854802
0.679032 0.859574
0.680444 0.864477
0.681782 0.869145
0.683038 0.873556
0.684397 0.878163
0.685697 0.882562
0.687099 0.887122
0.688443 0.891467
0.689802 0.895765
0.691036 0.899696
0.692379 0.903790
0.693841 0.908059
0.695165 0.911939
0.696440 0.915639
0.697787 0.919414
0.699042 0.922938
0.700475 0.926734
0.701774 0.930205
0.703228 0.933895
0.704489 0.937170
0.705975 0.940790
0.707318 0.944098
0.708804 0.947612
0.710160 0.950840
0.711544 0.954070
0.712836 0.957104
0.714230 0.960273
0.715579 0.963332
0.717027 0.966527
0.718336 0.969455
0.719649 0.972366
0.720960 0.975251
0.722259 0.978097
0.723572 0.980949
0.724794 0.983634
0.726119 0.986484
0.727418 0.989277
0.728678 0.992001
0.730044 0.994905
0.731146 0.997347
0.732233 0.999765
0.733306 1.002160
0.734435 1.004653
0.735616 1.007231
0.736778 1.009788
0.737836 1.012177
0.738901 1.014582
0.739958 1.016985
0.741153 1.019632
0.742232 1.022089
0.743186 1.024345
0.744149 1.026626
0.745100 1.028902
0.745990 1.031079
0.747164 1.033790
0.748147 1.036179
0.749117 1.038575
0.749985 1.040778
0.750769 1.042824
0.751465 1.044718
0.752288 1.046870
0.753170 1.049177
0.754020 1.051445
0.754769 1.053518
0.755502 1.055574
0.756118 1.057396
0.756769 1.059319
0.757422 1.061265
0.757968 1.063018
0.758561 1.064894
0.759374 1.067207
0.760123 1.069449
0.760852 1.071641
