0.281598 0.260255
0.282363 0.264419
0.283286 0.268940
0.284177 0.273248
0.284989 0.277252
0.285340 0.279946
0.285693 0.282597
0.286045 0.285206
0.286693 0.288530
0.287736 0.292800
0.288620 0.296573
0.289571 0.300409
0.290319 0.303696
0.290787 0.306288
0.291257 0.308840
0.291835 0.311591
0.292788 0.315071
0.293944 0.318906
0.295098 0.322641
0.296189 0.326139
0.296986 0.328959
0.297767 0.331704
0.298571 0.334421
0.299398 0.337111
0.300638 0.340480
0.302087 0.344091
0.303568 0.347625
0.304969 0.350888
0.305885 0.353297
0.306677 0.355456
0.307586 0.357725
0.308794 0.360345
0.310734 0.363844
0.312628 0.367137
0.314598 0.370371
0.316386 0.373235
0.317648 0.375367
0.319101 0.377636
0.320620 0.379877
0.322596 0.382489
0.324949 0.385329
0.327332 0.388013
0.329891 0.390705
0.332165 0.393007
0.334425 0.395184
0.336665 0.397199
0.339180 0.399292
0.342193 0.401586
0.345465 0.403878
0.348943 0.406114
0.352669 0.408319
0.355829 0.410046
0.359207 0.411755
0.362789 0.413417
0.366830 0.415133
0.371445 0.416927
0.376255 0.418624
0.381259 0.420230
0.386530 0.421746
0.391268 0.422936
0.396318 0.424101
0.401705 0.425257
0.407389 0.426362
0.414051 0.427613
0.420900 0.428795
0.428210 0.430008
0.435346 0.431079
0.442302 0.432069
0.449830 0.433170
0.458087 0.434446
0.466471 0.435778
0.475558 0.437352
0.484923 0.439115
0.494319 0.441034
0.503695 0.443129
0.513383 0.445560
0.522903 0.448212
0.532724 0.451305
0.542844 0.454893
0.552970 0.458937
0.563015 0.463471
0.572892 0.468421
0.582650 0.473910
0.592158 0.479889
0.601793 0.486684
0.611009 0.493936
0.619893 0.501718
0.628269 0.509884
0.636307 0.518609
0.643967 0.527854
0.651079 0.537388
0.657673 0.547230
0.663740 0.557333
0.669297 0.567641
0.674448 0.578349
0.678943 0.588811
0.682691 0.598474
0.686357 0.609118
0.689543 0.619518
0.692357 0.629933
0.694834 0.640413
0.697004 0.650877
0.698744 0.660248
0.700194 0.668975
0.701503 0.678053
0.702649 0.687324
0.703609 0.696474
0.704392 0.705237
0.705036 0.713854
0.705540 0.721112
0.705959 0.728696
0.706269 0.735471
0.706555 0.743989
0.706749 0.752251
0.706888 0.759460
0.706989 0.767152
0.707046 0.773355
0.707072 0.779442
0.707079 0.786131
0.707091 0.792928
0.707099 0.799553
0.707112 0.805939
0.707117 0.811472
0.707146 0.817220
0.707196 0.822770
0.707296 0.828569
0.707424 0.834082
0.707549 0.839047
0.707790 0.844634
0.708018 0.849573
0.708201 0.853790
0.708566 0.858857
0.708905 0.863378
0.709450 0.868620
0.709964 0.873293
0.710555 0.877975
0.710969 0.881583
0.711613 0.885910
0.712529 0.890985
0.713218 0.894924
0.713834 0.898417
0.714626 0.902323
0.715238 0.905540
0.716279 0.909825
0.717037 0.913172
0.718186 0.917389
0.718896 0.920372
0.720178 0.924635
0.721133 0.927992
0.722472 0.932152
0.723511 0.935493
0.724641 0.938962
0.725560 0.941895
0.726765 0.945380
0.727881 0.948612
0.729282 0.952390
0.730343 0.955392
0.731440 0.958428
0.732559 0.961470
0.733674 0.964472
0.734853 0.967576
0.735813 0.970215
0.737089 0.973469
0.738321 0.976609
0.739479 0.979597
0.740963 0.983238
0.741750 0.985445
0.742530 0.987638
0.743301 0.989817
0.744263 0.992372
0.745405 0.995269
0.746529 0.998148
0.747398 1.000535
0.748320 1.003032
0.749260 1.005570
0.750622 1.008959
0.751693 1.011778
0.752451 1.013986
0.753271 1.016321
0.754094 1.018690
0.754779 1.020776
0.756301 1.024661
0.757317 1.027530
0.758332 1.030466
0.759102 1.032813
0.759675 1.034693
0.760034 1.036117
0.760782 1.038422
0.761728 1.041276
0.762614 1.044041
0.763259 1.046211
0.763886 1.048362
0.764230 1.049792
0.764695 1.051588
0.765199 1.053498
0.765434 1.054808
0.765827 1.056563
0.766872 1.059793
0.767757 1.062819
0.768616 1.065720
