69.869030
52.996013
64.586194
64.186351
70.121522
71.883758
78.772563
63.891121
66.891577
76.066586
56.914409
70.942872
28.375875
70.631597
56.451874
81.229583
70.213062
93.332058
59.415366
45.395312
66.383585
70.504610
77.894680
81.466567
67.393928
60.248028
68.712029
74.103578
70.226245
90.314153
66.610717
94.995511
80.620568
74.440299
76.448206
78.938948
86.367314
68.145916
74.830643
60.981485
55.378360
73.154711
44.346358
77.898066
82.555235
78.010858
53.389912
71.269433
68.742841
55.837721
86.766658
76.908871
68.714378
86.298168
58.952968
89.142205
42.580145
66.062001
50.785473
89.604681
29.426770
63.711022
90.405445
75.161325
81.882510
63.254317
68.986872
55.228431
66.548249
46.517034
73.204017
46.656906
73.822611
62.641346
58.876651
88.483241
85.618044
50.316639
60.700596
78.081611
64.146363
65.687941
51.389189
69.750250
52.982349
65.426670
92.272080
67.597260
71.842645
66.341652
69.746802
81.326005
70.683688
72.614919
80.914371
72.593122
82.835667
47.082041
57.469166
67.519736
58.493678
60.255342
81.017854
66.292627
79.954244
51.119591
71.514194
66.596736
69.518973
70.704069
63.997267
72.032440
61.954600
72.440932
68.340825
84.489932
84.384218
70.266259
79.248542
92.505760
82.554505
82.754952
89.426320
68.525336
60.617395
63.306578
55.719104
86.869840
80.668312
63.040134
75.622842
73.803170
66.659290
73.323470
77.376767
59.846703
73.671322
88.682023
76.788354
55.185499
66.590629
62.538862
71.572637
51.932205
63.998122
75.939885
76.920545
72.901641
60.778904
45.398955
67.753594
70.929551
47.051422
68.639283
68.600178
63.696448
51.715262
70.882645
64.817650
76.662982
55.607902
47.297359
62.974085
75.688650
57.227233
88.804738
74.384803
58.217769
66.418245
63.889214
85.255225
72.408697
68.091818
71.317100
72.663289
67.548886
76.985898
82.536067
68.136676
78.293814
63.075851
70.281094
55.306262
70.628331
52.441790
69.490670
88.716195
75.052589
49.878252
73.015427
90.687168
94.887277
80.763644
67.752375
64.186778
66.026462
53.869144
76.046735
75.299625
59.765256
