-0.263130
-0.368858
-0.106461
0.332674
0.372308
0.646407
0.731938
0.420681
0.198052
0.511004
0.044229
0.379749
-0.004594
0.431605
-0.117107
0.181624
0.462742
0.325221
0.165542
-0.093400
0.228773
0.145750
0.291595
0.133975
0.362275
0.160216
0.256066
0.085100
-0.089844
-1.561585
0.027189
-1.561585
0.184076
0.315648
0.114471
0.051928
-1.561585
-1.488157
-0.242594
0.354796
-0.169607
0.180959
-0.219759
0.191379
0.241109
0.218841
-0.011682
-0.219577
0.137128
0.334794
0.372054
0.223505
-0.212331
-0.076081
0.447846
0.179323
0.014561
-0.268956
0.202794
0.123454
0.252941
0.264410
0.395859
-0.112349
-0.335765
0.222835
-1.561585
-0.240962
0.141156
0.050562
-0.135628
0.290859
0.331083
0.298154
-0.132424
0.491113
0.022681
-0.422239
0.441257
0.268169
-0.203772
0.267020
0.233212
-1.561585
-0.340499
0.331527
-1.561585
0.245037
0.136683
-1.561585
0.116561
0.258416
-0.793750
0.272573
0.060407
0.143303
-0.113528
0.026778
0.439054
0.033902
0.064721
-0.033013
0.246032
-0.005924
-0.167934
0.322379
-1.561585
0.258942
0.197671
0.014325
0.174625
0.265976
0.427354
0.587904
0.036704
0.208477
0.045806
0.270578
0.103892
0.375157
-1.561585
0.029762
-0.268604
0.231991
0.338195
0.239011
0.127826
-0.182014
0.012760
-0.013888
0.072857
-0.593259
0.161760
0.151615
-0.505771
0.380424
0.267313
-0.018084
0.462968
0.007093
-0.435791
0.417650
0.394405
0.196000
-0.157614
-1.561585
0.267117
0.076772
0.282495
0.243307
