0.500797
-0.197630
-0.037366
-0.786724
1.756913
0.634604
-0.202841
-0.535432
1.009805
-0.629319
-0.290644
-0.345629
-1.102152
2.017979
0.700302
1.304999
-1.647752
0.005566
-0.379574
-1.632529
0.527933
-1.431510
-1.364257
0.390946
0.230450
-1.887895
0.095296
-1.118351
0.178644
-0.848218
0.373878
0.176015
-0.429978
0.123950
-0.666096
0.254322
0.563048
0.484420
0.018185
0.406741
0.395647
1.963454
-0.538527
0.286548
0.045079
0.487409
0.606913
0.347635
-0.487123
0.346295
-0.174398
-0.830495
0.231092
-1.279227
0.651898
-0.615730
1.575640
1.541122
-1.238242
-0.424482
1.970686
-1.244261
0.245004
-0.835536
-1.451764
1.016366
1.651453
-0.237566
-0.378505
-1.900727
-0.377679
-0.210038
-0.307563
1.679951
1.641213
0.020020
1.510466
0.612053
-0.794458
1.012571
-2.169289
0.372186
-1.300419
0.103474
0.857015
-0.084745
-1.063200
0.284738
1.324896
-1.057671
0.142381
-0.692792
-1.128738
-0.247340
-0.487770
-0.266410
0.153552
0.415714
-0.817400
0.027765
-1.023434
2.154549
0.783130
-0.105405
0.648825
1.877188
1.241013
-0.083761
-0.131999
-0.254184
-0.195767
1.043896
-0.263527
0.676126
1.673828
-1.229063
-0.868499
0.998871
0.850111
-1.046768
0.147782
-0.218233
-0.272564
0.374548
-0.948391
-1.225913
-0.313280
-0.449664
0.870451
-1.076952
-0.278014
-0.734553
-0.807698
1.080084
0.150033
0.051525
0.312284
-0.807161
0.217870
0.193951
0.213932
1.949558
-1.343083
-0.512764
0.512116
1.732990
-1.924281
-0.998298
1.445357
-1.613520
-1.282101
1.429607
-1.296170
-0.802381
-1.357843
1.641613
-1.159254
-0.549566
-1.279796
-0.631493
-0.701587
-0.092279
-0.097601
0.828426
0.068040
0.164159
0.599669
-1.285643
-1.144750
-0.481420
2.254907
0.668257
0.787570
-0.026806
2.430477
-0.162589
0.628367
-0.775015
0.186154
-2.453220
-2.020365
-0.059040
1.219585
-0.148432
2.813801
-2.000978
1.006158
1.064692
0.235952
0.220658
-0.010057
-0.349232
0.744936
0.447412
1.615801
1.630147
-0.614893
-0.280039
-0.727870
-0.468241
