51.637523
67.429050
81.142969
42.200391
53.960930
81.904451
60.066116
86.279168
62.947957
73.327387
70.081987
74.030630
49.884095
59.764868
62.874080
67.557482
72.208650
54.554011
91.519209
53.732022
37.753616
53.379360
61.320037
71.256221
56.969440
86.235560
63.183833
63.285951
73.345356
58.787379
89.143046
54.751868
83.371345
46.687707
61.188530
66.110746
66.315738
87.716245
74.585003
61.593269
42.721742
74.530843
58.839940
75.295095
83.622746
90.391878
63.373334
73.083477
56.704500
66.463423
72.266125
72.176217
73.852921
75.814807
72.319238
96.661609
80.425160
38.057448
82.231539
71.814889
84.897256
50.979485
86.282725
52.155406
69.672742
59.616062
75.655386
55.511155
78.100074
86.221771
87.566218
79.878726
65.731967
61.475070
84.219614
43.053665
49.176877
53.841516
79.475427
79.549567
52.747068
57.185145
70.074045
63.125217
80.328686
54.704430
63.864685
61.833819
71.153945
71.607075
51.421697
80.875188
87.905945
67.911478
49.179994
62.278719
64.514679
65.297370
59.933723
63.708075
67.689031
78.777755
56.207086
65.409840
85.303288
72.255308
56.377864
75.914912
83.428780
91.024055
92.314556
65.422030
72.162520
58.795681
53.355340
63.576690
78.870989
95.242185
66.891782
68.334185
66.496281
74.921132
73.248121
64.104609
52.239463
81.624563
78.103592
50.386620
79.922513
87.887845
84.141991
76.714000
79.655117
74.086931
78.551067
80.470651
59.013790
47.263427
59.113022
87.680825
55.316547
103.427361
83.427852
63.966738
46.172234
51.610188
50.504508
56.518075
62.067462
48.280835
84.376162
69.289484
62.711318
59.868177
94.543177
59.349753
83.963764
65.249736
88.529043
89.156263
59.148035
59.075541
69.740111
64.452662
73.134527
84.810795
87.439824
81.612500
52.871746
56.276096
57.697293
77.423862
77.449706
50.754719
50.446620
56.678184
78.726419
56.252728
52.197162
60.260329
77.116341
50.481885
77.725863
59.031824
40.988443
78.057815
49.093873
59.733478
82.442021
88.663318
67.498860
87.723266
82.275806
84.769008
54.844994
73.995441
61.315772
81.116947
66.898358
69.939940
