0.346914
-0.655481
0.742516
-0.080533
1.901043
-0.021364
-0.805232
0.835849
1.151359
-0.093513
-0.394723
1.240798
0.716498
-0.905129
-0.155805
0.844979
0.310181
1.706262
0.023344
0.578331
-0.573839
0.521256
-1.085487
-0.731423
-0.720691
-0.991268
1.279211
2.235092
1.138410
0.067244
-0.436091
-1.157072
1.492240
-0.015261
-0.678470
-0.309734
0.498307
1.983375
-1.061843
-0.519711
-0.180573
-0.606432
1.021499
1.630462
0.519000
0.750500
0.122811
0.635086
0.191108
-1.067722
-0.442427
1.321198
1.350657
0.861152
-0.070477
-0.098761
-0.808336
-1.042321
0.433510
1.072600
-0.181580
0.854912
0.137167
-0.254743
1.200943
1.336468
0.555235
-0.766461
-0.194129
0.259261
2.027903
-0.491010
1.504036
0.726857
-0.489378
-0.764673
0.689860
0.018504
1.699441
-0.955982
-0.044168
-0.404854
-0.887452
-0.280894
-0.084663
-2.075725
-0.462840
0.439361
-0.768063
1.112847
0.256458
0.791832
0.895683
-0.029205
-0.338113
0.603828
-0.543399
0.424288
-1.569030
0.039231
-0.424230
-0.868615
-0.380811
1.381537
2.037022
0.750953
-1.892737
-0.487390
0.534835
0.315639
-0.897981
0.935403
0.241008
0.621374
0.261610
0.170664
1.782092
-1.525076
-0.897814
-1.375969
-0.374250
-0.080470
-0.898534
-1.467981
0.603875
-0.137312
-0.253048
-0.616369
-0.632906
0.346024
-0.164057
-0.524595
-0.178188
1.637210
-0.016704
0.019835
0.859038
-0.524503
0.862499
-1.617766
-0.330889
0.716597
0.312549
-1.225499
0.243357
-0.246556
1.009289
-1.614547
-0.505085
0.460580
-0.720009
0.162549
-0.977283
-1.266554
0.075962
-0.150226
-0.295040
0.921494
1.637044
-0.268686
-1.207261
2.179131
1.016336
-0.353882
1.265231
1.631896
-0.312107
-1.592376
-0.546812
-0.775102
0.243905
0.500717
2.186465
0.211453
-1.405585
-1.111155
0.478599
-0.192688
-0.436240
0.551665
1.661990
1.882910
-1.374852
0.460242
-1.113772
0.638290
0.358635
0.236767
0.246911
-0.815816
-0.248482
0.378854
0.915362
-0.599530
0.295706
-0.064949
0.133716
0.228477
-0.732285
-0.986456
0.000127
-1.504077
-2.254191
-0.695828
-0.267421
1.453302
-1.117435
-0.610081
1.696397
-0.695097
0.058445
-0.765215
-1.343031
-0.963054
1.351862
-0.277324
-0.069203
0.489160
-0.076438
-0.472331
1.849681
1.687218
-0.784917
0.685259
0.116443
-0.666240
-1.543026
-1.166975
0.873524
-0.345695
-0.154282
-0.909695
1.443602
-0.470521
0.356230
-0.519611
2.518829
0.304537
0.521270
-0.561340
0.283943
-1.494415
-0.383211
1.666130
0.979330
-1.642670
-1.462493
0.710296
0.635430
-1.365901
1.391636
-0.046609
1.095275
1.408756
-1.359541
