7.091180419921875000e+01
7.143500518798828125e+01
7.195820617675781250e+01
7.248140716552734375e+01
7.405100250244140625e+01
7.999768829345703125e+01
8.025947570800781250e+01
8.052126312255859375e+01
8.078305053710937500e+01
8.099247741699218750e+01
8.156840515136718750e+01
7.626852416992187500e+01
7.690580749511718750e+01
7.881766510009765625e+01
7.443048095703125000e+01
7.461706542968750000e+01
7.480364990234375000e+01
7.513951110839843750e+01
7.555000305175781250e+01
7.065521240234375000e+01
7.133477783203125000e+01
7.201435089111328125e+01
7.405306243896484375e+01
7.662727355957031250e+01
7.722901916503906250e+01
7.783076477050781250e+01
7.843251037597656250e+01
7.903425598144531250e+01
8.035809326171875000e+01
7.664781951904296875e+01
7.684292602539062500e+01
7.703802490234375000e+01
7.737510681152343750e+01
7.806133270263671875e+01
6.626403808593750000e+01
6.686223602294921875e+01
6.726103973388671875e+01
6.825804138183593750e+01
7.604699707031250000e+01
7.663552093505859375e+01
7.722405242919921875e+01
7.840110778808593750e+01
8.090524291992187500e+01
8.113684844970703125e+01
8.129125213623046875e+01
7.962598419189453125e+01
7.981616973876953125e+01
6.226198577880859375e+01
6.264605712890625000e+01
6.303012847900390625e+01
6.379827117919921875e+01
6.464322662353515625e+01
6.533455657958984375e+01
7.604044342041015625e+01
7.659196472167968750e+01
7.714349365234375000e+01
7.912897491455078125e+01
7.686065673828125000e+01
7.757349395751953125e+01
7.552883148193359375e+01
7.645642852783203125e+01
7.738402557373046875e+01
7.831163024902343750e+01
7.252843475341796875e+01
7.330219268798828125e+01
7.407595825195312500e+01
6.291986083984375000e+01
6.330666732788085938e+01
6.369347381591796875e+01
6.446707916259765625e+01
7.664219665527343750e+01
7.848204803466796875e+01
7.032499694824218750e+01
7.084925079345703125e+01
7.137350463867187500e+01
7.281520843505859375e+01
7.179648590087890625e+01
7.255577850341796875e+01
7.331506347656250000e+01
7.407435607910156250e+01
7.483364105224609375e+01
7.952330017089843750e+01
8.040354156494140625e+01
6.882151794433593750e+01
6.928202056884765625e+01
6.974251556396484375e+01
7.066351318359375000e+01
7.158451080322265625e+01
7.250550842285156250e+01
7.293317413330078125e+01
7.330174255371093750e+01
7.367030334472656250e+01
7.440743255615234375e+01
8.365110778808593750e+01
8.395870208740234375e+01
8.426628875732421875e+01
8.488146972656250000e+01
7.211046600341796875e+01
7.275184631347656250e+01
7.339321899414062500e+01
7.480425262451171875e+01
7.191955566406250000e+01
7.238962554931640625e+01
7.285969543457031250e+01
7.379983520507812500e+01
6.887319183349609375e+01
6.944176483154296875e+01
7.001033782958984375e+01
7.126119232177734375e+01
7.686299133300781250e+01
7.734827423095703125e+01
7.783354949951171875e+01
7.880410766601562500e+01
7.137779998779296875e+01
7.189965820312500000e+01
7.242151641845703125e+01
7.294337463378906250e+01
7.346523284912109375e+01
7.450894927978515625e+01
7.694544219970703125e+01
7.845577239990234375e+01
7.695714569091796875e+01
7.746658325195312500e+01
7.775769042968750000e+01
7.804879760742187500e+01
7.841268157958984375e+01
7.921322631835937500e+01
7.608131408691406250e+01
7.621495056152343750e+01
7.634857940673828125e+01
7.648220825195312500e+01
7.661584472656250000e+01
7.688310241699218750e+01
7.715036773681640625e+01
6.879248809814453125e+01
6.920631408691406250e+01
6.948218536376953125e+01
7.024085235595703125e+01
7.086157226562500000e+01
7.388493347167968750e+01
7.467470550537109375e+01
7.546447753906250000e+01
7.704402923583984375e+01
7.243853759765625000e+01
7.305466461181640625e+01
7.367079162597656250e+01
7.428691864013671875e+01
6.916073608398437500e+01
7.001482391357421875e+01
7.058422851562500000e+01
6.524397277832031250e+01
6.556624603271484375e+01
6.588851928710937500e+01
6.653307342529296875e+01
7.751663970947265625e+01
7.866155242919921875e+01
7.480846405029296875e+01
7.550814819335937500e+01
7.620782470703125000e+01
7.760719299316406250e+01
7.378745269775390625e+01
7.571045684814453125e+01
7.699245452880859375e+01
7.422374725341796875e+01
7.603507232666015625e+01
7.648790740966796875e+01
7.807282257080078125e+01
6.772962951660156250e+01
6.817924499511718750e+01
6.930328369140625000e+01
7.098934173583984375e+01
6.643992614746093750e+01
6.695312500000000000e+01
6.746632385253906250e+01
6.797952270507812500e+01
7.640351867675781250e+01
7.687388610839843750e+01
7.718746948242187500e+01
6.810178375244140625e+01
6.870098876953125000e+01
7.290855407714843750e+01
7.360503387451171875e+01
7.430151367187500000e+01
7.655670928955078125e+01
7.678159332275390625e+01
7.687796783447265625e+01
7.707071685791015625e+01
7.212619018554687500e+01
7.282075500488281250e+01
7.351531219482421875e+01
7.490444183349609375e+01
7.057434082031250000e+01
7.122446441650390625e+01
7.187458801269531250e+01
7.051760864257812500e+01
7.144448852539062500e+01
7.197412872314453125e+01
7.316580963134765625e+01
7.448991394042968750e+01
7.314497375488281250e+01
7.353243255615234375e+01
7.399738311767578125e+01
7.430735015869140625e+01
7.508227539062500000e+01
7.691212463378906250e+01
7.740602874755859375e+01
7.802342224121093750e+01
7.281713867187500000e+01
7.350617218017578125e+01
7.419521331787109375e+01
7.557328033447265625e+01
7.211090850830078125e+01
7.258153533935546875e+01
7.305216217041015625e+01
7.418167114257812500e+01
7.493467712402343750e+01
7.587593078613281250e+01
6.493106079101562500e+01
6.540497589111328125e+01
6.587889862060546875e+01
6.682674407958984375e+01
6.777458953857421875e+01
6.872243499755859375e+01
7.696588897705078125e+01
7.753919219970703125e+01
7.811249542236328125e+01
7.925910186767578125e+01
7.757479858398437500e+01
7.820946502685546875e+01
7.884413146972656250e+01
8.024038696289062500e+01
7.555735015869140625e+01
7.574525451660156250e+01
7.593315887451171875e+01
7.153017425537109375e+01
7.215055084228515625e+01
7.277093505859375000e+01
7.298092651367187500e+01
7.358659362792968750e+01
7.419226074218750000e+01
7.540360260009765625e+01
7.317419433593750000e+01
7.384447479248046875e+01
7.451474761962890625e+01
7.585529327392578125e+01
7.417888641357421875e+01
7.437325286865234375e+01
7.456762695312500000e+01
7.476199340820312500e+01
7.495635986328125000e+01
7.901843261718750000e+01
7.954374694824218750e+01
8.017412567138671875e+01
8.111968994140625000e+01
7.297168731689453125e+01
7.378160095214843750e+01
7.459150695800781250e+01
7.621132659912109375e+01
6.922339630126953125e+01
6.964530944824218750e+01
7.057350921630859375e+01
6.805521392822265625e+01
6.822873687744140625e+01
6.840226745605468750e+01
6.857579040527343750e+01
6.871461486816406250e+01
6.909636688232421875e+01
7.914099121093750000e+01
7.970722198486328125e+01
7.271604156494140625e+01
7.331312561035156250e+01
7.391020202636718750e+01
7.510435485839843750e+01
6.797654724121093750e+01
6.838936614990234375e+01
6.880218505859375000e+01
6.962782287597656250e+01
6.643951416015625000e+01
6.684089660644531250e+01
6.724227905273437500e+01
6.804503631591796875e+01
7.798378753662109375e+01
7.863476562500000000e+01
7.928573608398437500e+01
8.058767700195312500e+01
6.823165893554687500e+01
6.841652679443359375e+01
6.860140228271484375e+01
6.897114562988281250e+01
7.341696166992187500e+01
7.408740997314453125e+01
7.475786590576171875e+01
7.542831420898437500e+01
8.515433502197265625e+01
8.555685424804687500e+01
8.595936584472656250e+01
8.676438903808593750e+01
7.834230804443359375e+01
7.882799530029296875e+01
7.931369018554687500e+01
8.028507232666015625e+01
6.610093688964843750e+01
6.651309204101562500e+01
6.692524719238281250e+01
6.774955749511718750e+01
6.857386779785156250e+01
6.939817810058593750e+01
7.660990905761718750e+01
7.743790435791015625e+01
6.032690429687500000e+01
6.125131225585937500e+01
6.217572402954101562e+01
6.310013580322265625e+01
7.676355743408203125e+01
7.739059448242187500e+01
7.801763916015625000e+01
7.862079620361328125e+01
7.928507995605468750e+01
7.994935607910156250e+01
8.127790832519531250e+01
7.320004272460937500e+01
7.360946655273437500e+01
7.401889038085937500e+01
7.483774566650390625e+01
7.565659332275390625e+01
8.073282623291015625e+01
8.089521026611328125e+01
8.100347137451171875e+01
7.234252929687500000e+01
7.302326202392578125e+01
7.370399475097656250e+01
7.415781402587890625e+01
7.472509765625000000e+01
6.986281585693359375e+01
7.047463989257812500e+01
7.108646392822265625e+01
7.169828033447265625e+01
7.231010437011718750e+01
8.160475158691406250e+01
8.230534362792968750e+01
8.300593566894531250e+01
8.454724884033203125e+01
7.710518646240234375e+01
7.773494720458984375e+01
7.836470794677734375e+01
7.899446868896484375e+01
7.676371002197265625e+01
7.761885070800781250e+01
7.787136077880859375e+01
7.841423797607421875e+01
7.895711517333984375e+01
8.004286956787109375e+01
7.607798767089843750e+01
7.623221588134765625e+01
7.641728210449218750e+01
7.669487762451171875e+01
7.700332641601562500e+01
6.895895385742187500e+01
6.950000762939453125e+01
7.004106140136718750e+01
7.058211517333984375e+01
7.112316131591796875e+01
7.252989196777343750e+01
6.705922698974609375e+01
6.768401336669921875e+01
6.830879974365234375e+01
6.837706756591796875e+01
6.895166778564453125e+01
6.952626800537109375e+01
7.067546081542968750e+01
7.885728454589843750e+01
7.895884704589843750e+01
7.906041717529296875e+01
7.926354980468750000e+01
7.946668243408203125e+01
7.642580413818359375e+01
7.725120544433593750e+01
7.807659912109375000e+01
6.919253540039062500e+01
6.938963317871093750e+01
6.958673095703125000e+01
6.978382873535156250e+01
7.568205261230468750e+01
7.761428833007812500e+01
7.865471649169921875e+01
7.047920227050781250e+01
7.104652404785156250e+01
7.161385345458984375e+01
7.904693603515625000e+01
7.928730773925781250e+01
7.952767944335937500e+01
8.000842285156250000e+01
7.576934814453125000e+01
7.634772491455078125e+01
7.692610168457031250e+01
7.808285522460937500e+01
7.577273559570312500e+01
7.662530517578125000e+01
7.336915588378906250e+01
7.402339935302734375e+01
7.467763519287109375e+01
7.598612213134765625e+01
6.818981933593750000e+01
6.894530487060546875e+01
6.970079040527343750e+01
7.045627593994140625e+01
7.151394653320312500e+01
7.317601013183593750e+01
7.559707641601562500e+01
7.621833038330078125e+01
7.683958435058593750e+01
7.820635223388671875e+01
7.921340942382812500e+01
7.934189605712890625e+01
7.949607849121093750e+01
7.972735595703125000e+01
6.716571044921875000e+01
6.774883270263671875e+01
6.833195495605468750e+01
7.655804443359375000e+01
7.674959564208984375e+01
7.939174652099609375e+01
8.018811035156250000e+01
8.098447418212890625e+01
8.257719421386718750e+01
7.664511108398437500e+01
7.731044769287109375e+01
7.797577667236328125e+01
7.251168823242187500e+01
7.300745391845703125e+01
7.350322723388671875e+01
7.399899291992187500e+01
7.449475860595703125e+01
7.548629760742187500e+01
7.683917999267578125e+01
7.824654388427734375e+01
6.696308898925781250e+01
6.721520233154296875e+01
6.746731567382812500e+01
6.797153472900390625e+01
6.847576141357421875e+01
6.702690887451171875e+01
6.732774353027343750e+01
6.777899932861328125e+01
6.860630035400390625e+01
7.483498382568359375e+01
7.613536071777343750e+01
7.743574523925781250e+01
7.492444610595703125e+01
7.556761169433593750e+01
7.621078491210937500e+01
7.606368255615234375e+01
7.802070617675781250e+01
7.158820343017578125e+01
7.227593994140625000e+01
7.433915710449218750e+01
7.704370117187500000e+01
7.778549194335937500e+01
7.852729034423828125e+01
6.923399353027343750e+01
6.985654449462890625e+01
7.047908782958984375e+01
7.122614288330078125e+01
7.172418212890625000e+01
7.296927642822265625e+01
8.427481842041015625e+01
8.467439270019531250e+01
8.507397460937500000e+01
7.840525817871093750e+01
7.856925964355468750e+01
7.867858886718750000e+01
7.895192718505859375e+01
7.506005859375000000e+01
7.579170989990234375e+01
7.652336120605468750e+01
7.813299560546875000e+01
7.313422393798828125e+01
7.371509552001953125e+01
7.429596710205078125e+01
7.587750244140625000e+01
7.606343078613281250e+01
7.624935913085937500e+01
6.732704925537109375e+01
6.780951690673828125e+01
6.829199218750000000e+01
6.925693511962890625e+01
7.512954711914062500e+01
7.564815521240234375e+01
7.616676330566406250e+01
7.730769348144531250e+01
7.393532562255859375e+01
7.469980621337890625e+01
7.546428680419921875e+01
7.733267974853515625e+01
7.752902221679687500e+01
7.772537231445312500e+01
8.032975006103515625e+01
8.050640106201171875e+01
7.467135620117187500e+01
7.526796722412109375e+01
7.586457824707031250e+01
7.717712402343750000e+01
7.175734710693359375e+01
7.249478912353515625e+01
7.323223114013671875e+01
7.470710754394531250e+01
7.869417572021484375e+01
7.937601470947265625e+01
8.005784606933593750e+01
8.142152404785156250e+01
7.838788604736328125e+01
7.892211914062500000e+01
7.927827453613281250e+01
8.025769805908203125e+01
7.671750640869140625e+01
7.690534973144531250e+01
7.721841430664062500e+01
7.753148651123046875e+01
7.379877471923828125e+01
7.453727722167968750e+01
7.527577972412109375e+01
7.675278472900390625e+01
7.579585266113281250e+01
7.654387664794921875e+01
7.744149780273437500e+01
7.313331604003906250e+01
7.380731201171875000e+01
7.448130035400390625e+01
7.609887695312500000e+01
8.032403564453125000e+01
8.088858032226562500e+01
8.145312500000000000e+01
8.258221435546875000e+01
7.595309448242187500e+01
7.657462310791015625e+01
7.719615936279296875e+01
7.454907226562500000e+01
7.509921264648437500e+01
7.564934539794921875e+01
7.674961853027343750e+01
6.829433441162109375e+01
6.864320373535156250e+01
6.899206542968750000e+01
6.934092712402343750e+01
6.968979644775390625e+01
7.038752746582031250e+01
6.958276367187500000e+01
7.043132019042968750e+01
7.861646270751953125e+01
7.892632293701171875e+01
7.923619079589843750e+01
7.954605102539062500e+01
7.498830413818359375e+01
7.553858184814453125e+01
7.608885192871093750e+01
7.663912963867187500e+01
7.528729248046875000e+01
7.611043548583984375e+01
7.753282165527343750e+01
7.822135925292968750e+01
7.890988922119140625e+01
8.042465972900390625e+01
7.709240722656250000e+01
7.727700042724609375e+01
7.746160125732421875e+01
7.713762664794921875e+01
7.774756622314453125e+01
7.835751342773437500e+01
7.957740020751953125e+01
7.629814147949218750e+01
7.644812011718750000e+01
7.659809875488281250e+01
7.674807739257812500e+01
7.689805603027343750e+01
7.719802093505859375e+01
7.593051147460937500e+01
7.614339447021484375e+01
7.632079315185546875e+01
7.656916046142578125e+01
7.678204345703125000e+01
7.517043304443359375e+01
7.589136505126953125e+01
7.661228942871093750e+01
6.902427673339843750e+01
6.943674468994140625e+01
6.984920501708984375e+01
7.026167297363281250e+01
7.762580108642578125e+01
7.781496429443359375e+01
7.800412750244140625e+01
7.446321105957031250e+01
7.508273315429687500e+01
7.570224761962890625e+01
7.694128417968750000e+01
7.068427276611328125e+01
7.127863311767578125e+01
7.187299346923828125e+01
7.306172180175781250e+01
7.653254699707031250e+01
7.725518035888671875e+01
7.773692321777343750e+01
7.894130706787109375e+01
7.622333526611328125e+01
7.640704345703125000e+01
7.554141235351562500e+01
7.573523712158203125e+01
7.795388793945312500e+01
7.805599212646484375e+01
7.815808868408203125e+01
7.836228942871093750e+01
7.856649017333984375e+01
6.871041107177734375e+01
6.925306701660156250e+01
6.979572296142578125e+01
7.088102722167968750e+01
7.728745269775390625e+01
7.812268829345703125e+01
7.831982421875000000e+01
7.868306732177734375e+01
6.729055023193359375e+01
6.770129394531250000e+01
6.811204528808593750e+01
6.852278900146484375e+01
6.893353271484375000e+01
7.998651885986328125e+01
8.044256591796875000e+01
8.089862060546875000e+01
8.181072235107421875e+01
7.612307739257812500e+01
7.678819274902343750e+01
7.745330810546875000e+01
6.907617950439453125e+01
6.945960998535156250e+01
6.993889617919921875e+01
7.041818237304687500e+01
7.137675476074218750e+01
7.636898040771484375e+01
7.702867889404296875e+01
7.326146697998046875e+01
7.396343231201171875e+01
7.466539764404296875e+01
7.536736297607421875e+01
7.606932830810546875e+01
7.713706970214843750e+01
7.772766876220703125e+01
7.831826782226562500e+01
7.265823364257812500e+01
7.339565277099609375e+01
7.362489318847656250e+01
7.423267364501953125e+01
7.484045410156250000e+01
7.605601501464843750e+01
7.458309936523437500e+01
7.517756652832031250e+01
7.589092254638671875e+01
7.707985687255859375e+01
7.023013305664062500e+01
7.080010223388671875e+01
7.165505981445312500e+01
7.807444763183593750e+01
7.870839691162109375e+01
7.934234619140625000e+01
8.061023712158203125e+01
7.914613342285156250e+01
7.928817749023437500e+01
7.957225799560546875e+01
7.985634613037109375e+01
8.262319946289062500e+01
8.277864837646484375e+01
8.305068969726562500e+01
8.355591583251953125e+01
7.889903259277343750e+01
7.943374633789062500e+01
7.996845245361328125e+01
8.103787231445312500e+01
7.789713287353515625e+01
7.839642333984375000e+01
7.914536285400390625e+01
8.026876831054687500e+01
7.360882568359375000e+01
7.466344451904296875e+01
7.541674804687500000e+01
7.397132110595703125e+01
7.478116607666015625e+01
7.559101867675781250e+01
7.708478546142578125e+01
7.721920013427734375e+01
7.742082214355468750e+01
7.775685119628906250e+01
7.373272705078125000e+01
7.445149230957031250e+01
7.531402587890625000e+01
7.660779571533203125e+01
7.773274230957031250e+01
7.852534484863281250e+01
7.569743347167968750e+01
7.607771301269531250e+01
7.247222900390625000e+01
7.376062011718750000e+01
7.440481567382812500e+01
7.504901123046875000e+01
7.633740234375000000e+01
7.749604034423828125e+01
7.767850494384765625e+01
7.454528045654296875e+01
7.530339813232421875e+01
7.606150817871093750e+01
7.757772827148437500e+01
6.893944549560546875e+01
6.934261322021484375e+01
7.055212402343750000e+01
7.200289916992187500e+01
7.256624603271484375e+01
7.312959289550781250e+01
7.436896514892578125e+01
7.625209808349609375e+01
7.644676208496093750e+01
7.846956634521484375e+01
7.913568115234375000e+01
7.993500518798828125e+01
8.113400268554687500e+01
7.010012817382812500e+01
7.135582733154296875e+01
7.238321685791015625e+01
7.207717132568359375e+01
7.228923034667968750e+01
7.250129699707031250e+01
7.275576782226562500e+01
7.343437194824218750e+01
7.499955749511718750e+01
7.515489959716796875e+01
7.538790893554687500e+01
7.021588897705078125e+01
7.081525421142578125e+01
7.290161895751953125e+01
7.351345062255859375e+01
7.412528228759765625e+01
7.473711395263671875e+01
7.534894561767578125e+01
7.657260894775390625e+01
7.412425994873046875e+01
7.490455627441406250e+01
7.568485260009765625e+01
7.724543762207031250e+01
7.876987457275390625e+01
7.890672302246093750e+01
7.904357147216796875e+01
7.931727600097656250e+01
7.370729827880859375e+01
7.430641937255859375e+01
7.490554046630859375e+01
7.680183410644531250e+01
7.749467468261718750e+01
7.832607269287109375e+01
7.301810455322265625e+01
7.408180999755859375e+01
7.461366271972656250e+01
7.514551544189453125e+01
7.620922851562500000e+01
7.616305541992187500e+01
7.670964813232421875e+01
7.725624084472656250e+01
7.724496459960937500e+01
7.743192291259765625e+01
7.529389953613281250e+01
7.600584411621093750e+01
7.671778869628906250e+01
7.742973327636718750e+01
7.056670379638671875e+01
7.115287017822265625e+01
7.173903656005859375e+01
7.232520294189453125e+01
7.291136169433593750e+01
7.420092773437500000e+01
6.602275085449218750e+01
6.652295684814453125e+01
6.702316284179687500e+01
7.959008026123046875e+01
7.976133728027343750e+01
7.691245269775390625e+01
7.709504699707031250e+01
7.731417083740234375e+01
7.764285278320312500e+01
7.326148223876953125e+01
7.399214935302734375e+01
7.472280883789062500e+01
8.048861694335937500e+01
8.119293975830078125e+01
8.189726257324218750e+01
7.526712036132812500e+01
7.546070098876953125e+01
7.168969726562500000e+01
7.248218536376953125e+01
7.327468109130859375e+01
7.885811614990234375e+01
7.956616210937500000e+01
8.027421569824218750e+01
7.663624572753906250e+01
7.733567047119140625e+01
7.803509521484375000e+01
7.957382202148437500e+01
7.016109466552734375e+01
7.081039428710937500e+01
7.145968627929687500e+01
7.275828552246093750e+01
7.818006134033203125e+01
7.836357116699218750e+01
7.854707336425781250e+01
7.889408874511718750e+01
7.935836791992187500e+01
7.982265472412109375e+01
6.490601348876953125e+01
6.546060180664062500e+01
6.612611389160156250e+01
6.712437438964843750e+01
6.823355865478515625e+01
7.683462524414062500e+01
7.701467895507812500e+01
7.719473266601562500e+01
7.755484771728515625e+01
7.414205932617187500e+01
7.503239440917968750e+01
7.149160766601562500e+01
7.218141174316406250e+01
7.287122344970703125e+01
7.436282348632812500e+01
7.512750244140625000e+01
7.230322265625000000e+01
7.299022674560546875e+01
7.381462860107421875e+01
7.518863677978515625e+01
8.440561676025390625e+01
8.496139526367187500e+01
7.605147552490234375e+01
7.678713989257812500e+01
7.766993713378906250e+01
7.899412536621093750e+01
7.510581970214843750e+01
7.572371673583984375e+01
7.634161376953125000e+01
7.182856750488281250e+01
7.232091522216796875e+01
7.281326293945312500e+01
7.330561828613281250e+01
7.739362335205078125e+01
7.799444580078125000e+01
7.859527587890625000e+01
7.979692840576171875e+01
7.681620025634765625e+01
7.746372985839843750e+01
7.789542388916015625e+01
7.897465515136718750e+01
7.495262908935546875e+01
7.555069732666015625e+01
7.614877319335937500e+01
7.734490966796875000e+01
7.630193328857421875e+01
7.707629394531250000e+01
7.469911956787109375e+01
7.535315704345703125e+01
7.600719451904296875e+01
7.731527709960937500e+01
7.238495635986328125e+01
7.296428680419921875e+01
7.354360961914062500e+01
7.470226287841796875e+01
7.802136230468750000e+01
7.821131134033203125e+01
7.561642456054687500e+01
7.629190063476562500e+01
7.696737670898437500e+01
7.831832122802734375e+01
7.245930480957031250e+01
7.305087280273437500e+01
7.379032897949218750e+01
6.912118530273437500e+01
6.988001251220703125e+01
7.063883209228515625e+01
7.303600311279296875e+01
7.342903137207031250e+01
7.362554931640625000e+01
7.382205963134765625e+01
6.967395782470703125e+01
7.055760192871093750e+01
7.947444152832031250e+01
8.035637664794921875e+01
8.094432067871093750e+01
8.241419982910156250e+01
7.603451538085937500e+01
7.656446838378906250e+01
7.709442138671875000e+01
7.815432739257812500e+01
8.555555725097656250e+01
8.628588867187500000e+01
8.701621246337890625e+01
8.847686767578125000e+01
7.695530700683593750e+01
7.738020324707031250e+01
7.780510711669921875e+01
7.072986602783203125e+01
7.133654022216796875e+01
7.194320678710937500e+01
7.315654754638671875e+01
7.245896148681640625e+01
7.312024688720703125e+01
7.378152465820312500e+01
7.457506561279296875e+01
7.523635101318359375e+01
7.655891418457031250e+01
7.790892028808593750e+01
7.830088806152343750e+01
7.869286346435546875e+01
7.947679901123046875e+01
7.884045410156250000e+01
7.941870880126953125e+01
7.999696350097656250e+01
7.734629821777343750e+01
7.799290466308593750e+01
7.993273925781250000e+01
7.097051239013671875e+01
7.114220428466796875e+01
7.131390380859375000e+01
8.069641113281250000e+01
8.149530792236328125e+01
7.200061035156250000e+01
7.282368469238281250e+01
7.364675903320312500e+01
7.339932250976562500e+01
7.428758239746093750e+01
7.576802825927734375e+01
6.865930175781250000e+01
6.933589935302734375e+01
7.001248931884765625e+01
7.068908691406250000e+01
7.136567687988281250e+01
7.346315002441406250e+01
7.399038696289062500e+01
7.451761627197265625e+01
7.557208251953125000e+01
7.981237030029296875e+01
8.049381256103515625e+01
8.253813171386718750e+01
