1.046399
0.523572
1.274569
0.373176
1.359140
1.203492
0.390206
1.372441
0.997001
1.177058
0.386008
0.380374
0.768143
1.103048
1.425673
1.855196
1.547525
0.773610
1.839848
1.310638
1.518577
1.760471
0.920997
0.737129
0.615178
1.282754
0.940141
1.137146
0.970554
1.043716
1.510335
0.727767
0.267262
0.689695
1.579551
1.232257
1.423491
0.644549
1.144909
1.399365
1.282000
1.132080
1.124041
1.026394
0.783954
1.198417
1.392960
0.321257
1.389126
1.300246
1.324101
0.774919
1.234786
1.378073
0.941254
0.947844
1.146608
1.269331
0.375811
1.240757
1.211337
1.340548
0.388737
1.050631
1.619820
0.843822
0.347051
1.132470
1.194156
0.825636
0.802760
1.301943
0.369743
1.340902
0.805028
0.971383
0.824311
1.380000
0.924411
1.254081
1.328554
0.818850
0.270648
1.134557
1.223643
1.401185
1.259523
1.710273
1.085752
0.308445
1.082105
1.249569
1.149196
0.203133
1.650799
0.394196
1.486334
1.134655
0.480744
1.156754
1.705138
1.308483
1.510970
1.242513
0.256973
1.166246
0.383106
1.592723
1.330664
0.991538
1.407364
0.504225
0.752090
1.300378
1.286339
1.223142
1.375478
1.483590
1.245094
0.799156
0.273336
1.463306
1.161744
0.371856
0.964944
1.037215
1.528963
0.392688
0.353311
1.193226
1.474877
1.363675
0.890386
0.313068
1.477005
1.496044
1.347985
1.129091
1.243060
1.100272
0.697730
1.697110
0.619726
1.100546
1.646274
1.377063
0.369195
1.219889
0.299959
0.354807
1.441861
0.824929
0.378327
1.239036
1.188722
1.204382
0.367425
0.387648
0.204200
1.085308
1.670475
0.363243
0.821488
0.912104
1.330228
0.958574
1.319398
1.403930
1.181197
1.474845
1.215560
1.188930
1.424928
1.267892
0.284085
0.388632
1.069417
1.248226
1.506602
1.619695
0.336035
1.437531
1.585203
0.380281
1.288391
0.364931
1.516224
0.806342
1.126700
0.389336
1.332219
1.141549
0.424125
0.388352
0.856229
1.223664
1.560592
0.273702
1.198240
1.385673
1.063706
1.093182
0.373927
1.423889
1.172329
1.000410
0.342510
0.365202
1.461330
1.408645
0.387169
1.584983
1.416095
1.398849
1.298595
0.367018
0.928567
1.109180
0.360109
1.780668
1.379622
1.529345
1.374007
0.505249
1.471323
1.235795
0.984697
1.201655
1.079231
1.196138
1.548713
1.308080
1.158652
0.379907
1.350947
1.478912
1.517645
0.393027
1.767292
1.469882
1.059906
1.460657
0.849799
1.213338
1.322567
0.783941
1.156511
1.293220
0.343393
1.597793
1.646150
1.480440
1.353185
1.054468
1.362882
