70.702273
69.446346
73.826244
64.950295
66.754209
81.335204
64.787433
83.632178
75.522683
78.584066
64.791577
64.799870
86.222967
76.688302
77.877698
75.317498
66.720642
77.062162
75.906664
77.704382
71.924002
84.311795
86.307876
66.903594
64.938642
67.577789
84.592284
64.439467
85.020768
76.664024
81.323717
71.497594
65.095208
82.631275
72.639141
78.580309
66.484090
80.092241
82.457868
67.009964
78.870675
79.634370
86.412094
68.921560
86.569154
78.940848
73.272108
64.959141
67.437997
71.536629
78.028363
78.342323
86.654314
81.248942
87.086048
86.245078
86.742408
78.290639
64.854941
73.802265
78.958118
77.411947
64.815493
69.473411
72.596984
86.271946
86.286236
75.892302
72.795150
64.113655
84.245309
76.141860
86.311341
81.030696
71.070433
80.800160
86.201271
77.399092
86.275279
77.305793
80.719633
86.797688
64.893820
68.192409
71.995691
77.460081
80.643172
79.837632
73.076313
65.014561
82.801284
64.464728
75.021482
64.981177
80.489637
86.261944
71.245031
64.434459
64.648171
73.297483
78.914397
69.182854
72.419164
76.426032
64.934337
64.485294
64.808474
80.079673
82.709576
84.265918
78.069262
86.476818
86.320852
74.859876
73.485526
85.327548
79.344386
74.725462
84.438785
64.871585
64.944301
78.055069
81.871330
64.857329
64.287574
81.964219
72.414089
64.782036
64.827891
65.157487
69.398652
78.550319
64.766923
64.958725
74.814073
82.275166
69.737803
79.331626
85.640097
64.639685
79.353909
66.657569
65.674619
78.740643
76.377601
75.725258
64.835347
85.743255
65.014122
64.899265
77.470416
78.650103
64.810479
72.338134
69.310281
77.815311
64.863728
64.801250
65.023478
80.515825
80.189266
64.830700
83.787163
75.924553
72.901432
78.410620
82.003571
74.213135
79.266527
70.387865
78.324671
81.230478
77.029983
83.193595
64.909837
64.787230
86.564577
78.588287
71.233979
69.479874
64.901683
75.568630
84.710953
64.827067
78.489662
64.839739
70.713599
76.101682
67.605645
64.790169
81.442175
65.846388
64.952938
64.802499
76.326260
82.512269
69.588686
64.932394
71.763484
78.467550
74.170011
69.161594
64.824367
77.075758
85.652660
64.436529
64.845965
64.844309
77.285108
77.080179
64.805624
71.323334
81.654836
67.803182
74.658464
64.826391
78.012284
81.335639
64.857808
74.867728
70.008558
78.234503
77.826074
64.824842
71.484210
82.517713
73.671916
74.994453
75.633929
79.423167
77.883238
76.566335
74.420594
64.806245
78.697904
71.419374
69.687795
64.821040
66.796452
71.654279
82.528280
67.668616
79.431428
67.211632
73.363783
64.848802
81.641719
81.115532
64.687113
74.573351
70.674150
66.483164
82.040866
77.358205
79.327956
