0.196765
0.698584
0.180322
0.925769
0.512897
0.225803
0.061886
0.154300
0.083674
0.201346
0.101157
0.128185
0.257157
0.157295
0.031568
0.551581
0.660930
0.079046
0.266416
0.276833
0.243679
0.142271
0.201511
0.194825
0.427961
0.416940
0.169746
0.636772
0.129954
0.121025
0.171960
0.420076
1.530044
0.405738
0.307020
0.192558
0.117925
0.136929
0.166963
0.509144
0.173758
0.227001
0.341488
0.100753
0.539069
0.134396
0.088952
0.951195
0.486735
0.105277
0.294937
0.256292
0.320080
0.420766
1.709704
0.162027
0.657252
0.170514
0.342696
0.048554
0.202179
0.128201
0.174568
0.051829
0.375089
0.109707
0.191311
0.056795
0.152098
1.183662
0.148235
0.157782
0.117676
0.357480
0.273810
0.296167
0.187555
0.053198
0.282244
0.148937
0.171682
1.188823
0.804843
0.319202
0.140019
0.392375
0.191414
0.135594
0.133584
1.194466
0.284669
0.342149
0.169021
1.518874
0.290808
0.238350
0.338063
0.544482
0.936985
0.239214
0.196188
0.319573
0.429038
0.264280
0.510616
0.348845
0.084629
0.316647
0.221841
0.233523
0.047967
1.015445
0.169060
0.111960
0.094881
0.250401
0.211239
0.248204
0.357631
0.143835
1.084617
0.303749
0.166400
0.379037
0.723518
0.262680
0.184671
0.085167
0.242851
0.343817
0.337090
0.158923
0.159118
0.801313
0.112446
0.458732
0.394053
0.092283
0.318312
0.339738
0.465859
0.115956
0.334435
0.160206
0.051163
0.160218
0.152922
0.428873
1.419676
0.538839
0.133216
0.238631
0.113425
0.138231
0.180452
0.111626
0.443329
0.018535
1.275080
0.213949
0.118678
0.090809
0.136280
0.231124
0.333984
0.223729
0.216490
0.253109
0.151912
0.147242
0.208772
0.215545
0.286377
0.160695
0.781384
0.349837
0.242209
0.101965
0.253676
0.582558
0.385970
0.301768
0.469875
0.231687
0.231407
0.248669
0.495940
0.229454
0.251063
0.082259
0.185947
0.242066
0.992784
0.086902
0.125034
0.553539
0.593738
0.918525
0.083794
0.073262
0.130847
0.091682
0.171945
0.103863
0.417200
0.456053
0.367023
0.309156
0.098700
0.189411
0.152327
0.171409
0.098193
0.446829
0.138164
0.193096
0.215908
0.291045
0.397592
0.086258
0.215878
0.073335
0.256085
0.070986
0.411280
0.318600
0.263332
0.061425
0.180842
0.227248
0.042145
0.240254
0.174599
0.090759
0.139794
0.115715
0.176719
0.302235
0.154107
0.413982
0.245835
0.572904
0.235343
0.354513
0.277949
0.101746
0.126885
0.096982
0.567961
0.355440
0.307509
0.597198
0.550560
0.128548
0.118832
