0.144574 0.008259 0.181328
0.146148 0.011307 0.183611
0.147721 0.014365 0.185903
0.149295 0.017459 0.188204
0.150801 0.020579 0.190231
0.152311 0.023713 0.192282
0.153821 0.026871 0.194360
0.155346 0.030031 0.196560
0.156910 0.033203 0.198967
0.158459 0.036377 0.201381
0.159988 0.039588 0.203669
0.161447 0.042793 0.205734
0.162906 0.046020 0.207822
0.164396 0.049258 0.210061
0.165946 0.052540 0.212551
0.167494 0.055837 0.215045
0.169021 0.059157 0.217446
0.170458 0.062426 0.219632
0.171900 0.065700 0.221856
0.173313 0.068989 0.223984
0.174830 0.072371 0.226431
0.176348 0.075756 0.228928
0.177893 0.079188 0.231490
0.179336 0.082508 0.233874
0.180764 0.085843 0.236199
0.182169 0.089157 0.238509
0.183651 0.092563 0.240995
0.185162 0.096080 0.243436
0.186682 0.099535 0.246074
0.188190 0.103008 0.248636
0.189583 0.106368 0.250952
0.191009 0.109810 0.253248
0.192428 0.113269 0.255520
0.193960 0.116738 0.258287
0.195485 0.120225 0.261005
0.197020 0.123760 0.263681
0.198458 0.127217 0.266074
0.199923 0.130717 0.268506
0.201391 0.134235 0.270922
0.202913 0.137756 0.273560
0.204482 0.141292 0.276374
0.206036 0.144780 0.279220
0.207572 0.148289 0.281897
0.209076 0.151805 0.284408
0.210575 0.155286 0.286927
0.212132 0.158807 0.289612
0.213755 0.162321 0.292573
0.215401 0.165867 0.295522
0.216989 0.169309 0.298392
0.218570 0.172836 0.300981
0.220186 0.176405 0.303602
0.221792 0.179918 0.306234
0.223512 0.183426 0.309325
0.225283 0.186941 0.312567
0.227030 0.190384 0.315773
0.228729 0.193896 0.318538
0.230443 0.197462 0.321162
0.232204 0.201020 0.323928
0.234009 0.204511 0.326944
0.235880 0.207961 0.330233
0.237753 0.211344 0.333594
0.239641 0.214802 0.336716
0.241512 0.218268 0.339645
0.243383 0.221697 0.342545
0.245397 0.225174 0.345821
0.247419 0.228571 0.349185
0.249465 0.231932 0.352599
0.251488 0.235270 0.355842
0.253554 0.238627 0.359064
0.255744 0.242160 0.362271
0.257976 0.245621 0.365662
0.260134 0.248860 0.369100
0.262417 0.252228 0.372598
0.264687 0.255471 0.376179
0.267157 0.258950 0.379836
0.269618 0.262344 0.383484
0.272038 0.265605 0.387113
0.274544 0.268923 0.390753
0.277116 0.272288 0.394364
0.279719 0.275564 0.398133
0.282407 0.278944 0.401769
0.285166 0.282349 0.405430
0.287993 0.285700 0.409282
0.290901 0.289111 0.413097
0.293758 0.292398 0.416805
0.296747 0.295749 0.420647
0.299803 0.299173 0.424362
0.303052 0.302670 0.428358
0.306366 0.306192 0.432314
0.309765 0.309678 0.436446
0.313178 0.313197 0.440307
0.316685 0.316695 0.444333
0.320260 0.320222 0.448308
0.324051 0.323926 0.452333
0.327905 0.327651 0.456297
0.331835 0.331399 0.460231
0.335868 0.335219 0.464108
0.340130 0.339134 0.468240
0.344222 0.342877 0.472041
0.348590 0.346876 0.475859
0.353065 0.350894 0.479750
0.357618 0.354930 0.483621
0.362377 0.359139 0.487473
0.367367 0.363600 0.491198
0.372518 0.368136 0.495001
0.377764 0.372791 0.498590
0.383097 0.377367 0.502406
0.388446 0.381993 0.505950
0.394074 0.386883 0.509475
0.399884 0.391933 0.512933
0.405871 0.397194 0.516218
0.412003 0.402536 0.519536
0.418300 0.408062 0.522703
0.424551 0.413481 0.525837
0.430974 0.419046 0.528950
0.437514 0.424728 0.531963
0.444267 0.430731 0.534676
0.451291 0.436979 0.537425
0.458391 0.443288 0.540129
0.465387 0.449491 0.542681
0.472448 0.455719 0.545246
0.479453 0.461886 0.547718
0.486933 0.468561 0.550194
0.494292 0.475342 0.552069
0.501635 0.482078 0.553943
0.509040 0.488822 0.555887
0.516379 0.495489 0.557772
0.523291 0.501896 0.559103
0.530640 0.508770 0.560481
0.538325 0.515749 0.562389
0.545771 0.522635 0.563871
0.553359 0.529863 0.564960
0.560127 0.536182 0.565866
0.567118 0.542598 0.567051
0.573801 0.548698 0.568090
0.580807 0.555373 0.568687
0.587981 0.561989 0.569726
0.595018 0.568488 0.570615
0.601595 0.574569 0.571189
0.607767 0.580176 0.571687
0.613892 0.585673 0.572233
0.620362 0.591312 0.573206
0.627047 0.597355 0.573803
0.633612 0.603236 0.574366
0.640381 0.609249 0.575042
0.646352 0.614294 0.575735
0.652217 0.619194 0.576400
0.657994 0.623934 0.577113
0.664158 0.629099 0.577790
0.670388 0.634391 0.578285
0.676784 0.639667 0.579103
0.682281 0.644158 0.579397
0.687948 0.648620 0.580086
0.693357 0.652811 0.580685
0.699086 0.657256 0.581450
0.705139 0.662001 0.582272
0.711345 0.666833 0.583212
0.717614 0.671743 0.584098
0.722819 0.675464 0.585000
0.727860 0.679012 0.585851
0.733104 0.682865 0.586496
0.738973 0.687171 0.587652
0.744885 0.691580 0.588664
0.750756 0.695976 0.589574
0.755950 0.699715 0.590312
0.760862 0.703093 0.591179
0.765907 0.706442 0.592461
0.770752 0.709642 0.593641
0.776488 0.713863 0.594720
0.782141 0.718002 0.595818
0.787748 0.722136 0.596886
0.792218 0.724942 0.598158
0.796656 0.727720 0.599455
0.801061 0.730506 0.600711
0.806351 0.734394 0.601805
0.811814 0.738499 0.602928
0.817164 0.742519 0.604085
0.821640 0.745551 0.605321
0.825649 0.747986 0.606778
0.829737 0.750560 0.608230
0.834271 0.753660 0.609872
0.839269 0.757644 0.610724
0.844199 0.761592 0.611684
0.848911 0.765228 0.612998
0.852744 0.767609 0.614946
0.856635 0.770189 0.616746
0.860305 0.772613 0.618369
0.864737 0.776241 0.619608
0.869449 0.780416 0.620564
0.873601 0.784078 0.621155
0.877197 0.786776 0.622680
0.880660 0.789122 0.624894
0.884089 0.791503 0.627194
0.887652 0.794497 0.628489
0.891989 0.798685 0.629784
0.895989 0.802655 0.630688
0.899573 0.805980 0.632068
0.902804 0.808568 0.634420
0.905718 0.810905 0.636413
0.908616 0.813266 0.638568
