68.407665
65.371211
74.027003
72.556138
69.916494
79.687333
79.363749
83.768188
99.533757
73.019619
94.229138
90.083649
83.647200
74.348383
71.195939
81.058848
74.161965
67.094334
69.149544
60.377903
97.856990
85.114833
90.294714
70.624922
82.030938
102.230940
81.293302
80.300777
79.365870
77.557907
65.118070
76.502588
70.364072
70.651889
71.250982
73.117987
61.033739
91.056928
75.942343
81.908040
70.880432
75.972135
69.241253
73.898438
76.388855
79.344003
73.925360
82.898418
87.777014
76.126423
68.847690
76.679588
66.011708
65.752034
90.803438
83.424635
71.771497
69.380978
72.347420
95.118092
88.512666
71.258712
63.320568
71.115705
66.909615
98.863624
63.775583
68.937079
66.525412
74.968193
92.136730
72.102189
76.468139
81.991132
70.450874
94.748623
65.869341
77.295514
70.237032
87.367826
75.355496
62.768044
63.110021
68.838934
84.113845
63.486131
72.784567
91.853980
64.747457
66.101201
81.004425
60.527401
86.127093
93.225774
84.951359
73.238584
64.807281
78.168046
67.675090
77.004978
88.512339
94.444300
90.111853
59.926718
91.803605
84.139915
76.069844
71.919238
80.872996
78.167776
65.360774
64.654783
64.062461
71.518995
70.180539
75.214896
99.279954
72.684487
72.568712
74.898330
88.261245
67.279714
65.745873
82.558389
67.605770
88.262632
77.600503
69.498055
68.649755
78.846346
65.432114
79.100074
75.095838
75.959094
69.178294
96.446412
77.654471
74.303102
83.850768
80.374363
78.785070
78.028655
66.742802
105.642488
72.220598
82.478647
88.384065
74.706040
69.074347
85.933033
80.191782
72.271752
82.597842
81.824942
75.342275
85.211973
77.360957
68.654518
55.209387
81.561289
76.932499
75.244878
75.116537
76.845402
81.458565
51.697837
53.456737
65.931203
64.612112
97.455192
71.169611
75.318617
71.759921
62.341472
96.120863
72.220462
85.031142
57.478112
81.119220
71.328549
70.569866
82.326233
86.049182
69.363949
79.037755
82.566570
82.097790
49.601494
86.686891
78.783656
73.537289
66.519304
78.259138
72.364400
68.963918
70.867240
75.714994
79.194954
72.009418
86.844224
67.161399
78.133892
86.000188
55.494515
72.704355
69.677895
104.507975
72.236907
79.688506
71.331721
79.951421
83.720736
77.768238
46.350595
80.723424
81.879993
86.058061
69.924184
68.126528
90.636856
68.277385
64.689698
106.618848
80.386626
75.045466
80.680390
80.754976
91.220317
84.287701
75.476553
67.578882
65.427909
77.174569
71.841414
79.519582
58.314820
74.765636
65.968440
68.249270
86.349042
68.416352
70.276105
72.508936
85.059254
79.007725
59.528464
71.562582
63.062117
67.867204
90.823189
76.605001
76.388971
79.488123
74.737237
73.424069
84.207741
78.300610
88.570235
63.659180
75.976309
96.554446
86.817420
84.015878
66.790327
62.539124
69.811346
79.276354
76.791261
58.106250
75.359198
57.347205
76.993634
68.061247
58.369385
86.875002
80.183496
76.135178
74.937652
67.636233
73.574326
74.167244
67.508345
73.228584
84.552943
78.486932
67.972921
61.260428
70.826116
99.397774
54.112579
78.711626
78.151788
70.327405
76.720088
63.698198
86.413675
74.283019
78.240124
63.865577
85.540972
72.818197
80.261143
69.645293
80.540839
80.364201
75.471392
85.035656
69.499275
70.135536
80.713153
97.028221
78.197830
63.536036
76.978463
62.959062
57.540729
76.782560
71.174001
67.233662
72.957323
99.504974
77.762203
87.982808
75.140461
68.050840
67.838725
65.139772
80.890142
64.045082
67.591866
63.603899
77.498502
73.014862
89.220677
67.345712
86.637325
72.111536
74.708770
69.263179
83.844296
68.626176
79.360639
65.099886
76.816599
75.700548
81.032904
71.311328
74.200611
55.050455
91.685652
82.050939
73.086524
79.163419
59.793365
89.576571
72.205139
62.361272
57.277372
84.002435
79.061032
67.918213
68.961007
89.806925
97.605532
83.739393
67.174765
104.391464
84.331026
79.187477
70.018874
66.296915
76.938330
66.389715
54.560589
93.942109
77.467639
80.926969
86.423698
65.626237
73.990998
76.338518
90.599045
63.930157
79.444095
89.709644
77.140532
81.199166
79.101439
73.789713
94.967842
100.099413
77.175722
75.538642
69.456747
71.939090
83.554319
76.108273
84.266412
79.046562
81.924494
74.967451
76.638366
68.933781
72.248041
103.097335
76.356870
68.249311
81.312150
64.984191
66.668658
73.388679
66.885813
74.380181
70.722002
66.201405
75.213211
77.723771
77.666008
81.611026
77.777656
75.241423
62.483966
93.040135
76.684621
91.624291
80.806286
80.096176
60.673733
75.318503
72.129897
59.322756
65.107244
95.886060
76.451619
78.433208
75.432929
68.719027
77.482666
81.930341
70.075171
82.164285
66.491723
80.646243
84.321190
83.748463
70.076723
72.866607
72.685222
91.778207
75.343120
63.122273
66.343256
89.784755
77.648904
93.482991
79.045132
84.721620
88.229688
74.377228
72.412638
77.091695
87.627342
69.128497
69.456941
89.501971
81.359441
85.205298
67.291209
74.957614
73.408995
87.411745
75.077049
72.808119
74.065186
83.260949
78.473058
69.556963
67.003717
81.756914
70.371659
66.789884
62.398259
77.345065
76.275168
53.652912
89.172431
90.916177
78.341551
94.240209
83.550335
81.239180
71.472979
69.941932
90.813747
81.562833
67.195630
68.883191
77.108849
88.729863
67.486915
78.600790
74.391337
71.355958
76.654248
86.975493
72.704927
74.077304
68.403863
88.241403
81.439789
68.656562
80.558065
87.196161
76.992460
80.297451
88.760415
86.447867
64.715443
84.417826
84.419508
75.529354
73.503657
74.041739
82.987296
65.828358
78.868557
88.243193
79.947469
77.214019
64.254339
79.474866
70.357872
67.974428
77.486396
77.749768
89.097569
79.103079
85.799214
69.786974
74.254505
59.641356
71.490328
86.441893
83.249421
83.839509
71.043876
84.986109
73.666801
59.285531
69.414573
67.752489
88.499205
73.874471
96.733946
94.343547
73.367116
86.105431
69.333408
87.934273
73.878098
60.463394
83.940313
81.338843
62.470425
63.167546
41.788806
73.790847
72.653169
63.205099
73.805679
87.758557
82.391738
64.690022
64.464652
68.561414
65.866460
75.670952
71.564130
68.565216
66.609393
63.769980
70.147754
66.570517
82.355583
61.259734
74.774232
88.791895
77.533791
78.167231
81.102437
65.285568
79.838109
73.567664
78.695963
85.639903
89.633903
61.530839
81.464523
78.467494
101.529061
87.164541
75.421287
78.698978
79.570815
87.050263
103.011566
89.449258
78.905588
77.975983
80.092087
99.582428
77.391989
99.943394
62.306723
82.437062
94.446473
82.585753
73.685893
92.989894
79.052044
81.817998
82.823225
78.553720
89.256206
89.740950
95.958042
95.887936
62.284025
88.379841
66.802587
88.325775
82.014738
75.858824
88.776388
76.388807
72.717423
72.379628
67.362257
88.283585
84.006969
86.563478
86.585015
80.443199
98.171102
77.094364
69.788994
83.937563
76.345438
86.723157
58.742552
73.292653
81.823850
67.448777
63.925107
69.310576
84.372144
76.242214
70.884526
62.736085
72.543767
70.852455
78.848054
70.914290
72.441991
74.273294
98.781354
81.673561
87.908827
85.139140
59.503027
71.853356
73.118840
75.340803
70.035660
60.722611
96.789528
65.901624
78.107631
63.693401
81.925462
75.983033
80.121971
83.186971
83.988503
79.651447
88.980949
70.003634
75.919585
63.902989
94.646987
62.311437
71.930749
85.378201
82.121475
78.415102
65.905083
77.914604
86.115174
94.502911
75.254435
71.258532
85.469042
71.871684
73.751515
69.736495
72.690915
80.603189
76.498886
75.660874
79.152140
86.970172
69.815658
79.681811
65.248419
70.116464
100.358105
71.555618
74.081262
62.550714
77.025681
72.342781
81.287075
71.443551
69.672003
78.249924
87.521670
56.702358
75.489889
84.540869
64.858620
75.487346
70.922308
81.945054
79.906698
85.891750
