48.935381
49.217113
49.498845
49.780577
50.062308
50.344040
50.625772
50.907503
51.189235
51.470967
51.752698
52.034430
52.316162
52.597894
52.879625
53.161357
53.443089
53.724820
54.006552
54.288284
54.570015
54.851747
55.133479
55.415211
55.696942
55.978674
56.260406
56.542137
56.823869
57.105601
57.387332
57.669064
57.950796
58.232528
58.514259
58.795991
59.077723
59.359454
59.641186
59.922918
60.204649
60.486381
60.768113
61.049845
61.331576
61.613308
61.895040
62.176771
62.458503
62.740235
63.021966
63.303698
63.585430
63.867162
64.148893
64.430625
64.712357
64.994088
65.275820
65.557552
65.839283
66.121015
66.402747
66.684479
66.966210
67.247942
67.529674
67.811405
68.093137
68.374869
68.656601
68.938332
69.220064
69.501796
69.783527
70.065259
70.346991
70.628722
70.910454
71.192186
71.473918
71.755649
72.037381
72.319113
72.600844
72.882576
73.164308
73.446039
73.727771
74.009503
74.291235
74.572966
74.854698
75.136430
75.418161
75.699893
75.981625
76.263356
76.545088
76.826820
77.108552
77.390283
77.672015
77.953747
78.235478
78.517210
78.798942
79.080673
79.362405
79.644137
79.925869
80.207600
80.489332
80.771064
81.052795
81.334527
81.616259
81.897990
82.179722
82.461454
82.743186
83.024917
83.306649
83.588381
83.870112
84.151844
84.433576
84.715307
84.997039
85.278771
85.560503
85.842234
86.123966
86.405698
86.687429
86.969161
87.250893
87.532625
87.814356
88.096088
88.377820
88.659551
88.941283
89.223015
89.504746
89.786478
90.068210
90.349942
90.631673
90.913405
91.195137
91.476868
91.758600
92.040332
92.322063
92.603795
92.885527
93.167259
93.448990
93.730722
94.012454
94.294185
94.575917
94.857649
95.139380
95.421112
95.702844
95.984576
96.266307
96.548039
96.829771
97.111502
97.393234
97.674966
97.956697
98.238429
98.520161
98.801893
99.083624
99.365356
99.647088
99.928819
100.210551
100.492283
100.774014
101.055746
101.337478
101.619210
101.900941
102.182673
102.464405
102.746136
103.027868
103.309600
103.591331
103.873063
104.154795
104.436527
104.718258
104.999990
