0.101227 0.031326 0.197921
0.102598 0.034234 0.200172
0.103972 0.037152 0.202442
0.105348 0.040086 0.204721
0.106706 0.043037 0.206912
0.108070 0.045999 0.209127
0.109434 0.048973 0.211357
0.110803 0.051952 0.213638
0.112184 0.054937 0.216000
0.113561 0.057928 0.218369
0.114938 0.060939 0.220711
0.116296 0.063956 0.222982
0.117655 0.066983 0.225265
0.119027 0.070019 0.227616
0.120414 0.073069 0.230056
0.121804 0.076130 0.232508
0.123193 0.079206 0.234941
0.124555 0.082271 0.237301
0.125924 0.085345 0.239690
0.127286 0.088428 0.242050
0.128680 0.091542 0.244528
0.130078 0.094660 0.247032
0.131486 0.097798 0.249565
0.132866 0.100908 0.252046
0.134245 0.104027 0.254514
0.135618 0.107144 0.256980
0.137021 0.110296 0.259522
0.138436 0.113485 0.262049
0.139857 0.116657 0.264655
0.141280 0.119844 0.267246
0.142669 0.123000 0.269751
0.144077 0.126191 0.272264
0.145485 0.129389 0.274768
0.146931 0.132591 0.277457
0.148379 0.135802 0.280131
0.149837 0.139035 0.282797
0.151272 0.142253 0.285373
0.152721 0.145490 0.287967
0.154175 0.148736 0.290557
0.155655 0.151989 0.293239
0.157152 0.155248 0.295981
0.158648 0.158493 0.298735
0.160152 0.161760 0.301444
0.161652 0.165033 0.304092
0.163161 0.168306 0.306757
0.164691 0.171590 0.309472
0.166251 0.174877 0.312291
0.167829 0.178185 0.315114
0.169393 0.181461 0.317903
0.170974 0.184784 0.320608
0.172574 0.188125 0.323322
0.174181 0.191455 0.326041
0.175830 0.194785 0.328919
0.177506 0.198124 0.331849
0.179186 0.201449 0.334767
0.180869 0.204813 0.337536
0.182573 0.208206 0.340256
0.184303 0.211605 0.343024
0.186059 0.214989 0.345877
0.187847 0.218367 0.348820
0.189645 0.221727 0.351776
0.191477 0.225140 0.354669
0.193319 0.228564 0.357484
0.195171 0.231980 0.360276
0.197095 0.235436 0.363212
0.199035 0.238872 0.366163
0.201000 0.242309 0.369127
0.202974 0.245746 0.372018
0.204995 0.249221 0.374919
0.207073 0.252762 0.377796
0.209184 0.256294 0.380729
0.211295 0.259767 0.383675
0.213470 0.263300 0.386632
0.215657 0.266799 0.389600
0.217949 0.270414 0.392604
0.220259 0.274010 0.395588
0.222575 0.277569 0.398549
0.224961 0.281185 0.401530
0.227392 0.284827 0.404479
0.229855 0.288450 0.407462
0.232389 0.292145 0.410416
0.234974 0.295862 0.413357
0.237612 0.299582 0.416353
0.240303 0.303335 0.419314
0.243028 0.307082 0.422264
0.245824 0.310866 0.425234
0.248670 0.314686 0.428140
0.251632 0.318579 0.431152
0.254646 0.322493 0.434129
0.257719 0.326411 0.437143
0.260855 0.330379 0.440091
0.264055 0.334356 0.443072
0.267312 0.338356 0.446017
0.270697 0.342465 0.448991
0.274139 0.346595 0.451926
0.277651 0.350757 0.454847
0.281235 0.354958 0.457727
0.284958 0.359246 0.460708
0.288663 0.363472 0.463567
0.292516 0.367834 0.466439
0.296442 0.372211 0.469301
0.300453 0.376630 0.472169
0.304587 0.381148 0.475036
0.308831 0.385761 0.477818
0.313188 0.390439 0.480636
0.317627 0.395182 0.483380
0.322159 0.399932 0.486199
0.326751 0.404723 0.488927
0.331483 0.409635 0.491638
0.336343 0.414644 0.494337
0.341296 0.419730 0.496939
0.346363 0.424887 0.499566
0.351552 0.430149 0.502152
0.356774 0.435383 0.504698
0.362120 0.440711 0.507249
0.367574 0.446123 0.509777
0.373136 0.451653 0.512163
0.378855 0.457314 0.514570
0.384661 0.463030 0.516961
0.390504 0.468747 0.519298
0.396431 0.474509 0.521637
0.402403 0.480285 0.523941
0.408587 0.486274 0.526236
0.414795 0.492337 0.528312
0.421059 0.498424 0.530383
0.427406 0.504553 0.532472
0.433792 0.510694 0.534531
0.440097 0.516787 0.536380
0.446596 0.523078 0.538236
0.453255 0.529435 0.540274
0.459887 0.535798 0.542145
0.466629 0.542336 0.543878
0.473117 0.548554 0.545490
0.479723 0.554842 0.547205
0.486271 0.561058 0.548862
0.492938 0.567472 0.550316
0.499689 0.573885 0.551929
0.506413 0.580268 0.553468
0.513000 0.586511 0.554869
0.519455 0.592582 0.556217
0.525893 0.598602 0.557564
0.532434 0.604647 0.559049
0.539056 0.610834 0.560387
0.545627 0.616940 0.561694
0.552267 0.623085 0.563045
0.558572 0.628795 0.564338
0.564836 0.634437 0.565621
0.571061 0.639998 0.566923
0.577362 0.645632 0.568173
0.583681 0.651293 0.569366
0.590031 0.656912 0.570677
0.596021 0.662158 0.571754
0.602038 0.667348 0.572976
0.607955 0.672408 0.574175
0.613905 0.677460 0.575394
0.619948 0.682585 0.576648
0.626023 0.687706 0.577956
0.632050 0.692758 0.579208
0.637689 0.697328 0.580467
0.643260 0.701803 0.581724
0.648854 0.706319 0.582896
0.654592 0.710912 0.584227
0.660334 0.715512 0.585527
0.666051 0.720078 0.586811
0.671466 0.724306 0.587999
0.676767 0.728370 0.589247
0.682092 0.732392 0.590653
0.687278 0.736268 0.591991
0.692756 0.740486 0.593324
0.698194 0.744649 0.594683
0.703543 0.748719 0.595999
0.708488 0.752290 0.597398
0.713413 0.755836 0.598827
0.718275 0.759324 0.600229
0.723383 0.763135 0.601569
0.728559 0.767029 0.602960
0.733642 0.770833 0.604348
0.738373 0.774234 0.605746
0.742954 0.777446 0.607256
0.747508 0.780653 0.608752
0.752153 0.783987 0.610297
0.756971 0.787643 0.611629
0.761708 0.791236 0.612982
0.766312 0.794671 0.614435
0.770623 0.797709 0.616138
0.774897 0.800772 0.617779
0.779063 0.803767 0.619368
0.783425 0.807118 0.620817
0.787894 0.810684 0.622217
0.792115 0.814043 0.623483
0.796082 0.817043 0.625041
0.800009 0.819966 0.626867
0.803864 0.822866 0.628707
0.807704 0.825936 0.630203
0.811815 0.829434 0.631740
0.815750 0.832831 0.633134
0.819481 0.835987 0.634669
0.823094 0.838950 0.636566
0.826537 0.841808 0.638331
0.829912 0.844646 0.640134
