1.648336
1.188133
0.477296
0.625713
1.002032
1.694599
0.847615
1.107055
0.656979
1.324500
0.431917
0.797941
1.208373
0.648136
3.198032
0.841457
0.708900
1.600345
1.822679
1.161266
0.706928
0.554139
0.930663
1.462289
0.301491
0.398534
1.214260
2.466646
1.051282
1.518897
0.590104
0.588508
1.105754
0.721368
2.948771
1.476243
0.968878
0.430830
1.836375
0.908381
0.578045
0.663644
1.900289
2.052561
0.623629
4.607458
1.368883
0.616790
0.622100
1.287399
0.542475
2.296882
0.287668
2.583982
0.555826
1.304065
0.598207
1.570493
1.320222
0.798578
1.169981
2.314292
0.259495
2.018997
0.852851
0.526926
0.540387
0.655613
0.718101
2.333107
1.327558
0.433103
1.277351
1.055262
2.264788
0.660148
1.581010
2.506018
0.138466
1.701667
0.717884
0.937932
0.322179
3.483579
1.331876
1.218798
1.322277
0.587101
1.148564
3.947519
1.199141
1.219955
0.524778
0.831299
1.593961
1.572092
1.396182
1.422486
0.649388
1.946703
1.104219
0.333460
0.989794
0.366540
1.130279
1.117669
1.273652
1.591494
0.806957
0.797015
2.608294
2.230758
2.149206
0.210905
0.932419
0.778566
0.606790
0.749890
0.943129
1.464014
0.739736
1.076343
1.364020
0.302310
1.455589
0.997439
0.209655
3.970418
1.277938
2.836325
0.615224
0.764652
0.576193
2.316358
1.993734
0.373528
1.653096
0.888802
1.228708
1.217139
0.508563
1.016570
1.081351
0.441112
4.910002
0.453063
0.663924
0.918294
0.416333
0.855469
1.365482
0.869628
0.616959
3.109792
0.955664
0.704605
2.398269
0.374822
0.851960
1.379534
0.828133
1.273165
0.928727
1.431473
0.509214
2.079930
0.899297
1.378245
1.021856
1.007815
4.724819
1.713494
0.747224
0.291007
0.876650
0.762698
0.287909
0.532521
1.007504
2.156045
1.652862
0.937625
1.749983
0.503734
2.552844
0.442862
0.398076
1.302863
0.731397
1.959477
0.811865
0.702758
2.169083
0.573976
0.611215
2.154869
1.211535
0.742706
1.036964
0.969189
0.708931
0.628508
0.965740
0.938207
0.345734
6.230405
0.588165
1.172734
0.231698
2.337728
1.111050
0.677160
2.527316
0.525288
0.502886
0.799906
0.863502
0.885766
4.500235
0.158379
0.467538
1.993971
0.476613
1.665176
1.222947
1.219480
1.933804
0.958451
0.484147
1.108680
1.852957
1.150147
2.251109
0.800075
1.945948
0.299974
1.785805
3.601855
2.385001
1.138937
0.715099
1.795996
0.535239
0.362227
1.248727
1.017896
3.090652
1.150779
5.261173
0.467888
0.517241
1.390536
2.985409
0.754099
2.651126
0.601323
0.604136
0.589057
0.325967
0.777316
0.429631
1.102261
1.201068
0.550876
3.395392
0.851905
3.262244
1.240445
1.046082
1.315492
2.285750
2.153482
0.584700
1.035340
1.498821
1.754374
0.414739
0.929458
4.082994
3.431448
0.707232
0.822875
0.523527
3.520683
0.813441
3.194888
0.600432
0.578333
0.239066
3.559816
0.721044
4.713793
0.871993
1.084598
0.624657
1.276802
1.882489
1.577938
0.522692
0.650055
1.215667
3.202034
3.544881
0.539458
1.405038
0.580107
1.833056
0.984858
0.553512
2.796139
0.720626
3.090787
0.789996
1.120046
0.523780
3.277647
1.628859
3.892940
0.948774
6.230405
0.514781
0.908509
0.567543
3.444433
1.952937
1.052531
2.949894
0.409092
2.270980
0.453484
3.565235
1.665885
4.984922
0.472603
1.993149
1.228958
0.505412
1.088125
0.402267
1.772105
0.462514
2.380073
0.283130
2.237265
1.051791
4.170163
2.727410
1.462956
2.133005
0.927809
2.107006
1.713622
1.102397
0.414357
0.302232
1.603364
0.386320
0.612866
1.174644
0.808517
1.102522
5.637057
0.253930
0.372570
1.328660
0.463907
0.487984
1.611030
0.309505
0.906245
0.271417
1.960297
3.697455
0.816018
0.762296
1.208923
0.766523
1.309977
3.659315
1.219189
0.784648
0.485184
0.982293
1.657706
0.989560
2.521109
1.939624
0.529799
1.294998
0.422921
0.626489
1.660473
0.347209
0.877839
1.617859
0.760089
4.374879
0.347012
0.399335
0.856443
6.230405
3.236198
2.871994
1.388288
0.404587
3.025836
1.705165
1.328187
2.615866
2.527204
2.975881
0.797840
1.312009
1.791848
1.293624
5.509571
1.696040
1.092313
0.680901
1.505785
2.689779
0.551876
0.569661
1.290300
0.244982
0.933102
0.920063
0.220618
2.312986
1.111443
1.176480
0.737484
0.234248
4.513849
0.941167
1.430224
0.589713
0.325202
0.589492
1.107361
0.424849
0.309821
0.836658
0.765875
1.070161
1.300591
0.969283
1.042341
0.362081
1.546473
1.383750
1.224236
1.107871
1.348758
0.647551
1.485293
0.415463
1.064740
0.575873
1.278997
0.606280
0.678664
4.940405
0.455926
0.621860
1.261531
0.752846
6.230405
1.308962
0.386145
0.613709
1.000209
1.480076
0.757923
1.584169
1.121773
0.842692
0.882811
2.283039
0.492876
0.471779
3.131092
1.610172
0.752802
0.439327
1.011746
0.490362
0.667326
0.591439
0.866054
1.093326
1.246126
0.904538
2.601649
1.397384
1.583370
2.424773
1.425141
0.321868
0.810754
2.014269
0.873316
1.140216
1.269844
0.865480
4.285480
1.655727
2.019522
0.625720
0.731193
6.230405
2.101429
1.448374
0.314580
0.836555
0.436714
1.550027
0.837681
1.331064
1.957112
1.432658
1.372326
0.441699
0.537197
1.358523
0.732092
0.934688
2.480566
0.652209
0.431085
1.278952
0.870134
0.757151
0.953292
0.449376
0.606984
0.261141
0.702575
1.492433
0.673446
1.872112
1.230321
1.403107
0.960090
0.910818
0.569632
0.539090
1.246253
0.702462
2.640136
2.395993
0.382370
1.106447
0.392382
0.624042
1.270864
0.521754
0.857259
0.761482
0.647403
1.141180
0.855251
2.415691
0.431987
0.977863
0.256935
0.255678
0.943339
0.630645
0.728496
1.109170
1.465186
0.941765
0.715637
0.778314
0.959527
1.382523
1.363833
1.152597
1.327798
1.035498
0.808374
0.366471
1.324186
0.826453
1.837120
0.730608
2.276388
1.146206
0.906278
0.506971
1.153344
0.645912
0.531752
0.979815
0.594598
5.217415
1.691327
0.357590
0.563092
1.239141
0.761043
0.576378
0.763679
0.970620
0.558390
0.416976
1.140921
1.156280
0.938458
0.409774
0.583867
0.474096
1.585970
0.666572
1.047086
0.451551
1.539766
0.446053
1.025095
0.608114
0.411623
1.794115
0.964878
0.683128
0.537865
0.543557
2.943916
0.439537
0.416320
0.924849
0.421309
1.598144
0.650318
1.236643
0.874573
0.546065
2.257270
1.068675
0.351882
0.258534
2.025859
1.419189
0.499856
0.408272
1.822484
1.069727
1.233612
3.259453
3.504616
0.917286
0.953425
0.988771
2.015878
3.788521
0.432645
2.374883
3.243192
1.102150
1.893357
0.334264
0.662159
3.504088
0.756523
0.732786
0.501884
0.517112
0.916497
0.604793
1.123347
0.554340
0.363876
6.230405
0.616710
0.776473
0.424214
2.267270
2.532263
0.949858
0.640789
0.511713
1.728981
1.080579
0.519415
0.345076
1.358280
0.521997
0.675873
1.450461
0.820055
0.640158
0.514191
0.670930
0.403583
0.479689
1.366982
0.734013
0.557558
0.648858
2.338915
1.084493
1.305923
0.947909
1.328202
1.304081
1.046396
1.266976
0.228574
0.385003
0.919838
0.811612
2.151172
0.440809
0.613758
1.700176
0.476047
0.762808
1.875499
0.539846
0.889796
0.623585
0.683246
4.799725
0.608371
0.463529
0.686535
2.719283
1.826868
1.334408
3.228917
0.979799
0.694701
0.753296
0.875662
0.679679
