0.058594 0.060447 0.210274
0.059875 0.063386 0.212427
0.061165 0.066336 0.214607
0.062456 0.069285 0.216796
0.063761 0.072232 0.219096
0.065075 0.075188 0.221419
0.066390 0.078146 0.223744
0.067708 0.081117 0.226045
0.069025 0.084099 0.228292
0.070347 0.087088 0.230547
0.071681 0.090077 0.232879
0.073031 0.093072 0.235302
0.074382 0.096067 0.237727
0.075738 0.099076 0.240130
0.077081 0.102081 0.242449
0.078431 0.105092 0.244791
0.079791 0.108106 0.247190
0.081173 0.111133 0.249670
0.082565 0.114174 0.252167
0.083963 0.117212 0.254709
0.085342 0.120237 0.257154
0.086727 0.123270 0.259599
0.088110 0.126297 0.262037
0.089526 0.129361 0.264557
0.090951 0.132426 0.267114
0.092385 0.135498 0.269684
0.093811 0.138561 0.272225
0.095223 0.141588 0.274781
0.096650 0.144649 0.277292
0.098087 0.147711 0.279854
0.099556 0.150799 0.282505
0.101027 0.153873 0.285194
0.102498 0.156938 0.287890
0.103964 0.160030 0.290444
0.105435 0.163114 0.293023
0.106908 0.166188 0.295630
0.108416 0.169280 0.298356
0.109924 0.172366 0.301081
0.111436 0.175443 0.303817
0.112956 0.178542 0.306509
0.114473 0.181642 0.309144
0.116004 0.184755 0.311772
0.117556 0.187871 0.314494
0.119117 0.190974 0.317269
0.120702 0.194102 0.320073
0.122278 0.197217 0.322814
0.123859 0.200353 0.325480
0.125452 0.203488 0.328174
0.127069 0.206646 0.330888
0.128706 0.209786 0.333733
0.130343 0.212913 0.336569
0.132002 0.216063 0.339413
0.133658 0.219234 0.342107
0.135320 0.222412 0.344761
0.137010 0.225617 0.347437
0.138724 0.228796 0.350277
0.140451 0.231961 0.353175
0.142190 0.235140 0.356033
0.143947 0.238355 0.358813
0.145715 0.241597 0.361506
0.147501 0.244857 0.364160
0.149323 0.248126 0.366948
0.151165 0.251386 0.369785
0.153025 0.254654 0.372615
0.154898 0.257954 0.375367
0.156795 0.261281 0.378070
0.158717 0.264633 0.380758
0.160666 0.267990 0.383484
0.162661 0.271390 0.386263
0.164639 0.274732 0.389029
0.166645 0.278116 0.391733
0.168720 0.281598 0.394412
0.170796 0.285055 0.397074
0.172908 0.288561 0.399678
0.175025 0.292043 0.402310
0.177180 0.295562 0.404913
0.179383 0.299136 0.407485
0.181633 0.302754 0.410097
0.183903 0.306370 0.412687
0.186203 0.310026 0.415189
0.188556 0.313720 0.417774
0.190934 0.317423 0.420317
0.193349 0.321177 0.422784
0.195786 0.324930 0.425226
0.198330 0.328815 0.427726
0.200885 0.332696 0.430147
0.203470 0.336578 0.432567
0.206099 0.340517 0.434938
0.208764 0.344476 0.437276
0.211461 0.348471 0.439513
0.214263 0.352566 0.441860
0.217099 0.356696 0.444105
0.219979 0.360854 0.446317
0.222913 0.365053 0.448552
0.225900 0.369290 0.450753
0.228952 0.373585 0.452936
0.232052 0.377904 0.455084
0.235211 0.382296 0.457187
0.238488 0.386804 0.459299
0.241814 0.391334 0.461437
0.245182 0.395886 0.463466
0.248645 0.400539 0.465494
0.252171 0.405238 0.467534
0.255721 0.409890 0.469540
0.259350 0.414625 0.471519
0.263067 0.419415 0.473533
0.266876 0.424323 0.475432
0.270800 0.429321 0.477378
0.274767 0.434317 0.479310
0.278828 0.439387 0.481261
0.282933 0.444432 0.483182
0.287136 0.449573 0.485084
0.291440 0.454784 0.487033
0.295846 0.460081 0.488883
0.300344 0.465454 0.490736
0.304954 0.470916 0.492614
0.309603 0.476314 0.494505
0.314315 0.481748 0.496379
0.319121 0.487252 0.498227
0.324078 0.492892 0.500077
0.329128 0.498606 0.501880
0.334300 0.504423 0.503672
0.339452 0.510140 0.505428
0.344740 0.515888 0.507362
0.350122 0.521709 0.509255
0.355575 0.527583 0.511079
0.361132 0.533533 0.512884
0.366885 0.539596 0.514860
0.372574 0.545522 0.516783
0.378234 0.551449 0.518461
0.384010 0.557404 0.520267
0.389797 0.563252 0.522220
0.395827 0.569341 0.524156
0.401850 0.575425 0.525987
0.408018 0.581626 0.527889
0.414021 0.587483 0.529854
0.420022 0.593379 0.531655
0.426060 0.599258 0.533494
0.432231 0.605214 0.535445
0.438525 0.611279 0.537420
0.444822 0.617324 0.539362
0.451009 0.623279 0.541119
0.457063 0.628968 0.542989
0.463125 0.634638 0.544863
0.469118 0.640220 0.546712
0.475298 0.646018 0.548505
0.481503 0.651825 0.550340
0.487731 0.657652 0.552189
0.493705 0.663137 0.553955
0.499620 0.668502 0.555810
0.505487 0.673848 0.557576
0.511510 0.679293 0.559482
0.517482 0.684725 0.561273
0.523515 0.690208 0.563135
0.529325 0.695425 0.564852
0.534995 0.700463 0.566569
0.540596 0.705421 0.568276
0.546044 0.710165 0.569924
0.551835 0.715330 0.571635
0.557654 0.720512 0.573401
0.563291 0.725423 0.575191
0.568644 0.730032 0.576754
0.573945 0.734542 0.578401
0.579229 0.739007 0.580119
0.584602 0.743546 0.581839
0.590053 0.748188 0.583559
0.595458 0.752814 0.585178
0.600788 0.757314 0.586763
0.605778 0.761365 0.588401
0.610778 0.765418 0.590075
0.615655 0.769304 0.591691
0.620902 0.773673 0.593302
0.626140 0.778024 0.594947
0.631287 0.782251 0.596572
0.636024 0.785936 0.598204
0.640723 0.789576 0.599906
0.645364 0.793144 0.601569
0.650197 0.796971 0.603187
0.655212 0.801056 0.604821
0.660098 0.804986 0.606426
0.664733 0.808628 0.607937
0.669213 0.811997 0.609777
0.673615 0.815295 0.611557
0.677992 0.818621 0.613197
0.682693 0.822449 0.614725
0.687263 0.826121 0.616271
0.691839 0.829809 0.617883
0.696039 0.833006 0.619585
0.700162 0.836097 0.621462
0.704359 0.839287 0.623428
0.708637 0.842732 0.625069
0.712988 0.846380 0.626576
0.717236 0.849947 0.628026
0.721308 0.853241 0.629765
0.725138 0.856247 0.631591
0.728961 0.859262 0.633513
0.732807 0.862428 0.635250
0.736797 0.865929 0.636761
0.740772 0.869447 0.638354
0.744632 0.872901 0.639861
