0.499766
0.172383
-0.739619
-0.468864
0.002029
0.527446
-0.165329
0.101703
-0.420104
0.281035
-0.839522
-0.225721
0.189275
-0.433655
1.162536
-0.172620
-0.344041
0.470220
0.600308
0.149511
-0.346826
-0.590340
-0.071858
0.380003
-1.199014
-0.919962
0.194135
0.902859
0.050010
0.417984
-0.527457
-0.530165
0.100527
-0.326605
1.081389
0.389500
-0.031616
-0.842042
0.607794
-0.096091
-0.548103
-0.410010
0.642006
0.719088
-0.472200
1.527676
0.313995
-0.483227
-0.474655
0.252624
-0.611612
0.831552
-1.245948
0.949331
-0.587301
0.265486
-0.513818
0.451389
0.277800
-0.224923
0.156987
0.839104
-1.349016
0.702601
-0.159171
-0.640695
-0.615470
-0.422184
-0.331146
0.847201
0.283341
-0.836780
0.244788
0.053789
0.817481
-0.415291
0.458064
0.918695
-1.977127
0.531608
-0.331447
-0.064078
-1.132647
1.248060
0.286588
0.197865
0.279355
-0.532558
0.138512
1.373087
0.181605
0.198814
-0.644781
-0.184766
0.466222
0.452407
0.333741
0.352406
-0.431725
0.666137
0.099139
-1.098233
-0.010258
-1.003648
0.122465
0.111245
0.241888
0.464673
-0.214484
-0.226882
0.958696
0.802342
0.765099
-1.556347
-0.069973
-0.250302
-0.499572
-0.287828
-0.058552
0.381182
-0.301462
0.073569
0.310436
-1.196303
0.375411
-0.002565
-1.562291
1.378871
0.245248
1.042509
-0.485768
-0.268335
-0.551313
0.839996
0.690009
-0.984763
0.502650
-0.117881
0.205963
0.196503
-0.676167
0.016434
0.078211
-0.818457
1.591274
-0.791723
-0.409588
-0.085238
-0.876270
-0.156105
0.311508
-0.139690
-0.482953
1.134556
-0.045349
-0.350117
0.874747
-0.981305
-0.160216
0.321746
-0.188581
0.241506
-0.073940
0.358704
-0.674887
0.732334
-0.106142
0.320811
0.021620
0.007784
1.552829
0.538534
-0.291391
-1.234409
-0.131648
-0.270893
-1.245113
-0.630132
0.007476
0.768276
0.502508
-0.064405
0.559606
-0.685708
0.937208
-0.814498
-0.921112
0.264564
-0.312799
0.672678
-0.208422
-0.352743
0.774305
-0.555168
-0.492306
0.767730
0.191888
-0.297455
0.036297
-0.031296
-0.343997
-0.464407
-0.034860
-0.063784
-1.062086
1.829441
-0.530747
0.159337
-1.462319
0.849179
0.105306
-0.389848
0.927158
-0.643808
-0.687392
-0.223261
-0.146759
-0.121302
1.504130
-1.842764
-0.760275
0.690128
-0.741050
0.509931
0.201264
0.198424
0.659489
-0.042437
-0.725367
0.103170
0.616783
0.139890
0.811423
-0.223050
0.665749
-1.204058
0.579869
1.281449
0.869200
0.130096
-0.335335
0.585560
-0.625042
-1.015485
0.222125
0.017738
1.128382
0.140439
1.660354
-0.759526
-0.659247
0.329690
1.093737
-0.282231
0.974985
-0.508623
-0.503956
-0.529231
-1.120958
-0.251908
-0.844828
0.097363
0.183211
-0.596245
1.222419
-0.160280
1.182415
0.215470
0.045052
0.274211
0.826694
0.767086
-0.536656
0.034730
0.404679
0.562112
-0.880106
-0.073154
1.406831
1.232982
-0.346397
-0.194951
-0.647167
1.258655
-0.206481
1.161552
-0.510105
-0.547605
-1.431015
1.269709
-0.327055
1.550493
-0.136974
0.081209
-0.470552
0.244358
0.632595
0.456119
-0.648763
-0.430698
0.195293
1.163786
1.265505
-0.617191
0.340065
-0.544543
0.605985
-0.015257
-0.591471
1.028239
-0.327635
1.128426
-0.235728
0.113369
-0.646683
1.187126
0.487880
1.359165
-0.052584
1.829441
-0.664014
-0.095951
-0.566439
1.236759
0.669335
0.051198
1.081769
-0.893816
0.820211
-0.790794
1.271230
0.510357
1.606418
-0.749499
0.689716
0.206166
-0.682382
0.084456
-0.910639
0.572168
-0.771079
0.867131
-1.261849
0.805254
0.050494
1.427955
1.003352
0.380459
0.757532
-0.074930
0.745268
0.538609
0.097487
-0.881027
-1.196559
0.472104
-0.951090
-0.489609
0.160965
-0.212554
0.097600
1.729362
-1.370697
-0.987330
0.284171
-0.768071
-0.717472
0.476874
-1.172781
-0.098446
-1.304098
0.673096
1.307645
-0.203319
-0.271421
0.189730
-0.265891
0.270010
1.297276
0.198186
-0.242520
-0.723227
-0.017866
0.505435
-0.010495
0.924699
0.662494
-0.635258
0.258509
-0.860569
-0.467625
0.507103
-1.057829
-0.130292
0.481104
-0.274320
1.475879
-1.058396
-0.917954
-0.154968
1.829441
1.174399
1.055007
0.328071
-0.904889
1.107187
0.533662
0.283815
0.961595
0.927114
1.090540
-0.225847
0.271559
0.583248
0.257448
1.706487
0.528296
0.088298
-0.384338
0.409315
0.989459
-0.594432
-0.562715
0.254875
-1.406572
-0.069240
-0.083314
-1.511323
0.838539
0.105659
0.162527
-0.304511
-1.451373
1.507150
-0.060635
0.357831
-0.528119
-1.123308
-0.528495
0.101980
-0.856021
-1.171760
-0.178340
-0.266736
0.067809
0.262819
-0.031198
0.041469
-1.015888
0.435977
0.324797
0.202317
0.102440
0.299184
-0.434558
0.395612
-0.878362
0.062731
-0.551868
0.246076
-0.500413
-0.387629
1.597447
-0.785424
-0.475040
0.232326
-0.283895
1.829441
0.269234
-0.951543
-0.488234
0.000209
0.392094
-0.277174
0.460060
0.114910
-0.171153
-0.124644
0.825508
-0.707498
-0.751245
1.141382
0.476341
-0.283953
-0.822512
0.011678
-0.712612
-0.404477
-0.525197
-0.143808
0.089224
0.220039
-0.100331
0.956145
0.334602
0.459555
0.885738
0.354271
-1.133612
-0.209790
0.700257
-0.135458
0.131218
0.238894
-0.144471
1.455233
0.504240
0.702861
-0.468853
-0.313078
1.829441
0.742618
0.370441
-1.156516
-0.178463
-0.828477
0.438272
-0.177118
0.285978
0.671470
0.359532
0.316507
-0.817127
-0.621391
0.306398
-0.311848
-0.067543
0.908487
-0.427390
-0.841451
0.246041
-0.139108
-0.278193
-0.047834
-0.799896
-0.499253
-1.342696
-0.353003
0.400407
-0.395347
0.627067
0.207275
0.338689
-0.040728
-0.093412
-0.562765
-0.617873
0.220142
-0.353164
0.970830
0.873798
-0.961366
0.101154
-0.935519
-0.471538
0.239697
-0.650560
-0.154015
-0.272489
-0.434786
0.132062
-0.156361
0.881985
-0.839359
-0.022385
-1.358933
-1.363837
-0.058329
-0.461012
-0.316773
0.103612
0.381983
-0.060000
-0.334583
-0.250625
-0.041314
0.323910
0.310299
0.142018
0.283522
0.034882
-0.212731
-1.003836
0.280798
-0.190612
0.608199
-0.313879
0.822590
0.136457
-0.098409
-0.679301
0.142665
-0.437092
-0.631578
-0.020392
-0.519870
1.652002
0.525513
-1.028369
-0.574312
0.214419
-0.273066
-0.550992
-0.269607
-0.029820
-0.582698
-0.874727
0.131836
0.145208
-0.063517
-0.892150
-0.538082
-0.746346
0.461196
-0.405608
0.046011
-0.795066
0.431630
-0.807316
0.024785
-0.497393
-0.887647
0.584512
-0.035754
-0.381073
-0.620149
-0.609621
1.079741
-0.822034
-0.876302
-0.078125
-0.864389
0.468843
-0.430294
0.212400
-0.134020
-0.605018
0.814156
0.066420
-1.044459
-1.352728
0.705994
0.350085
-0.693434
-0.895822
0.600201
0.067403
0.209947
1.181559
1.254081
-0.086336
-0.047695
-0.011293
0.701055
1.331976
-0.837837
0.864948
1.176558
0.097262
0.638351
-1.095825
-0.412250
1.253930
-0.279023
-0.310901
-0.689386
-0.659496
-0.087196
-0.502868
0.116313
-0.589977
-1.010943
1.829441
-0.483357
-0.252993
-0.857517
0.818577
0.929113
-0.051443
-0.445054
-0.669992
0.547532
0.077497
-0.655052
-1.063991
0.306219
-0.650093
-0.391750
0.371881
-0.198383
-0.446040
-0.665161
-0.399090
-0.907372
-0.734618
0.312605
-0.309228
-0.584189
-0.432541
0.849687
0.081113
0.266910
-0.053497
0.283826
0.265499
0.045352
0.236633
-1.475894
-0.954505
-0.083558
-0.208733
0.766013
-0.819144
-0.488154
0.530731
-0.742239
-0.270749
0.628875
-0.616471
-0.116763
-0.472270
-0.380900
1.568559
-0.496970
-0.768887
-0.376097
1.000368
0.602603
0.288487
1.172147
-0.020408
-0.364273
-0.283297
-0.132775
-0.386134
