9.775865173339843750e+01
9.858281707763671875e+01
9.940698242187500000e+01
1.010553207397460938e+02
7.903702545166015625e+01
7.963108825683593750e+01
8.022515869140625000e+01
8.081922149658203125e+01
8.260142517089843750e+01
7.635166168212890625e+01
7.659030914306640625e+01
7.730625152587890625e+01
7.778354644775390625e+01
8.141574096679687500e+01
8.172859954833984375e+01
8.204145812988281250e+01
8.235430908203125000e+01
8.329287719726562500e+01
8.049933624267578125e+01
8.100035095214843750e+01
8.150136566162109375e+01
8.250339508056640625e+01
7.449568176269531250e+01
7.534298706054687500e+01
7.619028472900390625e+01
7.788488006591796875e+01
7.957948303222656250e+01
6.467185974121093750e+01
6.509567260742187500e+01
6.551947784423828125e+01
6.636708831787109375e+01
6.721470642089843750e+01
6.469746398925781250e+01
6.525099182128906250e+01
6.580451965332031250e+01
6.801863098144531250e+01
5.881282806396484375e+01
5.946980667114257812e+01
6.012678527832031250e+01
6.078376388549804688e+01
6.209772109985351562e+01
6.341167831420898438e+01
6.406865692138671875e+01
6.538261413574218750e+01
6.350164413452148438e+01
6.416389465332031250e+01
6.482614135742187500e+01
6.615064239501953125e+01
6.677701568603515625e+01
6.699297332763671875e+01
6.720893096923828125e+01
6.764084625244140625e+01
6.807276153564453125e+01
6.850468444824218750e+01
6.893659973144531250e+01
6.936851501464843750e+01
6.980043029785156250e+01
7.023235321044921875e+01
6.662631988525390625e+01
6.822219848632812500e+01
6.902014160156250000e+01
6.981807708740234375e+01
7.141396331787109375e+01
6.835459899902343750e+01
6.895878601074218750e+01
6.956297302246093750e+01
7.197972106933593750e+01
7.576342773437500000e+01
7.608749389648437500e+01
7.641156005859375000e+01
7.705970001220703125e+01
7.770783233642578125e+01
8.163758850097656250e+01
8.323660278320312500e+01
8.483561706542968750e+01
8.643463897705078125e+01
8.803365325927734375e+01
9.123168182373046875e+01
9.602873229980468750e+01
9.922676849365234375e+01
1.008257827758789062e+02
7.241921997070312500e+01
7.283995056152343750e+01
7.410213470458984375e+01
7.494359588623046875e+01
7.578504943847656250e+01
8.397814178466796875e+01
8.433259582519531250e+01
8.468704223632812500e+01
8.610484313964843750e+01
7.555658721923828125e+01
7.635676574707031250e+01
7.715693664550781250e+01
7.795710754394531250e+01
7.875727844238281250e+01
8.035762786865234375e+01
9.646690368652343750e+01
9.737824249267578125e+01
9.828958129882812500e+01
1.001122589111328125e+02
1.004554748535156250e+02
1.010361099243164062e+02
1.016167449951171875e+02
1.027780075073242188e+02
5.653207397460937500e+01
5.688554000854492188e+01
5.723900604248046875e+01
5.865286254882812500e+01
6.006671905517578125e+01
6.077364349365234375e+01
6.218750000000000000e+01
6.289442825317382812e+01
6.818743896484375000e+01
6.846450805664062500e+01
6.874157714843750000e+01
6.929571533203125000e+01
6.984985351562500000e+01
7.068106079101562500e+01
7.178933715820312500e+01
5.845779037475585938e+01
5.892312240600585938e+01
5.938845062255859375e+01
6.124977874755859375e+01
6.311110687255859375e+01
6.404177093505859375e+01
6.590309143066406250e+01
6.683375549316406250e+01
7.559391784667968750e+01
7.632505798339843750e+01
7.705620574951171875e+01
7.778735351562500000e+01
7.499095153808593750e+01
7.514170074462890625e+01
7.529244232177734375e+01
7.559393310546875000e+01
7.589542388916015625e+01
7.619691467285156250e+01
6.565527343750000000e+01
6.585453796386718750e+01
6.625307464599609375e+01
6.665161132812500000e+01
6.825889587402343750e+01
6.886602783203125000e+01
6.947315979003906250e+01
7.068741607666015625e+01
6.195262145996093750e+01
6.318594360351562500e+01
6.441926574707031250e+01
6.688591003417968750e+01
6.935255432128906250e+01
7.181920623779296875e+01
7.428585052490234375e+01
6.971028900146484375e+01
7.023593139648437500e+01
7.076156616210937500e+01
7.286413574218750000e+01
7.496669769287109375e+01
7.601798248291015625e+01
6.593939208984375000e+01
6.669883728027343750e+01
6.745829010009765625e+01
6.897718811035156250e+01
7.201497650146484375e+01
7.353387451171875000e+01
7.505277252197265625e+01
8.422742462158203125e+01
8.452247619628906250e+01
8.540763854980468750e+01
8.658784484863281250e+01
7.756552886962890625e+01
7.785978698730468750e+01
7.815403747558593750e+01
7.933105468750000000e+01
8.683096313476562500e+01
8.738384246826171875e+01
8.793672180175781250e+01
8.848959350585937500e+01
8.959535217285156250e+01
7.647030639648437500e+01
7.683099365234375000e+01
7.719167327880859375e+01
7.791304016113281250e+01
7.863441467285156250e+01
7.935578155517578125e+01
8.225492858886718750e+01
8.372931671142578125e+01
8.520370483398437500e+01
8.815247344970703125e+01
7.972891998291015625e+01
8.046704101562500000e+01
8.120516204833984375e+01
8.268140411376953125e+01
9.013623046875000000e+01
9.062067413330078125e+01
9.110511016845703125e+01
9.158955383300781250e+01
6.532471466064453125e+01
6.554013061523437500e+01
6.575554656982421875e+01
6.618637084960937500e+01
6.661720275878906250e+01
6.726345062255859375e+01
6.769427490234375000e+01
6.812510681152343750e+01
6.877135467529296875e+01
6.920218658447265625e+01
6.522808837890625000e+01
6.614627838134765625e+01
6.706446838378906250e+01
6.890084075927734375e+01
7.073721313476562500e+01
5.878699493408203125e+01
5.924118804931640625e+01
5.969538116455078125e+01
6.060375976562500000e+01
8.154804229736328125e+01
8.183706665039062500e+01
8.212608337402343750e+01
8.270413208007812500e+01
8.328218078613281250e+01
8.386022186279296875e+01
8.443827056884765625e+01
8.501631164550781250e+01
7.440257263183593750e+01
7.473439025878906250e+01
7.506621551513671875e+01
7.572985839843750000e+01
8.479061889648437500e+01
8.574076843261718750e+01
8.669091033935546875e+01
8.764105224609375000e+01
8.859120178222656250e+01
9.049148559570312500e+01
9.239177703857421875e+01
7.507414245605468750e+01
7.610042572021484375e+01
7.712670898437500000e+01
7.917926788330078125e+01
8.738951110839843750e+01
6.672371673583984375e+01
6.703553009033203125e+01
6.765915679931640625e+01
6.797097778320312500e+01
6.890641784667968750e+01
6.953004455566406250e+01
7.015367126464843750e+01
7.123678588867187500e+01
7.584423828125000000e+01
7.814797210693359375e+01
8.045169830322265625e+01
8.505915832519531250e+01
8.966661071777343750e+01
9.427407073974609375e+01
7.195570373535156250e+01
7.264014434814453125e+01
7.332458496093750000e+01
7.400902557373046875e+01
7.469346618652343750e+01
7.606235504150390625e+01
7.743123626708984375e+01
7.880011749267578125e+01
7.373316192626953125e+01
7.404155731201171875e+01
7.434995269775390625e+01
7.465834808349609375e+01
7.620031738281250000e+01
7.681710815429687500e+01
6.669286346435546875e+01
6.700390625000000000e+01
6.731495666503906250e+01
6.793705749511718750e+01
6.855915832519531250e+01
6.918125915527343750e+01
6.980335998535156250e+01
7.042546081542968750e+01
7.286901092529296875e+01
7.351271057128906250e+01
7.415641021728515625e+01
7.544380950927734375e+01
7.930600738525390625e+01
8.059340667724609375e+01
8.188079833984375000e+01
8.316819763183593750e+01
8.445559692382812500e+01
7.913999176025390625e+01
7.941123199462890625e+01
7.968247222900390625e+01
8.022494506835937500e+01
8.076741790771484375e+01
8.130989837646484375e+01
7.839212799072265625e+01
7.954056549072265625e+01
8.068900299072265625e+01
8.183744812011718750e+01
8.298588562011718750e+01
8.528276824951171875e+01
8.757965087890625000e+01
8.987653350830078125e+01
9.217341613769531250e+01
7.782763671875000000e+01
7.797147369384765625e+01
7.811531066894531250e+01
7.840297698974609375e+01
7.869064331054687500e+01
7.897830963134765625e+01
7.940981292724609375e+01
7.955364990234375000e+01
7.223889923095703125e+01
7.353089141845703125e+01
7.482288360595703125e+01
7.611486816406250000e+01
7.740686035156250000e+01
7.999084472656250000e+01
8.257482910156250000e+01
6.694562530517578125e+01
6.722353363037109375e+01
6.777935791015625000e+01
6.833518981933593750e+01
6.944683837890625000e+01
7.000266265869140625e+01
7.347625732421875000e+01
7.412828826904296875e+01
7.543235778808593750e+01
7.608438873291015625e+01
7.738845062255859375e+01
7.869252014160156250e+01
8.095151519775390625e+01
8.125061798095703125e+01
8.154972076416015625e+01
8.184883117675781250e+01
8.214793395996093750e+01
8.274613952636718750e+01
8.334434509277343750e+01
8.454075622558593750e+01
8.360482788085937500e+01
8.439006805419921875e+01
8.517531585693359375e+01
8.596056365966796875e+01
8.674581146240234375e+01
8.831629943847656250e+01
9.224253845214843750e+01
9.616876220703125000e+01
7.882153320312500000e+01
7.948164367675781250e+01
8.014175415039062500e+01
8.146197509765625000e+01
8.278219604492187500e+01
8.410241699218750000e+01
6.515348815917968750e+01
6.555277252197265625e+01
6.595206451416015625e+01
6.714993286132812500e+01
6.409112548828125000e+01
6.467611694335937500e+01
6.526110076904296875e+01
6.643108367919921875e+01
6.760106658935546875e+01
6.877104949951171875e+01
8.562902069091796875e+01
8.678616333007812500e+01
8.910045623779296875e+01
9.025760650634765625e+01
9.488618469238281250e+01
9.720047760009765625e+01
9.951477050781250000e+01
7.870811462402343750e+01
7.883786010742187500e+01
7.896760559082031250e+01
7.922710418701171875e+01
7.930261993408203125e+01
8.031211853027343750e+01
8.132161712646484375e+01
8.334061431884765625e+01
8.535961151123046875e+01
8.622203826904296875e+01
8.664846038818359375e+01
8.707489013671875000e+01
8.963343811035156250e+01
9.048628997802734375e+01
6.161489868164062500e+01
6.187836074829101562e+01
6.214182281494140625e+01
6.266874694824218750e+01
6.319567489624023438e+01
6.372260284423828125e+01
6.424952697753906250e+01
6.477645111083984375e+01
8.160056304931640625e+01
8.187075805664062500e+01
8.214095306396484375e+01
8.268133544921875000e+01
8.322172546386718750e+01
8.484288787841796875e+01
8.028598022460937500e+01
8.061378479003906250e+01
8.094159698486328125e+01
8.159720611572265625e+01
8.225282287597656250e+01
8.244972229003906250e+01
8.280877685546875000e+01
8.316782379150390625e+01
8.388592529296875000e+01
9.034728240966796875e+01
9.268038940429687500e+01
9.384693908691406250e+01
9.501349639892578125e+01
9.734660339355468750e+01
5.813868713378906250e+01
5.946624755859375000e+01
6.079380416870117188e+01
6.212136077880859375e+01
8.010153961181640625e+01
8.031809234619140625e+01
8.053464508056640625e+01
8.096775054931640625e+01
8.140084838867187500e+01
8.183395385742187500e+01
8.226705932617187500e+01
8.291670989990234375e+01
8.356636047363281250e+01
7.731484222412109375e+01
7.795351409912109375e+01
7.859219360351562500e+01
7.923086547851562500e+01
7.986954498291015625e+01
5.477870178222656250e+01
5.530633163452148438e+01
5.583396148681640625e+01
5.636159515380859375e+01
5.688922500610351562e+01
5.847211837768554688e+01
5.952738189697265625e+01
6.111027145385742188e+01
7.797786712646484375e+01
7.911026000976562500e+01
8.024265289306640625e+01
8.137504577636718750e+01
8.250743865966796875e+01
8.477222442626953125e+01
8.703701782226562500e+01
6.175433349609375000e+01
6.208441162109375000e+01
6.241448211669921875e+01
6.340470504760742188e+01
6.373477935791015625e+01
6.439492797851562500e+01
6.571522521972656250e+01
7.529139709472656250e+01
7.608190917968750000e+01
7.687241363525390625e+01
7.766291809082031250e+01
7.845342254638671875e+01
8.003443145751953125e+01
8.240594482421875000e+01
8.477746582031250000e+01
7.827318572998046875e+01
7.952619171142578125e+01
8.077920532226562500e+01
8.328521728515625000e+01
8.579123687744140625e+01
7.819190216064453125e+01
7.826113128662109375e+01
7.833036804199218750e+01
7.839959716796875000e+01
7.846883392333984375e+01
7.881499481201171875e+01
5.444081115722656250e+01
5.529164123535156250e+01
5.614247894287109375e+01
6.465081024169921875e+01
7.984194946289062500e+01
8.020088958740234375e+01
8.055983734130859375e+01
8.127771759033203125e+01
7.419287872314453125e+01
7.466184234619140625e+01
7.513081359863281250e+01
7.606874084472656250e+01
7.653771209716796875e+01
8.462342834472656250e+01
8.478451538085937500e+01
8.494561004638671875e+01
8.510669708251953125e+01
8.526778411865234375e+01
8.090074920654296875e+01
8.264253997802734375e+01
8.612611389160156250e+01
8.786790466308593750e+01
9.135148620605468750e+01
9.483506774902343750e+01
9.831864166259765625e+01
6.903079223632812500e+01
6.969673156738281250e+01
7.036267089843750000e+01
7.169454193115234375e+01
7.302642059326171875e+01
7.435829162597656250e+01
7.702204895019531250e+01
7.835391998291015625e+01
7.968579864501953125e+01
8.603126525878906250e+01
8.664067077636718750e+01
8.725006866455078125e+01
8.785946655273437500e+01
8.846886444091796875e+01
7.361913299560546875e+01
7.428026580810546875e+01
7.494140625000000000e+01
7.626367950439453125e+01
7.758596038818359375e+01
7.890823364257812500e+01
8.023051452636718750e+01
8.155278778076171875e+01
6.872630310058593750e+01
6.901985168457031250e+01
6.931340789794921875e+01
6.990050506591796875e+01
7.048760986328125000e+01
7.107470703125000000e+01
1.003433532714843750e+02
1.009176406860351562e+02
1.014919204711914062e+02
1.026404876708984375e+02
8.045050048828125000e+01
8.637177276611328125e+01
8.834553527832031250e+01
9.229305267333984375e+01
9.624057006835937500e+01
6.379153823852539062e+01
6.439110565185546875e+01
6.499067687988281250e+01
6.618981933593750000e+01
6.918767547607421875e+01
7.098638153076171875e+01
7.928020477294921875e+01
7.989018249511718750e+01
8.050016021728515625e+01
8.111014556884765625e+01
8.172012329101562500e+01
8.294007873535156250e+01
6.851689910888671875e+01
6.877928924560546875e+01
6.904167938232421875e+01
6.930406951904296875e+01
6.956645965576171875e+01
7.009123229980468750e+01
7.061601257324218750e+01
7.114079284667968750e+01
5.894589614868164062e+01
5.936154556274414062e+01
5.977719497680664062e+01
6.019284439086914062e+01
6.606511688232421875e+01
6.686209869384765625e+01
6.765908050537109375e+01
6.925304412841796875e+01
7.084700012207031250e+01
6.449916839599609375e+01
6.607126617431640625e+01
6.685730743408203125e+01
6.764335632324218750e+01
7.078753662109375000e+01
7.393172454833984375e+01
8.054649353027343750e+01
8.194267272949218750e+01
8.264076232910156250e+01
8.333885955810546875e+01
8.613121795654296875e+01
7.826017761230468750e+01
7.897142028808593750e+01
7.968266296386718750e+01
8.039390563964843750e+01
8.110514831542968750e+01
8.252763366699218750e+01
8.679509735107421875e+01
8.217359161376953125e+01
8.249828338623046875e+01
8.282297515869140625e+01
8.314767456054687500e+01
8.347236633300781250e+01
8.412174987792968750e+01
8.542053222656250000e+01
8.606991577148437500e+01
8.078077697753906250e+01
8.175412750244140625e+01
8.370082855224609375e+01
8.662088775634765625e+01
7.240850830078125000e+01
7.296061706542968750e+01
7.351272583007812500e+01
7.461694335937500000e+01
7.572116088867187500e+01
7.682538604736328125e+01
7.792960357666015625e+01
7.903382110595703125e+01
7.139102935791015625e+01
7.155775451660156250e+01
7.172448730468750000e+01
7.239140319824218750e+01
7.305832672119140625e+01
7.405870819091796875e+01
6.293582153320312500e+01
6.343072128295898438e+01
6.392561721801757812e+01
6.491541290283203125e+01
6.590520477294921875e+01
6.689500427246093750e+01
6.788479614257812500e+01
7.521505737304687500e+01
7.539832305908203125e+01
7.558159637451171875e+01
7.594813537597656250e+01
5.570652008056640625e+01
5.627165985107421875e+01
5.683679962158203125e+01
5.796707916259765625e+01
5.909735870361328125e+01
6.135791778564453125e+01
6.248819732666015625e+01
6.361847686767578125e+01
6.474875640869140625e+01
7.020417785644531250e+01
7.076301574707031250e+01
7.132184600830078125e+01
7.188068389892578125e+01
7.243951416015625000e+01
7.355718231201171875e+01
7.467485046386718750e+01
7.579252624511718750e+01
7.691019439697265625e+01
7.973027038574218750e+01
8.546170043945312500e+01
8.737218475341796875e+01
8.800901031494140625e+01
7.679541778564453125e+01
7.838691711425781250e+01
7.997840881347656250e+01
8.156990051269531250e+01
8.316139221191406250e+01
6.894412994384765625e+01
6.934761047363281250e+01
6.975109100341796875e+01
7.136500549316406250e+01
7.217195892333984375e+01
7.297891998291015625e+01
7.378587341308593750e+01
7.422207641601562500e+01
7.462058258056640625e+01
7.501908874511718750e+01
7.541760253906250000e+01
7.581610870361328125e+01
7.661312103271484375e+01
9.017317962646484375e+01
9.147732543945312500e+01
9.278147125244140625e+01
9.408561706542968750e+01
9.538977050781250000e+01
7.638552093505859375e+01
7.750090026855468750e+01
7.861627960205078125e+01
7.973165893554687500e+01
8.084703826904296875e+01
8.307779693603515625e+01
8.530855560302734375e+01
8.753931427001953125e+01
8.977006530761718750e+01
9.786555480957031250e+01
9.894015502929687500e+01
1.000147628784179688e+02
1.021639709472656250e+02
7.804333496093750000e+01
7.825424194335937500e+01
7.835969543457031250e+01
7.846514892578125000e+01
7.867605590820312500e+01
7.888695526123046875e+01
7.484752655029296875e+01
7.531373596191406250e+01
7.624615478515625000e+01
7.671236419677734375e+01
7.789756011962890625e+01
7.828684234619140625e+01
7.867612457275390625e+01
7.945468902587890625e+01
8.101181793212890625e+01
8.179039001464843750e+01
6.559767913818359375e+01
6.590107727050781250e+01
6.620446777343750000e+01
6.681125640869140625e+01
6.741805267333984375e+01
6.832823181152343750e+01
6.893502807617187500e+01
7.786917114257812500e+01
7.824411773681640625e+01
7.861906433105468750e+01
7.899401092529296875e+01
7.936894989013671875e+01
8.011884307861328125e+01
8.086873626708984375e+01
8.161862182617187500e+01
7.455667877197265625e+01
7.502823638916015625e+01
7.738606262207031250e+01
7.832919311523437500e+01
7.812059783935546875e+01
7.885260009765625000e+01
7.958460998535156250e+01
8.104862213134765625e+01
8.251263427734375000e+01
6.632804870605468750e+01
6.669791412353515625e+01
6.706778717041015625e+01
6.780751800537109375e+01
8.578611755371093750e+01
8.632428741455078125e+01
8.686245727539062500e+01
8.793880462646484375e+01
8.299246215820312500e+01
8.435648345947265625e+01
8.503849029541015625e+01
8.572050476074218750e+01
8.708452606201171875e+01
8.844854736328125000e+01
8.981256103515625000e+01
7.552269744873046875e+01
7.582500457763671875e+01
7.597615814208984375e+01
7.612731170654296875e+01
7.642962646484375000e+01
7.779001617431640625e+01
7.853717041015625000e+01
7.926496124267578125e+01
7.999275970458984375e+01
8.072055053710937500e+01
8.144834899902343750e+01
8.290393066406250000e+01
6.377779006958007812e+01
6.427651214599609375e+01
6.477523040771484375e+01
6.577266693115234375e+01
6.677010345458984375e+01
6.776754760742187500e+01
6.876498413085937500e+01
6.976242065429687500e+01
7.696887207031250000e+01
7.707369995117187500e+01
7.717852783203125000e+01
7.728335571289062500e+01
7.738818359375000000e+01
7.759783935546875000e+01
7.780749511718750000e+01
7.801715087890625000e+01
7.822680664062500000e+01
8.326515960693359375e+01
8.525036621093750000e+01
8.723557281494140625e+01
8.922078704833984375e+01
9.120599365234375000e+01
9.517640686035156250e+01
8.015016937255859375e+01
8.078913879394531250e+01
8.206707763671875000e+01
8.270604705810546875e+01
8.398398590087890625e+01
8.526192474365234375e+01
9.254334259033203125e+01
9.396150207519531250e+01
9.537966918945312500e+01
9.679782867431640625e+01
9.963415527343750000e+01
7.556513977050781250e+01
7.587275695800781250e+01
7.679559326171875000e+01
7.802603912353515625e+01
7.436665344238281250e+01
7.474898529052734375e+01
7.513130950927734375e+01
7.589595794677734375e+01
7.666061401367187500e+01
7.742526245117187500e+01
8.382778167724609375e+01
8.411587524414062500e+01
8.440397644042968750e+01
8.498017120361328125e+01
9.096390533447265625e+01
9.212208557128906250e+01
9.328026580810546875e+01
9.443844604492187500e+01
9.559661865234375000e+01
9.791297912597656250e+01
1.002293395996093750e+02
1.025456924438476562e+02
1.048620529174804688e+02
6.080052185058593750e+01
6.179738616943359375e+01
6.279425430297851562e+01
6.379112243652343750e+01
6.898249816894531250e+01
6.916925811767578125e+01
6.935602569580078125e+01
6.972955322265625000e+01
7.010308074951171875e+01
7.047660827636718750e+01
7.085013580322265625e+01
7.122366333007812500e+01
7.159719085693359375e+01
7.197071838378906250e+01
7.234424591064453125e+01
7.972387695312500000e+01
8.055042266845703125e+01
8.137697601318359375e+01
8.220352172851562500e+01
8.303006744384765625e+01
7.766042327880859375e+01
7.810482025146484375e+01
7.854922485351562500e+01
7.943802642822265625e+01
8.032682800292968750e+01
8.254882812500000000e+01
5.973492813110351562e+01
6.034928131103515625e+01
6.096363449096679688e+01
6.219234466552734375e+01
6.342105102539062500e+01
6.464975738525390625e+01
6.587846374511718750e+01
6.710717773437500000e+01
6.801896667480468750e+01
6.862753295898437500e+01
7.045324707031250000e+01
7.167037963867187500e+01
7.288751983642578125e+01
7.410466003417968750e+01
7.532180023193359375e+01
6.776805114746093750e+01
6.802233123779296875e+01
6.827661132812500000e+01
6.853089141845703125e+01
6.878517150878906250e+01
8.440785217285156250e+01
8.491613769531250000e+01
8.542442321777343750e+01
8.644099426269531250e+01
7.213604736328125000e+01
7.267671966552734375e+01
7.321739959716796875e+01
7.375807189941406250e+01
7.429874420166015625e+01
7.538009643554687500e+01
6.762265014648437500e+01
6.784320831298828125e+01
6.806376647949218750e+01
6.850487518310546875e+01
6.894598388671875000e+01
7.395159149169921875e+01
7.640659332275390625e+01
7.886159515380859375e+01
8.131659698486328125e+01
8.377159881591796875e+01
7.253045654296875000e+01
7.298351287841796875e+01
7.343657684326171875e+01
7.388964080810546875e+01
5.965465545654296875e+01
5.998661804199218750e+01
6.031858062744140625e+01
6.065054321289062500e+01
6.131446838378906250e+01
6.164643096923828125e+01
8.641976165771484375e+01
8.687890625000000000e+01
8.733805847167968750e+01
8.779720306396484375e+01
8.825634765625000000e+01
7.543595123291015625e+01
7.564411926269531250e+01
7.606044769287109375e+01
7.626861572265625000e+01
7.297206115722656250e+01
7.339979553222656250e+01
7.382752990722656250e+01
7.468299865722656250e+01
7.553846740722656250e+01
7.853260803222656250e+01
7.981581115722656250e+01
8.020576477050781250e+01
8.088850402832031250e+01
8.157124328613281250e+01
8.225399017333984375e+01
7.705407714843750000e+01
7.792370605468750000e+01
7.879333496093750000e+01
7.966296386718750000e+01
7.681755065917968750e+01
7.712602996826171875e+01
7.743450927734375000e+01
7.866842651367187500e+01
7.425331115722656250e+01
7.580820465087890625e+01
7.736309814453125000e+01
8.047289276123046875e+01
8.513758087158203125e+01
9.602185058593750000e+01
1.022414398193359375e+02
7.331364440917968750e+01
7.379147338867187500e+01
7.426930999755859375e+01
7.522496795654296875e+01
6.762126922607421875e+01
6.797357177734375000e+01
6.832587432861328125e+01
6.903047943115234375e+01
6.973508453369140625e+01
7.043968963623046875e+01
7.114429473876953125e+01
7.184889984130859375e+01
6.724813079833984375e+01
6.844726562500000000e+01
6.964640045166015625e+01
7.204467010498046875e+01
7.684120178222656250e+01
8.043860626220703125e+01
8.283687591552734375e+01
8.255941009521484375e+01
8.274682617187500000e+01
8.293423461914062500e+01
8.312164306640625000e+01
8.368387603759765625e+01
8.433776855468750000e+01
8.476374816894531250e+01
8.518972778320312500e+01
8.561570739746093750e+01
6.180013275146484375e+01
6.248989868164062500e+01
6.317966461181640625e+01
6.455919647216796875e+01
6.593873596191406250e+01
7.697769927978515625e+01
7.739176940917968750e+01
7.863396453857421875e+01
7.946209716796875000e+01
7.021208953857421875e+01
7.084867095947265625e+01
7.148525238037109375e+01
7.275842285156250000e+01
7.657791900634765625e+01
7.785108184814453125e+01
7.862844848632812500e+01
7.909281158447265625e+01
7.955717468261718750e+01
8.048590087890625000e+01
7.372295379638671875e+01
7.443869018554687500e+01
7.515442657470703125e+01
7.658589935302734375e+01
7.801737213134765625e+01
7.561225128173828125e+01
7.586685943603515625e+01
7.612145996093750000e+01
7.637606811523437500e+01
7.713989257812500000e+01
8.379199218750000000e+01
8.483195495605468750e+01
8.587191772460937500e+01
8.691188049316406250e+01
8.795185089111328125e+01
8.032369232177734375e+01
8.077333831787109375e+01
8.122298431396484375e+01
8.167263793945312500e+01
8.212228393554687500e+01
8.059946441650390625e+01
8.128858947753906250e+01
8.197770690917968750e+01
8.266683197021484375e+01
8.335595703125000000e+01
8.473419952392578125e+01
9.294723510742187500e+01
9.345816040039062500e+01
9.396908569335937500e+01
9.448001861572265625e+01
9.499094390869140625e+01
6.657553100585937500e+01
6.707943725585937500e+01
6.758334350585937500e+01
6.859115600585937500e+01
6.959896850585937500e+01
6.814665985107421875e+01
7.287148284912109375e+01
7.759629821777343750e+01
8.232112121582031250e+01
7.441963958740234375e+01
7.527638244628906250e+01
7.613313293457031250e+01
7.784662628173828125e+01
7.956011962890625000e+01
8.127361297607421875e+01
7.511796569824218750e+01
7.549157714843750000e+01
7.586518859863281250e+01
7.661241149902343750e+01
7.873641967773437500e+01
7.888191986083984375e+01
7.902742767333984375e+01
7.960943603515625000e+01
6.684629821777343750e+01
6.728462219238281250e+01
6.772294616699218750e+01
6.859959411621093750e+01
6.947624969482421875e+01
7.542435455322265625e+01
7.580570983886718750e+01
7.618705749511718750e+01
7.694975280761718750e+01
7.010720062255859375e+01
7.025115203857421875e+01
7.039511108398437500e+01
7.068302154541015625e+01
7.097092437744140625e+01
8.679705810546875000e+01
8.706331634521484375e+01
8.732958221435546875e+01
8.786209869384765625e+01
7.810037994384765625e+01
7.860413360595703125e+01
7.910788726806640625e+01
8.011538696289062500e+01
8.097387695312500000e+01
8.205189514160156250e+01
8.312992095947265625e+01
8.420793914794921875e+01
8.528596496582031250e+01
8.744200897216796875e+01
8.663999938964843750e+01
8.746643066406250000e+01
8.829286193847656250e+01
8.911929321289062500e+01
8.994572448730468750e+01
6.663808441162109375e+01
6.710689544677734375e+01
6.757570648193359375e+01
6.851332855224609375e+01
6.945095825195312500e+01
7.038858032226562500e+01
7.226383209228515625e+01
6.487178802490234375e+01
6.574678039550781250e+01
6.662177276611328125e+01
6.749676513671875000e+01
7.187171936035156250e+01
7.624668121337890625e+01
7.964904022216796875e+01
7.990090942382812500e+01
8.015277862548828125e+01
8.065650939941406250e+01
6.262598800659179688e+01
6.390240859985351562e+01
6.517883300781250000e+01
6.773167419433593750e+01
7.028451538085937500e+01
7.283736419677734375e+01
7.539020538330078125e+01
7.794304656982421875e+01
7.036676788330078125e+01
7.058819580078125000e+01
7.080962371826171875e+01
7.103105926513671875e+01
6.938304901123046875e+01
6.958209228515625000e+01
6.978112792968750000e+01
6.998016357421875000e+01
7.017920684814453125e+01
7.057727813720703125e+01
9.018585205078125000e+01
9.083728027343750000e+01
9.148870849609375000e+01
9.214014434814453125e+01
9.279157257080078125e+01
7.534709167480468750e+01
7.571279144287109375e+01
7.644418334960937500e+01
7.790697479248046875e+01
7.973546600341796875e+01
6.321532440185546875e+01
6.419506072998046875e+01
6.517479705810546875e+01
6.615454101562500000e+01
6.713427734375000000e+01
8.159220886230468750e+01
8.199813842773437500e+01
8.240407562255859375e+01
8.402780151367187500e+01
8.483966827392578125e+01
8.710581207275390625e+01
8.745719146728515625e+01
8.780857086181640625e+01
8.851132965087890625e+01
7.768091583251953125e+01
7.876545715332031250e+01
7.984999847412109375e+01
8.093453979492187500e+01
8.527270507812500000e+01
9.177995300292968750e+01
9.286449432373046875e+01
9.720265960693359375e+01
8.077558898925781250e+01
8.106257629394531250e+01
8.134956359863281250e+01
8.163655090332031250e+01
8.192354583740234375e+01
8.704269409179687500e+01
8.734829711914062500e+01
8.765390777587890625e+01
8.826512145996093750e+01
8.887633514404296875e+01
7.981063842773437500e+01
8.088806915283203125e+01
8.196549987792968750e+01
8.412037658691406250e+01
7.806455993652343750e+01
7.867033386230468750e+01
7.927610015869140625e+01
8.048763275146484375e+01
6.626214599609375000e+01
6.663349914550781250e+01
6.700485229492187500e+01
6.737620544433593750e+01
6.774755859375000000e+01
8.126800537109375000e+01
8.178648376464843750e+01
8.230496978759765625e+01
8.334193420410156250e+01
8.437889862060546875e+01
6.086093139648437500e+01
6.134552764892578125e+01
6.183012008666992188e+01
6.279930877685546875e+01
6.376849746704101562e+01
6.522228240966796875e+01
6.619146728515625000e+01
6.716065979003906250e+01
9.021746826171875000e+01
9.057193756103515625e+01
9.092639923095703125e+01
9.128086853027343750e+01
9.163533020019531250e+01
9.234426116943359375e+01
7.491516876220703125e+01
7.522942352294921875e+01
7.680068969726562500e+01
7.742919921875000000e+01
7.868621063232421875e+01
6.878163146972656250e+01
6.926449584960937500e+01
7.071311187744140625e+01
7.119598388671875000e+01
8.861575317382812500e+01
8.908486175537109375e+01
8.955396270751953125e+01
9.002307128906250000e+01
9.049217224121093750e+01
7.868435668945312500e+01
7.885722351074218750e+01
7.903009033203125000e+01
7.972155761718750000e+01
8.024015808105468750e+01
8.058589172363281250e+01
8.093162536621093750e+01
9.035236358642578125e+01
9.346755981445312500e+01
9.969796752929687500e+01
1.121587829589843750e+02
5.903453826904296875e+01
5.932862091064453125e+01
5.962270355224609375e+01
6.021086883544921875e+01
6.079903411865234375e+01
6.138719940185546875e+01
6.197536468505859375e+01
6.256352996826171875e+01
7.916174316406250000e+01
7.974810791015625000e+01
8.033447265625000000e+01
8.150720977783203125e+01
7.732134246826171875e+01
7.743719482421875000e+01
7.755303955078125000e+01
7.766889190673828125e+01
7.778473663330078125e+01
7.801643371582031250e+01
7.824813842773437500e+01
7.871153259277343750e+01
8.999240875244140625e+01
9.116127014160156250e+01
9.233013153076171875e+01
9.349900054931640625e+01
7.889491271972656250e+01
7.945043945312500000e+01
8.000595855712890625e+01
8.056148529052734375e+01
8.111701202392578125e+01
7.134728240966796875e+01
7.168585968017578125e+01
7.202444458007812500e+01
7.270159912109375000e+01
7.337876129150390625e+01
8.998277282714843750e+01
9.124642944335937500e+01
9.251008605957031250e+01
9.377374267578125000e+01
9.503739929199218750e+01
9.155693817138671875e+01
9.181958007812500000e+01
9.208222198486328125e+01
9.234486389160156250e+01
7.252315521240234375e+01
7.277459716796875000e+01
7.302604675292968750e+01
7.352893066406250000e+01
8.036328887939453125e+01
8.076324462890625000e+01
8.116319274902343750e+01
8.156314849853515625e+01
8.196310424804687500e+01
7.343534851074218750e+01
7.386709594726562500e+01
7.429884338378906250e+01
7.473059844970703125e+01
7.516234588623046875e+01
7.602584838867187500e+01
7.887787628173828125e+01
7.932076263427734375e+01
7.976364898681640625e+01
8.020652770996093750e+01
8.109229278564453125e+01
8.197805786132812500e+01
8.286383056640625000e+01
8.374959564208984375e+01
8.268869018554687500e+01
8.493881225585937500e+01
8.718892669677734375e+01
8.943904113769531250e+01
9.393927764892578125e+01
7.387280273437500000e+01
7.395199584960937500e+01
7.426875305175781250e+01
7.474388885498046875e+01
7.490226745605468750e+01
7.432088470458984375e+01
7.455464935302734375e+01
7.478842163085937500e+01
7.502218627929687500e+01
7.572349548339843750e+01
6.915058898925781250e+01
7.014757537841796875e+01
7.114456176757812500e+01
7.214154052734375000e+01
7.313852691650390625e+01
7.612948608398437500e+01
7.912044525146484375e+01
8.111441040039062500e+01
5.524179840087890625e+01
5.548010635375976562e+01
5.571841430664062500e+01
5.619502639770507812e+01
5.667163848876953125e+01
5.738655853271484375e+01
6.054431915283203125e+01
6.137690734863281250e+01
6.220949554443359375e+01
6.387467193603515625e+01
6.720502471923828125e+01
6.887020111083984375e+01
7.053537750244140625e+01
6.165447616577148438e+01
6.226594924926757812e+01
6.287742614746093750e+01
6.348889923095703125e+01
6.410037231445312500e+01
6.654626464843750000e+01
6.776921081542968750e+01
6.899215698242187500e+01
7.299516296386718750e+01
7.360490417480468750e+01
7.421464538574218750e+01
7.543412017822265625e+01
7.665360260009765625e+01
7.787308502197265625e+01
7.909255981445312500e+01
8.031204223632812500e+01
6.885959625244140625e+01
6.982649993896484375e+01
7.079340362548828125e+01
7.272720336914062500e+01
7.495474243164062500e+01
7.543396759033203125e+01
7.591319274902343750e+01
7.687164306640625000e+01
7.783009338378906250e+01
7.878854370117187500e+01
8.070545196533203125e+01
7.055868530273437500e+01
7.080075836181640625e+01
7.104283142089843750e+01
7.152697753906250000e+01
7.201112365722656250e+01
7.786414337158203125e+01
7.841847991943359375e+01
7.897282409667968750e+01
8.008150482177734375e+01
8.896168518066406250e+01
8.988816833496093750e+01
9.081464385986328125e+01
9.174111938476562500e+01
9.901850891113281250e+01
9.959358215332031250e+01
1.001686553955078125e+02
1.007437286376953125e+02
1.013188018798828125e+02
7.476409912109375000e+01
7.588965606689453125e+01
7.701521301269531250e+01
7.814076232910156250e+01
7.926631927490234375e+01
8.151742553710937500e+01
8.376853942871093750e+01
8.607550811767578125e+01
8.647554016113281250e+01
8.687557983398437500e+01
8.727561950683593750e+01
8.767565917968750000e+01
8.847573089599609375e+01
8.927580261230468750e+01
9.007588195800781250e+01
9.087595367431640625e+01
6.965880584716796875e+01
7.063178253173828125e+01
7.160475158691406250e+01
7.355070495605468750e+01
8.133449554443359375e+01
8.019297790527343750e+01
8.034296417236328125e+01
8.064293670654296875e+01
8.094290924072265625e+01
8.124288940429687500e+01
8.746252441406250000e+01
8.835542297363281250e+01
8.924832916259765625e+01
9.014123535156250000e+01
9.103413391113281250e+01
8.814734649658203125e+01
8.994827270507812500e+01
9.355012512207031250e+01
9.535105895996093750e+01
6.899672698974609375e+01
7.018922424316406250e+01
7.138172912597656250e+01
7.615172576904296875e+01
8.092173004150390625e+01
8.569173431396484375e+01
5.959560394287109375e+01
6.016507720947265625e+01
6.073454284667968750e+01
6.187348175048828125e+01
6.472082519531250000e+01
6.529029083251953125e+01
6.642922973632812500e+01
6.756816864013671875e+01
6.841542816162109375e+01
6.877297973632812500e+01
6.913053131103515625e+01
6.984562683105468750e+01
8.068143463134765625e+01
8.157943725585937500e+01
8.247743225097656250e+01
8.427342987060546875e+01
8.606942749023437500e+01
8.786541748046875000e+01
9.145741271972656250e+01
8.201591491699218750e+01
8.228353881835937500e+01
8.255115509033203125e+01
8.308639526367187500e+01
7.478381347656250000e+01
7.496492767333984375e+01
7.514603424072265625e+01
7.550826263427734375e+01
7.587049102783203125e+01
7.623271942138671875e+01
7.659494018554687500e+01
7.695716857910156250e+01
7.000471496582031250e+01
7.062908172607421875e+01
7.125344085693359375e+01
7.250217437744140625e+01
7.375090026855468750e+01
7.624835205078125000e+01
7.874581146240234375e+01
9.693846893310546875e+01
9.744741821289062500e+01
9.795636749267578125e+01
9.846531677246093750e+01
9.897425842285156250e+01
8.898597717285156250e+01
9.053131103515625000e+01
9.207662963867187500e+01
9.362196350097656250e+01
8.552741241455078125e+01
8.610279846191406250e+01
8.667819213867187500e+01
8.782897186279296875e+01
9.243208312988281250e+01
8.457205200195312500e+01
8.720263671875000000e+01
8.983322906494140625e+01
9.509439849853515625e+01
6.816847991943359375e+01
6.840242004394531250e+01
6.863636779785156250e+01
6.910425567626953125e+01
7.004003143310546875e+01
7.050791931152343750e+01
7.097580718994140625e+01
7.144369506835937500e+01
7.521204376220703125e+01
7.547066497802734375e+01
7.572928619384765625e+01
7.598790740966796875e+01
7.624652862548828125e+01
7.165619659423828125e+01
7.235147094726562500e+01
7.374200439453125000e+01
7.513253784179687500e+01
7.652307891845703125e+01
7.791361236572265625e+01
7.930414581298828125e+01
8.069468688964843750e+01
7.654319763183593750e+01
7.803590393066406250e+01
7.952861022949218750e+01
8.251401519775390625e+01
8.549942779541015625e+01
7.987310028076171875e+01
8.025015258789062500e+01
8.100424957275390625e+01
8.138130187988281250e+01
7.936015319824218750e+01
8.068572235107421875e+01
8.201128387451171875e+01
8.466240692138671875e+01
7.006892395019531250e+01
7.036958312988281250e+01
7.067024230957031250e+01
7.097090911865234375e+01
7.421164703369140625e+01
7.511785125732421875e+01
7.632612609863281250e+01
7.693025970458984375e+01
7.874266815185546875e+01
7.198952484130859375e+01
7.228405761718750000e+01
7.287311553955078125e+01
7.346217346191406250e+01
7.434575653076171875e+01
7.552387237548828125e+01
7.611293029785156250e+01
8.336635589599609375e+01
8.352934265136718750e+01
8.369232177734375000e+01
8.401829528808593750e+01
8.220056152343750000e+01
8.258921813964843750e+01
8.297787475585937500e+01
8.414385223388671875e+01
6.625911712646484375e+01
6.647393035888671875e+01
6.668875122070312500e+01
6.711837768554687500e+01
6.754801177978515625e+01
6.797764587402343750e+01
6.237960052490234375e+01
6.293072891235351562e+01
6.348185729980468750e+01
6.458412170410156250e+01
6.568637847900390625e+01
6.772087097167968750e+01
6.832140350341796875e+01
6.952246856689453125e+01
7.072354125976562500e+01
7.192460632324218750e+01
7.312567138671875000e+01
7.853047943115234375e+01
7.546640014648437500e+01
7.574183654785156250e+01
7.601727294921875000e+01
7.656815338134765625e+01
8.112844848632812500e+01
8.622153472900390625e+01
8.791923522949218750e+01
9.131462097167968750e+01
7.896858978271484375e+01
7.939454650878906250e+01
7.982049560546875000e+01
8.024645233154296875e+01
8.067240142822265625e+01
8.152430725097656250e+01
8.237621307373046875e+01
8.322811889648437500e+01
8.408002471923828125e+01
7.691110992431640625e+01
7.854223632812500000e+01
8.017335510253906250e+01
8.343560028076171875e+01
8.669784545898437500e+01
7.254914855957031250e+01
7.316937255859375000e+01
7.378959655761718750e+01
7.751093292236328125e+01
7.999182128906250000e+01
8.247270965576171875e+01
8.947261810302734375e+01
8.999565887451171875e+01
9.051869964599609375e+01
9.156478118896484375e+01
9.261087036132812500e+01
8.011323547363281250e+01
8.077098083496093750e+01
8.142872619628906250e+01
8.274421691894531250e+01
8.325708007812500000e+01
8.439995574951171875e+01
8.554283142089843750e+01
8.668570709228515625e+01
8.782858276367187500e+01
6.876890563964843750e+01
6.984564971923828125e+01
7.092239379882812500e+01
7.307587432861328125e+01
8.296208953857421875e+01
8.325444030761718750e+01
8.471619415283203125e+01
8.530089569091796875e+01
8.588558959960937500e+01
9.217307281494140625e+01
9.269075012207031250e+01
9.320841979980468750e+01
9.372608947753906250e+01
6.620333862304687500e+01
6.695275115966796875e+01
6.770216369628906250e+01
6.920098114013671875e+01
7.069980621337890625e+01
8.127350616455078125e+01
8.215068817138671875e+01
8.478224945068359375e+01
8.829100036621093750e+01
7.379734039306640625e+01
7.400471496582031250e+01
7.421208190917968750e+01
7.462682342529296875e+01
7.483419036865234375e+01
7.944700622558593750e+01
8.037646484375000000e+01
8.084118652343750000e+01
8.130591583251953125e+01
7.023530578613281250e+01
7.227680969238281250e+01
7.431830596923828125e+01
7.635980224609375000e+01
8.248429107666015625e+01
7.385069274902343750e+01
7.556641387939453125e+01
7.728213500976562500e+01
7.899786376953125000e+01
8.586075592041015625e+01
7.787464141845703125e+01
7.822825622558593750e+01
7.858187103271484375e+01
7.928910827636718750e+01
7.999633789062500000e+01
8.160269165039062500e+01
8.201412963867187500e+01
8.242556762695312500e+01
8.283700561523437500e+01
7.837747192382812500e+01
7.890099334716796875e+01
7.942452239990234375e+01
7.994805145263671875e+01
8.099510192871093750e+01
7.139238739013671875e+01
7.315273284912109375e+01
7.491307067871093750e+01
7.843375396728515625e+01
7.781986999511718750e+01
7.822659301757812500e+01
7.863331604003906250e+01
7.944675445556640625e+01
8.026019287109375000e+01
6.796805572509765625e+01
6.956549835205078125e+01
7.116294097900390625e+01
7.276039123535156250e+01
7.435783386230468750e+01
7.755271911621093750e+01
8.074760437011718750e+01
8.394249725341796875e+01
8.713738250732421875e+01
7.749218750000000000e+01
7.779240417480468750e+01
7.809262084960937500e+01
7.839283752441406250e+01
7.869305419921875000e+01
7.550946044921875000e+01
7.579862976074218750e+01
7.608779907226562500e+01
7.666613006591796875e+01
7.724446105957031250e+01
7.041207885742187500e+01
7.053161621093750000e+01
7.065114593505859375e+01
7.077068328857421875e+01
7.089021301269531250e+01
8.536248779296875000e+01
8.714239501953125000e+01
8.892230987548828125e+01
9.070221710205078125e+01
7.786933898925781250e+01
7.822985839843750000e+01
7.859037780761718750e+01
7.895090484619140625e+01
8.380567932128906250e+01
8.616257476806640625e+01
8.851947021484375000e+01
9.323326110839843750e+01
6.959509277343750000e+01
7.003108978271484375e+01
7.046708679199218750e+01
7.090308380126953125e+01
7.133908081054687500e+01
7.221107482910156250e+01
7.308306121826171875e+01
7.395505523681640625e+01
7.482704925537109375e+01
7.569904327392578125e+01
8.006512451171875000e+01
8.060742187500000000e+01
8.114971923828125000e+01
8.223432159423828125e+01
8.440351867675781250e+01
8.657271575927734375e+01
7.925735473632812500e+01
7.956968688964843750e+01
7.988201141357421875e+01
8.019434356689453125e+01
8.050666809082031250e+01
7.227683258056640625e+01
7.291522979736328125e+01
7.355363464355468750e+01
7.866084289550781250e+01
7.993764495849609375e+01
7.108048248291015625e+01
7.202172851562500000e+01
7.484546661376953125e+01
7.861044311523437500e+01
8.237541961669921875e+01
8.370293426513671875e+01
8.449190521240234375e+01
8.528087615966796875e+01
8.606984710693359375e+01
8.248441314697265625e+01
8.274576568603515625e+01
8.300711059570312500e+01
8.326845550537109375e+01
8.352980041503906250e+01
6.640524291992187500e+01
6.673027038574218750e+01
6.705529785156250000e+01
6.770536041259765625e+01
6.835541534423828125e+01
6.965552520751953125e+01
7.030558013916015625e+01
7.095563507080078125e+01
7.225574493408203125e+01
8.839914703369140625e+01
8.900698089599609375e+01
8.961480712890625000e+01
9.022264099121093750e+01
8.111500549316406250e+01
8.271602630615234375e+01
8.431704711914062500e+01
8.591806030273437500e+01
9.072111511230468750e+01
9.392314147949218750e+01
9.712518310546875000e+01
8.946324157714843750e+01
9.123568725585937500e+01
9.300812530517578125e+01
9.478056335449218750e+01
9.832544708251953125e+01
7.222399139404296875e+01
7.249372100830078125e+01
7.276344299316406250e+01
7.330290222167968750e+01
7.384236145019531250e+01
7.149989318847656250e+01
7.220241546630859375e+01
7.290493774414062500e+01
7.430997467041015625e+01
7.333374786376953125e+01
7.362380218505859375e+01
7.391384887695312500e+01
7.507406616210937500e+01
6.342767333984375000e+01
6.434420013427734375e+01
6.526072692871093750e+01
7.075989532470703125e+01
7.259295654296875000e+01
7.442601013183593750e+01
7.625906372070312500e+01
7.809212493896484375e+01
8.369792175292968750e+01
8.419034576416015625e+01
8.468277740478515625e+01
8.517520904541015625e+01
8.566763305664062500e+01
8.763735198974609375e+01
7.814860534667968750e+01
7.842536163330078125e+01
7.870211791992187500e+01
7.897887420654296875e+01
7.925563049316406250e+01
9.184971618652343750e+01
9.324778747558593750e+01
9.464585876464843750e+01
9.744200134277343750e+01
6.769576263427734375e+01
6.805607604980468750e+01
6.877670288085937500e+01
7.021795654296875000e+01
7.129889678955078125e+01
8.269600677490234375e+01
8.424140167236328125e+01
8.578678894042968750e+01
8.733218383789062500e+01
8.722320556640625000e+01
8.761820220947265625e+01
8.840820312500000000e+01
8.919819641113281250e+01
8.224408721923828125e+01
8.280411529541015625e+01
8.504420471191406250e+01
8.616424560546875000e+01
8.728429412841796875e+01
7.721009826660156250e+01
7.747198486328125000e+01
7.799576568603515625e+01
7.825765991210937500e+01
7.878143310546875000e+01
7.982899475097656250e+01
8.009088897705078125e+01
6.850788116455078125e+01
7.014670562744140625e+01
7.178553009033203125e+01
7.342435455322265625e+01
7.834082031250000000e+01
8.161846923828125000e+01
8.817376708984375000e+01
9.145140838623046875e+01
7.930519866943359375e+01
8.011962890625000000e+01
8.093405914306640625e+01
8.256291961669921875e+01
8.419178009033203125e+01
8.711988067626953125e+01
8.906635284423828125e+01
9.101282501220703125e+01
9.295928955078125000e+01
1.065845870971679688e+02
8.131454467773437500e+01
8.178893280029296875e+01
8.226332092285156250e+01
8.273770904541015625e+01
8.321209716796875000e+01
8.416087341308593750e+01
8.605841827392578125e+01
8.425010681152343750e+01
8.736531066894531250e+01
9.048051452636718750e+01
9.359571838378906250e+01
9.671092224121093750e+01
1.029413223266601562e+02
1.091717300415039062e+02
6.559181976318359375e+01
6.584921264648437500e+01
6.610659790039062500e+01
6.662138366699218750e+01
6.713616180419921875e+01
6.765093994140625000e+01
6.868050384521484375e+01
7.009165954589843750e+01
7.054591369628906250e+01
7.100017547607421875e+01
7.190868377685546875e+01
7.033127593994140625e+01
7.061504364013671875e+01
7.089881896972656250e+01
7.146636199951171875e+01
7.203390502929687500e+01
7.373653411865234375e+01
8.256836700439453125e+01
8.429058837890625000e+01
8.601280212402343750e+01
8.773501586914062500e+01
8.945723724365234375e+01
7.523668670654296875e+01
7.621315002441406250e+01
7.718962097167968750e+01
7.816609191894531250e+01
8.304843139648437500e+01
8.415045928955078125e+01
8.467671966552734375e+01
8.520298767089843750e+01
8.572925567626953125e+01
8.625551605224609375e+01
8.730805206298828125e+01
8.836058044433593750e+01
8.941311645507812500e+01
8.642005920410156250e+01
8.789500427246093750e+01
8.936994934082031250e+01
9.084489440917968750e+01
9.526973724365234375e+01
1.011695251464843750e+02
7.741176605224609375e+01
7.782086181640625000e+01
7.802540588378906250e+01
7.843449401855468750e+01
7.884358978271484375e+01
9.366479492187500000e+01
9.480029296875000000e+01
9.593577575683593750e+01
9.707127380371093750e+01
1.004777374267578125e+02
7.714630126953125000e+01
7.737304687500000000e+01
7.759978485107421875e+01
7.896024322509765625e+01
7.941372680664062500e+01
7.986721038818359375e+01
8.032069396972656250e+01
6.793727874755859375e+01
6.971989440917968750e+01
7.150251770019531250e+01
7.506774902343750000e+01
7.863297271728515625e+01
7.800952911376953125e+01
7.884246826171875000e+01
7.967541503906250000e+01
8.300717926025390625e+01
8.467306518554687500e+01
7.942459869384765625e+01
8.440951538085937500e+01
8.690197753906250000e+01
8.939443969726562500e+01
6.260343170166015625e+01
6.283973312377929688e+01
6.307603454589843750e+01
6.331233596801757812e+01
6.402124023437500000e+01
6.473014831542968750e+01
6.543905639648437500e+01
7.422415924072265625e+01
7.522073364257812500e+01
7.621730804443359375e+01
7.721388244628906250e+01
7.920703125000000000e+01
7.449553680419921875e+01
7.572449493408203125e+01
7.695345306396484375e+01
8.248376464843750000e+01
8.432720184326171875e+01
8.216251373291015625e+01
8.241522216796875000e+01
8.292063140869140625e+01
8.317333984375000000e+01
8.367874908447265625e+01
7.203688049316406250e+01
7.258094024658203125e+01
7.312500000000000000e+01
7.366906738281250000e+01
7.421312713623046875e+01
7.530125427246093750e+01
7.638938140869140625e+01
7.747750091552734375e+01
7.856562805175781250e+01
8.074187469482421875e+01
8.138998413085937500e+01
8.159111785888671875e+01
8.179225158691406250e+01
8.219451904296875000e+01
5.959423828125000000e+01
6.048029327392578125e+01
6.136634445190429688e+01
6.313845062255859375e+01
6.491055297851562500e+01
7.853069305419921875e+01
7.899320220947265625e+01
7.922446441650390625e+01
7.945571899414062500e+01
7.991823577880859375e+01
8.038074493408203125e+01
8.084326171875000000e+01
5.898887252807617188e+01
6.017890930175781250e+01
6.136894607543945312e+01
6.374901962280273438e+01
6.612908935546875000e+01
6.850916290283203125e+01
7.088923645019531250e+01
7.326930999755859375e+01
8.157579803466796875e+01
8.171736145019531250e+01
8.185892486572265625e+01
8.200049591064453125e+01
7.020626068115234375e+01
7.132489776611328125e+01
7.244352722167968750e+01
7.356215667724609375e+01
7.468079376220703125e+01
7.691806030273437500e+01
8.362985229492187500e+01
7.871592712402343750e+01
7.924182128906250000e+01
7.976771545410156250e+01
8.029360961914062500e+01
8.637891387939453125e+01
8.846399688720703125e+01
9.054907226562500000e+01
9.263415527343750000e+01
6.993106842041015625e+01
7.129477691650390625e+01
7.265847778320312500e+01
7.402218627929687500e+01
7.947700500488281250e+01
8.220441436767578125e+01
8.864936828613281250e+01
8.938084411621093750e+01
9.011232757568359375e+01
9.084380340576171875e+01
9.157527923583984375e+01
9.303823852539062500e+01
7.895972442626953125e+01
8.002622985839843750e+01
8.109273529052734375e+01
8.215923309326171875e+01
8.322573852539062500e+01
6.251113128662109375e+01
6.297503662109375000e+01
6.343894195556640625e+01
6.390284347534179688e+01
6.436674499511718750e+01
6.529455566406250000e+01
6.622236633300781250e+01
6.715017700195312500e+01
6.807798767089843750e+01
6.333697128295898438e+01
6.439047241210937500e+01
6.544397735595703125e+01
6.755098724365234375e+01
6.965798950195312500e+01
7.281849670410156250e+01
7.492550659179687500e+01
7.310358428955078125e+01
7.396039581298828125e+01
7.481719970703125000e+01
7.567401123046875000e+01
7.824444580078125000e+01
7.995806884765625000e+01
8.167169189453125000e+01
7.731974029541015625e+01
7.787094116210937500e+01
7.842213439941406250e+01
7.952453613281250000e+01
8.062693023681640625e+01
8.305732727050781250e+01
8.326451110839843750e+01
8.347168731689453125e+01
8.367886352539062500e+01
8.388604736328125000e+01
7.494320678710937500e+01
7.509432983398437500e+01
7.539656066894531250e+01
7.554767608642578125e+01
8.483699035644531250e+01
8.563867187500000000e+01
8.644035339355468750e+01
8.804371643066406250e+01
7.493878936767578125e+01
7.513195037841796875e+01
7.532510375976562500e+01
7.551826477050781250e+01
7.590458679199218750e+01
7.629090881347656250e+01
7.706354522705078125e+01
7.744986724853515625e+01
7.783618927001953125e+01
8.399856567382812500e+01
8.430500030517578125e+01
8.461143493652343750e+01
8.522430419921875000e+01
7.345080566406250000e+01
7.403812408447265625e+01
7.521276855468750000e+01
7.580009460449218750e+01
7.096047210693359375e+01
7.136473083496093750e+01
7.176898956298828125e+01
7.338602447509765625e+01
7.500305175781250000e+01
7.581156921386718750e+01
8.200026702880859375e+01
8.255152893066406250e+01
8.310279083251953125e+01
8.420530700683593750e+01
9.082019042968750000e+01
9.363871765136718750e+01
9.645724487304687500e+01
1.020943069458007812e+02
7.216377258300781250e+01
7.229074096679687500e+01
7.254467010498046875e+01
7.267163848876953125e+01
6.845816040039062500e+01
6.864443969726562500e+01
6.883072662353515625e+01
6.901701354980468750e+01
6.920330047607421875e+01
6.957586669921875000e+01
7.579106140136718750e+01
7.645539093017578125e+01
7.711972045898437500e+01
7.778404998779296875e+01
8.110569763183593750e+01
8.243435668945312500e+01
8.376301574707031250e+01
8.509167480468750000e+01
8.078738403320312500e+01
8.101934051513671875e+01
8.125129699707031250e+01
8.148324584960937500e+01
8.171520233154296875e+01
8.264301300048828125e+01
8.310692596435546875e+01
8.357083129882812500e+01
6.289714050292968750e+01
6.314113235473632812e+01
6.338512420654296875e+01
6.387310791015625000e+01
6.436109161376953125e+01
7.726327514648437500e+01
7.806879425048828125e+01
7.887430572509765625e+01
8.048533630371093750e+01
8.209636688232421875e+01
8.370739746093750000e+01
7.579975128173828125e+01
7.595450592041015625e+01
7.641876220703125000e+01
7.672826385498046875e+01
7.703777313232421875e+01
7.734727478027343750e+01
7.765678405761718750e+01
7.796628570556640625e+01
8.328746795654296875e+01
8.419371032714843750e+01
8.509995269775390625e+01
8.600620269775390625e+01
8.736557006835937500e+01
8.827181243896484375e+01
7.829992675781250000e+01
7.843563842773437500e+01
7.857135009765625000e+01
7.884276580810546875e+01
7.911418151855468750e+01
7.965701293945312500e+01
9.564349365234375000e+01
9.662364196777343750e+01
9.956409454345703125e+01
1.015243911743164062e+02
8.172220611572265625e+01
8.357093048095703125e+01
8.541966247558593750e+01
8.726838684082031250e+01
8.911711120605468750e+01
9.281456756591796875e+01
9.008579254150390625e+01
9.049380493164062500e+01
9.090180969238281250e+01
9.171783447265625000e+01
6.084857559204101562e+01
6.122972106933593750e+01
6.161087036132812500e+01
6.237316513061523438e+01
6.313546371459960938e+01
8.331683349609375000e+01
8.513021850585937500e+01
8.633914184570312500e+01
8.754806518554687500e+01
6.399274444580078125e+01
6.437600708007812500e+01
6.475926208496093750e+01
6.514252471923828125e+01
6.552578735351562500e+01
5.774401855468750000e+01
5.839900207519531250e+01
5.905399322509765625e+01
6.036396789550781250e+01
6.167394638061523438e+01
6.298392486572265625e+01
6.429389953613281250e+01
6.560388183593750000e+01
8.153477478027343750e+01
8.336442565917968750e+01
8.519408416748046875e+01
8.702374267578125000e+01
8.885340118408203125e+01
7.420225524902343750e+01
7.481184387207031250e+01
7.542144012451171875e+01
7.664063262939453125e+01
7.785981750488281250e+01
7.726216125488281250e+01
7.765448760986328125e+01
7.804681396484375000e+01
7.843914031982421875e+01
7.961611175537109375e+01
8.118540954589843750e+01
6.767785644531250000e+01
6.792044830322265625e+01
6.840563201904296875e+01
7.010377502441406250e+01
7.058895874023437500e+01
8.492583465576171875e+01
8.541697692871093750e+01
8.590812683105468750e+01
8.639926910400390625e+01
8.689041900634765625e+01
6.217837905883789062e+01
6.300723266601562500e+01
6.383608627319335938e+01
6.549378967285156250e+01
6.715149688720703125e+01
7.046691131591796875e+01
7.212461853027343750e+01
6.116001129150390625e+01
6.165479278564453125e+01
6.214957427978515625e+01
6.313913345336914062e+01
6.412869262695312500e+01
7.464077758789062500e+01
7.716188049316406250e+01
8.472521209716796875e+01
8.724632263183593750e+01
5.788896179199218750e+01
5.885877609252929688e+01
5.982858657836914062e+01
6.176821136474609375e+01
6.564746093750000000e+01
7.232156372070312500e+01
7.258645629882812500e+01
7.285135650634765625e+01
7.311625671386718750e+01
7.338115692138671875e+01
7.417585754394531250e+01
7.302456665039062500e+01
7.561456298828125000e+01
7.820455932617187500e+01
7.949954986572265625e+01
8.079454803466796875e+01
8.208954620361328125e+01
8.338454437255859375e+01
7.110794067382812500e+01
7.131940460205078125e+01
7.153086090087890625e+01
7.174232482910156250e+01
7.195378112792968750e+01
5.965556335449218750e+01
5.996880340576171875e+01
6.028205108642578125e+01
6.090853881835937500e+01
6.153502655029296875e+01
8.651088714599609375e+01
8.734112548828125000e+01
8.817136383056640625e+01
8.900159454345703125e+01
9.066207122802734375e+01
9.232254028320312500e+01
9.398301696777343750e+01
7.576518249511718750e+01
7.593878173828125000e+01
7.611238861083984375e+01
7.628599548339843750e+01
7.645960235595703125e+01
7.680680847167968750e+01
7.715401458740234375e+01
7.750122833251953125e+01
8.479739379882812500e+01
8.523631286621093750e+01
8.567523193359375000e+01
8.611415100097656250e+01
7.062020874023437500e+01
7.142913818359375000e+01
7.223806762695312500e+01
7.304699707031250000e+01
7.385592651367187500e+01
6.673730468750000000e+01
6.711734771728515625e+01
6.749739074707031250e+01
6.825748443603515625e+01
6.901757049560546875e+01
6.977766418457031250e+01
7.129783630371093750e+01
7.205792999267578125e+01
8.040892028808593750e+01
8.259635925292968750e+01
8.478379821777343750e+01
8.697123718261718750e+01
8.915867614746093750e+01
9.353355407714843750e+01
7.502723693847656250e+01
7.520074462890625000e+01
7.537425231933593750e+01
7.572126770019531250e+01
7.509146881103515625e+01
7.589013671875000000e+01
7.668881225585937500e+01
7.708814239501953125e+01
7.788681793212890625e+01
5.764502716064453125e+01
5.807324600219726562e+01
5.850146484375000000e+01
5.935791015625000000e+01
6.021435546875000000e+01
6.192723846435546875e+01
8.418698120117187500e+01
8.730218505859375000e+01
9.041738891601562500e+01
9.353259277343750000e+01
7.800167083740234375e+01
7.961976623535156250e+01
8.123786926269531250e+01
8.285596466064453125e+01
8.447406005859375000e+01
8.473950195312500000e+01
8.761149597167968750e+01
8.904749298095703125e+01
9.048348999023437500e+01
9.335548400878906250e+01
7.810699462890625000e+01
7.880113220214843750e+01
7.949527740478515625e+01
8.018942260742187500e+01
8.088356781005859375e+01
8.227185058593750000e+01
8.366014099121093750e+01
8.504843139648437500e+01
8.643671417236328125e+01
6.396661758422851562e+01
6.416890716552734375e+01
6.437120056152343750e+01
6.477578735351562500e+01
6.518037414550781250e+01
8.662348175048828125e+01
8.813639831542968750e+01
8.964931488037109375e+01
9.267515563964843750e+01
7.795829772949218750e+01
7.881087493896484375e+01
7.966345977783203125e+01
8.051604461669921875e+01
8.136862182617187500e+01
7.914797973632812500e+01
7.981207275390625000e+01
8.047616577148437500e+01
8.114025878906250000e+01
8.180435180664062500e+01
8.313253784179687500e+01
8.125765228271484375e+01
8.256558990478515625e+01
8.518145751953125000e+01
8.779731750488281250e+01
9.149745178222656250e+01
9.276105499267578125e+01
9.402465820312500000e+01
9.528825378417968750e+01
9.655186462402343750e+01
9.907906341552734375e+01
1.016062698364257812e+02
1.041334686279296875e+02
1.066606750488281250e+02
7.178002166748046875e+01
7.326796722412109375e+01
7.475590515136718750e+01
7.624384307861328125e+01
7.773178863525390625e+01
8.368354797363281250e+01
7.245007324218750000e+01
7.324790954589843750e+01
7.564143371582031250e+01
7.643927764892578125e+01
9.004742431640625000e+01
9.070343017578125000e+01
9.201544189453125000e+01
9.267144775390625000e+01
9.398345184326171875e+01
7.431809997558593750e+01
7.521401977539062500e+01
7.610994720458984375e+01
7.790179443359375000e+01
8.931278991699218750e+01
8.995960998535156250e+01
9.060641479492187500e+01
9.125322723388671875e+01
9.190003967285156250e+01
9.319366455078125000e+01
8.690312194824218750e+01
8.965791320800781250e+01
9.241269683837890625e+01
9.516748046875000000e+01
9.792226409912109375e+01
6.578237152099609375e+01
6.663039398193359375e+01
6.747840881347656250e+01
6.917445373535156250e+01
7.087049102783203125e+01
7.283100128173828125e+01
7.392331695556640625e+01
7.829257202148437500e+01
7.938488769531250000e+01
8.047719573974609375e+01
8.156951141357421875e+01
7.643214416503906250e+01
7.677259063720703125e+01
7.711304473876953125e+01
7.745349121093750000e+01
7.779394531250000000e+01
7.847484588623046875e+01
7.915574645996093750e+01
8.085800170898437500e+01
8.187934875488281250e+01
7.669196319580078125e+01
7.744485473632812500e+01
7.819774627685546875e+01
7.895063781738281250e+01
7.970352935791015625e+01
8.120932006835937500e+01
8.271510314941406250e+01
7.424449157714843750e+01
7.558938598632812500e+01
7.693427276611328125e+01
8.231382751464843750e+01
8.043490600585937500e+01
8.071084594726562500e+01
8.098677825927734375e+01
8.153865814208984375e+01
8.264241027832031250e+01
8.319428253173828125e+01
8.374616241455078125e+01
6.042044830322265625e+01
6.070527648925781250e+01
6.155976867675781250e+01
6.212942886352539062e+01
6.269908905029296875e+01
5.872144317626953125e+01
5.936659240722656250e+01
6.001174163818359375e+01
6.130204010009765625e+01
6.259233856201171875e+01
6.517294311523437500e+01
7.277806091308593750e+01
7.290055084228515625e+01
7.302304840087890625e+01
7.326802825927734375e+01
7.351300811767578125e+01
6.269195938110351562e+01
6.315851211547851562e+01
6.362506103515625000e+01
6.455816650390625000e+01
6.549126434326171875e+01
5.976611709594726562e+01
6.022615051269531250e+01
6.068618011474609375e+01
6.160624313354492188e+01
7.911682128906250000e+01
7.922713470458984375e+01
7.933744049072265625e+01
7.955805969238281250e+01
7.977867889404296875e+01
5.657324981689453125e+01
5.772974395751953125e+01
5.888623428344726562e+01
6.119921875000000000e+01
6.351220703125000000e+01
6.582519531250000000e+01
8.058685302734375000e+01
8.114257049560546875e+01
8.169829559326171875e+01
8.280973815917968750e+01
8.848106384277343750e+01
8.906930541992187500e+01
8.965754699707031250e+01
9.083402252197265625e+01
8.181227874755859375e+01
8.254976654052734375e+01
8.328724670410156250e+01
8.476221466064453125e+01
7.217740631103515625e+01
7.229453277587890625e+01
7.241165161132812500e+01
7.264590454101562500e+01
7.085809326171875000e+01
7.311501312255859375e+01
7.537194061279296875e+01
8.439963531494140625e+01
8.891348266601562500e+01
6.480601501464843750e+01
6.574718475341796875e+01
6.668834686279296875e+01
6.762951660156250000e+01
6.857068634033203125e+01
6.702116394042968750e+01
6.773628234863281250e+01
6.916650390625000000e+01
7.059672546386718750e+01
8.498838043212890625e+01
8.528324127197265625e+01
8.557809448242187500e+01
8.616780853271484375e+01
7.498492431640625000e+01
7.514752197265625000e+01
7.531012725830078125e+01
7.563533020019531250e+01
6.558425903320312500e+01
6.617375183105468750e+01
6.676323699951171875e+01
6.735272979736328125e+01
6.794222259521484375e+01
6.756560516357421875e+01
6.811928558349609375e+01
6.867296600341796875e+01
6.978032684326171875e+01
7.088768768310546875e+01
7.199504852294921875e+01
7.601309204101562500e+01
7.622551727294921875e+01
7.643794250488281250e+01
7.686279296875000000e+01
7.771248626708984375e+01
7.620047760009765625e+01
7.635539245605468750e+01
7.651029968261718750e+01
7.682012176513671875e+01
7.743976593017578125e+01
6.718214416503906250e+01
6.760047149658203125e+01
6.801880645751953125e+01
6.885546112060546875e+01
7.052877807617187500e+01
5.749781036376953125e+01
5.788074493408203125e+01
5.826368331909179688e+01
5.902956008911132812e+01
7.645586395263671875e+01
7.699094390869140625e+01
7.752602386474609375e+01
7.859619140625000000e+01
8.317102050781250000e+01
8.382131958007812500e+01
8.447161865234375000e+01
8.577220916748046875e+01
8.707279968261718750e+01
8.967398071289062500e+01
7.537696075439453125e+01
7.634624481201171875e+01
7.731552886962890625e+01
7.828481292724609375e+01
8.022337341308593750e+01
7.141567230224609375e+01
7.193684387207031250e+01
7.245801544189453125e+01
7.350035858154296875e+01
7.454270172119140625e+01
7.558503723144531250e+01
6.641358184814453125e+01
6.677565765380859375e+01
6.713774108886718750e+01
6.749982452392578125e+01
6.786190032958984375e+01
8.077117919921875000e+01
8.154441833496093750e+01
8.231764984130859375e+01
8.386412811279296875e+01
8.541059875488281250e+01
7.564666748046875000e+01
7.703041839599609375e+01
7.841416931152343750e+01
7.979792022705078125e+01
8.118166351318359375e+01
7.829113769531250000e+01
7.890325927734375000e+01
7.951537322998046875e+01
8.073960876464843750e+01
8.196385192871093750e+01
6.190072631835937500e+01
6.245466232299804688e+01
6.300859832763671875e+01
6.411647033691406250e+01
6.470758056640625000e+01
6.538196563720703125e+01
6.605634307861328125e+01
6.740509796142578125e+01
6.875386047363281250e+01
7.010261535644531250e+01
6.188409805297851562e+01
6.220787429809570312e+01
6.253164672851562500e+01
6.317919921875000000e+01
6.382675170898437500e+01
6.447430419921875000e+01
7.896569061279296875e+01
7.970833587646484375e+01
8.193627166748046875e+01
8.342156982421875000e+01
7.093155670166015625e+01
7.113928222656250000e+01
7.134701538085937500e+01
7.217794036865234375e+01
6.518987274169921875e+01
6.572224426269531250e+01
6.625461578369140625e+01
6.731935882568359375e+01
6.838409423828125000e+01
6.944883728027343750e+01
8.147335815429687500e+01
8.176129150390625000e+01
8.262510681152343750e+01
8.320097351074218750e+01
8.377684783935546875e+01
5.769032287597656250e+01
5.832981872558593750e+01
5.896931838989257812e+01
6.024831390380859375e+01
6.280630874633789062e+01
7.972605133056640625e+01
8.002919769287109375e+01
8.033233642578125000e+01
8.093861389160156250e+01
6.230509567260742188e+01
6.264442825317382812e+01
6.298375701904296875e+01
6.366242218017578125e+01
6.434108734130859375e+01
6.501975250244140625e+01
7.093251800537109375e+01
7.340271759033203125e+01
7.587292480468750000e+01
8.081332397460937500e+01
8.575373077392578125e+01
9.069413757324218750e+01
7.593466186523437500e+01
7.616262817382812500e+01
7.639058685302734375e+01
7.684651184082031250e+01
6.046251296997070312e+01
6.077344131469726562e+01
6.108437347412109375e+01
6.232809448242187500e+01
6.294995117187500000e+01
8.072194671630859375e+01
8.135271453857421875e+01
8.198348236083984375e+01
8.324501037597656250e+01
6.415708160400390625e+01
6.453350067138671875e+01
6.490992736816406250e+01
6.566277313232421875e+01
6.641561889648437500e+01
6.716846466064453125e+01
8.154683685302734375e+01
8.466204071044921875e+01
8.777724456787109375e+01
9.400764465332031250e+01
1.002380523681640625e+02
7.564694976806640625e+01
7.630142974853515625e+01
7.695591735839843750e+01
7.826487731933593750e+01
7.957383728027343750e+01
8.088279724121093750e+01
7.982510375976562500e+01
8.021125030517578125e+01
8.059739685058593750e+01
8.098354339599609375e+01
8.136968994140625000e+01
6.606746673583984375e+01
6.637432861328125000e+01
6.668118286132812500e+01
6.729489135742187500e+01
6.790859985351562500e+01
5.692659378051757812e+01
5.742669677734375000e+01
5.792680358886718750e+01
5.892700958251953125e+01
5.992722320556640625e+01
6.287901306152343750e+01
6.361904907226562500e+01
6.435908508300781250e+01
6.583916473388671875e+01
6.731924438476562500e+01
6.879931640625000000e+01
7.228975677490234375e+01
7.266871643066406250e+01
7.304767608642578125e+01
7.380560302734375000e+01
7.456352233886718750e+01
7.532144927978515625e+01
6.104475021362304688e+01
6.183683395385742188e+01
6.262891769409179688e+01
6.421308898925781250e+01
6.579725646972656250e+01
6.738142395019531250e+01
5.241984176635742188e+01
5.298072814941406250e+01
5.354161453247070312e+01
5.466338729858398438e+01
5.578516006469726562e+01
5.690693283081054688e+01
7.275188446044921875e+01
7.317323303222656250e+01
7.359458160400390625e+01
7.485861968994140625e+01
8.453803253173828125e+01
8.497943878173828125e+01
8.542084503173828125e+01
8.630364990234375000e+01
6.290787887573242188e+01
6.404940032958984375e+01
6.519091796875000000e+01
6.747395324707031250e+01
7.238154602050781250e+01
7.262798309326171875e+01
7.287442016601562500e+01
7.336730194091796875e+01
7.435305023193359375e+01
7.769195556640625000e+01
7.792784881591796875e+01
7.816373443603515625e+01
7.863551330566406250e+01
7.910729217529296875e+01
8.152293395996093750e+01
8.308848571777343750e+01
8.465402984619140625e+01
8.778511810302734375e+01
9.091621398925781250e+01
5.775717926025390625e+01
5.856226348876953125e+01
5.936734771728515625e+01
6.097752380371093750e+01
6.258769226074218750e+01
6.419786834716796875e+01
6.523439025878906250e+01
6.561079406738281250e+01
6.598719787597656250e+01
6.673999786376953125e+01
6.749280548095703125e+01
6.824560546875000000e+01
8.746765136718750000e+01
8.768731689453125000e+01
8.790698242187500000e+01
8.834630584716796875e+01
5.761597442626953125e+01
5.812184906005859375e+01
5.862772369384765625e+01
5.963946914672851562e+01
6.065121459960937500e+01
6.166296005249023438e+01
6.767329406738281250e+01
6.791847229003906250e+01
6.816365051269531250e+01
6.914437866210937500e+01
7.200892639160156250e+01
7.234259033203125000e+01
7.267624664306640625e+01
7.334357452392578125e+01
5.803105926513671875e+01
5.832677459716796875e+01
5.862249755859375000e+01
5.921393585205078125e+01
6.039681243896484375e+01
5.507262420654296875e+01
5.550564956665039062e+01
5.593867492675781250e+01
5.680472946166992188e+01
5.767078399658203125e+01
7.405958557128906250e+01
7.460624694824218750e+01
7.515290832519531250e+01
7.624623107910156250e+01
7.733956146240234375e+01
7.843288421630859375e+01
8.950112152099609375e+01
9.012418365478515625e+01
9.074724578857421875e+01
9.199337005615234375e+01
6.742442321777343750e+01
6.787669372558593750e+01
6.832896423339843750e+01
6.923350524902343750e+01
7.104257965087890625e+01
6.866703796386718750e+01
6.996786499023437500e+01
7.126869201660156250e+01
7.387033843994140625e+01
6.272556686401367188e+01
6.342425918579101562e+01
6.412294769287109375e+01
6.552033233642578125e+01
8.126475524902343750e+01
8.205644226074218750e+01
8.284812927246093750e+01
8.443149566650390625e+01
8.285289764404296875e+01
8.406528472900390625e+01
8.527767181396484375e+01
8.770243835449218750e+01
7.934540557861328125e+01
8.005797576904296875e+01
8.077054595947265625e+01
8.219568634033203125e+01
7.099417114257812500e+01
7.115510559082031250e+01
7.131604003906250000e+01
7.163790893554687500e+01
7.228164672851562500e+01
7.692372131347656250e+01
7.773447418212890625e+01
7.854522705078125000e+01
8.016674041748046875e+01
6.482338714599609375e+01
6.583052062988281250e+01
6.784478759765625000e+01
6.985905456542968750e+01
7.031476593017578125e+01
7.075141906738281250e+01
7.162474060058593750e+01
7.249805450439453125e+01
7.337136840820312500e+01
7.553176116943359375e+01
7.610186767578125000e+01
7.667197418212890625e+01
7.781219482421875000e+01
7.895240783691406250e+01
7.834361267089843750e+01
7.897853088378906250e+01
7.961345672607421875e+01
8.088330078125000000e+01
6.129649353027343750e+01
6.172923278808593750e+01
6.259471130371093750e+01
6.432567596435546875e+01
8.034355163574218750e+01
8.248629760742187500e+01
8.462903594970703125e+01
8.891451263427734375e+01
6.396179962158203125e+01
6.478965759277343750e+01
6.561752319335937500e+01
6.727325439453125000e+01
7.058470153808593750e+01
7.266284179687500000e+01
7.367260742187500000e+01
7.468236541748046875e+01
7.670188903808593750e+01
7.973117065429687500e+01
6.102655410766601562e+01
6.133941650390625000e+01
6.227799224853515625e+01
6.352943420410156250e+01
6.163542556762695312e+01
6.200102233886718750e+01
6.236661911010742188e+01
6.309780883789062500e+01
7.428622436523437500e+01
7.740142822265625000e+01
8.051663208007812500e+01
8.674703216552734375e+01
9.920783996582031250e+01
5.474098968505859375e+01
5.579170227050781250e+01
5.684241485595703125e+01
5.894384765625000000e+01
5.739476776123046875e+01
5.811895370483398438e+01
5.884313964843750000e+01
6.029151153564453125e+01
7.606969451904296875e+01
7.622698211669921875e+01
7.638427734375000000e+01
7.669885253906250000e+01
7.732801818847656250e+01
7.450214385986328125e+01
7.492041778564453125e+01
7.533869934082031250e+01
7.617524719238281250e+01
6.272486877441406250e+01
6.294322586059570312e+01
6.316158294677734375e+01
6.337994003295898438e+01
6.976841735839843750e+01
7.054343414306640625e+01
7.131844329833984375e+01
7.286847686767578125e+01
7.596852874755859375e+01
8.143711090087890625e+01
8.185594940185546875e+01
8.227479553222656250e+01
8.311247253417968750e+01
8.478783416748046875e+01
7.675022125244140625e+01
7.741575622558593750e+01
7.808128356933593750e+01
7.941235351562500000e+01
7.646955871582031250e+01
7.744811248779296875e+01
7.842666625976562500e+01
8.038378143310546875e+01
8.429800415039062500e+01
5.311335754394531250e+01
5.382968902587890625e+01
5.454602050781250000e+01
5.741133499145507812e+01
6.113266754150390625e+01
6.181883239746093750e+01
6.250499343872070312e+01
6.387732696533203125e+01
6.662197875976562500e+01
7.622428131103515625e+01
7.644512939453125000e+01
7.666597747802734375e+01
7.710768127441406250e+01
7.092771148681640625e+01
7.119631195068359375e+01
7.146491241455078125e+01
7.200210571289062500e+01
7.307649993896484375e+01
7.470312500000000000e+01
7.538238525390625000e+01
7.606165313720703125e+01
7.742017364501953125e+01
7.396843719482421875e+01
7.433448028564453125e+01
7.470053100585937500e+01
7.543261718750000000e+01
7.689680480957031250e+01
5.796054840087890625e+01
5.842788696289062500e+01
5.889523315429687500e+01
5.982992172241210938e+01
6.169929504394531250e+01
8.035888671875000000e+01
8.283945465087890625e+01
8.532001495361328125e+01
9.028115081787109375e+01
6.528059387207031250e+01
6.560669708251953125e+01
6.593280029296875000e+01
6.658501434326171875e+01
6.788943481445312500e+01
8.264881896972656250e+01
8.307991027832031250e+01
8.351099395751953125e+01
8.437316131591796875e+01
6.745932006835937500e+01
6.809880065917968750e+01
6.873827362060546875e+01
7.001722717285156250e+01
7.689244842529296875e+01
7.732751464843750000e+01
7.776258087158203125e+01
8.037298583984375000e+01
6.668413543701171875e+01
6.706271362304687500e+01
6.744129180908203125e+01
6.819844055175781250e+01
6.895558929443359375e+01
6.971273803710937500e+01
6.689244842529296875e+01
6.736909484863281250e+01
6.784574127197265625e+01
6.879903411865234375e+01
7.118226623535156250e+01
7.832781219482421875e+01
7.855249786376953125e+01
7.877719116210937500e+01
7.922656250000000000e+01
8.012531280517578125e+01
7.644850921630859375e+01
7.675200653076171875e+01
7.705549621582031250e+01
7.766247558593750000e+01
7.887644958496093750e+01
7.564516448974609375e+01
7.577574157714843750e+01
7.590631103515625000e+01
7.668972778320312500e+01
6.055982971191406250e+01
6.091111755371093750e+01
6.126240539550781250e+01
6.196497726440429688e+01
8.100447845458984375e+01
8.175070190429687500e+01
8.398934936523437500e+01
8.697421264648437500e+01
8.017498016357421875e+01
8.051170349121093750e+01
8.084842681884765625e+01
8.152187347412109375e+01
8.391875457763671875e+01
8.485481262207031250e+01
8.579087066650390625e+01
8.766297912597656250e+01
9.140720367431640625e+01
6.458552551269531250e+01
6.520068359375000000e+01
6.581584167480468750e+01
6.704616546630859375e+01
6.950681304931640625e+01
5.764732360839843750e+01
5.834887695312500000e+01
5.905043029785156250e+01
6.045353698730468750e+01
6.325975036621093750e+01
6.753145599365234375e+01
6.801149749755859375e+01
6.849154663085937500e+01
6.945163726806640625e+01
6.590625762939453125e+01
6.636166381835937500e+01
6.681707763671875000e+01
6.772789764404296875e+01
6.954953002929687500e+01
8.121068572998046875e+01
8.149550628662109375e+01
8.178031921386718750e+01
8.234995269775390625e+01
7.613786315917968750e+01
7.640740966796875000e+01
7.667695617675781250e+01
7.721604156494140625e+01
7.829422760009765625e+01
7.318422698974609375e+01
7.380735015869140625e+01
7.443048095703125000e+01
7.567673492431640625e+01
7.816924285888671875e+01
8.691433715820312500e+01
8.726556396484375000e+01
8.761679840087890625e+01
8.831925964355468750e+01
8.148552703857421875e+01
8.412566375732421875e+01
8.676580047607421875e+01
9.204606628417968750e+01
8.069476318359375000e+01
8.189276123046875000e+01
8.309075927734375000e+01
8.548675537109375000e+01
9.027873992919921875e+01
7.409910583496093750e+01
7.429029083251953125e+01
7.448147583007812500e+01
7.486384582519531250e+01
7.562858581542968750e+01
6.336926269531250000e+01
6.392248916625976562e+01
6.447570800781250000e+01
6.558216094970703125e+01
6.779505157470703125e+01
6.593933868408203125e+01
6.613552856445312500e+01
6.633171844482421875e+01
6.672410583496093750e+01
6.474858093261718750e+01
6.506060028076171875e+01
6.537261962890625000e+01
6.599666595458984375e+01
6.244292831420898438e+01
6.307836151123046875e+01
6.498466491699218750e+01
6.752639007568359375e+01
6.393064117431640625e+01
6.419152069091796875e+01
6.445239257812500000e+01
6.497415161132812500e+01
6.764933013916015625e+01
6.807795715332031250e+01
6.850658416748046875e+01
7.107836914062500000e+01
6.300341033935546875e+01
6.338415145874023438e+01
6.376489257812500000e+01
6.452637481689453125e+01
6.604933929443359375e+01
8.137744140625000000e+01
8.170114135742187500e+01
8.202484893798828125e+01
8.267224884033203125e+01
8.579306030273437500e+01
8.636365509033203125e+01
8.693424224853515625e+01
8.807542419433593750e+01
8.921659851074218750e+01
5.936824035644531250e+01
5.979586791992187500e+01
6.022349166870117188e+01
6.107874298095703125e+01
7.544762420654296875e+01
7.665547180175781250e+01
7.786331939697265625e+01
8.027900695800781250e+01
7.747088623046875000e+01
7.768687438964843750e+01
7.790287017822265625e+01
7.833485412597656250e+01
8.729596710205078125e+01
8.778489685058593750e+01
8.827383422851562500e+01
9.120742034912109375e+01
8.026186370849609375e+01
8.039032745361328125e+01
8.051879882812500000e+01
8.128959655761718750e+01
7.717484283447265625e+01
7.730268096923828125e+01
7.743051910400390625e+01
7.768619537353515625e+01
8.409862518310546875e+01
8.457029724121093750e+01
8.504196929931640625e+01
8.598530578613281250e+01
8.854985046386718750e+01
8.886517333984375000e+01
8.918049621582031250e+01
8.981114196777343750e+01
9.107243347167968750e+01
7.366246795654296875e+01
7.402671051025390625e+01
7.439096069335937500e+01
7.511946105957031250e+01
4.893537139892578125e+01
4.948995971679687500e+01
5.004454040527343750e+01
5.115371322631835938e+01
5.226288223266601562e+01
6.450531005859375000e+01
6.523789978027343750e+01
6.597048950195312500e+01
6.743567657470703125e+01
8.160266113281250000e+01
8.207353973388671875e+01
8.254441833496093750e+01
8.348619079589843750e+01
7.603208923339843750e+01
7.638990783691406250e+01
7.674772644042968750e+01
7.746336364746093750e+01
7.889463806152343750e+01
8.424307250976562500e+01
8.463223266601562500e+01
8.502139282226562500e+01
8.579970550537109375e+01
9.630618286132812500e+01
9.678594970703125000e+01
9.726570892333984375e+01
9.822523498535156250e+01
7.198557281494140625e+01
7.267683410644531250e+01
7.336809539794921875e+01
7.475061798095703125e+01
6.482769012451171875e+01
6.550960540771484375e+01
6.619152832031250000e+01
6.755535888671875000e+01
8.138874053955078125e+01
8.196504211425781250e+01
8.254133605957031250e+01
8.369393920898437500e+01
8.671931457519531250e+01
8.738321685791015625e+01
8.804711151123046875e+01
8.937490844726562500e+01
7.446782684326171875e+01
7.498557281494140625e+01
7.550331878662109375e+01
7.653881835937500000e+01
7.711583709716796875e+01
7.752001953125000000e+01
7.792420959472656250e+01
7.873258209228515625e+01
7.879066467285156250e+01
7.897389984130859375e+01
7.934037017822265625e+01
7.952360534667968750e+01
6.531097412109375000e+01
6.597306823730468750e+01
6.663515472412109375e+01
6.795934295654296875e+01
7.060771942138671875e+01
8.786341857910156250e+01
8.827664184570312500e+01
8.868987274169921875e+01
9.116922760009765625e+01
7.508538055419921875e+01
7.600394439697265625e+01
7.692250061035156250e+01
7.875962066650390625e+01
6.343578338623046875e+01
6.380108642578125000e+01
6.416638946533203125e+01
6.489700317382812500e+01
6.504887390136718750e+01
6.618707275390625000e+01
6.732526397705078125e+01
6.960165405273437500e+01
6.817799377441406250e+01
6.875109863281250000e+01
6.932420349121093750e+01
7.047041320800781250e+01
6.617395019531250000e+01
6.662709045410156250e+01
6.708023071289062500e+01
6.798651123046875000e+01
8.234522247314453125e+01
8.259870910644531250e+01
8.285219573974609375e+01
8.335916900634765625e+01
6.308499145507812500e+01
6.366166305541992188e+01
6.423833465576171875e+01
6.539167785644531250e+01
7.581811523437500000e+01
7.614107513427734375e+01
7.646402740478515625e+01
7.710993957519531250e+01
7.840176391601562500e+01
7.151142120361328125e+01
7.177729797363281250e+01
7.204316711425781250e+01
7.257492065429687500e+01
7.363842773437500000e+01
6.804223632812500000e+01
6.853214263916015625e+01
6.902204895019531250e+01
7.000186157226562500e+01
6.524967193603515625e+01
6.554697418212890625e+01
6.584426879882812500e+01
6.643886566162109375e+01
6.762806701660156250e+01
8.312947845458984375e+01
8.573818206787109375e+01
8.834689331054687500e+01
9.356433105468750000e+01
5.999273300170898438e+01
6.083839416503906250e+01
6.168405914306640625e+01
6.337538528442382812e+01
7.859338378906250000e+01
7.877217864990234375e+01
7.895097351074218750e+01
7.930856323242187500e+01
6.415966033935546875e+01
6.444120025634765625e+01
6.472274780273437500e+01
6.528584289550781250e+01
5.883195495605468750e+01
5.945152282714843750e+01
6.007109832763671875e+01
6.131023788452148438e+01
7.070761108398437500e+01
7.108813476562500000e+01
7.146865844726562500e+01
7.222969818115234375e+01
7.933258056640625000e+01
7.962076568603515625e+01
7.990895843505859375e+01
8.048533630371093750e+01
7.355167388916015625e+01
7.393350982666015625e+01
7.431535339355468750e+01
7.507903289794921875e+01
5.811422729492187500e+01
5.859953308105468750e+01
5.908484649658203125e+01
6.005546569824218750e+01
6.014046478271484375e+01
6.041965484619140625e+01
6.069885253906250000e+01
6.125724029541015625e+01
7.119160461425781250e+01
7.140009307861328125e+01
7.160858154296875000e+01
7.202555847167968750e+01
5.436750030517578125e+01
5.493795776367187500e+01
5.550842285156250000e+01
5.664934158325195312e+01
5.893118286132812500e+01
7.919495391845703125e+01
7.977309417724609375e+01
8.035123443603515625e+01
8.150751495361328125e+01
6.243828964233398438e+01
6.290751647949218750e+01
6.337674713134765625e+01
6.431520843505859375e+01
6.368902206420898438e+01
6.389390563964843750e+01
6.409879302978515625e+01
6.450856781005859375e+01
7.084889984130859375e+01
7.114083099365234375e+01
7.143276977539062500e+01
7.201663208007812500e+01
6.231169891357421875e+01
6.254874420166015625e+01
6.278579330444335938e+01
6.325988769531250000e+01
6.491948699951171875e+01
6.571247863769531250e+01
6.650546264648437500e+01
6.809143066406250000e+01
6.955068969726562500e+01
6.988397216796875000e+01
7.021725463867187500e+01
7.088382720947265625e+01
7.155039978027343750e+01
6.630233764648437500e+01
6.682588195800781250e+01
6.734942626953125000e+01
6.839651489257812500e+01
7.049068450927734375e+01
7.357908630371093750e+01
7.380485534667968750e+01
7.403063201904296875e+01
7.448218536376953125e+01
6.590508270263671875e+01
6.667496490478515625e+01
6.744484710693359375e+01
6.898461151123046875e+01
6.901854705810546875e+01
6.924156951904296875e+01
6.991065216064453125e+01
7.035670471191406250e+01
7.173894500732421875e+01
7.225149536132812500e+01
7.276403808593750000e+01
7.378913879394531250e+01
7.144944763183593750e+01
7.175350189208984375e+01
7.205755615234375000e+01
7.266567230224609375e+01
7.388189697265625000e+01
7.365797424316406250e+01
7.386378479003906250e+01
7.406959533691406250e+01
7.448122406005859375e+01
7.489284515380859375e+01
6.546726226806640625e+01
6.636431884765625000e+01
6.726137542724609375e+01
6.905548858642578125e+01
5.898921585083007812e+01
5.947165679931640625e+01
5.995409393310546875e+01
6.091897201538085938e+01
7.156124114990234375e+01
7.190280151367187500e+01
7.224436950683593750e+01
7.429375457763671875e+01
6.329883956909179688e+01
6.356777191162109375e+01
6.383670425415039062e+01
6.437456512451171875e+01
6.194697570800781250e+01
6.221875381469726562e+01
6.249053192138671875e+01
6.303408813476562500e+01
6.412120056152343750e+01
7.213889312744140625e+01
7.361085510253906250e+01
7.508280944824218750e+01
7.802672576904296875e+01
8.097064208984375000e+01
7.067076110839843750e+01
7.089052581787109375e+01
7.111029815673828125e+01
7.154983520507812500e+01
7.967068481445312500e+01
7.987884521484375000e+01
8.008700561523437500e+01
8.050332641601562500e+01
6.427589416503906250e+01
6.473831176757812500e+01
6.520073699951171875e+01
6.612558746337890625e+01
7.439498138427734375e+01
7.460563659667968750e+01
7.481629180908203125e+01
7.523760223388671875e+01
6.378839111328125000e+01
6.458746337890625000e+01
6.538653564453125000e+01
6.698468017578125000e+01
6.325660324096679688e+01
6.358176422119140625e+01
6.390692138671875000e+01
6.455724334716796875e+01
6.585787963867187500e+01
6.551545715332031250e+01
6.613377380371093750e+01
6.675209808349609375e+01
6.798873901367187500e+01
6.922537994384765625e+01
7.054540252685546875e+01
7.098268890380859375e+01
7.141997528076171875e+01
7.229454803466796875e+01
7.204113006591796875e+01
7.231416320800781250e+01
7.258718872070312500e+01
7.313325500488281250e+01
7.367932128906250000e+01
8.539628601074218750e+01
8.652492523193359375e+01
8.765356445312500000e+01
8.991082763671875000e+01
5.739599227905273438e+01
5.793032836914062500e+01
5.846466827392578125e+01
5.953334426879882812e+01
7.502738189697265625e+01
7.520332336425781250e+01
7.537926483154296875e+01
7.573114776611328125e+01
7.703424835205078125e+01
7.716351318359375000e+01
7.729277801513671875e+01
7.755131530761718750e+01
5.749501037597656250e+01
5.850794219970703125e+01
5.952087020874023438e+01
6.154673004150390625e+01
6.097727203369140625e+01
6.168686676025390625e+01
6.239646148681640625e+01
6.381565093994140625e+01
6.372585296630859375e+01
6.397578048706054688e+01
6.422570800781250000e+01
6.572528076171875000e+01
7.936794281005859375e+01
7.957207489013671875e+01
7.977621459960937500e+01
8.018448638916015625e+01
7.889701843261718750e+01
7.980826568603515625e+01
8.071950531005859375e+01
8.254199218750000000e+01
6.812368774414062500e+01
6.865855407714843750e+01
6.919341278076171875e+01
7.026313781738281250e+01
7.793202209472656250e+01
7.854882812500000000e+01
7.916563415527343750e+01
8.039924621582031250e+01
8.816629028320312500e+01
8.979601287841796875e+01
9.142574310302734375e+01
9.468519592285156250e+01
7.565767669677734375e+01
7.740998840332031250e+01
7.916229248046875000e+01
8.266690826416015625e+01
7.018520355224609375e+01
7.064384460449218750e+01
7.110248565673828125e+01
7.201977539062500000e+01
6.332773590087890625e+01
6.380444717407226562e+01
6.428115844726562500e+01
6.523458099365234375e+01
7.023024749755859375e+01
7.072463226318359375e+01
7.171340942382812500e+01
7.369094848632812500e+01
8.391587066650390625e+01
8.492381286621093750e+01
8.593174743652343750e+01
8.794763183593750000e+01
9.654682159423828125e+01
9.844108581542968750e+01
1.003353424072265625e+02
1.041238632202148438e+02
7.089540100097656250e+01
7.111172485351562500e+01
7.132804870605468750e+01
7.176068878173828125e+01
5.645848464965820312e+01
5.764592742919921875e+01
5.883336639404296875e+01
6.120824813842773438e+01
7.363903808593750000e+01
7.526063537597656250e+01
7.688223266601562500e+01
8.012541961669921875e+01
8.336861419677734375e+01
8.098678588867187500e+01
8.153785705566406250e+01
8.208892822265625000e+01
8.319107818603515625e+01
8.429322814941406250e+01
8.948902893066406250e+01
9.043570709228515625e+01
9.138238525390625000e+01
9.327574157714843750e+01
7.501943969726562500e+01
7.535370635986328125e+01
7.568797302246093750e+01
7.602223205566406250e+01
7.071513366699218750e+01
7.104621124267578125e+01
7.137729644775390625e+01
7.203945159912109375e+01
6.279171752929687500e+01
6.454376220703125000e+01
6.629580688476562500e+01
6.979988861083984375e+01
8.018292999267578125e+01
8.056118774414062500e+01
8.093945312500000000e+01
8.169597625732421875e+01
7.359616088867187500e+01
7.396255493164062500e+01
7.432894897460937500e+01
7.506173706054687500e+01
6.828619384765625000e+01
6.853713226318359375e+01
6.878807830810546875e+01
6.928996276855468750e+01
6.555863189697265625e+01
6.581718444824218750e+01
6.607574462890625000e+01
6.659285736083984375e+01
6.055259323120117188e+01
6.101084136962890625e+01
6.146908950805664062e+01
6.238558959960937500e+01
6.686785125732421875e+01
6.717024993896484375e+01
6.747264099121093750e+01
6.807743835449218750e+01
8.448010253906250000e+01
8.504177856445312500e+01
8.560344696044921875e+01
8.785014343261718750e+01
8.008137512207031250e+01
8.035854339599609375e+01
8.063571166992187500e+01
8.119005584716796875e+01
7.748334503173828125e+01
7.766528320312500000e+01
7.784722137451171875e+01
7.821109771728515625e+01
8.435301971435546875e+01
8.746822357177734375e+01
9.058342742919921875e+01
9.681382751464843750e+01
7.340219879150390625e+01
7.371054840087890625e+01
7.401890563964843750e+01
7.463561248779296875e+01
8.200314331054687500e+01
8.239138031005859375e+01
8.277961730957031250e+01
8.355609130859375000e+01
6.416754150390625000e+01
6.437965393066406250e+01
6.459175872802734375e+01
6.501597595214843750e+01
6.562114715576171875e+01
6.675478363037109375e+01
6.788842010498046875e+01
7.015568542480468750e+01
7.522228240966796875e+01
7.648841857910156250e+01
7.775454711914062500e+01
8.028681182861328125e+01
8.221315002441406250e+01
8.268807983398437500e+01
8.363793945312500000e+01
8.458779907226562500e+01
6.854563140869140625e+01
6.886602783203125000e+01
6.918642425537109375e+01
6.982720947265625000e+01
7.226920318603515625e+01
7.252505493164062500e+01
7.278091430664062500e+01
7.329262542724609375e+01
7.128280639648437500e+01
7.214729309082031250e+01
7.301178741455078125e+01
7.474076843261718750e+01
6.312263488769531250e+01
6.366292190551757812e+01
6.420320892333984375e+01
6.528379058837890625e+01
6.669676208496093750e+01
6.695646667480468750e+01
6.721617126464843750e+01
6.773558807373046875e+01
7.535123443603515625e+01
7.552377319335937500e+01
7.569631195068359375e+01
7.604138946533203125e+01
6.485240936279296875e+01
6.553154754638671875e+01
6.621068572998046875e+01
6.756896972656250000e+01
7.932462310791015625e+01
7.958562469482421875e+01
7.984661865234375000e+01
8.036862182617187500e+01
8.325322723388671875e+01
8.359116363525390625e+01
8.392910003662109375e+01
8.460497283935546875e+01
8.070973968505859375e+01
8.143497467041015625e+01
8.216020202636718750e+01
8.361066436767578125e+01
6.277427673339843750e+01
6.318430709838867188e+01
6.359433364868164062e+01
6.441439056396484375e+01
8.770318603515625000e+01
8.802326202392578125e+01
8.834334564208984375e+01
8.898350524902343750e+01
8.003984069824218750e+01
8.029693603515625000e+01
8.055403137207031250e+01
8.106822204589843750e+01
6.773317718505859375e+01
6.806864166259765625e+01
6.840410614013671875e+01
6.907503509521484375e+01
7.125248718261718750e+01
7.145427703857421875e+01
7.165606689453125000e+01
7.205965423583984375e+01
6.930516052246093750e+01
6.954500579833984375e+01
6.978485107421875000e+01
7.026454162597656250e+01
8.155861663818359375e+01
8.224211120605468750e+01
8.292559814453125000e+01
8.429257965087890625e+01
6.666123962402343750e+01
6.702824401855468750e+01
6.739525604248046875e+01
6.812926483154296875e+01
6.640747833251953125e+01
6.668625640869140625e+01
6.696503448486328125e+01
6.752259063720703125e+01
6.021951293945312500e+01
6.054394149780273438e+01
6.086837005615234375e+01
6.151722717285156250e+01
8.246160888671875000e+01
8.363106536865234375e+01
8.480052185058593750e+01
8.713944244384765625e+01
7.579356384277343750e+01
7.633580780029296875e+01
7.687805938720703125e+01
7.796254730224609375e+01
5.930998229980468750e+01
5.996294403076171875e+01
6.061590576171875000e+01
6.192182922363281250e+01
6.335864639282226562e+01
6.383260345458984375e+01
6.430655670166015625e+01
6.525446319580078125e+01
7.179059600830078125e+01
7.245469665527343750e+01
7.311879730224609375e+01
7.444700622558593750e+01
7.932912445068359375e+01
7.998116302490234375e+01
8.063320159912109375e+01
8.193728637695312500e+01
7.159917449951171875e+01
7.212237548828125000e+01
7.264557647705078125e+01
7.369197082519531250e+01
6.003300857543945312e+01
6.066649627685546875e+01
6.129998397827148438e+01
6.256696319580078125e+01
7.497654724121093750e+01
7.509082794189453125e+01
7.520511627197265625e+01
7.543369293212890625e+01
7.074775695800781250e+01
7.094026184082031250e+01
7.113275909423828125e+01
7.151776123046875000e+01
6.781329345703125000e+01
6.827321624755859375e+01
6.873313140869140625e+01
6.965296936035156250e+01
6.516938018798828125e+01
6.557518768310546875e+01
6.598099517822265625e+01
6.679260253906250000e+01
7.324729919433593750e+01
7.432288360595703125e+01
7.539847564697265625e+01
7.754964447021484375e+01
7.536965179443359375e+01
7.559005737304687500e+01
7.581046295166015625e+01
7.625126647949218750e+01
8.715740966796875000e+01
8.746428680419921875e+01
8.807804870605468750e+01
8.838492584228515625e+01
5.539757156372070312e+01
5.624765777587890625e+01
5.709774780273437500e+01
5.879792022705078125e+01
6.495973205566406250e+01
6.519776153564453125e+01
6.543578338623046875e+01
6.591182708740234375e+01
7.913513946533203125e+01
7.951654052734375000e+01
7.989794921875000000e+01
8.066075134277343750e+01
7.785573577880859375e+01
7.879348754882812500e+01
7.973123931884765625e+01
8.160673522949218750e+01
8.355234527587890625e+01
8.382227325439453125e+01
8.409219360351562500e+01
8.463204193115234375e+01
6.856569671630859375e+01
6.901059722900390625e+01
6.945549011230468750e+01
7.034529113769531250e+01
7.828945159912109375e+01
7.860124969482421875e+01
7.891304016113281250e+01
7.953662109375000000e+01
7.207546997070312500e+01
7.241709136962890625e+01
7.275872039794921875e+01
7.344196319580078125e+01
9.357771301269531250e+01
9.597757720947265625e+01
9.837744140625000000e+01
1.031771697998046875e+02
8.163508605957031250e+01
8.193927001953125000e+01
8.224345397949218750e+01
8.285182952880859375e+01
6.814107513427734375e+01
6.837284088134765625e+01
6.860460662841796875e+01
6.906813049316406250e+01
6.310541915893554688e+01
6.344868850708007812e+01
6.379195404052734375e+01
6.447849273681640625e+01
7.595746612548828125e+01
7.731710815429687500e+01
7.867675018310546875e+01
8.139603424072265625e+01
7.469933319091796875e+01
7.561277008056640625e+01
7.652620697021484375e+01
7.835307312011718750e+01
5.617020416259765625e+01
5.683740997314453125e+01
5.750461578369140625e+01
6.017342758178710938e+01
5.952808380126953125e+01
6.114254379272460938e+01
6.275699996948242188e+01
6.598591613769531250e+01
6.143123245239257812e+01
6.192113113403320312e+01
6.241103363037109375e+01
6.339083099365234375e+01
8.260560607910156250e+01
8.295295715332031250e+01
8.330030822753906250e+01
8.399501037597656250e+01
6.992012023925781250e+01
7.029676818847656250e+01
7.067341613769531250e+01
7.142671203613281250e+01
6.713228607177734375e+01
6.757011413574218750e+01
6.800794219970703125e+01
6.888360595703125000e+01
6.523066711425781250e+01
6.557051086425781250e+01
6.591034698486328125e+01
6.659002685546875000e+01
