0.214110 0.333633
0.212842 0.340626
0.211919 0.344538
0.210872 0.349342
0.210207 0.351002
0.209655 0.351780
0.209264 0.351367
0.208215 0.356110
0.206894 0.362845
0.205583 0.369308
0.204676 0.372713
0.204167 0.373219
0.203413 0.375546
0.202765 0.377207
0.201328 0.384478
0.199879 0.391793
0.198575 0.398034
0.197789 0.400645
0.196932 0.403806
0.196185 0.406260
0.194799 0.413216
0.193458 0.419894
0.192244 0.425753
0.191160 0.430727
0.190154 0.435305
0.189184 0.439685
0.188020 0.445528
0.186781 0.452130
0.185447 0.459556
0.184223 0.466320
0.183316 0.470871
0.182446 0.475335
0.181547 0.480113
0.180399 0.487162
0.179319 0.493935
0.178175 0.501660
0.177298 0.507239
0.176474 0.512687
0.175657 0.518385
0.174768 0.525278
0.173898 0.532350
0.173054 0.539791
0.172357 0.546157
0.171824 0.550713
0.171306 0.555627
0.170820 0.560695
0.170262 0.567462
0.169796 0.573404
0.169376 0.579706
0.169039 0.584986
0.168785 0.589093
0.168550 0.593416
0.168334 0.598831
0.168136 0.605168
0.167997 0.611509
0.167919 0.616421
0.167880 0.619906
0.167871 0.623283
0.167886 0.627456
0.167963 0.632606
0.168071 0.637627
0.168211 0.642571
0.168357 0.645868
0.168520 0.649093
0.168744 0.653421
0.168993 0.657440
0.169261 0.660981
0.169569 0.664861
0.169875 0.668406
0.170268 0.672752
0.170706 0.677071
0.171136 0.681097
0.171563 0.684567
0.172011 0.687912
0.172485 0.691144
0.173084 0.695707
0.173706 0.699967
0.174382 0.704316
0.174998 0.707998
0.175672 0.711789
0.176430 0.715889
0.177364 0.721191
0.178264 0.725887
0.179270 0.730823
0.180319 0.735904
0.181473 0.741065
0.182655 0.746111
0.183983 0.751713
0.185383 0.757170
0.186916 0.762946
0.188607 0.769117
0.190349 0.775005
0.192180 0.780957
0.194106 0.786803
0.196205 0.792973
0.198502 0.799419
0.200968 0.805902
0.203433 0.812067
0.206092 0.818405
0.208878 0.824636
0.211905 0.831127
0.215103 0.837615
0.218451 0.844031
0.221954 0.850399
0.225546 0.856580
0.229260 0.862625
0.233203 0.868725
0.237323 0.874778
0.241553 0.880657
0.246013 0.886542
0.250626 0.892327
0.255357 0.897945
0.260380 0.903606
0.265632 0.909238
0.271114 0.914804
0.276739 0.920209
0.282630 0.925592
0.288651 0.930803
0.294857 0.935892
0.301407 0.940995
0.307922 0.945805
0.314674 0.950531
0.321541 0.955092
0.329094 0.959866
0.336906 0.964523
0.344623 0.968853
0.352308 0.972934
0.360202 0.976887
0.368564 0.980826
0.377076 0.984598
0.385362 0.988025
0.393817 0.991288
0.402533 0.994433
0.411365 0.997391
0.420167 1.000107
0.428775 1.002558
0.436824 1.004674
0.445078 1.006678
0.453388 1.008538
0.461729 1.010269
0.470300 1.011901
0.478359 1.013308
0.485603 1.014501
0.493036 1.015653
0.500226 1.016708
0.507278 1.017716
0.514168 1.018677
0.520844 1.019595
0.527283 1.020493
0.533586 1.021396
0.539798 1.022311
0.545640 1.023220
0.551778 1.024228
0.557399 1.025220
0.563098 1.026287
0.568341 1.027373
0.573593 1.028535
0.578574 1.029732
0.583405 1.031002
0.588193 1.032355
0.593114 1.033836
0.597775 1.035371
0.601935 1.036885
0.606163 1.038519
0.610138 1.040186
0.614025 1.041934
0.618011 1.043821
0.621734 1.045723
0.625183 1.047638
0.628531 1.049608
0.631564 1.051533
0.635067 1.053793
0.638160 1.055960
0.641109 1.058148
0.643752 1.060275
0.646374 1.062479
0.648849 1.064678
0.651268 1.066934
0.653649 1.069254
0.655981 1.071621
0.658096 1.073917
0.659953 1.076106
0.661809 1.078357
0.663551 1.080578
0.665353 1.082927
0.667080 1.085275
0.668732 1.087618
0.670142 1.089811
0.671489 1.091994
0.672913 1.094302
0.674111 1.096440
0.675284 1.098598
0.676436 1.100776
0.677548 1.102959
0.678591 1.105112
0.679693 1.107374
0.680716 1.109583
0.681523 1.111567
0.682256 1.113493
0.682914 1.115341
