8.517157745361328125e+01
8.570212554931640625e+01
8.623267364501953125e+01
8.676322937011718750e+01
8.729377746582031250e+01
8.782432556152343750e+01
8.835487365722656250e+01
8.888542175292968750e+01
6.293971252441406250e+01
6.337164688110351562e+01
6.380358123779296875e+01
6.423551940917968750e+01
6.466744995117187500e+01
6.509938049316406250e+01
6.553131866455078125e+01
6.596324920654296875e+01
7.508968353271484375e+01
7.565299224853515625e+01
7.621630096435546875e+01
7.677960968017578125e+01
7.734291839599609375e+01
7.790622711181640625e+01
7.846954345703125000e+01
7.903285217285156250e+01
6.160138702392578125e+01
6.207083511352539062e+01
6.254028320312500000e+01
6.300973129272460938e+01
6.347917938232421875e+01
6.394862365722656250e+01
6.441807556152343750e+01
6.488751983642578125e+01
6.659480285644531250e+01
6.704876708984375000e+01
6.750273132324218750e+01
6.795669555664062500e+01
6.841065216064453125e+01
6.886461639404296875e+01
6.931858062744140625e+01
6.977254486083984375e+01
8.507369995117187500e+01
8.575640869140625000e+01
8.643911743164062500e+01
8.712182617187500000e+01
8.780453491210937500e+01
8.848724365234375000e+01
8.916995239257812500e+01
8.985266113281250000e+01
6.159041976928710938e+01
6.193472290039062500e+01
6.227902603149414062e+01
6.262332534790039062e+01
6.296762847900390625e+01
6.331193161010742188e+01
6.365623474121093750e+01
6.400053405761718750e+01
6.643926239013671875e+01
6.690840911865234375e+01
6.737755584716796875e+01
6.784670257568359375e+01
6.831584930419921875e+01
6.878499603271484375e+01
6.925414276123046875e+01
6.972328948974609375e+01
6.025822830200195312e+01
6.079044342041015625e+01
6.132266235351562500e+01
6.185488128662109375e+01
6.238709259033203125e+01
6.291931152343750000e+01
6.345153045654296875e+01
6.398374938964843750e+01
8.264238739013671875e+01
8.302615356445312500e+01
8.340991210937500000e+01
8.379368591308593750e+01
8.417744445800781250e+01
8.456121063232421875e+01
8.494497680664062500e+01
8.532874298095703125e+01
8.624952697753906250e+01
8.702922058105468750e+01
8.780891418457031250e+01
8.858860015869140625e+01
8.936829376220703125e+01
9.014797973632812500e+01
9.092767333984375000e+01
9.170736694335937500e+01
8.719691467285156250e+01
8.783714294433593750e+01
8.847736358642578125e+01
8.911758422851562500e+01
8.975781250000000000e+01
9.039803314208984375e+01
9.103825378417968750e+01
9.167848205566406250e+01
6.208721923828125000e+01
6.259351348876953125e+01
6.309980773925781250e+01
6.360610198974609375e+01
6.411239624023437500e+01
6.461869049072265625e+01
6.512498474121093750e+01
6.563128662109375000e+01
6.729984283447265625e+01
6.772824096679687500e+01
6.815663909912109375e+01
6.858503723144531250e+01
6.901343536376953125e+01
6.944183349609375000e+01
6.987023162841796875e+01
7.029862976074218750e+01
6.156562042236328125e+01
6.195713043212890625e+01
6.234863662719726562e+01
6.274014663696289062e+01
6.313165283203125000e+01
6.352316284179687500e+01
6.391467285156250000e+01
6.430618286132812500e+01
7.299256134033203125e+01
7.340490722656250000e+01
7.381725311279296875e+01
7.422959899902343750e+01
7.464193725585937500e+01
7.505428314208984375e+01
7.546662902832031250e+01
7.587897491455078125e+01
8.598944854736328125e+01
8.665763092041015625e+01
8.732580566406250000e+01
8.799398040771484375e+01
8.866215515136718750e+01
8.933033752441406250e+01
8.999851226806640625e+01
9.066668701171875000e+01
6.618604278564453125e+01
6.667356872558593750e+01
6.716108703613281250e+01
6.764861297607421875e+01
6.813613891601562500e+01
6.862366485595703125e+01
6.911118316650390625e+01
6.959870910644531250e+01
7.164813995361328125e+01
7.216083526611328125e+01
7.267353820800781250e+01
7.318624114990234375e+01
7.369893646240234375e+01
7.421163940429687500e+01
7.472434234619140625e+01
7.523704528808593750e+01
7.415972900390625000e+01
7.449957275390625000e+01
7.483941650390625000e+01
7.517926025390625000e+01
7.551911163330078125e+01
7.585895538330078125e+01
7.619879913330078125e+01
7.653864288330078125e+01
6.609534454345703125e+01
6.660243988037109375e+01
6.710954284667968750e+01
6.761664581298828125e+01
6.812374877929687500e+01
6.863085174560546875e+01
6.913795471191406250e+01
6.964505767822265625e+01
5.430428314208984375e+01
5.487039947509765625e+01
5.543651962280273438e+01
5.600263977050781250e+01
5.656875610351562500e+01
5.713487625122070312e+01
5.770099639892578125e+01
5.826711654663085938e+01
7.543675994873046875e+01
7.591294860839843750e+01
7.638913726806640625e+01
7.686532592773437500e+01
7.734150695800781250e+01
7.781769561767578125e+01
7.829388427734375000e+01
7.877006530761718750e+01
7.560688781738281250e+01
7.615733337402343750e+01
7.670777893066406250e+01
7.725821685791015625e+01
7.780866241455078125e+01
7.835910797119140625e+01
7.890955352783203125e+01
7.945999908447265625e+01
8.190331268310546875e+01
8.248551940917968750e+01
8.306773376464843750e+01
8.364994049072265625e+01
8.423214721679687500e+01
8.481436157226562500e+01
8.539656829833984375e+01
8.597877502441406250e+01
6.435443115234375000e+01
6.489023590087890625e+01
6.542604064941406250e+01
6.596185302734375000e+01
6.649765777587890625e+01
6.703346252441406250e+01
6.756927490234375000e+01
6.810507965087890625e+01
5.227488708496093750e+01
5.303774642944335938e+01
5.380060577392578125e+01
5.456346130371093750e+01
5.532632064819335938e+01
5.608917999267578125e+01
5.685203552246093750e+01
5.761489486694335938e+01
7.725888824462890625e+01
7.789569854736328125e+01
7.853250885009765625e+01
7.916932678222656250e+01
7.980613708496093750e+01
8.044294738769531250e+01
8.107975769042968750e+01
8.171656799316406250e+01
6.682621765136718750e+01
6.725863647460937500e+01
6.769104766845703125e+01
6.812345886230468750e+01
6.855587005615234375e+01
6.898828125000000000e+01
6.942070007324218750e+01
6.985311126708984375e+01
6.767591857910156250e+01
6.807491302490234375e+01
6.847389984130859375e+01
6.887289428710937500e+01
6.927188873291015625e+01
6.967087554931640625e+01
7.006986999511718750e+01
7.046886444091796875e+01
7.813280487060546875e+01
7.878897857666015625e+01
7.944515228271484375e+01
8.010133361816406250e+01
8.075750732421875000e+01
8.141368103027343750e+01
8.206985473632812500e+01
8.272602844238281250e+01
6.932346343994140625e+01
6.980728149414062500e+01
7.029109954833984375e+01
7.077491760253906250e+01
7.125873565673828125e+01
7.174255371093750000e+01
7.222637176513671875e+01
7.271018981933593750e+01
7.465850067138671875e+01
7.507149505615234375e+01
7.548448944091796875e+01
7.589748382568359375e+01
7.631047058105468750e+01
7.672346496582031250e+01
7.713645935058593750e+01
7.754945373535156250e+01
7.054708099365234375e+01
7.100952911376953125e+01
7.147196960449218750e+01
7.193441772460937500e+01
7.239685821533203125e+01
7.285929870605468750e+01
7.332174682617187500e+01
7.378418731689453125e+01
7.350679016113281250e+01
7.398957061767578125e+01
7.447235107421875000e+01
7.495513153076171875e+01
7.543791198730468750e+01
7.592069244384765625e+01
7.640347290039062500e+01
7.688626098632812500e+01
7.858199310302734375e+01
7.890212249755859375e+01
7.922225189208984375e+01
7.954238128662109375e+01
7.986251068115234375e+01
8.018264007568359375e+01
8.050276947021484375e+01
8.082289886474609375e+01
4.982819747924804688e+01
5.049683380126953125e+01
5.116546630859375000e+01
5.183410263061523438e+01
5.250273895263671875e+01
5.317137145996093750e+01
5.384000396728515625e+01
5.450864028930664062e+01
6.743150329589843750e+01
6.791660308837890625e+01
6.840170288085937500e+01
6.888679504394531250e+01
6.937189483642578125e+01
6.985699462890625000e+01
7.034209442138671875e+01
7.082718658447265625e+01
7.140149688720703125e+01
7.181800842285156250e+01
7.223451232910156250e+01
7.265102386474609375e+01
7.306753540039062500e+01
7.348404693603515625e+01
7.390055847167968750e+01
7.431707000732421875e+01
6.882135009765625000e+01
6.931135559082031250e+01
6.980136108398437500e+01
7.029135894775390625e+01
7.078136444091796875e+01
7.127136230468750000e+01
7.176136779785156250e+01
7.225137329101562500e+01
6.773435974121093750e+01
6.822294616699218750e+01
6.871152496337890625e+01
6.920011138916015625e+01
6.968869781494140625e+01
7.017728424072265625e+01
7.066586303710937500e+01
7.115444946289062500e+01
6.353528976440429688e+01
6.402494049072265625e+01
6.451459503173828125e+01
6.500424957275390625e+01
6.549390411376953125e+01
6.598355865478515625e+01
6.647321319580078125e+01
6.696286773681640625e+01
7.214626312255859375e+01
7.259345245361328125e+01
7.304064178466796875e+01
7.348783111572265625e+01
7.393502044677734375e+01
7.438220977783203125e+01
7.482939910888671875e+01
7.527658843994140625e+01
8.754891967773437500e+01
8.807069396972656250e+01
8.859246826171875000e+01
8.911424255371093750e+01
8.963601684570312500e+01
9.015779113769531250e+01
9.067956542968750000e+01
9.120133972167968750e+01
7.264761352539062500e+01
7.319039154052734375e+01
7.373317718505859375e+01
7.427596282958984375e+01
7.481874084472656250e+01
7.536152648925781250e+01
7.590431213378906250e+01
7.644709014892578125e+01
6.943048095703125000e+01
6.991452789306640625e+01
7.039857482910156250e+01
7.088262939453125000e+01
7.136667633056640625e+01
7.185072326660156250e+01
7.233477020263671875e+01
7.281881713867187500e+01
4.597969818115234375e+01
4.668675994873046875e+01
4.739382171630859375e+01
4.810088348388671875e+01
4.880794525146484375e+01
4.951500701904296875e+01
5.022206878662109375e+01
5.092913055419921875e+01
6.778532409667968750e+01
6.827501678466796875e+01
6.876470184326171875e+01
6.925439453125000000e+01
6.974408721923828125e+01
7.023377990722656250e+01
7.072347259521484375e+01
7.121315765380859375e+01
6.807521057128906250e+01
6.857943725585937500e+01
6.908367156982421875e+01
6.958790588378906250e+01
7.009213256835937500e+01
7.059636688232421875e+01
7.110059356689453125e+01
7.160482788085937500e+01
7.549703979492187500e+01
7.585086059570312500e+01
7.620467376708984375e+01
7.655848693847656250e+01
7.691230773925781250e+01
7.726612091064453125e+01
7.761993408203125000e+01
7.797374725341796875e+01
7.584783935546875000e+01
7.627734375000000000e+01
7.670684051513671875e+01
7.713633728027343750e+01
7.756583404541015625e+01
7.799533081054687500e+01
7.842483520507812500e+01
7.885433197021484375e+01
6.566370391845703125e+01
6.610527801513671875e+01
6.654684448242187500e+01
6.698841094970703125e+01
6.742997741699218750e+01
6.787154388427734375e+01
6.831311035156250000e+01
6.875467681884765625e+01
4.778868103027343750e+01
4.851526641845703125e+01
4.924185180664062500e+01
4.996843338012695312e+01
5.069501876831054688e+01
5.142160415649414062e+01
5.214818954467773438e+01
5.287477493286132812e+01
6.728418731689453125e+01
6.777438354492187500e+01
6.826457977294921875e+01
6.875478363037109375e+01
6.924497985839843750e+01
6.973517608642578125e+01
7.022537994384765625e+01
7.071557617187500000e+01
6.282246398925781250e+01
6.337062454223632812e+01
6.391878509521484375e+01
6.446694946289062500e+01
6.501510620117187500e+01
6.556327056884765625e+01
6.611142730712890625e+01
6.665959167480468750e+01
6.161673355102539062e+01
6.194952011108398438e+01
6.228230667114257812e+01
6.261509323120117188e+01
6.294787597656250000e+01
6.328066253662109375e+01
6.361344909667968750e+01
6.394623565673828125e+01
8.819811248779296875e+01
8.905915832519531250e+01
8.992019653320312500e+01
9.078123474121093750e+01
9.164227294921875000e+01
9.250331878662109375e+01
9.336435699462890625e+01
9.422540283203125000e+01
7.879225921630859375e+01
7.910262298583984375e+01
7.941298675537109375e+01
7.972335052490234375e+01
8.003371429443359375e+01
8.034407806396484375e+01
8.065444183349609375e+01
8.096480560302734375e+01
7.519156646728515625e+01
7.578816986083984375e+01
7.638477325439453125e+01
7.698137664794921875e+01
7.757798767089843750e+01
7.817459106445312500e+01
7.877119445800781250e+01
7.936779785156250000e+01
5.920738983154296875e+01
5.976568222045898438e+01
6.032397842407226562e+01
6.088227081298828125e+01
6.144056701660156250e+01
6.199886322021484375e+01
6.255715560913085938e+01
6.311545181274414062e+01
6.565539550781250000e+01
6.612624359130859375e+01
6.659709930419921875e+01
6.706795501708984375e+01
6.753881072998046875e+01
6.800965881347656250e+01
6.848051452636718750e+01
6.895137023925781250e+01
8.825233459472656250e+01
8.868045806884765625e+01
8.910858917236328125e+01
8.953671264648437500e+01
8.996484375000000000e+01
9.039296722412109375e+01
9.082109832763671875e+01
9.124922180175781250e+01
4.618943023681640625e+01
4.687946319580078125e+01
4.756950378417968750e+01
4.825954055786132812e+01
4.894957733154296875e+01
4.963961791992187500e+01
5.032965469360351562e+01
5.101969146728515625e+01
9.114767456054687500e+01
9.191735839843750000e+01
9.268704223632812500e+01
9.345672607421875000e+01
9.422640991210937500e+01
9.499608612060546875e+01
9.576576995849609375e+01
9.653544616699218750e+01
7.535208129882812500e+01
7.584176635742187500e+01
7.633145141601562500e+01
7.682112884521484375e+01
7.731081390380859375e+01
7.780049896240234375e+01
7.829017639160156250e+01
7.877986145019531250e+01
6.082966613769531250e+01
6.135392379760742188e+01
6.187818145751953125e+01
6.240244293212890625e+01
6.292670059204101562e+01
6.345096206665039062e+01
6.397521972656250000e+01
6.449948120117187500e+01
8.453773498535156250e+01
8.512281036376953125e+01
8.570788574218750000e+01
8.629295349121093750e+01
8.687802886962890625e+01
8.746309661865234375e+01
8.804817199707031250e+01
8.863323974609375000e+01
6.365092849731445312e+01
6.396335601806640625e+01
6.427577972412109375e+01
6.458820343017578125e+01
6.490063476562500000e+01
6.521305847167968750e+01
6.552548217773437500e+01
6.583790588378906250e+01
4.047333908081054688e+01
4.139877319335937500e+01
4.232420730590820312e+01
4.324964141845703125e+01
4.417507171630859375e+01
4.510050582885742188e+01
4.602593994140625000e+01
4.695137023925781250e+01
4.632793045043945312e+01
4.715045547485351562e+01
4.797297668457031250e+01
4.879550170898437500e+01
4.961802673339843750e+01
5.044055175781250000e+01
5.126308059692382812e+01
5.208560562133789062e+01
6.534257507324218750e+01
6.580876922607421875e+01
6.627497100830078125e+01
6.674116516113281250e+01
6.720736694335937500e+01
6.767356109619140625e+01
6.813976287841796875e+01
6.860595703125000000e+01
7.421548461914062500e+01
7.464881896972656250e+01
7.508216094970703125e+01
7.551550292968750000e+01
7.594884490966796875e+01
7.638217926025390625e+01
7.681552124023437500e+01
7.724886322021484375e+01
7.478330230712890625e+01
7.532692718505859375e+01
7.587055206298828125e+01
7.641417694091796875e+01
7.695780181884765625e+01
7.750142669677734375e+01
7.804505157470703125e+01
7.858867645263671875e+01
6.742960357666015625e+01
6.791907501220703125e+01
6.840855407714843750e+01
6.889802551269531250e+01
6.938749694824218750e+01
6.987696838378906250e+01
7.036643981933593750e+01
7.085591888427734375e+01
5.091044235229492188e+01
5.165702056884765625e+01
5.240360260009765625e+01
5.315018081665039062e+01
5.389675903320312500e+01
5.464334106445312500e+01
5.538991928100585938e+01
5.613649749755859375e+01
7.552276611328125000e+01
7.610140991210937500e+01
7.668004608154296875e+01
7.725868988037109375e+01
7.783733367919921875e+01
7.841597747802734375e+01
7.899462127685546875e+01
7.957326507568359375e+01
4.332534408569335938e+01
4.391499328613281250e+01
4.450464630126953125e+01
4.509429550170898438e+01
4.568394470214843750e+01
4.627359771728515625e+01
4.686324691772460938e+01
4.745289611816406250e+01
8.952088928222656250e+01
9.035224914550781250e+01
9.118361663818359375e+01
9.201497650146484375e+01
9.284633636474609375e+01
9.367770385742187500e+01
9.450906372070312500e+01
9.534042358398437500e+01
8.391371154785156250e+01
8.434547424316406250e+01
8.477724456787109375e+01
8.520900726318359375e+01
8.564077758789062500e+01
8.607254028320312500e+01
8.650430297851562500e+01
8.693607330322265625e+01
5.267243194580078125e+01
5.339220428466796875e+01
5.411196899414062500e+01
5.483174133300781250e+01
5.555150985717773438e+01
5.627127838134765625e+01
5.699104690551757812e+01
5.771081542968750000e+01
5.593353271484375000e+01
5.635639953613281250e+01
5.677926254272460938e+01
5.720212554931640625e+01
5.762499237060546875e+01
5.804785919189453125e+01
5.847072219848632812e+01
5.889358520507812500e+01
6.253356933593750000e+01
6.302836608886718750e+01
6.352316284179687500e+01
6.401795959472656250e+01
6.451275634765625000e+01
6.500755310058593750e+01
6.550234985351562500e+01
6.599714660644531250e+01
4.844219207763671875e+01
4.907820129394531250e+01
4.971421051025390625e+01
5.035021972656250000e+01
5.098622894287109375e+01
5.162223815917968750e+01
5.225824356079101562e+01
5.289425277709960938e+01
7.631026458740234375e+01
7.681193542480468750e+01
7.731360626220703125e+01
7.781527709960937500e+01
7.831695556640625000e+01
7.881862640380859375e+01
7.932029724121093750e+01
7.982197570800781250e+01
7.115871429443359375e+01
7.166076660156250000e+01
7.216281890869140625e+01
7.266486358642578125e+01
7.316691589355468750e+01
7.366896820068359375e+01
7.417101287841796875e+01
7.467306518554687500e+01
7.705778503417968750e+01
7.744345855712890625e+01
7.782913208007812500e+01
7.821480560302734375e+01
7.860047912597656250e+01
7.898615264892578125e+01
7.937182617187500000e+01
7.975749969482421875e+01
6.363181686401367188e+01
6.411962890625000000e+01
6.460744476318359375e+01
6.509526062011718750e+01
6.558307647705078125e+01
6.607088470458984375e+01
6.655870056152343750e+01
6.704651641845703125e+01
5.942722320556640625e+01
5.989461517333984375e+01
6.036199951171875000e+01
6.082938766479492188e+01
6.129677581787109375e+01
6.176416397094726562e+01
6.223155212402343750e+01
6.269894027709960938e+01
6.275955200195312500e+01
6.320543289184570312e+01
6.365131759643554688e+01
6.409719848632812500e+01
6.454308319091796875e+01
6.498896026611328125e+01
6.543484497070312500e+01
6.588072967529296875e+01
4.078079223632812500e+01
4.150638580322265625e+01
4.223197937011718750e+01
4.295757293701171875e+01
4.368316650390625000e+01
4.440876007080078125e+01
4.513435363769531250e+01
4.585994720458984375e+01
8.398636627197265625e+01
8.432628631591796875e+01
8.466620635986328125e+01
8.500612640380859375e+01
8.534605407714843750e+01
8.568597412109375000e+01
8.602589416503906250e+01
8.636581420898437500e+01
7.239355468750000000e+01
7.275128936767578125e+01
7.310902404785156250e+01
7.346676635742187500e+01
7.382450103759765625e+01
7.418223571777343750e+01
7.453997039794921875e+01
7.489770507812500000e+01
7.434149169921875000e+01
7.455703735351562500e+01
7.477258300781250000e+01
7.498812103271484375e+01
7.520366668701171875e+01
7.541921234130859375e+01
7.563475799560546875e+01
7.585030364990234375e+01
7.119592285156250000e+01
7.157563781738281250e+01
7.195535278320312500e+01
7.233506774902343750e+01
7.271478271484375000e+01
7.309449768066406250e+01
7.347421264648437500e+01
7.385392761230468750e+01
8.287512207031250000e+01
8.347885894775390625e+01
8.408259582519531250e+01
8.468634033203125000e+01
8.529007720947265625e+01
8.589381408691406250e+01
8.649755859375000000e+01
8.710129547119140625e+01
6.567310333251953125e+01
6.609798431396484375e+01
6.652286529541015625e+01
6.694774627685546875e+01
6.737262725830078125e+01
6.779750823974609375e+01
6.822238922119140625e+01
6.864727020263671875e+01
7.363765716552734375e+01
7.418422698974609375e+01
7.473080444335937500e+01
7.527737426757812500e+01
7.582395172119140625e+01
7.637052154541015625e+01
7.691709899902343750e+01
7.746366882324218750e+01
5.449494934082031250e+01
5.484255981445312500e+01
5.519017410278320312e+01
5.553778839111328125e+01
5.588540267944335938e+01
5.623301696777343750e+01
5.658062744140625000e+01
5.692824172973632812e+01
6.564165496826171875e+01
6.615276336669921875e+01
6.666387176513671875e+01
6.717498016357421875e+01
6.768608093261718750e+01
6.819718933105468750e+01
6.870829772949218750e+01
6.921940612792968750e+01
6.986788940429687500e+01
7.034921264648437500e+01
7.083053588867187500e+01
7.131185913085937500e+01
7.179318237304687500e+01
7.227450561523437500e+01
7.275582885742187500e+01
7.323715209960937500e+01
