0.321071
-0.392318
-0.091909
0.478975
0.148109
0.005191
0.177815
0.149595
-0.057795
-0.051884
-0.117007
-0.241336
-0.009818
-0.080362
-0.118553
-0.013672
0.318026
-0.352052
0.321113
-0.157241
0.147174
-0.045768
-0.036849
-0.119394
-0.232341
0.097766
0.012099
0.133120
-0.011419
-0.291908
0.140952
0.067280
-0.318306
-0.109716
0.082453
0.019332
0.177714
0.079886
0.270718
-0.027638
-0.230450
0.033655
-0.281736
-0.262229
0.139476
0.391118
-0.123452
0.195795
-0.131203
0.216947
-0.195704
-0.343431
0.164309
0.417355
-0.436461
-0.102342
0.428221
-0.076227
0.160418
-0.504094
-0.109253
-0.072065
0.045321
-0.245322
-0.260696
-0.154007
0.179811
-0.007760
0.054624
0.279792
-0.102770
0.153765
-0.275921
0.184428
-0.004534
-0.342230
-0.297916
0.356259
0.158308
0.051186
0.100070
0.040815
-0.179030
-0.379945
0.287986
0.293459
0.126595
-0.011964
-0.491642
0.153674
0.390913
-0.000378
-0.110919
0.159619
-0.123535
0.400825
-0.295291
0.057898
-0.176732
0.176395
