0.080092
-0.027636
-0.064280
-0.202571
0.447843
0.543696
-0.137398
0.039372
-0.119411
-0.547835
-0.223342
-0.018367
-0.073864
-0.033109
-0.042659
0.473825
-0.198851
0.123375
0.189026
0.120227
-0.104510
0.547375
-0.329622
-0.035027
-0.017065
0.522820
0.241700
-0.037032
-0.595117
0.268584
0.375992
-0.623612
0.015065
-0.056002
0.082874
0.335137
0.003854
-0.594322
0.678230
-0.041940
-0.079346
-0.744104
0.035077
0.007933
0.585180
0.462200
0.196338
0.334993
0.008465
0.143874
0.126820
0.250591
-0.195244
0.095888
-0.015348
0.130975
0.918390
0.089305
0.357288
-0.158703
0.007752
0.466941
0.336906
-0.050584
0.096367
0.095623
0.131689
0.155323
0.278229
0.186587
-0.182175
0.013220
-0.029370
0.159822
0.363281
-0.120606
-0.006803
-0.180384
-0.196528
-0.043170
-0.470184
0.262465
0.325988
-0.005618
-0.515132
0.365034
0.520416
0.485789
-0.046954
0.010193
0.600338
0.071313
0.557591
0.274090
-0.090244
0.700160
0.053699
0.460590
-0.011999
0.044206
