19.949358
20.415913
20.882468
21.349023
21.815577
22.282132
22.748687
23.215242
23.681796
24.148351
24.614906
25.081461
25.548015
26.014570
26.481125
26.947680
27.414234
27.880789
28.347344
28.813899
29.280453
29.747008
30.213563
30.680118
31.146672
31.613227
32.079782
32.546336
33.012891
33.479446
33.946001
34.412555
34.879110
35.345665
35.812220
36.278774
36.745329
37.211884
37.678439
38.144993
38.611548
39.078103
39.544658
40.011212
40.477767
40.944322
41.410877
41.877431
42.343986
42.810541
43.277096
43.743650
44.210205
44.676760
45.143315
45.609869
46.076424
46.542979
47.009534
47.476088
47.942643
48.409198
48.875752
49.342307
49.808862
50.275417
50.741971
51.208526
51.675081
52.141636
52.608190
53.074745
53.541300
54.007855
54.474409
54.940964
55.407519
55.874074
56.340628
56.807183
57.273738
57.740293
58.206847
58.673402
59.139957
59.606512
60.073066
60.539621
61.006176
61.472731
61.939285
62.405840
62.872395
63.338950
63.805504
64.272059
64.738614
65.205168
65.671723
66.138278
66.604833
67.071387
67.537942
68.004497
68.471052
68.937606
69.404161
69.870716
70.337271
70.803825
71.270380
71.736935
72.203490
72.670044
73.136599
73.603154
74.069709
74.536263
75.002818
75.469373
75.935928
76.402482
76.869037
77.335592
77.802147
78.268701
78.735256
79.201811
79.668365
80.134920
80.601475
81.068030
81.534584
82.001139
82.467694
82.934249
83.400803
83.867358
84.333913
84.800468
85.267022
85.733577
86.200132
86.666687
87.133241
87.599796
88.066351
88.532906
88.999460
89.466015
89.932570
90.399125
90.865679
91.332234
91.798789
92.265344
92.731898
93.198453
93.665008
94.131563
94.598117
95.064672
95.531227
95.997781
96.464336
96.930891
97.397446
97.864000
98.330555
98.797110
99.263665
99.730219
100.196774
100.663329
101.129884
101.596438
102.062993
102.529548
102.996103
103.462657
103.929212
104.395767
104.862322
105.328876
105.795431
106.261986
106.728541
107.195095
107.661650
108.128205
108.594760
109.061314
109.527869
109.994424
110.460978
110.927533
111.394088
111.860643
112.327197
112.793752
