-0.015327
-0.212049
0.537974
-0.576939
0.133726
0.849807
-0.956984
0.315657
0.631278
-0.425532
1.001319
0.297245
-0.427966
-0.912385
-0.819698
-0.217298
0.014956
0.703988
0.324088
-0.306880
0.045673
0.563058
-0.039799
-0.069913
0.195066
-0.027758
0.544876
0.712938
-0.120703
-0.271421
0.714576
-0.486851
-0.297630
-0.272567
-0.289765
0.276366
1.171271
-0.137656
0.152580
0.133668
-0.416541
-0.480790
-0.830760
0.645018
0.088835
-0.585896
-0.054606
-0.205234
-0.109961
-0.403716
0.190378
-0.528341
1.197865
-0.493073
0.084316
-0.575371
0.444025
-0.341172
0.548629
0.062903
-0.214045
-0.204769
0.596135
0.246031
-0.411544
-0.415059
0.448467
-0.194215
0.022845
1.200000
-0.591283
-0.226885
0.086583
-0.442005
0.907104
0.299851
-0.076220
-0.014154
0.111034
-0.454582
-0.637253
-0.471005
0.352918
0.082397
-0.116475
-0.838623
-0.438554
0.118259
0.178786
0.665567
0.759656
0.654123
-0.073067
-0.866674
0.309575
-0.689828
0.368876
-0.558619
-0.124871
-0.242665
