0.719049 0.843784
0.718861 0.847825
0.718585 0.851491
0.718337 0.855578
0.718176 0.860534
0.717895 0.864797
0.717520 0.868470
0.717137 0.872221
0.397770 0.584138
0.402043 0.586934
0.406318 0.589788
0.410596 0.592709
0.414890 0.595716
0.419164 0.598780
0.423439 0.601937
0.427696 0.605170
0.730225 0.691331
0.731868 0.699051
0.733418 0.706858
0.734722 0.713863
0.735906 0.720854
0.736985 0.727990
0.737970 0.735397
0.738800 0.742794
0.376798 0.589422
0.379436 0.591413
0.382058 0.593406
0.384712 0.595447
0.387380 0.597532
0.390048 0.599637
0.392703 0.601758
0.395405 0.603957
0.520284 0.646634
0.525474 0.652229
0.530607 0.657872
0.535636 0.663472
0.540580 0.669019
0.545492 0.674553
0.550324 0.679973
0.555163 0.685364
0.671119 0.920938
0.674443 0.929163
0.677333 0.937422
0.679898 0.945827
0.682336 0.954499
0.684204 0.962760
0.686012 0.971295
0.687610 0.979760
0.364583 0.634323
0.365952 0.635989
0.367354 0.637768
0.368785 0.639578
0.370185 0.641327
0.371567 0.643112
0.373040 0.644991
0.374422 0.646793
0.338087 0.591386
0.343045 0.596246
0.348056 0.601199
0.353180 0.606363
0.358390 0.611722
0.363680 0.617324
0.369000 0.623099
0.374370 0.629120
0.359179 0.487861
0.369104 0.491154
0.379856 0.494247
0.391509 0.497200
0.403564 0.499920
0.417296 0.502869
0.431307 0.505747
0.446148 0.508880
0.607312 0.813553
0.610138 0.815182
0.612769 0.816745
0.615537 0.818429
0.618242 0.820150
0.620952 0.821921
0.623584 0.823694
0.625943 0.825370
0.807003 0.834915
0.801074 0.859344
0.795570 0.879496
0.788475 0.903853
0.782879 0.920738
0.776665 0.938935
0.769964 0.957721
0.764170 0.972649
0.763078 0.848729
0.761554 0.853902
0.759077 0.864725
0.757325 0.870896
0.755743 0.875736
0.753341 0.885259
0.751316 0.892352
0.749388 0.898855
0.250081 0.638140
0.250830 0.640417
0.251593 0.642712
0.252443 0.645375
0.253318 0.648136
0.254166 0.650733
0.255103 0.653717
0.255993 0.656504
0.579188 0.638665
0.580798 0.640748
0.582395 0.642844
0.583932 0.644873
0.585470 0.646933
0.586969 0.648948
0.588496 0.651027
0.589976 0.653045
0.321954 0.675264
0.323097 0.677479
0.324263 0.679808
0.325546 0.682347
0.326680 0.684503
0.327989 0.687095
0.329091 0.689159
0.330408 0.691693
0.572914 0.661144
0.576054 0.665122
0.579138 0.669049
0.582223 0.672986
0.585230 0.676815
0.588244 0.680654
0.591233 0.684447
0.594189 0.688177
0.701695 0.907618
0.701703 0.911551
0.701750 0.915665
0.701746 0.919624
0.701737 0.923611
0.701723 0.927567
0.701713 0.931628
0.701624 0.935410
0.293772 0.575451
0.298573 0.582141
0.303527 0.588784
0.308875 0.595873
0.314303 0.602978
0.320023 0.610554
0.325868 0.618415
0.331912 0.626786
0.675150 0.614032
0.678678 0.622086
0.681868 0.629772
0.684890 0.637375
0.687766 0.644904
0.690474 0.652236
0.692984 0.659198
0.695417 0.666151
0.433004 0.676631
0.436232 0.680360
0.439448 0.684037
0.442668 0.687670
0.445971 0.691335
0.449290 0.694964
0.452639 0.698555
0.456048 0.702135
0.406197 0.601003
0.411459 0.605101
0.416709 0.609341
0.421919 0.613676
0.427100 0.618123
0.432284 0.622736
0.437330 0.627371
0.442363 0.632148
0.283093 0.474281
0.286183 0.480078
0.289554 0.485739
0.293212 0.491255
0.297170 0.496614
0.301467 0.501838
0.306114 0.506925
0.311146 0.511885
0.785437 0.614127
0.786326 0.619485
0.787115 0.624417
0.787856 0.629390
0.788645 0.635248
0.789399 0.641506
0.789963 0.646202
0.790433 0.650420
0.824210 0.634327
0.824628 0.640706
0.824970 0.647389
0.825236 0.654321
0.825405 0.661159
0.825514 0.666231
0.825592 0.671116
0.825572 0.677493
0.618967 0.931633
0.623774 0.934561
0.628374 0.937633
0.632596 0.940714
0.636906 0.944156
0.640528 0.947401
0.644668 0.951156
0.647653 0.954466
0.383598 0.580107
0.388483 0.583322
0.393428 0.586635
0.398419 0.590055
0.403414 0.593559
0.408449 0.597190
0.413455 0.600914
0.418455 0.604736
0.271003 0.393284
0.272852 0.399908
0.274799 0.406304
0.277048 0.412781
0.279524 0.419153
0.282254 0.425433
0.285075 0.431367
0.288106 0.437108
0.796873 0.721513
0.796100 0.733460
0.795147 0.744391
0.793868 0.756400
0.792181 0.769503
0.790372 0.780995
0.788190 0.793752
0.785600 0.807284
0.522292 0.626368
0.526573 0.630704
0.530744 0.635055
0.534812 0.639419
0.538813 0.643815
0.542753 0.648235
0.546613 0.652648
0.550401 0.657044
0.561846 0.681619
0.564979 0.685212
0.568086 0.688744
0.571172 0.692223
0.574268 0.695680
0.577338 0.699073
0.580393 0.702412
0.583454 0.705720
0.651105 0.801699
0.656589 0.808223
0.661566 0.814843
0.666043 0.821558
0.670126 0.828466
0.673776 0.835500
0.676996 0.842626
0.679882 0.849917
0.542514 0.621554
0.545394 0.624586
0.548255 0.627673
0.551033 0.630739
0.553785 0.633846
0.556504 0.636971
0.559166 0.640095
0.561749 0.643171
0.541223 0.687967
0.544450 0.691372
0.547713 0.694786
0.550955 0.698133
0.554197 0.701434
0.557442 0.704693
0.560685 0.707902
0.563925 0.711060
0.520595 0.596805
0.524832 0.600324
0.528938 0.603884
0.532960 0.607522
0.536919 0.611252
0.540771 0.615024
0.544441 0.618750
0.548074 0.622566
0.710694 0.623659
0.712006 0.627734
0.713323 0.631949
0.714567 0.636032
0.715776 0.640094
0.716933 0.644074
0.718043 0.647980
0.719180 0.652086
0.634502 0.625545
0.638602 0.632774
0.642462 0.639881
0.646191 0.646947
0.649756 0.653918
0.653071 0.660492
0.656461 0.667350
0.659627 0.673760
0.249114 0.358964
0.249035 0.372868
0.248870 0.385964
0.248832 0.399410
0.248811 0.412376
0.249065 0.426036
0.249553 0.439780
0.250259 0.453223
0.532585 0.560104
0.538446 0.563842
0.544181 0.567762
0.549561 0.571687
0.554815 0.575782
0.559888 0.579991
0.564683 0.584222
0.569373 0.588618
0.528153 0.598484
0.534434 0.603991
0.540504 0.609669
0.546276 0.615402
0.551868 0.621274
0.557181 0.627135
0.562341 0.633085
0.567266 0.638989
0.468638 0.639396
0.474103 0.644877
0.479480 0.650384
0.484792 0.655913
0.490096 0.661510
0.495342 0.667066
0.500562 0.672605
0.505798 0.678147
0.434699 0.591588
0.438440 0.594091
0.442158 0.596642
0.445873 0.599272
0.449538 0.601932
0.453175 0.604643
0.456775 0.607403
0.460346 0.610220
0.374957 0.593417
0.377741 0.595625
0.380580 0.597908
0.383427 0.600234
0.386286 0.602596
0.389116 0.604967
0.392021 0.607447
0.394872 0.609914
0.599310 0.667557
0.600845 0.669724
0.602347 0.671829
0.603855 0.673963
0.605337 0.676041
0.606866 0.678207
0.608292 0.680201
0.609796 0.682315
0.746506 0.846270
0.744719 0.854152
0.742621 0.864916
0.740671 0.873036
0.738578 0.882466
0.736571 0.890654
0.734427 0.900167
0.732432 0.908193
0.665885 0.692847
0.668415 0.697945
0.670776 0.702626
0.673103 0.707324
0.675528 0.712204
0.677618 0.716411
0.679850 0.720986
0.682035 0.725574
0.486831 0.696686
0.489446 0.699284
0.492099 0.701888
0.494780 0.704480
0.497433 0.707002
0.500115 0.709504
0.502871 0.712036
0.505547 0.714447
0.250365 0.300995
0.250361 0.305193
0.250268 0.308701
0.250222 0.312600
0.250281 0.317249
0.250270 0.321354
0.250301 0.325729
0.250291 0.329808
0.487601 0.602999
0.492121 0.606577
0.496571 0.610247
0.500929 0.613983
0.505187 0.617772
0.509362 0.621623
0.513472 0.625543
0.517509 0.629519
0.430691 0.636871
0.434814 0.641073
0.438915 0.645343
0.442986 0.649639
0.447058 0.653988
0.451087 0.658327
0.455122 0.662700
0.459184 0.667119
0.582112 0.689349
0.584699 0.692408
0.587269 0.695426
0.589842 0.698434
0.592385 0.701370
0.594887 0.704223
0.597424 0.707115
0.599948 0.709953
0.536460 0.780298
0.543754 0.783701
0.550828 0.786926
0.557978 0.790149
0.564887 0.793246
0.571529 0.796240
0.578168 0.799273
0.584476 0.802225
0.542460 0.612341
0.545362 0.615250
0.548246 0.618227
0.550998 0.621143
0.553752 0.624133
0.556409 0.627088
0.559041 0.630084
0.561642 0.633105
0.264775 0.242580
0.267536 0.257760
0.270930 0.272717
0.274917 0.286966
0.279495 0.300330
0.284708 0.312747
0.290955 0.324508
0.298933 0.335935
0.522814 0.632169
0.525697 0.635152
0.528559 0.638167
0.531360 0.641171
0.534148 0.644210
0.536900 0.647249
0.539591 0.650257
0.542258 0.653275
0.280208 0.596953
0.282451 0.601190
0.284373 0.604613
0.286563 0.608589
0.288863 0.612797
0.291008 0.616607
0.293314 0.620798
0.295671 0.625108
0.373240 0.656513
0.375151 0.659139
0.377157 0.661880
0.379216 0.664734
0.381261 0.667593
0.383291 0.670370
0.385405 0.673303
0.387519 0.676233
0.776983 0.910325
0.773559 0.920615
0.769938 0.931354
0.766356 0.941774
0.763093 0.950766
0.760132 0.958547
0.757044 0.966667
0.754246 0.973766
0.734200 0.643990
0.735124 0.647901
0.735998 0.651692
0.736845 0.655474
0.737633 0.658985
0.738386 0.662555
0.739078 0.665817
0.739761 0.669132
0.629145 0.826087
0.635203 0.830912
0.640851 0.835914
0.646100 0.841063
0.650744 0.846209
0.654995 0.851488
0.659072 0.857041
0.662838 0.862786
0.289143 0.556258
0.291414 0.559541
0.293794 0.562863
0.296381 0.566378
0.298961 0.569756
0.301629 0.573159
0.304445 0.576684
0.307212 0.580037
0.475673 0.623202
0.479773 0.626935
0.483812 0.630716
0.487794 0.634541
0.491722 0.638405
0.495616 0.642324
0.499441 0.646240
0.503222 0.650172
0.800590 0.850537
0.798960 0.856894
0.797281 0.863262
0.795688 0.868963
0.793750 0.876048
0.791995 0.882162
0.790217 0.888203
0.788227 0.894929
0.264148 0.332146
0.265528 0.339998
0.267146 0.347976
0.268824 0.355588
0.270409 0.362556
0.272416 0.369927
0.274545 0.377030
0.276880 0.383993
0.806260 0.967126
0.802513 0.978592
0.799781 0.986287
0.794823 1.000392
0.792664 1.005365
0.788827 1.015129
0.784768 1.025004
0.782781 1.028782
0.718338 0.662513
0.719275 0.665991
0.720161 0.669268
0.721018 0.672601
0.721778 0.675499
0.722520 0.678386
0.723308 0.681449
0.724126 0.684776
0.226848 0.651751
0.227507 0.654629
0.228140 0.657289
0.228771 0.659863
0.229420 0.662503
0.230123 0.665415
0.230844 0.668347
0.231587 0.671374
0.704876 0.855707
0.705220 0.862063
0.705470 0.868446
0.705649 0.874886
0.705705 0.881155
0.705688 0.887421
0.705637 0.893726
0.705534 0.900036
0.470496 0.616415
0.474796 0.620124
0.479032 0.623895
0.483203 0.627723
0.487309 0.631599
0.491358 0.635521
0.495346 0.639477
0.499254 0.643432
0.262295 0.237085
0.262920 0.241804
0.263551 0.246411
0.264425 0.251591
0.265153 0.256168
0.265771 0.260318
0.266678 0.265094
0.267884 0.270415
0.183852 0.268967
0.178557 0.292706
0.171443 0.327602
0.163513 0.369147
0.157469 0.402183
0.151761 0.436197
0.146155 0.474007
0.140639 0.518539
0.480635 0.612071
0.483628 0.614589
0.486540 0.617084
0.489423 0.619620
0.492303 0.622217
0.495106 0.624785
0.497889 0.627400
0.500671 0.630068
0.547545 0.672376
0.550918 0.676209
0.554265 0.680001
0.557601 0.683761
0.560932 0.687498
0.564238 0.691167
0.567523 0.694777
0.570820 0.698359
0.572138 0.752414
0.577457 0.756017
0.582653 0.759489
0.587894 0.762982
0.592983 0.766374
0.597961 0.769699
0.602846 0.772992
0.607561 0.776223
0.400363 0.631298
0.403144 0.634222
0.405967 0.637242
0.408679 0.640171
0.411400 0.643120
0.414156 0.646176
0.416963 0.649315
0.419714 0.652430
0.265786 0.300804
0.268151 0.312140
0.270700 0.322877
0.273326 0.332797
0.276354 0.342520
0.279891 0.352120
0.283769 0.361196
0.288251 0.370003
0.641400 0.744479
0.645487 0.749336
0.649474 0.754157
0.653280 0.758866
0.656895 0.763521
0.660404 0.768189
0.663804 0.772951
0.666914 0.777525
0.264360 0.265472
0.264905 0.269282
0.265700 0.273660
0.266671 0.278337
0.267687 0.282940
0.268526 0.286982
0.269343 0.290807
0.270015 0.294240
0.753640 1.015258
0.752114 1.018453
0.750507 1.021795
0.748757 1.025722
0.746774 1.030371
0.745510 1.032681
0.743665 1.036967
0.741335 1.042921
0.776338 0.774228
0.775512 0.780676
0.774631 0.786456
0.773716 0.792104
0.772613 0.798927
0.771546 0.804917
0.770345 0.811219
0.769141 0.817308
0.316513 0.409153
0.318680 0.410795
0.320590 0.412214
0.322707 0.413683
0.325180 0.415245
0.327531 0.416685
0.329900 0.418049
0.332259 0.419335
0.219835 0.624965
0.220234 0.627180
0.220564 0.628819
0.220995 0.631130
0.221381 0.633056
0.221695 0.634421
0.222161 0.636796
0.222603 0.638973
0.361261 0.545882
0.364337 0.547496
0.367453 0.549109
0.370609 0.550723
0.373831 0.552359
0.377121 0.554020
0.380457 0.555698
0.383831 0.557389
0.243748 0.408780
0.243472 0.414501
0.243129 0.419593
0.242824 0.424863
0.242749 0.431692
0.242714 0.438586
0.242462 0.443757
0.242381 0.449848
0.687745 0.722774
0.689648 0.727122
0.691553 0.731676
0.693232 0.735726
0.694940 0.739981
0.696595 0.744208
0.698094 0.748232
0.699712 0.752790
0.619495 0.625991
0.622502 0.630778
0.625459 0.635630
0.628264 0.640346
0.631025 0.645098
0.633645 0.649682
0.636259 0.654353
0.638829 0.658986
0.537856 0.749314
0.540234 0.750860
0.542485 0.752299
0.544882 0.753820
0.547086 0.755193
0.549555 0.756727
0.551727 0.758047
0.554181 0.759540
0.382076 0.656986
0.384394 0.660056
0.386760 0.663193
0.389229 0.666467
0.391696 0.669757
0.394195 0.673091
0.396644 0.676339
0.399164 0.679654
0.271824 0.597312
0.273578 0.600890
0.275654 0.605248
0.277568 0.609101
0.279581 0.613122
0.281759 0.617554
0.283768 0.621496
0.285963 0.625933
0.373242 0.603145
0.378434 0.607804
0.383668 0.612629
0.388848 0.617519
0.394087 0.622652
0.399293 0.627861
0.404540 0.633308
0.409704 0.638785
0.219454 0.249888
0.217014 0.263537
0.214803 0.274390
0.213989 0.273830
0.212472 0.278716
0.210390 0.287629
0.208539 0.294566
0.206425 0.303166
0.599855 0.816375
0.609788 0.821716
0.618771 0.827120
0.626924 0.832668
0.634584 0.838586
0.641415 0.844655
0.647464 0.850821
0.653149 0.857445
0.436498 0.649394
0.445073 0.658686
0.453665 0.668118
0.462322 0.677587
0.471099 0.686972
0.480011 0.696191
0.489154 0.705218
0.498541 0.713961
0.354176 0.642740
0.357319 0.647164
0.360484 0.651663
0.363669 0.656251
0.366910 0.660919
0.370072 0.665496
0.373242 0.670079
0.376608 0.674990
0.527855 0.579964
0.530223 0.581694
0.532844 0.583676
0.535238 0.585534
0.537740 0.587534
0.540079 0.589455
0.542494 0.591493
0.544754 0.593452
0.705910 0.827479
0.706485 0.832880
0.706971 0.838354
0.707359 0.843845
0.707696 0.849487
0.707876 0.854856
0.707962 0.860154
0.708131 0.866090
0.506549 0.650719
0.508886 0.653193
0.511190 0.655646
0.513463 0.658074
0.515762 0.660551
0.518009 0.662974
0.520261 0.665415
0.522524 0.667879
0.741079 0.666302
0.742493 0.673673
0.743661 0.679860
0.744812 0.686302
0.745908 0.693123
0.746915 0.699796
0.747808 0.706099
0.748551 0.712150
0.299845 0.561013
0.301380 0.562920
0.302814 0.564642
0.304317 0.566428
0.305917 0.568318
0.307475 0.570120
0.309006 0.571852
0.310621 0.573672
0.317505 0.655479
0.319783 0.659812
0.322046 0.664117
0.324386 0.668589
0.326792 0.673191
0.329179 0.677719
0.331647 0.682379
0.334183 0.687139
0.602665 0.636907
0.605464 0.641017
0.608223 0.645149
0.610895 0.649224
0.613545 0.653323
0.616080 0.657283
0.618620 0.661308
0.621058 0.665186
