0.984790
0.808925
1.712534
0.561615
1.143080
2.339195
0.384049
1.371159
1.880012
0.653422
2.721870
1.346145
0.651834
0.401565
0.440565
0.804690
1.015068
2.021800
1.382769
0.735739
1.046733
1.756034
0.960983
0.932475
1.215391
0.972624
1.724394
2.039977
0.886297
0.762296
2.043319
0.614559
0.742576
0.761422
0.748439
1.318330
3.226090
0.871399
1.164835
1.143013
0.659324
0.618295
0.435718
1.906021
1.092900
0.556607
0.946858
0.814457
0.895869
0.667834
1.209706
0.589582
3.313036
0.610747
1.087972
0.562496
1.558970
0.710936
1.730878
1.064923
0.807312
0.814835
1.815091
1.278939
0.662626
0.660302
1.565910
0.823480
1.023108
3.320117
0.553617
0.797013
1.090442
0.642746
2.477139
1.349657
0.926612
0.985946
1.117433
0.634713
0.528743
0.624374
1.423215
1.085886
0.890053
0.432305
0.644968
1.125536
1.195765
1.945594
2.137541
1.923454
0.929538
0.420347
1.362846
0.501662
1.446108
0.571998
0.882611
0.784534
