53.007815
79.563106
72.141084
59.575239
70.136702
42.936728
77.100421
71.551404
66.159382
68.007643
82.555860
85.440440
61.700139
51.910627
78.997522
79.900209
62.256662
78.440642
74.827316
117.332811
79.083888
53.737200
76.823471
75.412466
75.211691
77.225963
71.616707
83.804143
77.980921
76.118928
75.690378
55.340699
64.924362
70.380340
94.586945
64.788345
72.812946
81.868228
68.020224
59.773231
58.674565
64.798300
66.025200
68.784191
86.194663
72.713262
71.475400
71.084589
45.059352
60.578209
72.353960
59.242206
55.061935
70.770067
64.516723
59.285811
83.127934
64.235158
77.818707
63.512580
70.371160
83.009010
75.021015
77.581399
58.640389
89.056191
82.940348
76.029975
74.405787
54.453143
67.442960
97.253704
72.086936
77.704446
77.216499
61.187920
63.527110
71.518810
46.657734
64.161743
67.219628
66.012902
66.393031
70.626112
78.303403
78.874872
77.488918
88.988200
73.684946
70.627035
54.129580
87.790871
64.633611
67.313147
66.337693
69.429927
53.948393
69.746397
72.721308
61.226095
