0.053259 -0.001593 0.207600
0.055045 0.000580 0.193681
0.055008 0.011001 0.187130
0.053016 -0.000151 0.158239
0.062197 0.008722 0.110204
0.069038 0.025654 0.153198
0.057448 0.034998 0.125108
0.047327 0.035485 0.128514
0.059774 0.024426 0.102961
0.000000 -0.231341 0.392995
0.049729 0.003931 0.176825
0.052054 0.045709 0.076420
0.052781 0.105097 0.108030
0.068431 0.095222 0.106532
0.970732 -0.400389 0.616094
0.030941 -0.097228 0.332821
0.050094 0.081655 0.175801
0.070255 0.046149 0.000000
0.061668 0.034530 0.024658
0.038509 0.008079 0.112401
0.043467 0.047779 0.178573
