0.009708 0.661157
0.018221 0.697756
0.011480 0.668847
0.019298 0.700646
0.013107 0.674941
0.019995 0.702230
0.014972 0.681770
0.021209 0.705330
0.017318 0.690113
0.022344 0.708019
0.019213 0.696177
0.023268 0.710056
0.021343 0.702883
0.024519 0.713065
0.024003 0.710907
0.025713 0.715819
0.026186 0.716643
0.027122 0.718719
0.028913 0.723402
0.028952 0.723104
0.031035 0.728326
0.029972 0.724628
0.034095 0.735893
0.032351 0.730281
0.038420 0.745662
0.033468 0.731919
0.040296 0.749610
0.034692 0.734057
0.043049 0.755125
0.035954 0.735960
0.045649 0.760502
0.038098 0.740627
0.050405 0.769821
0.040139 0.744739
0.055046 0.778285
0.043479 0.751734
0.056413 0.780017
0.047542 0.760136
0.058785 0.783548
0.051120 0.766881
0.060088 0.785188
0.055402 0.774952
0.063394 0.790379
0.059176 0.781319
0.066535 0.794954
0.064342 0.790322
0.069104 0.798409
0.069018 0.797699
0.072904 0.804151
0.074265 0.806161
0.077328 0.810675
0.080188 0.814894
0.081503 0.816707
0.084921 0.821468
0.085648 0.822182
0.090289 0.828686
0.090456 0.828560
0.096455 0.836604
0.097160 0.837219
0.103264 0.844913
0.103237 0.844610
0.109814 0.852459
0.109234 0.851497
0.115987 0.859200
0.115503 0.858407
0.122552 0.866090
0.123251 0.866636
0.128531 0.872058
0.128760 0.872075
0.135953 0.879233
0.136198 0.879273
0.143190 0.885912
0.144903 0.887359
0.150044 0.891968
0.153921 0.895307
0.157966 0.898712
0.161877 0.901919
0.166616 0.905767
0.170600 0.908890
0.175231 0.912448
0.181377 0.917076
0.187193 0.921322
0.191321 0.924227
0.196635 0.927883
0.201672 0.931264
0.206834 0.934656
0.212845 0.938489
0.217220 0.941192
0.223801 0.945179
0.227053 0.947087
0.233001 0.950522
0.242019 0.955542
0.249214 0.959386
0.252168 0.960914
0.261049 0.965433
0.263315 0.966579
0.274424 0.971883
0.280596 0.974725
0.283709 0.976162
0.287082 0.977675
0.296205 0.981606
0.297026 0.981963
0.311984 0.988009
0.307615 0.986274
0.329176 0.994420
0.326702 0.993635
0.339676 0.998245
0.342379 0.999219
0.356577 1.003818
0.358673 1.004601
0.369334 1.007878
0.371413 1.008598
0.385377 1.012527
0.392715 1.014634
0.401308 1.016951
0.405487 1.018141
0.414198 1.020362
0.421455 1.022244
0.428332 1.023916
0.441186 1.026849
0.442765 1.027448
0.448556 1.028859
0.452035 1.029772
0.460010 1.031544
0.461125 1.031985
0.469966 1.033886
0.476804 1.035371
0.482175 1.036571
0.486599 1.037513
0.501719 1.040342
0.488540 1.038210
0.517878 1.043375
0.493124 1.039366
0.532231 1.046231
0.509461 1.042767
0.548924 1.049097
0.523843 1.045580
0.554015 1.050338
0.525208 1.045738
0.557708 1.051111
0.523518 1.044880
0.558748 1.051686
0.540227 1.048519
0.562823 1.052722
0.547017 1.049867
0.567686 1.054078
0.560251 1.052602
0.569302 1.054796
0.570944 1.055653
0.579835 1.057547
0.586000 1.058933
0.585571 1.059262
0.592033 1.060759
0.592283 1.061052
0.603895 1.063762
0.596906 1.062307
0.610656 1.065723
0.605511 1.064823
0.623291 1.068980
0.613948 1.067415
0.635161 1.072183
0.616940 1.068716
0.635924 1.073432
0.616741 1.069231
0.638295 1.074874
0.622159 1.071257
0.646958 1.077927
0.629206 1.073638
0.648985 1.079128
0.628981 1.073735
0.651849 1.080484
0.637310 1.076544
0.658710 1.083075
0.645927 1.079460
0.661775 1.084406
0.649675 1.080697
0.663568 1.085648
0.654030 1.082812
0.669639 1.087533
0.662646 1.085380
0.671930 1.089307
0.670496 1.088824
0.674027 1.090548
0.676369 1.092238
0.677714 1.093403
0.683650 1.096484
0.679704 1.095548
0.687519 1.099202
0.681532 1.097780
0.692911 1.102637
0.685208 1.100367
0.694506 1.105134
0.683204 1.100689
0.694187 1.106241
0.681989 1.100978
0.696017 1.108520
0.685387 1.103714
0.698741 1.111002
0.684446 1.103963
0.702701 1.114211
