0.113182
-0.013694
0.167649
-0.008787
0.010906
-0.184118
-0.088192
-0.035355
0.074543
-0.060937
0.398336
0.198620
-0.179030
0.064818
-0.192782
0.040954
-0.085061
-0.057586
0.174410
-0.049246
-0.046261
0.059832
0.385612
0.645308
-0.384428
-0.003458
0.200969
0.268396
0.049619
-0.001744
-0.024240
0.016997
0.018829
0.045028
0.196770
0.109190
0.204447
0.077233
0.043381
-0.027350
-0.017848
-0.045520
0.041749
0.163243
0.105361
-0.053510
0.460973
0.037666
-0.023181
0.031437
-0.065627
0.048203
0.505843
0.008104
-0.086657
-0.089756
0.314706
0.222903
-0.060577
-0.055702
-0.001105
0.397699
0.351658
0.005977
0.198814
-0.302519
0.018256
0.007979
0.589749
0.069622
-0.001308
0.031185
-0.036561
-0.050656
0.401656
0.047284
0.573407
-0.089901
0.267436
0.208939
-0.214198
0.043422
0.078200
0.121676
0.084211
-0.090397
-0.060745
-0.116484
-0.042745
0.517782
-0.089650
-0.036825
-0.102319
0.054095
0.052542
-0.002255
0.249800
-0.037157
-0.175746
0.064779
