0.500261
0.365163
0.472211
0.240369
0.396840
0.469419
0.439795
0.305176
0.536014
0.371722
0.628845
0.523351
0.490945
0.481497
0.472581
0.479428
0.450799
0.490476
0.453887
0.453467
0.433944
0.601168
0.716346
0.712247
0.631450
0.668009
0.435536
0.698875
0.525450
0.347200
0.469277
0.458453
0.521854
0.378173
0.544532
0.314563
0.622154
0.619028
0.329863
0.400299
0.452542
0.370119
0.554074
0.602582
0.548047
0.454619
0.537467
0.399414
0.346956
0.478194
0.512772
0.400637
0.658007
0.388714
0.473737
0.271998
0.601168
0.517841
0.434803
0.466104
0.291010
0.533228
0.642713
0.595186
0.448121
0.365547
0.568227
0.323348
0.660508
0.602041
0.473235
0.443181
0.421838
0.425935
0.791373
0.549866
0.676728
0.574696
0.535359
0.630748
0.388794
0.560540
0.469496
0.543504
0.425112
0.402423
0.580236
0.481427
0.328003
0.652576
0.535020
0.478151
0.467751
0.445691
0.444773
0.436425
0.554670
0.356299
0.622430
0.359320
