0.450774 -0.892638 
0.4415873838325739 -0.9100544902418852 
0.4379087912703641 -0.9255146768798233 
0.44246303700774536 -0.9360455829107315 
0.44323803080178426 -0.9405329694661424 
0.44117036802626775 -0.9461084682650045 
0.4446075666083731 -0.9480492492827699 
0.44281720466378705 -0.9515796787261144 
0.4482533890141882 -0.9509512790634409 
0.44542727250072733 -0.9536677679813812 
0.45160307505566255 -0.9520696268252442 
0.44767037689152733 -0.9547922013395811 
0.4445462804606892 -0.9568893663187856 
0.44549744893729315 -0.9563915074965854 
0.4424774201207571 -0.9581771824438994 
0.44863179806552456 -0.9548851503920679 
0.44863179806552456 -0.9548851503920679 
0.44863179806552456 -0.9548851503920679 
0.44863179806552456 -0.9548851503920679 
0.44863179806552456 -0.9548851503920679 
0.4513281568971239 -0.9534769040462499 
0.4513281568971239 -0.9534769040462499 
0.4513281568971239 -0.9534769040462499 
0.4513281568971239 -0.9534769040462499 
0.4513281568971239 -0.9534769040462499 
0.45432986217483506 -0.9520697658578803 
0.45432986217483506 -0.9520697658578803 
0.45432986217483506 -0.9520697658578803 
0.45432986217483506 -0.9520697658578803 
0.45432986217483506 -0.9520697658578803 
0.4606503750283979 -0.9490272032259901 
0.4606503750283979 -0.9490272032259901 
0.4606503750283979 -0.9490272032259901 
0.4606503750283979 -0.9490272032259901 
0.4606503750283979 -0.9490272032259901 
0.4555233338934146 -0.952719230407377 
0.4555233338934146 -0.952719230407377 
0.4555233338934146 -0.952719230407377 
0.4555233338934146 -0.952719230407377 
0.4555233338934146 -0.952719230407377 
0.45856145877323673 -0.9513038241700207 
0.45856145877323673 -0.9513038241700207 
0.45856145877323673 -0.9513038241700207 
0.45856145877323673 -0.9513038241700207 
0.45856145877323673 -0.9513038241700207 
0.4634232098788731 -0.9494292009319116 
0.4634232098788731 -0.9494292009319116 
0.4634232098788731 -0.9494292009319116 
0.4634232098788731 -0.9494292009319116 
0.4634232098788731 -0.9494292009319116 
0.4693967184603922 -0.9472287399391581 
0.4693967184603922 -0.9472287399391581 
0.4693967184603922 -0.9472287399391581 
0.4693967184603922 -0.9472287399391581 
0.4693967184603922 -0.9472287399391581 
0.4700812390005303 -0.9471274964247457 
0.4700812390005303 -0.9471274964247457 
0.4700812390005303 -0.9471274964247457 
0.4700812390005303 -0.9471274964247457 
0.4700812390005303 -0.9471274964247457 
0.4710521276294087 -0.9467602516768551 
0.4710521276294087 -0.9467602516768551 
0.4710521276294087 -0.9467602516768551 
0.4710521276294087 -0.9467602516768551 
0.4710521276294087 -0.9467602516768551 
0.4709570448041261 -0.9469878623884455 
0.4709570448041261 -0.9469878623884455 
0.4709570448041261 -0.9469878623884455 
0.4709570448041261 -0.9469878623884455 
0.4709570448041261 -0.9469878623884455 
0.47070402171224507 -0.9471713671839237 
0.47070402171224507 -0.9471713671839237 
0.47070402171224507 -0.9471713671839237 
0.47070402171224507 -0.9471713671839237 
0.47070402171224507 -0.9471713671839237 
0.47042463996639194 -0.9473454376595467 
0.47042463996639194 -0.9473454376595467 
0.47042463996639194 -0.9473454376595467 
0.47042463996639194 -0.9473454376595467 
0.47042463996639194 -0.9473454376595467 
0.4695971753007752 -0.9478334779072985 
0.4695971753007752 -0.9478334779072985 
0.4695971753007752 -0.9478334779072985 
0.4695971753007752 -0.9478334779072985 
0.4695971753007752 -0.9478334779072985 
0.4685607542153778 -0.9484267479272371 
0.4685607542153778 -0.9484267479272371 
0.4685607542153778 -0.9484267479272371 
0.4685607542153778 -0.9484267479272371 
0.4685607542153778 -0.9484267479272371 
0.4679971316494832 -0.9487461039124323 
0.4679971316494832 -0.9487461039124323 
0.4679971316494832 -0.9487461039124323 
0.4679971316494832 -0.9487461039124323 
0.4679971316494832 -0.9487461039124323 
0.46752953005282194 -0.9490125666591159 
0.46752953005282194 -0.9490125666591159 
0.46752953005282194 -0.9490125666591159 
0.46752953005282194 -0.9490125666591159 
0.46752953005282194 -0.9490125666591159 
0.4670990479966109 -0.9492622961143637 
