0.087941
-0.222147
0.238951
-0.957310
0.356266
0.281805
-0.954815
0.375291
0.091062
0.204714
-0.957139
-0.944477
-0.067616
0.136423
0.369134
0.568755
0.500849
-0.006803
0.572059
0.243126
0.425336
0.646614
-0.044370
-0.299868
-1.371879
0.286985
-0.060631
0.304511
0.041016
0.058578
0.463613
-0.175042
-0.974801
-0.185761
0.436811
0.204138
0.419357
-0.146741
0.176831
0.291946
0.266963
0.160816
0.076282
0.139464
-0.139309
0.174333
0.336953
-0.960500
0.367791
0.294505
0.258747
-0.255999
0.346709
0.321597
-0.056708
0.043529
0.314147
0.263903
-0.956736
0.221022
0.194225
0.296911
-0.955205
0.091883
0.475011
-0.125222
-0.962094
0.158905
0.185048
0.419473
-0.080843
0.275038
-0.957839
0.305717
-0.930075
0.083041
-0.046901
0.334753
0.016588
0.248926
0.324289
-0.180283
-1.220728
0.148001
0.238532
0.249066
0.295858
0.573409
0.127079
-0.960885
0.086193
0.449439
0.164263
-1.011093
0.551809
-0.824512
0.347507
0.272807
-0.958943
0.156181
0.565966
0.270907
0.374340
0.225871
-1.149763
0.382381
-0.954939
0.436189
0.359447
-0.006381
0.355658
-0.944787
-0.271526
0.265318
0.252934
0.254841
0.301637
0.358598
0.175797
-0.025756
-0.879764
0.400658
0.147630
-0.955457
0.386498
0.074729
0.424892
-0.955063
-0.976267
0.158474
0.420635
0.319678
-0.133015
-0.943316
0.388139
0.491684
0.300452
0.221798
0.292278
0.079894
-0.101529
0.586449
-0.336123
0.118306
0.507976
0.305779
-0.957359
0.326377
-0.970495
-0.959218
0.383046
-0.074805
-0.956181
0.212669
0.221127
0.224598
-0.958967
-0.955651
-0.956137
0.111990
0.543824
-0.937636
-0.038202
0.017045
0.274508
0.009214
0.318503
0.336929
0.211812
0.408918
0.204740
0.205449
0.318736
0.328720
-0.861886
-1.022959
0.210809
0.263204
0.411202
0.480330
-0.925234
0.362690
0.580358
-0.956468
0.262009
-0.959048
0.385102
-0.114761
0.146931
-0.954026
0.342607
0.195882
-0.950814
-0.955113
-0.114788
0.224144
0.414720
-0.980841
0.184165
0.349107
0.069274
0.088290
-0.953908
0.367249
0.126214
0.349782
-0.997149
-0.958350
0.381879
0.315608
-0.955479
0.477544
0.387997
0.244761
0.253557
-0.959377
0.012351
0.126946
-0.960636
0.583883
0.340538
0.435739
0.311545
-0.593746
0.331423
0.246621
0.012749
0.204523
0.120419
0.210519
0.452792
0.282666
0.151617
-0.955662
0.331248
0.408369
0.414424
-0.954897
0.632877
0.320240
0.122347
0.149729
-0.112119
0.236503
0.278624
-0.192161
0.210355
0.304892
-0.963285
0.343330
0.517491
0.399484
0.219425
0.055423
0.310301
