0.558009 -0.226999 -0.252314 0.144438
0.559891 -0.226823 -0.251708 0.144699
0.561942 -0.226700 -0.251005 0.144911
0.564012 -0.226531 -0.250399 0.145051
0.565825 -0.226277 -0.249803 0.144924
0.566204 -0.226048 -0.249912 0.145702
0.565722 -0.225895 -0.250232 0.147058
0.565835 -0.225650 -0.250443 0.148032
0.565687 -0.225491 -0.250692 0.149241
0.568004 -0.225238 -0.249976 0.149117
0.569757 -0.225127 -0.249383 0.149441
0.572408 -0.224895 -0.248575 0.149206
0.574302 -0.224741 -0.247927 0.149489
0.575074 -0.224505 -0.247890 0.150079
0.575322 -0.224259 -0.247959 0.150832
0.575173 -0.224013 -0.248293 0.151959
0.575519 -0.223747 -0.248453 0.152888
0.576927 -0.223568 -0.248024 0.153072
0.579284 -0.223373 -0.247303 0.152978
0.581405 -0.223256 -0.246592 0.153255
0.582848 -0.223161 -0.246051 0.153597
0.584121 -0.222837 -0.245839 0.153611
0.584096 -0.222572 -0.246107 0.154815
0.584092 -0.222255 -0.246464 0.155945
0.583784 -0.221983 -0.247004 0.157407
0.584749 -0.221820 -0.246779 0.158294
0.587424 -0.221827 -0.245771 0.158282
0.589413 -0.221961 -0.244847 0.158448
0.591853 -0.221847 -0.243918 0.158363
0.592481 -0.221726 -0.243935 0.159506
0.592070 -0.221337 -0.244537 0.161160
0.592056 -0.221147 -0.244848 0.162697
0.592662 -0.220638 -0.245253 0.163814
0.594288 -0.220374 -0.244836 0.163877
0.596428 -0.220335 -0.243939 0.164157
0.598152 -0.220456 -0.243226 0.164915
0.599873 -0.220617 -0.242604 0.165747
0.601037 -0.220457 -0.242397 0.166736
0.602161 -0.219945 -0.242387 0.166785
0.602645 -0.219528 -0.242723 0.168142
0.602564 -0.219158 -0.243152 0.169822
0.603343 -0.219200 -0.243043 0.171107
0.605165 -0.219263 -0.242267 0.171339
0.607553 -0.219061 -0.241498 0.171222
0.609871 -0.218974 -0.240645 0.171116
0.610964 -0.218906 -0.240242 0.171959
0.612070 -0.218553 -0.240432 0.173437
0.612241 -0.218226 -0.240762 0.174572
0.612484 -0.218128 -0.241054 0.177030
0.613735 -0.217741 -0.240805 0.176476
0.615767 -0.217446 -0.240070 0.175911
0.617999 -0.217413 -0.239264 0.176254
0.619286 -0.217394 -0.238748 0.175690
0.620226 -0.217227 -0.238310 0.174662
0.621569 -0.216819 -0.238229 0.175316
0.622295 -0.216585 -0.238600 0.178408
0.623560 -0.216290 -0.238643 0.181019
0.625471 -0.215973 -0.238454 0.182056
0.626979 -0.215876 -0.237863 0.181747
0.628004 -0.215790 -0.237492 0.181758
0.628913 -0.215815 -0.237024 0.181580
0.629359 -0.215872 -0.236556 0.181235
0.631321 -0.215433 -0.236667 0.183582
0.632930 -0.215059 -0.236656 0.185450
0.635332 -0.214526 -0.236469 0.187067
0.636905 -0.214188 -0.236478 0.189229
0.637373 -0.214329 -0.236075 0.189876
0.638182 -0.214410 -0.235695 0.190378
0.638454 -0.214565 -0.235523 0.190628
0.638611 -0.214660 -0.235416 0.191351
0.640358 -0.214158 -0.235346 0.192400
0.642262 -0.213904 -0.235130 0.194461
0.643999 -0.213595 -0.234876 0.196231
0.645970 -0.213411 -0.234606 0.198541
0.646908 -0.213205 -0.234595 0.199192
0.647634 -0.213013 -0.234404 0.198924
0.648601 -0.212796 -0.234028 0.197718
0.648876 -0.213049 -0.233663 0.197943
0.650842 -0.212671 -0.233519 0.199900
0.653429 -0.212146 -0.233294 0.201961
0.656092 -0.211557 -0.233015 0.203278
0.658344 -0.211202 -0.232750 0.205256
0.658869 -0.211199 -0.232510 0.206091
0.659134 -0.211204 -0.232256 0.205338
0.660071 -0.211217 -0.231948 0.205263
0.660659 -0.211435 -0.231543 0.205736
0.662347 -0.211050 -0.231526 0.207849
0.664451 -0.210678 -0.231425 0.210639
0.666594 -0.210320 -0.231074 0.212536
0.668398 -0.210038 -0.230863 0.214300
0.669686 -0.209945 -0.230513 0.214108
0.671110 -0.209794 -0.230012 0.213556
0.672601 -0.209583 -0.229802 0.214970
0.674073 -0.209457 -0.229517 0.216390
0.675504 -0.209078 -0.229410 0.217178
0.677144 -0.208875 -0.229132 0.218612
0.678389 -0.208724 -0.229003 0.220387
0.678767 -0.208731 -0.229006 0.222530
0.681673 -0.208313 -0.228469 0.223360
0.682983 -0.208049 -0.228281 0.224871
0.684498 -0.207886 -0.228144 0.226560
0.685637 -0.207828 -0.227832 0.228137
0.687004 -0.207635 -0.227671 0.229795
0.688424 -0.207408 -0.227499 0.230383
0.689732 -0.207378 -0.227206 0.232064
0.691112 -0.207186 -0.227041 0.233764
0.692337 -0.206966 -0.226856 0.235413
0.693774 -0.206810 -0.226613 0.236040
0.695005 -0.206660 -0.226359 0.237699
0.696433 -0.206637 -0.226030 0.238684
0.697843 -0.206676 -0.225589 0.240036
0.699306 -0.206516 -0.225405 0.242228
0.700596 -0.206413 -0.225012 0.243255
0.702066 -0.205997 -0.225206 0.245829
0.703552 -0.205812 -0.224917 0.247899
0.705056 -0.205796 -0.224628 0.249726
0.706379 -0.205721 -0.224166 0.249490
0.708387 -0.205536 -0.223605 0.250034
0.709166 -0.205501 -0.223339 0.250852
0.710338 -0.205331 -0.223137 0.251650
0.711259 -0.205319 -0.223182 0.254666
0.713538 -0.204904 -0.222753 0.256439
0.716141 -0.204536 -0.222302 0.257852
0.718423 -0.204270 -0.221765 0.260035
0.719037 -0.204556 -0.221517 0.261756
0.718405 -0.204571 -0.221838 0.263402
0.718586 -0.204893 -0.221752 0.265149
0.718352 -0.204838 -0.221917 0.265619
0.721083 -0.204312 -0.221551 0.267132
0.723243 -0.204048 -0.221031 0.269007
0.725864 -0.203609 -0.220741 0.271851
0.728297 -0.203242 -0.220308 0.275129
0.729472 -0.203118 -0.219969 0.274817
0.730070 -0.203121 -0.219982 0.276423
0.729951 -0.203271 -0.220101 0.278310
0.731010 -0.203361 -0.219707 0.279219
0.732142 -0.203139 -0.219491 0.280132
0.734607 -0.202781 -0.219175 0.283281
0.736568 -0.202496 -0.218717 0.284893
0.738766 -0.202457 -0.218097 0.286544
0.740513 -0.201865 -0.218060 0.288826
0.741793 -0.201858 -0.217759 0.289978
0.742710 -0.201600 -0.217752 0.292281
0.744125 -0.201524 -0.217531 0.294650
0.744997 -0.201388 -0.217424 0.296969
0.747304 -0.200951 -0.217086 0.298111
0.749399 -0.200427 -0.216903 0.300511
0.751538 -0.200192 -0.216375 0.302050
0.753510 -0.200217 -0.215643 0.304728
0.754916 -0.200138 -0.215297 0.306665
0.756269 -0.200101 -0.214996 0.308201
0.757347 -0.200055 -0.214704 0.308872
0.758479 -0.199982 -0.214444 0.310042
0.759834 -0.199631 -0.214299 0.311963
0.761285 -0.199682 -0.213927 0.315250
0.763555 -0.199384 -0.213329 0.317598
0.766228 -0.198889 -0.212830 0.318036
0.768287 -0.198659 -0.212325 0.320056
0.768636 -0.198983 -0.212065 0.322906
0.768631 -0.198961 -0.212193 0.324648
0.768811 -0.198950 -0.212451 0.328249
0.769675 -0.198787 -0.212447 0.331714
0.772008 -0.198426 -0.211811 0.332169
0.774673 -0.198294 -0.210945 0.332211
0.775938 -0.197996 -0.210810 0.332386
0.777506 -0.197492 -0.210599 0.330331
0.778691 -0.197455 -0.210334 0.334540
0.779792 -0.197731 -0.209887 0.339883
0.779986 -0.197977 -0.209712 0.344505
0.781532 -0.198108 -0.209163 0.350083
0.782965 -0.197805 -0.208890 0.351567
0.784497 -0.197502 -0.208677 0.349564
0.785796 -0.197241 -0.208403 0.347592
0.787414 -0.196836 -0.208266 0.345934
0.788782 -0.196984 -0.207641 0.344846
0.790320 -0.196508 -0.207597 0.351322
0.791082 -0.196587 -0.207357 0.359444
0.792614 -0.196378 -0.207014 0.365029
0.794799 -0.196187 -0.206343 0.369094
0.795191 -0.196022 -0.206412 0.367632
0.795928 -0.196070 -0.206270 0.365740
0.796496 -0.196010 -0.206261 0.364024
0.797128 -0.195982 -0.206193 0.363549
0.798157 -0.195767 -0.205974 0.368741
0.801469 -0.195226 -0.205142 0.373024
0.804006 -0.195236 -0.204014 0.376145
0.807660 -0.194808 -0.202912 0.380466
0.808732 -0.194572 -0.202799 0.380838
0.808392 -0.194647 -0.203082 0.379953
0.806903 -0.194875 -0.203638 0.381718
0.806263 -0.194920 -0.204154 0.383457
0.807586 -0.194477 -0.204122 0.385412
0.810705 -0.194033 -0.203220 0.387732
0.812825 -0.193948 -0.202437 0.390771
0.815297 -0.193767 -0.201568 0.393634
0.817535 -0.193629 -0.200776 0.395891
0.818009 -0.193250 -0.201038 0.396312
0.817951 -0.193173 -0.201356 0.396869
0.817617 -0.192818 -0.202005 0.397529
0.818637 -0.192860 -0.201755 0.397686
