0.196149
-0.720291
0.788729
-0.029923
2.074095
-0.072226
-0.844740
0.754399
1.116624
-0.099803
-0.471223
1.313958
0.461513
-0.924438
-0.158709
1.049667
0.184180
1.556141
0.039711
0.579455
-0.559149
0.446789
-1.186703
-0.755962
-0.849274
-1.127576
1.327255
2.319373
1.044714
0.020033
-0.438395
-1.141803
0.677987
-0.176109
-0.732783
-0.225723
0.382435
1.889372
-1.090159
-0.578941
-0.151369
-0.568873
1.113078
1.646442
0.339132
0.786276
0.089841
0.322504
0.090812
-1.164981
-0.331327
1.385997
1.146301
0.804233
0.025511
-0.236219
-0.749177
-1.138861
0.335277
1.108478
-0.119935
0.833171
0.087676
-0.306195
1.354424
1.357784
0.363561
-0.823970
-0.156865
-0.268297
2.060200
-0.545891
1.550965
0.648235
-0.610186
-0.797038
0.504960
0.009432
1.548905
-1.000826
-0.089997
-0.195871
-0.880194
-0.253246
-0.090529
-2.507121
-0.468712
0.389034
-0.830200
0.593977
0.137943
0.551910
0.887371
-0.199205
-0.328547
0.410161
-0.607469
0.184353
-2.087088
0.023622
-0.403815
-0.961221
-0.289974
1.502157
1.704011
0.505280
-1.991581
-0.590388
0.420378
0.198902
-0.947787
1.264449
0.152813
0.619580
0.226961
0.116719
1.851428
-1.733669
-0.859593
-1.578556
-0.375445
-0.074869
-0.883688
-1.444379
0.176894
-0.115437
-0.240106
-0.652140
-0.671822
0.328193
-0.169358
-0.604665
-0.201235
1.141647
-0.011405
-0.019625
0.926996
-0.625072
0.715748
-1.803468
-0.525283
0.661046
0.171681
-1.246506
0.221040
-0.265838
0.926343
-1.621833
-0.356845
0.269238
-0.713976
-0.003289
-1.019448
-1.368309
0.000221
-0.156036
-0.262969
0.931796
0.784875
-0.281451
-1.260729
2.213658
0.891838
-0.427984
1.448656
1.680662
-0.300468
-1.718410
-0.552365
-0.839668
0.181043
0.398143
2.301020
0.119344
-1.331267
-1.381562
0.328080
-0.222389
-0.456087
0.602198
1.390255
2.056062
-1.318321
0.400315
-1.095053
0.529874
0.381169
0.072378
0.143743
-0.848415
-0.293705
0.241124
0.921908
-0.578772
0.199434
-0.024704
0.122071
0.023977
-0.759243
-1.040569
-0.003656
-1.628444
-2.366383
-0.695736
-0.133857
1.204440
-1.117865
-0.581924
1.748016
-0.834394
0.048853
-0.806474
-1.481263
-1.153163
1.424257
-0.292672
-0.122159
0.396166
-0.092560
-0.461371
1.974481
1.722962
-0.727734
0.665427
0.128932
-0.614343
-1.696667
-1.283424
0.854767
-0.299704
-0.151449
-0.923275
1.525468
-0.486238
0.276625
-0.531822
2.655963
0.237824
0.432908
-0.703720
0.184939
-1.877109
-0.373097
1.763767
1.012702
-1.784219
-1.570589
0.663411
0.433005
-1.643003
1.492782
-0.077116
1.224755
1.478238
-1.574456
