0.055422 0.115947 0.123717 -0.169791
0.054741 0.115536 0.122376 -0.168869
0.054081 0.114812 0.120421 -0.167825
0.053295 0.114131 0.118782 -0.166756
0.052258 0.113838 0.117673 -0.165415
0.051556 0.117239 0.121533 -0.166172
0.051266 0.122641 0.127626 -0.168024
0.050709 0.126669 0.132343 -0.169053
0.050384 0.131556 0.137796 -0.170525
0.049315 0.130133 0.135367 -0.168864
0.048622 0.130360 0.134499 -0.168137
0.047527 0.128326 0.131255 -0.166222
0.046834 0.128040 0.129895 -0.165269
0.046010 0.130790 0.132813 -0.165458
0.045279 0.134659 0.137037 -0.166002
0.044746 0.139696 0.142943 -0.167228
0.044138 0.143496 0.147356 -0.167892
0.043162 0.144803 0.147935 -0.167154
0.042057 0.143706 0.145670 -0.165594
0.041320 0.143168 0.143848 -0.164545
0.040554 0.144397 0.143972 -0.163934
0.039238 0.146148 0.145687 -0.163042
0.038776 0.150984 0.151309 -0.164041
0.038206 0.155956 0.157345 -0.164931
0.037896 0.162044 0.164758 -0.166378
0.037445 0.164568 0.166959 -0.166451
0.036467 0.163020 0.163226 -0.164929
0.035694 0.163512 0.161321 -0.163980
0.034639 0.162222 0.158277 -0.162290
0.034237 0.166146 0.162192 -0.162931
0.034049 0.172273 0.170029 -0.164267
0.033964 0.177898 0.176353 -0.165424
0.033319 0.181510 0.181658 -0.165624
0.032050 0.182647 0.182237 -0.164375
0.031243 0.182176 0.179873 -0.163192
0.030845 0.183484 0.179257 -0.162905
0.030444 0.185241 0.179158 -0.162822
0.029979 0.187796 0.181401 -0.162773
0.028455 0.190266 0.184603 -0.161443
0.028084 0.194508 0.190174 -0.161779
0.028126 0.200223 0.197265 -0.162549
0.028011 0.204907 0.201269 -0.163048
0.027052 0.206259 0.200568 -0.162011
0.025579 0.205474 0.198459 -0.160208
0.024208 0.205143 0.196341 -0.158517
0.023737 0.208112 0.198320 -0.158130
0.023443 0.211224 0.202416 -0.158312
0.022997 0.217263 0.209394 -0.158251
0.023918 0.223077 0.215799 -0.159721
0.021929 0.226198 0.218734 -0.157418
0.019989 0.226379 0.217719 -0.154959
0.018944 0.226467 0.216014 -0.153728
0.017113 0.230665 0.218528 -0.151651
0.014871 0.235612 0.222180 -0.148841
0.013890 0.238169 0.225217 -0.147646
0.015261 0.242328 0.230671 -0.149390
0.016165 0.244214 0.233398 -0.150434
0.015417 0.245396 0.234770 -0.149681
0.013791 0.248471 0.236326 -0.147519
0.012542 0.253251 0.239956 -0.145670
0.011244 0.258800 0.243806 -0.143612
0.010021 0.265768 0.248881 -0.141231
0.010318 0.266284 0.250783 -0.141750
0.010384 0.267933 0.253252 -0.141680
0.009878 0.266475 0.252786 -0.141279
0.010219 0.268285 0.255402 -0.141531
0.009988 0.275199 0.260540 -0.140167
0.009467 0.281449 0.265230 -0.138530
0.009003 0.290751 0.273011 -0.136328
0.009122 0.299816 0.280947 -0.134461
0.008354 0.301446 0.283504 -0.132999
0.008574 0.302453 0.284681 -0.133071
0.008600 0.303586 0.285992 -0.132696
0.009029 0.304407 0.286736 -0.133120
0.008561 0.310834 0.293170 -0.130810
0.007501 0.318048 0.299820 -0.127189
0.005481 0.324766 0.305553 -0.122340
0.005637 0.334704 0.313409 -0.119109
0.005658 0.335614 0.314969 -0.118698
0.005175 0.333596 0.313934 -0.118737
0.003922 0.331542 0.312799 -0.117781
0.003719 0.331379 0.312995 -0.117567
0.004098 0.339085 0.319766 -0.114927
0.003449 0.349554 0.328974 -0.109596
0.002951 0.357668 0.335892 -0.105381
0.003481 0.366815 0.343154 -0.101752
0.003971 0.369272 0.346569 -0.100873
0.004601 0.369560 0.347725 -0.101389
0.004342 0.369397 0.347738 -0.100936
0.004452 0.371781 0.350335 -0.099706
0.003682 0.378662 0.356318 -0.094995
0.002390 0.384293 0.360880 -0.089982
0.002707 0.388594 0.365172 -0.087681
0.003137 0.393181 0.369364 -0.085370
0.002984 0.397930 0.374755 -0.081702
0.003224 0.401704 0.378392 -0.079404
0.004386 0.407322 0.384104 -0.076949
0.007242 0.416459 0.393257 -0.073935
0.005117 0.415127 0.391770 -0.072065
0.005893 0.419682 0.396605 -0.069281
0.006900 0.425134 0.402235 -0.066372
0.008228 0.430921 0.407501 -0.063405
0.009399 0.436282 0.413091 -0.060315
0.009869 0.442883 0.419966 -0.055048
0.011392 0.448902 0.425513 -0.051807
0.012784 0.454344 0.431249 -0.048431
0.014265 0.459640 0.436868 -0.044978
0.015116 0.466492 0.443762 -0.039272
0.016766 0.471943 0.449227 -0.035690
0.018147 0.478953 0.455787 -0.030390
0.019660 0.485029 0.460961 -0.026160
0.021661 0.490061 0.466292 -0.023121
0.022979 0.495765 0.471612 -0.018211
0.025626 0.501156 0.479038 -0.014654
0.027279 0.505173 0.483154 -0.011786
0.029556 0.511525 0.489285 -0.007321
0.030574 0.518919 0.496214 0.000888
0.030237 0.522246 0.498969 0.005885
0.033333 0.530833 0.507606 0.013485
0.035791 0.538232 0.515597 0.021004
0.041126 0.546842 0.525114 0.026012
0.040387 0.546747 0.525263 0.027687
0.039362 0.547389 0.526063 0.030555
0.038909 0.547328 0.525549 0.031319
0.044628 0.558697 0.536494 0.039855
0.053714 0.573553 0.553456 0.052093
0.061585 0.586779 0.566854 0.062959
0.069338 0.599797 0.581827 0.077069
0.067953 0.599527 0.582398 0.079870
0.067718 0.600235 0.582781 0.081940
0.067509 0.599944 0.583226 0.082419
0.067019 0.598466 0.581707 0.080684
0.069900 0.606080 0.589828 0.092257
0.076815 0.616307 0.601360 0.103327
0.086267 0.628599 0.614994 0.115878
0.090664 0.635989 0.622144 0.125744
0.094136 0.641447 0.628535 0.134725
0.094689 0.641839 0.629439 0.135339
0.095133 0.643378 0.631022 0.139257
0.096038 0.646177 0.632932 0.144046
0.097693 0.647638 0.636427 0.147909
0.102213 0.654313 0.643417 0.158072
0.107396 0.659527 0.650155 0.165312
0.112017 0.664766 0.655906 0.172349
0.117475 0.670151 0.662205 0.179711
0.117755 0.671732 0.664786 0.186067
0.118755 0.672558 0.667065 0.189368
0.119162 0.674131 0.668450 0.194136
0.119995 0.675554 0.668207 0.195395
0.123757 0.679830 0.672567 0.202506
0.128397 0.685221 0.678238 0.212134
0.133146 0.690904 0.684292 0.223987
0.137915 0.696018 0.689844 0.234503
0.141207 0.698729 0.693771 0.241149
0.146224 0.702929 0.697527 0.246076
0.145503 0.702690 0.696811 0.247184
0.143900 0.702802 0.697629 0.254172
0.144825 0.704132 0.698774 0.258434
0.153842 0.711439 0.705360 0.268130
0.163380 0.718359 0.713608 0.281481
0.174615 0.725331 0.722179 0.291895
0.181759 0.729350 0.727240 0.298115
0.179917 0.729128 0.726785 0.303919
0.178129 0.729847 0.726208 0.311836
0.182276 0.732972 0.730628 0.325071
0.183425 0.734498 0.733895 0.341820
0.189242 0.737537 0.736686 0.344185
0.196729 0.741832 0.739342 0.344917
0.206680 0.747000 0.743653 0.349127
0.212088 0.749834 0.744902 0.347186
0.214971 0.751293 0.746937 0.354495
0.218361 0.753770 0.750618 0.373848
0.221115 0.755579 0.753162 0.391488
0.224465 0.757109 0.756369 0.409960
0.228261 0.759758 0.757582 0.426102
0.232877 0.760590 0.759720 0.420209
0.241904 0.764065 0.762243 0.412758
0.246310 0.765479 0.763483 0.409209
0.246814 0.765840 0.762800 0.406830
0.254837 0.768708 0.766918 0.426974
0.263293 0.771944 0.770341 0.449521
0.271947 0.774379 0.773543 0.470975
0.280668 0.776598 0.776156 0.488452
0.286652 0.778195 0.777807 0.486256
0.281601 0.776717 0.775967 0.479697
0.278435 0.776789 0.773045 0.476521
0.271385 0.775052 0.769857 0.468031
0.277508 0.776317 0.771946 0.481069
0.291939 0.779604 0.776218 0.503712
0.312676 0.784116 0.781650 0.521558
0.331445 0.787252 0.786345 0.538505
0.336870 0.787170 0.787860 0.545359
0.330823 0.785905 0.785793 0.543724
0.331012 0.786516 0.784672 0.543815
0.328923 0.786552 0.783077 0.542951
0.328264 0.786706 0.781704 0.544745
0.337607 0.786707 0.783886 0.557821
0.353212 0.787935 0.786582 0.574940
0.368362 0.787866 0.789697 0.589896
0.377427 0.788150 0.789529 0.603371
