0.912113
1.410279
1.116491
0.599314
1.092807
1.384751
0.898400
1.345187
1.354620
1.197345
0.925215
1.304367
0.767921
0.572143
0.746031
0.646816
1.480406
1.932030
1.319031
0.597086
0.677245
1.931369
0.687670
3.059180
0.862147
1.850287
1.332758
1.099409
0.420285
0.633781
1.233897
0.767523
0.840391
0.516726
0.859369
1.443543
0.436598
0.534947
1.253725
0.848118
0.966674
2.499368
1.481525
1.169257
0.609579
0.667651
2.365176
0.692891
0.729837
1.168749
1.408742
1.153020
1.523242
0.499782
2.628601
3.514963
0.578192
0.526427
0.217437
0.924794
1.140518
0.454411
0.984420
0.990506
1.734716
0.761637
0.888258
1.355979
1.037642
2.465813
0.851010
1.372093
0.839956
0.915697
0.627107
0.869259
0.709582
0.893150
0.907159
0.925191
0.574228
1.985158
1.200582
1.621001
1.123060
1.522187
1.354131
0.727008
1.129273
1.218330
0.977517
1.013451
0.759008
0.957725
1.192361
0.787078
1.387787
0.800651
0.868916
0.738880
