0.049711
0.005907
0.011414
0.037406
0.031753
0.042861
0.023274
0.046310
0.022171
0.042504
0.017157
0.008662
0.013148
0.014988
0.011634
0.044513
0.050713
0.008134
0.040072
0.030839
0.032305
0.034812
0.020006
0.028938
0.010586
0.037608
0.023647
0.037916
0.047286
0.036986
0.030547
0.046118
0.019063
0.030424
0.043788
0.036385
0.034176
0.043399
0.043618
0.017517
0.015729
0.045590
0.005371
0.028597
0.046178
0.043080
0.035011
0.035964
0.010264
0.038416
0.013102
0.018002
0.048067
0.042226
0.014541
0.023034
0.047102
0.027461
0.039725
0.008617
0.024960
0.043171
0.029294
0.027357
0.008138
0.043607
0.033594
0.037766
0.041707
0.042900
0.029989
0.038227
0.014297
0.037546
0.045273
0.015457
0.010695
0.030482
0.023868
0.034368
0.045388
0.036786
0.019767
0.009463
0.049213
0.045172
0.042430
0.028367
0.004786
0.026602
0.044618
0.030775
0.037742
0.033282
0.016468
0.045206
0.023095
0.044276
0.008363
0.037122
