65.044477
65.544477
66.044477
66.544477
67.044477
70.665000
71.165000
71.665000
72.165000
72.665000
69.349400
69.849400
70.349400
70.849400
71.349400
63.341951
63.841951
64.341951
64.841951
65.341951
70.378702
70.878702
71.378702
71.878702
72.378702
73.815282
74.315282
74.815282
75.315282
75.815282
70.426051
70.926051
71.426051
71.926051
72.426051
70.646624
71.146624
71.646624
72.146624
72.646624
72.705274
73.205274
73.705274
74.205274
74.705274
67.029339
67.529339
68.029339
68.529339
69.029339
70.609856
71.109856
71.609856
72.109856
72.609856
69.414031
69.914031
70.414031
70.914031
71.414031
71.872156
72.372156
72.872156
73.372156
73.872156
73.576319
74.076319
74.576319
75.076319
75.576319
68.739595
69.239595
69.739595
70.239595
70.739595
69.340979
69.840979
70.340979
70.840979
71.340979
69.699587
70.199587
70.699587
71.199587
71.699587
70.524546
71.024546
71.524546
72.024546
72.524546
70.745478
71.245478
71.745478
72.245478
72.745478
76.657828
77.157828
77.657828
78.157828
78.657828
74.215623
74.715623
75.215623
75.715623
76.215623
66.154889
66.654889
67.154889
67.654889
68.154889
68.432243
68.932243
69.432243
69.932243
70.432243
78.380673
78.880673
79.380673
79.880673
80.380673
74.375537
74.875537
75.375537
75.875537
76.375537
66.497841
66.997841
67.497841
67.997841
68.497841
73.171887
73.671887
74.171887
74.671887
75.171887
72.178091
72.678091
73.178091
73.678091
74.178091
66.638945
67.138945
67.638945
68.138945
68.638945
70.433558
70.933558
71.433558
71.933558
72.433558
75.165999
75.665999
76.165999
76.665999
77.165999
71.778748
72.278748
72.778748
73.278748
73.778748
65.368969
65.868969
66.368969
66.868969
67.368969
70.351748
70.851748
71.351748
71.851748
72.351748
66.241824
66.741824
67.241824
67.741824
68.241824
72.866326
73.366326
73.866326
74.366326
74.866326
71.588594
72.088594
72.588594
73.088594
73.588594
71.042818
71.542818
72.042818
72.542818
73.042818
67.054986
67.554986
68.054986
68.554986
69.054986
70.296921
70.796921
71.296921
71.796921
72.296921
77.829184
78.329184
78.829184
79.329184
79.829184
67.667891
68.167891
68.667891
69.167891
69.667891
65.447299
65.947299
66.447299
66.947299
67.447299
59.460051
59.960051
60.460051
60.960051
61.460051
64.781238
65.281238
65.781238
66.281238
66.781238
73.219163
73.719163
74.219163
74.719163
75.219163
84.101275
84.601275
85.101275
85.601275
86.101275
69.799441
70.299441
70.799441
71.299441
71.799441
66.992332
67.492332
67.992332
68.492332
68.992332
74.529504
75.029504
75.529504
76.029504
76.529504
74.679534
75.179534
75.679534
76.179534
76.679534
64.062288
64.562288
65.062288
65.562288
66.062288
72.547396
73.047396
73.547396
74.047396
74.547396
69.913871
70.413871
70.913871
71.413871
71.913871
75.009127
75.509127
76.009127
76.509127
77.009127
68.655736
69.155736
69.655736
70.155736
70.655736
66.141957
66.641957
67.141957
67.641957
68.141957
68.615925
69.115925
69.615925
70.115925
70.615925
72.022314
72.522314
73.022314
73.522314
74.022314
79.470265
79.970265
80.470265
80.970265
81.470265
67.339521
67.839521
68.339521
68.839521
69.339521
63.165434
63.665434
64.165434
64.665434
65.165434
66.215096
66.715096
67.215096
67.715096
68.215096
74.821508
75.321508
75.821508
76.321508
76.821508
67.673011
68.173011
68.673011
69.173011
69.673011
57.248452
57.748452
58.248452
58.748452
59.248452
70.880439
71.380439
71.880439
72.380439
72.880439
75.679770
76.179770
76.679770
77.179770
77.679770
75.116386
75.616386
76.116386
76.616386
77.116386
68.769392
69.269392
69.769392
70.269392
70.769392
82.334771
82.834771
83.334771
83.834771
84.334771
75.570543
76.070543
76.570543
77.070543
77.570543
69.789904
70.289904
70.789904
71.289904
71.789904
71.482986
71.982986
72.482986
72.982986
73.482986
72.932971
73.432971
73.932971
74.432971
74.932971
71.058583
71.558583
72.058583
72.558583
73.058583
63.725775
64.225775
64.725775
65.225775
65.725775
67.049980
67.549980
68.049980
68.549980
69.049980
69.875881
70.375881
70.875881
71.375881
71.875881
74.592769
75.092769
75.592769
76.092769
76.592769
66.404411
66.904411
67.404411
67.904411
68.404411
65.465635
65.965635
66.465635
66.965635
67.465635
63.214141
63.714141
64.214141
64.714141
65.214141
69.803432
70.303432
70.803432
71.303432
71.803432
65.217950
65.717950
66.217950
66.717950
67.217950
66.734814
67.234814
67.734814
68.234814
68.734814
69.588154
70.088154
70.588154
71.088154
71.588154
68.304331
68.804331
69.304331
69.804331
70.304331
65.422994
65.922994
66.422994
66.922994
67.422994
69.175674
69.675674
70.175674
70.675674
71.175674
71.257861
71.757861
72.257861
72.757861
73.257861
72.124533
72.624533
73.124533
73.624533
74.124533
71.131075
71.631075
72.131075
72.631075
73.131075
71.998012
72.498012
72.998012
73.498012
73.998012
71.946769
72.446769
72.946769
73.446769
73.946769
67.961552
68.461552
68.961552
69.461552
69.961552
72.709386
73.209386
73.709386
74.209386
74.709386
65.494572
65.994572
66.494572
66.994572
67.494572
72.752816
73.252816
73.752816
74.252816
74.752816
72.315297
72.815297
73.315297
73.815297
74.315297
