0.289120 0.155567
0.271202 0.153855
0.295196 0.155583
0.279312 0.154376
0.302263 0.155584
0.288668 0.154644
0.308897 0.155359
0.297203 0.154674
0.314423 0.154975
0.306354 0.154515
0.321691 0.154413
0.316438 0.154047
0.328575 0.153644
0.326061 0.153364
0.334360 0.152846
0.336350 0.152497
0.342179 0.152084
0.346853 0.151784
0.349091 0.151502
0.356392 0.150778
0.358104 0.150589
0.369146 0.149770
0.364727 0.149522
0.378184 0.148729
0.368728 0.148966
0.391907 0.147631
0.379835 0.147554
0.405805 0.146381
0.389366 0.146504
0.420492 0.145388
0.399701 0.145098
0.432687 0.144302
0.405024 0.144301
0.446006 0.143428
0.411560 0.143520
0.456075 0.142919
0.427886 0.142528
0.464637 0.142454
0.442304 0.141852
0.475641 0.142230
0.460285 0.141232
0.485245 0.141984
0.473602 0.140998
0.497454 0.142272
0.488280 0.141223
0.506329 0.142286
0.505270 0.141954
0.517770 0.142919
0.519480 0.142648
0.528224 0.143241
0.532895 0.143653
0.538237 0.144060
0.547678 0.145115
0.552188 0.145685
0.563582 0.147577
0.565455 0.147615
0.578533 0.150279
0.577799 0.149816
0.589870 0.152615
0.589691 0.152324
0.603660 0.156017
0.603163 0.155692
0.618546 0.160371
0.618330 0.160135
0.633641 0.165410
0.633467 0.165195
0.646491 0.170163
0.650495 0.171701
0.664603 0.177811
0.665379 0.178047
0.679530 0.184772
0.681256 0.185522
0.692788 0.191456
0.698313 0.194368
0.706212 0.198749
0.713941 0.203219
0.721896 0.208015
0.728869 0.212354
0.736952 0.217601
0.743929 0.222294
0.748955 0.225756
0.754801 0.229897
0.762915 0.235878
0.769259 0.240725
0.776189 0.246199
0.783149 0.251884
0.788911 0.256757
0.796484 0.263405
0.801771 0.268208
0.810669 0.276649
0.816478 0.282400
0.819072 0.285038
0.823673 0.289835
0.832446 0.299408
0.835359 0.302694
0.844435 0.313414
0.845359 0.314570
0.850716 0.321326
0.858364 0.331456
0.865664 0.341816
0.868245 0.345653
0.877158 0.359719
0.875372 0.356821
0.887202 0.377384
0.881112 0.366562
0.891118 0.384754
0.890915 0.384372
0.896985 0.396656
0.896046 0.394902
0.902088 0.407954
0.903126 0.410482
0.908592 0.423772
0.907777 0.422112
0.910297 0.428643
0.912057 0.433578
0.915721 0.444100
0.917066 0.448456
0.919051 0.454819
0.920994 0.461669
0.920481 0.460391
0.924291 0.473950
0.926226 0.481849
0.928694 0.492864
0.929566 0.497523
0.932207 0.511726
0.932617 0.514810
0.933429 0.520562
0.934451 0.528272
0.935467 0.537601
0.934316 0.530259
0.937709 0.565780
0.934574 0.535728
0.938311 0.589740
0.935075 0.542615
0.938202 0.594330
0.934556 0.544123
0.937875 0.600529
0.935950 0.564111
0.936457 0.628190
0.936398 0.586211
0.932925 0.660961
0.936112 0.612687
0.932977 0.660702
0.934914 0.633361
0.930732 0.677089
0.933372 0.652025
0.930040 0.680351
0.930589 0.676918
0.929456 0.687441
0.929870 0.682982
0.929617 0.683565
0.927763 0.697843
0.927684 0.697165
0.925725 0.709732
0.927469 0.696661
0.922807 0.725298
0.925749 0.706291
0.921710 0.730947
0.925990 0.700232
0.920737 0.735614
0.926019 0.693634
0.917456 0.752486
0.923072 0.715096
0.912501 0.776635
0.920223 0.731789
0.910376 0.786163
0.919995 0.729595
0.909162 0.790398
0.916739 0.746126
0.903799 0.812548
0.913781 0.759212
0.903575 0.811529
0.912858 0.759256
0.903637 0.808037
0.909963 0.770106
0.900798 0.817103
0.906670 0.784487
0.898915 0.823980
0.905045 0.783944
0.898884 0.816266
0.902407 0.795504
0.899234 0.809648
0.899275 0.807039
0.898970 0.808324
0.898037 0.812508
0.899806 0.800209
0.895697 0.823715
0.898419 0.803699
0.893399 0.835147
0.897935 0.800348
0.891954 0.839137
0.895952 0.811542
0.887036 0.863735
0.892336 0.830140
0.882379 0.884596
0.890200 0.839737
0.881045 0.889272
0.888383 0.845510
0.876610 0.908293
0.887521 0.845038
