26.384383
26.881288
27.378193
27.875098
28.372003
28.868908
29.365813
29.862718
30.359624
30.856529
31.353434
31.850339
32.347244
32.844149
33.341054
33.837959
34.334864
34.831770
35.328675
35.825580
36.322485
36.819390
37.316295
37.813200
38.310105
38.807010
39.303915
39.800821
40.297726
40.794631
41.291536
41.788441
42.285346
42.782251
43.279156
43.776061
44.272967
44.769872
45.266777
45.763682
46.260587
46.757492
47.254397
47.751302
48.248207
48.745113
49.242018
49.738923
50.235828
50.732733
51.229638
51.726543
52.223448
52.720353
53.217258
53.714164
54.211069
54.707974
55.204879
55.701784
56.198689
56.695594
57.192499
57.689404
58.186310
58.683215
59.180120
59.677025
60.173930
60.670835
61.167740
61.664645
62.161550
62.658455
63.155361
63.652266
64.149171
64.646076
65.142981
65.639886
66.136791
66.633696
67.130601
67.627507
68.124412
68.621317
69.118222
69.615127
70.112032
70.608937
71.105842
71.602747
72.099653
72.596558
73.093463
73.590368
74.087273
74.584178
75.081083
75.577988
76.074893
76.571798
77.068704
77.565609
78.062514
78.559419
79.056324
79.553229
80.050134
80.547039
81.043944
81.540850
82.037755
82.534660
83.031565
83.528470
84.025375
84.522280
85.019185
85.516090
86.012995
86.509901
87.006806
87.503711
88.000616
88.497521
88.994426
89.491331
89.988236
90.485141
90.982047
91.478952
91.975857
92.472762
92.969667
93.466572
93.963477
94.460382
94.957287
95.454193
95.951098
96.448003
96.944908
97.441813
97.938718
98.435623
98.932528
99.429433
99.926338
100.423244
100.920149
101.417054
101.913959
102.410864
102.907769
103.404674
103.901579
104.398484
104.895390
105.392295
105.889200
106.386105
106.883010
107.379915
107.876820
108.373725
108.870630
109.367536
109.864441
110.361346
110.858251
111.355156
111.852061
112.348966
112.845871
113.342776
113.839681
114.336587
114.833492
115.330397
115.827302
116.324207
116.821112
117.318017
117.814922
118.311827
118.808733
119.305638
119.802543
120.299448
120.796353
121.293258
121.790163
122.287068
122.783973
123.280878
123.777784
124.274689
124.771594
125.268499
