5.104409027099609375e+01
5.184886932373046875e+01
5.265364837646484375e+01
5.345842742919921875e+01
5.426320648193359375e+01
5.506798553466796875e+01
5.587276458740234375e+01
5.667754745483398438e+01
5.748232650756835938e+01
5.828710556030273438e+01
5.909188461303710938e+01
5.989666748046875000e+01
6.192757797241210938e+01
6.242570877075195312e+01
6.292383956909179688e+01
6.342197036743164062e+01
6.392010116577148438e+01
6.441822814941406250e+01
6.491635894775390625e+01
6.541448974609375000e+01
6.591262054443359375e+01
6.641075134277343750e+01
6.690888214111328125e+01
6.740701293945312500e+01
7.655982971191406250e+01
7.717160034179687500e+01
7.778337097167968750e+01
7.839514160156250000e+01
7.900691223144531250e+01
7.961868286132812500e+01
8.023046112060546875e+01
8.084223175048828125e+01
8.145400238037109375e+01
8.206577301025390625e+01
8.267754364013671875e+01
8.328931427001953125e+01
5.328568267822265625e+01
5.374796295166015625e+01
5.421024703979492188e+01
5.467253112792968750e+01
5.513481140136718750e+01
5.559709548950195312e+01
5.605937957763671875e+01
5.652166366577148438e+01
5.698394775390625000e+01
5.744622802734375000e+01
5.790851211547851562e+01
5.837079620361328125e+01
8.665113830566406250e+01
8.729801940917968750e+01
8.794490814208984375e+01
8.859178924560546875e+01
8.923867797851562500e+01
8.988555908203125000e+01
9.053244781494140625e+01
9.117933654785156250e+01
9.182621765136718750e+01
9.247310638427734375e+01
9.311999511718750000e+01
9.376687622070312500e+01
5.774470138549804688e+01
5.837197875976562500e+01
5.899925613403320312e+01
5.962653350830078125e+01
6.025381469726562500e+01
6.088109207153320312e+01
6.150836944580078125e+01
6.213564682006835938e+01
6.276292419433593750e+01
6.339020156860351562e+01
6.401747894287109375e+01
6.464476013183593750e+01
6.846733093261718750e+01
6.890567016601562500e+01
6.934401702880859375e+01
6.978236389160156250e+01
7.022071075439453125e+01
7.065905761718750000e+01
7.109739685058593750e+01
7.153574371337890625e+01
7.197409057617187500e+01
7.241243743896484375e+01
7.285078430175781250e+01
7.328912353515625000e+01
6.531532287597656250e+01
6.595101165771484375e+01
6.658670043945312500e+01
6.722238159179687500e+01
6.785807037353515625e+01
6.849375915527343750e+01
6.912944793701171875e+01
6.976512908935546875e+01
7.040081787109375000e+01
7.103650665283203125e+01
7.167218780517578125e+01
7.230787658691406250e+01
6.195664978027343750e+01
6.255654144287109375e+01
6.315643692016601562e+01
6.375633239746093750e+01
6.435622406005859375e+01
6.495611572265625000e+01
6.555600738525390625e+01
6.615589904785156250e+01
6.675579071044921875e+01
6.735568237304687500e+01
6.795558166503906250e+01
6.855547332763671875e+01
5.836872482299804688e+01
5.897215270996093750e+01
5.957557678222656250e+01
6.017900466918945312e+01
6.078243255615234375e+01
6.138586044311523438e+01
6.198928833007812500e+01
6.259271621704101562e+01
6.319614410400390625e+01
6.379956817626953125e+01
6.440299987792968750e+01
6.500642395019531250e+01
8.689735412597656250e+01
8.728625488281250000e+01
8.767514801025390625e+01
8.806404113769531250e+01
8.845294189453125000e+01
8.884183502197265625e+01
8.923072814941406250e+01
8.961962890625000000e+01
9.000852203369140625e+01
9.039741516113281250e+01
9.078631591796875000e+01
9.117520904541015625e+01
5.741847991943359375e+01
5.823113250732421875e+01
5.904378128051757812e+01
5.985643386840820312e+01
6.066908264160156250e+01
6.148173522949218750e+01
6.229438781738281250e+01
6.310703277587890625e+01
6.391968536376953125e+01
6.473233795166015625e+01
6.554498291015625000e+01
6.635763549804687500e+01
5.766662979125976562e+01
5.829383850097656250e+01
5.892104339599609375e+01
5.954824829101562500e+01
6.017545700073242188e+01
6.080266571044921875e+01
6.142987060546875000e+01
6.205707550048828125e+01
6.268428421020507812e+01
6.331149291992187500e+01
6.393869781494140625e+01
6.456590270996093750e+01
4.329028320312500000e+01
4.388774108886718750e+01
4.448520660400390625e+01
4.508266448974609375e+01
4.568012237548828125e+01
4.627758407592773438e+01
4.687504577636718750e+01
4.747250366210937500e+01
4.806996154785156250e+01
4.866741943359375000e+01
4.926488113403320312e+01
4.986234283447265625e+01
7.212249755859375000e+01
7.283335113525390625e+01
7.354420471191406250e+01
7.425505828857421875e+01
7.496591186523437500e+01
7.567677307128906250e+01
7.638762664794921875e+01
7.709848022460937500e+01
7.780932617187500000e+01
7.852018737792968750e+01
7.923104095458984375e+01
7.994189453125000000e+01
5.933155059814453125e+01
5.988692092895507812e+01
6.044229125976562500e+01
6.099765777587890625e+01
6.155302810668945312e+01
6.210839843750000000e+01
6.266376495361328125e+01
6.321913528442382812e+01
6.377450561523437500e+01
6.432987213134765625e+01
6.488524627685546875e+01
6.544061279296875000e+01
6.957410430908203125e+01
7.029148864746093750e+01
7.100887298583984375e+01
7.172625732421875000e+01
7.244364166259765625e+01
7.316103363037109375e+01
7.387841796875000000e+01
7.459580230712890625e+01
7.531318664550781250e+01
7.603057861328125000e+01
7.674796295166015625e+01
7.746534729003906250e+01
8.444305419921875000e+01
8.489764404296875000e+01
8.535223388671875000e+01
8.580681610107421875e+01
8.626140594482421875e+01
8.671599578857421875e+01
8.717057800292968750e+01
8.762516784667968750e+01
8.807975769042968750e+01
8.853434753417968750e+01
8.898893737792968750e+01
8.944351959228515625e+01
5.569551086425781250e+01
5.620352935791015625e+01
5.671154403686523438e+01
5.721955871582031250e+01
5.772757720947265625e+01
5.823559188842773438e+01
5.874360656738281250e+01
5.925162124633789062e+01
5.975963592529296875e+01
6.026765441894531250e+01
6.077566909790039062e+01
6.128368377685546875e+01
9.093202209472656250e+01
9.149623107910156250e+01
9.206043243408203125e+01
9.262463378906250000e+01
9.318883514404296875e+01
9.375303649902343750e+01
9.431724548339843750e+01
9.488144683837890625e+01
9.544564819335937500e+01
9.600985717773437500e+01
9.657405853271484375e+01
9.713825988769531250e+01
6.123497390747070312e+01
6.198956298828125000e+01
6.274414825439453125e+01
6.349873352050781250e+01
6.425331878662109375e+01
6.500790405273437500e+01
6.576248931884765625e+01
6.651707458496093750e+01
6.727166748046875000e+01
6.802625274658203125e+01
6.878083801269531250e+01
6.953542327880859375e+01
4.794204330444335938e+01
4.859029388427734375e+01
4.923854064941406250e+01
4.988678741455078125e+01
5.053503799438476562e+01
5.118328857421875000e+01
5.183153533935546875e+01
5.247978210449218750e+01
5.312802886962890625e+01
5.377627944946289062e+01
5.442453002929687500e+01
5.507277297973632812e+01
9.492330932617187500e+01
9.548791503906250000e+01
9.605252075195312500e+01
9.661712646484375000e+01
9.718173980712890625e+01
9.774634552001953125e+01
9.831095123291015625e+01
9.887556457519531250e+01
9.944017028808593750e+01
1.000047760009765625e+02
1.005693817138671875e+02
1.011339950561523438e+02
8.535332489013671875e+01
8.577398681640625000e+01
8.619464111328125000e+01
8.661530303955078125e+01
8.703596496582031250e+01
8.745662689208984375e+01
8.787728881835937500e+01
8.829794311523437500e+01
8.871860504150390625e+01
8.913926696777343750e+01
8.955992889404296875e+01
8.998059082031250000e+01
9.613341522216796875e+01
9.673112487792968750e+01
9.732884216308593750e+01
9.792655944824218750e+01
9.852426910400390625e+01
9.912198638916015625e+01
9.971970367431640625e+01
1.003174133300781250e+02
1.009151306152343750e+02
1.015128479003906250e+02
1.021105575561523438e+02
1.027082748413085938e+02
5.755615234375000000e+01
5.837765121459960938e+01
5.919915008544921875e+01
6.002064895629882812e+01
6.084214782714843750e+01
6.166364669799804688e+01
6.248514556884765625e+01
6.330664443969726562e+01
6.412814331054687500e+01
6.494964599609375000e+01
6.577114105224609375e+01
6.659263610839843750e+01
6.428695678710937500e+01
6.500920104980468750e+01
6.573143768310546875e+01
6.645367431640625000e+01
6.717591094970703125e+01
6.789814758300781250e+01
6.862039184570312500e+01
6.934262847900390625e+01
7.006486511230468750e+01
7.078710174560546875e+01
7.150934600830078125e+01
7.223158264160156250e+01
5.782601928710937500e+01
5.836004257202148438e+01
5.889406585693359375e+01
5.942808914184570312e+01
5.996211242675781250e+01
6.049613952636718750e+01
6.103015899658203125e+01
6.156418609619140625e+01
6.209820938110351562e+01
6.263223266601562500e+01
6.316625595092773438e+01
6.370027923583984375e+01
3.055318450927734375e+01
3.100611114501953125e+01
3.145903778076171875e+01
3.191196823120117188e+01
3.236489486694335938e+01
3.281782531738281250e+01
3.327075195312500000e+01
3.372368240356445312e+01
3.417660903930664062e+01
3.462953948974609375e+01
3.508246612548828125e+01
3.553539657592773438e+01
7.364802551269531250e+01
7.379006958007812500e+01
7.393211364746093750e+01
7.407415008544921875e+01
7.421619415283203125e+01
7.435823822021484375e+01
7.450027465820312500e+01
7.464231872558593750e+01
7.478436279296875000e+01
7.492639923095703125e+01
7.506844329833984375e+01
7.521048736572265625e+01
7.522338867187500000e+01
7.585099029541015625e+01
7.647858428955078125e+01
7.710618591308593750e+01
7.773378753662109375e+01
7.836138153076171875e+01
7.898898315429687500e+01
7.961658477783203125e+01
8.024417877197265625e+01
8.087178039550781250e+01
8.149938201904296875e+01
8.212697601318359375e+01
6.899836730957031250e+01
6.953276062011718750e+01
7.006715393066406250e+01
7.060154724121093750e+01
7.113594055175781250e+01
7.167033386230468750e+01
7.220472717285156250e+01
7.273912048339843750e+01
7.327351379394531250e+01
7.380790710449218750e+01
7.434230041503906250e+01
7.487669372558593750e+01
7.253034973144531250e+01
7.325138854980468750e+01
7.397242736816406250e+01
7.469346618652343750e+01
7.541450500488281250e+01
7.613554382324218750e+01
7.685658264160156250e+01
7.757762145996093750e+01
7.829866027832031250e+01
7.901969909667968750e+01
7.974073791503906250e+01
8.046177673339843750e+01
8.355793762207031250e+01
8.425898742675781250e+01
8.496003723144531250e+01
8.566108703613281250e+01
8.636213684082031250e+01
8.706317901611328125e+01
8.776422882080078125e+01
8.846527862548828125e+01
8.916632843017578125e+01
8.986737823486328125e+01
9.056842041015625000e+01
9.126947021484375000e+01
8.216383361816406250e+01
8.269692993164062500e+01
8.323001861572265625e+01
8.376311492919921875e+01
8.429621124267578125e+01
8.482929992675781250e+01
8.536239624023437500e+01
8.589549255371093750e+01
8.642858886718750000e+01
8.696167755126953125e+01
8.749477386474609375e+01
8.802787017822265625e+01
3.458283996582031250e+01
3.507136154174804688e+01
3.555987930297851562e+01
3.604840087890625000e+01
3.653691864013671875e+01
3.702544021606445312e+01
3.751396179199218750e+01
3.800247955322265625e+01
3.849100112915039062e+01
3.897952270507812500e+01
3.946804046630859375e+01
3.995656204223632812e+01
6.676590728759765625e+01
6.745219421386718750e+01
6.813848114013671875e+01
6.882477569580078125e+01
6.951106262207031250e+01
7.019734954833984375e+01
7.088364410400390625e+01
7.156993103027343750e+01
7.225621795654296875e+01
7.294251251220703125e+01
7.362879943847656250e+01
7.431508636474609375e+01
5.774875259399414062e+01
5.816697692871093750e+01
5.858520126342773438e+01
5.900342559814453125e+01
5.942165374755859375e+01
5.983987808227539062e+01
6.025810241699218750e+01
6.067632675170898438e+01
6.109455108642578125e+01
6.151277923583984375e+01
6.193100357055664062e+01
6.234922790527343750e+01
6.639846038818359375e+01
6.709686279296875000e+01
6.779527282714843750e+01
6.849367523193359375e+01
6.919207763671875000e+01
6.989048767089843750e+01
7.058889007568359375e+01
7.128729248046875000e+01
7.198569488525390625e+01
7.268410491943359375e+01
7.338250732421875000e+01
7.408090972900390625e+01
7.675332641601562500e+01
7.742201232910156250e+01
7.809070587158203125e+01
7.875939178466796875e+01
7.942807769775390625e+01
8.009676361083984375e+01
8.076544952392578125e+01
8.143414306640625000e+01
8.210282897949218750e+01
8.277151489257812500e+01
8.344020080566406250e+01
8.410889434814453125e+01
5.535476684570312500e+01
5.605208969116210938e+01
5.674941253662109375e+01
5.744673919677734375e+01
5.814405822753906250e+01
5.884138488769531250e+01
5.953870773315429688e+01
6.023603057861328125e+01
6.093335342407226562e+01
6.163067626953125000e+01
6.232799911499023438e+01
6.302532196044921875e+01
7.858396911621093750e+01
7.872949981689453125e+01
7.887503814697265625e+01
7.902056884765625000e+01
7.916609954833984375e+01
7.931163024902343750e+01
7.945716094970703125e+01
7.960269927978515625e+01
7.974822998046875000e+01
7.989376068115234375e+01
8.003929138183593750e+01
8.018482208251953125e+01
6.312271881103515625e+01
6.378894424438476562e+01
6.445516967773437500e+01
6.512139129638671875e+01
6.578761291503906250e+01
6.645383453369140625e+01
6.712006378173828125e+01
6.778628540039062500e+01
6.845250701904296875e+01
6.911872863769531250e+01
6.978495025634765625e+01
7.045117950439453125e+01
9.243486785888671875e+01
9.296607208251953125e+01
9.349728393554687500e+01
9.402848815917968750e+01
9.455969238281250000e+01
9.509089660644531250e+01
9.562210083007812500e+01
9.615330505371093750e+01
9.668450927734375000e+01
9.721571350097656250e+01
9.774691772460937500e+01
9.827812194824218750e+01
8.444213104248046875e+01
8.503612518310546875e+01
8.563012695312500000e+01
8.622412109375000000e+01
8.681812286376953125e+01
8.741211700439453125e+01
8.800611877441406250e+01
8.860011291503906250e+01
8.919411468505859375e+01
8.978810882568359375e+01
9.038211059570312500e+01
9.097610473632812500e+01
5.061873626708984375e+01
5.123553848266601562e+01
5.185234069824218750e+01
5.246914291381835938e+01
5.308594512939453125e+01
5.370274734497070312e+01
5.431954956054687500e+01
5.493635559082031250e+01
5.555315399169921875e+01
5.616996002197265625e+01
5.678675842285156250e+01
5.740356445312500000e+01
5.059128570556640625e+01
5.105929183959960938e+01
5.152729415893554688e+01
5.199529647827148438e+01
5.246330261230468750e+01
5.293130493164062500e+01
5.339930725097656250e+01
5.386730957031250000e+01
5.433531188964843750e+01
5.480331420898437500e+01
5.527131652832031250e+01
5.573931884765625000e+01
6.723149871826171875e+01
6.790954589843750000e+01
6.858759307861328125e+01
6.926563262939453125e+01
6.994367980957031250e+01
7.062172698974609375e+01
7.129977416992187500e+01
7.197782135009765625e+01
7.265586853027343750e+01
7.333391571044921875e+01
7.401196289062500000e+01
7.469000244140625000e+01
8.776038360595703125e+01
8.834518432617187500e+01
8.892997741699218750e+01
8.951477050781250000e+01
9.009957122802734375e+01
9.068436431884765625e+01
9.126916503906250000e+01
9.185395812988281250e+01
9.243875122070312500e+01
9.302355194091796875e+01
9.360834503173828125e+01
9.419314575195312500e+01
6.808051300048828125e+01
6.880885314941406250e+01
6.953719329833984375e+01
7.026553344726562500e+01
7.099387359619140625e+01
7.172222137451171875e+01
7.245056152343750000e+01
7.317890167236328125e+01
7.390724182128906250e+01
7.463558197021484375e+01
7.536392211914062500e+01
7.609226226806640625e+01
6.150575637817382812e+01
6.207495880126953125e+01
6.264416122436523438e+01
6.321336364746093750e+01
6.378256607055664062e+01
6.435176849365234375e+01
6.492097473144531250e+01
6.549017333984375000e+01
6.605937957763671875e+01
6.662858581542968750e+01
6.719778442382812500e+01
6.776699066162109375e+01
5.559671020507812500e+01
5.637437057495117188e+01
5.715202713012695312e+01
5.792968750000000000e+01
5.870734405517578125e+01
5.948500442504882812e+01
6.026266098022460938e+01
6.104032135009765625e+01
6.181797790527343750e+01
6.259563446044921875e+01
6.337329483032226562e+01
6.415095520019531250e+01
7.403822326660156250e+01
7.446614074707031250e+01
7.489405822753906250e+01
7.532198333740234375e+01
7.574990081787109375e+01
7.617782592773437500e+01
7.660574340820312500e+01
7.703366088867187500e+01
7.746158599853515625e+01
7.788950347900390625e+01
7.831742858886718750e+01
7.874534606933593750e+01
5.429218292236328125e+01
5.499001312255859375e+01
5.568783950805664062e+01
5.638567352294921875e+01
5.708350372314453125e+01
5.778133392333984375e+01
5.847916412353515625e+01
5.917699432373046875e+01
5.987482452392578125e+01
6.057265472412109375e+01
6.127048492431640625e+01
6.196831512451171875e+01
7.942282104492187500e+01
8.007803344726562500e+01
8.073323822021484375e+01
8.138845062255859375e+01
8.204366302490234375e+01
8.269886779785156250e+01
8.335408020019531250e+01
8.400929260253906250e+01
8.466450500488281250e+01
8.531970977783203125e+01
8.597492218017578125e+01
8.663013458251953125e+01
6.471684265136718750e+01
6.486072540283203125e+01
6.500460052490234375e+01
6.514847564697265625e+01
6.529235839843750000e+01
6.543623352050781250e+01
6.558010864257812500e+01
6.572398376464843750e+01
6.586786651611328125e+01
6.601174163818359375e+01
6.615561676025390625e+01
6.629949951171875000e+01
6.069015502929687500e+01
6.118294525146484375e+01
6.167573928833007812e+01
6.216853332519531250e+01
6.266132354736328125e+01
6.315411758422851562e+01
6.364691162109375000e+01
6.413970184326171875e+01
6.463249969482421875e+01
6.512528991699218750e+01
6.561808013916015625e+01
6.611087799072265625e+01
7.461391448974609375e+01
7.475783538818359375e+01
7.490174865722656250e+01
7.504566955566406250e+01
7.518959045410156250e+01
7.533350372314453125e+01
7.547742462158203125e+01
7.562134552001953125e+01
7.576525878906250000e+01
7.590917968750000000e+01
7.605310058593750000e+01
7.619701385498046875e+01
5.150811386108398438e+01
5.192954254150390625e+01
5.235096740722656250e+01
5.277239990234375000e+01
5.319382476806640625e+01
5.361525344848632812e+01
5.403668212890625000e+01
5.445810699462890625e+01
5.487953948974609375e+01
5.530096435546875000e+01
5.572239303588867188e+01
5.614382171630859375e+01
7.574642944335937500e+01
7.649066925048828125e+01
7.723490905761718750e+01
7.797914886474609375e+01
7.872339630126953125e+01
7.946763610839843750e+01
8.021187591552734375e+01
8.095611572265625000e+01
8.170036315917968750e+01
8.244460296630859375e+01
8.318884277343750000e+01
8.393309020996093750e+01
8.447062683105468750e+01
8.516631317138671875e+01
8.586200714111328125e+01
8.655769348144531250e+01
8.725337982177734375e+01
8.794907379150390625e+01
8.864476013183593750e+01
8.934044647216796875e+01
9.003613281250000000e+01
9.073182678222656250e+01
9.142751312255859375e+01
9.212319946289062500e+01
7.746111297607421875e+01
7.815925598144531250e+01
7.885739898681640625e+01
7.955554199218750000e+01
8.025367736816406250e+01
8.095182037353515625e+01
8.164996337890625000e+01
8.234810638427734375e+01
8.304624938964843750e+01
8.374439239501953125e+01
8.444253540039062500e+01
8.514067840576171875e+01
5.913180923461914062e+01
5.961904907226562500e+01
6.010628509521484375e+01
6.059352111816406250e+01
6.108076095581054688e+01
6.156799697875976562e+01
6.205523681640625000e+01
6.254247283935546875e+01
6.302970886230468750e+01
6.351694869995117188e+01
6.400418853759765625e+01
6.449142456054687500e+01
6.351350784301757812e+01
6.425759124755859375e+01
6.500167846679687500e+01
6.574575805664062500e+01
6.648984527587890625e+01
6.723393249511718750e+01
6.797801971435546875e+01
6.872210693359375000e+01
6.946618652343750000e+01
7.021027374267578125e+01
7.095435333251953125e+01
7.169844055175781250e+01
8.732955169677734375e+01
8.779516601562500000e+01
8.826077270507812500e+01
8.872637939453125000e+01
8.919199371337890625e+01
8.965760040283203125e+01
9.012321472167968750e+01
9.058882141113281250e+01
9.105442810058593750e+01
9.152004241943359375e+01
9.198564910888671875e+01
9.245126342773437500e+01
9.472003936767578125e+01
9.527352142333984375e+01
9.582701110839843750e+01
9.638049316406250000e+01
9.693398284912109375e+01
9.748746490478515625e+01
9.804095458984375000e+01
9.859443664550781250e+01
9.914791870117187500e+01
9.970140838623046875e+01
1.002548980712890625e+02
1.008083801269531250e+02
7.151306152343750000e+01
7.215363311767578125e+01
7.279421234130859375e+01
7.343478393554687500e+01
7.407536315917968750e+01
7.471593475341796875e+01
7.535651397705078125e+01
7.599708557128906250e+01
7.663765716552734375e+01
7.727823638916015625e+01
7.791880798339843750e+01
7.855938720703125000e+01
5.425218963623046875e+01
5.470526885986328125e+01
5.515834808349609375e+01
5.561142730712890625e+01
5.606450653076171875e+01
5.651758575439453125e+01
5.697066116333007812e+01
5.742374038696289062e+01
5.787681961059570312e+01
5.832989883422851562e+01
5.878297424316406250e+01
5.923605346679687500e+01
7.039333343505859375e+01
7.089005279541015625e+01
7.138676452636718750e+01
7.188348388671875000e+01
7.238019561767578125e+01
7.287691497802734375e+01
7.337362670898437500e+01
7.387034606933593750e+01
7.436705780029296875e+01
7.486377716064453125e+01
7.536048889160156250e+01
7.585720825195312500e+01
7.971052551269531250e+01
8.033950042724609375e+01
8.096846771240234375e+01
8.159744262695312500e+01
8.222640991210937500e+01
8.285538482666015625e+01
8.348435211181640625e+01
8.411332702636718750e+01
8.474229431152343750e+01
8.537126922607421875e+01
8.600023651123046875e+01
8.662921142578125000e+01
5.931776428222656250e+01
5.999544525146484375e+01
6.067313003540039062e+01
6.135081100463867188e+01
6.202849578857421875e+01
6.270617675781250000e+01
6.338385772705078125e+01
6.406153869628906250e+01
6.473921966552734375e+01
6.541690826416015625e+01
6.609458923339843750e+01
6.677227020263671875e+01
6.198709106445312500e+01
6.255803680419921875e+01
6.312897872924804688e+01
6.369992065429687500e+01
6.427086639404296875e+01
6.484181213378906250e+01
6.541275024414062500e+01
6.598369598388671875e+01
6.655464172363281250e+01
6.712558746337890625e+01
6.769652557373046875e+01
6.826747131347656250e+01
8.343178558349609375e+01
8.412313079833984375e+01
8.481447601318359375e+01
8.550582122802734375e+01
8.619716644287109375e+01
8.688851165771484375e+01
8.757985687255859375e+01
8.827120208740234375e+01
8.896254730224609375e+01
8.965389251708984375e+01
9.034523773193359375e+01
9.103658294677734375e+01
6.437464141845703125e+01
6.505996704101562500e+01
6.574529266357421875e+01
6.643061828613281250e+01
6.711594390869140625e+01
6.780126953125000000e+01
6.848659515380859375e+01
6.917192077636718750e+01
6.985724639892578125e+01
7.054257202148437500e+01
7.122789764404296875e+01
7.191322326660156250e+01
6.316594696044921875e+01
6.386507034301757812e+01
6.456419372558593750e+01
6.526332092285156250e+01
6.596244049072265625e+01
6.666156768798828125e+01
6.736069488525390625e+01
6.805981445312500000e+01
6.875894165039062500e+01
6.945806884765625000e+01
7.015718841552734375e+01
7.085631561279296875e+01
6.560784912109375000e+01
6.621450805664062500e+01
6.682115936279296875e+01
6.742781829833984375e+01
6.803446960449218750e+01
6.864112854003906250e+01
6.924777984619140625e+01
6.985443878173828125e+01
7.046109008789062500e+01
7.106774902343750000e+01
7.167440032958984375e+01
7.228105926513671875e+01
8.011593627929687500e+01
8.026211547851562500e+01
8.040830230712890625e+01
8.055448150634765625e+01
8.070066833496093750e+01
8.084684753417968750e+01
8.099302673339843750e+01
8.113920593261718750e+01
8.128539276123046875e+01
8.143157196044921875e+01
8.157775115966796875e+01
8.172393798828125000e+01
6.273931884765625000e+01
6.344556427001953125e+01
6.415181732177734375e+01
6.485806274414062500e+01
6.556430816650390625e+01
6.627056121826171875e+01
6.697680664062500000e+01
6.768305969238281250e+01
6.838930511474609375e+01
6.909555053710937500e+01
6.980180358886718750e+01
7.050804901123046875e+01
7.189778900146484375e+01
7.204068756103515625e+01
7.218358612060546875e+01
7.232648468017578125e+01
7.246938323974609375e+01
7.261228179931640625e+01
7.275517272949218750e+01
7.289807128906250000e+01
7.304096984863281250e+01
7.318386840820312500e+01
7.332676696777343750e+01
7.346966552734375000e+01
8.393867492675781250e+01
8.449194335937500000e+01
8.504520416259765625e+01
8.559847259521484375e+01
8.615173339843750000e+01
8.670500183105468750e+01
8.725826263427734375e+01
8.781152343750000000e+01
8.836479187011718750e+01
8.891806030273437500e+01
8.947132110595703125e+01
9.002458190917968750e+01
9.029013824462890625e+01
9.079045104980468750e+01
9.129076385498046875e+01
9.179107666015625000e+01
9.229139709472656250e+01
9.279170989990234375e+01
9.329202270507812500e+01
9.379234313964843750e+01
9.429265594482421875e+01
9.479296875000000000e+01
9.529328155517578125e+01
9.579359436035156250e+01
7.541127014160156250e+01
7.555653381347656250e+01
7.570178985595703125e+01
7.584704589843750000e+01
7.599230194091796875e+01
7.613755798339843750e+01
7.628281402587890625e+01
7.642807006835937500e+01
7.657332611083984375e+01
7.671858215332031250e+01
7.686383819580078125e+01
7.700909423828125000e+01
7.591495513916015625e+01
7.662285614013671875e+01
7.733076477050781250e+01
7.803866577148437500e+01
7.874656677246093750e+01
7.945446777343750000e+01
8.016236877441406250e+01
8.087026977539062500e+01
8.157817077636718750e+01
8.228607940673828125e+01
8.299398040771484375e+01
8.370188140869140625e+01
7.376351928710937500e+01
7.443410491943359375e+01
7.510469055175781250e+01
7.577527618408203125e+01
7.644586181640625000e+01
7.711644744873046875e+01
7.778704071044921875e+01
7.845762634277343750e+01
7.912821197509765625e+01
7.979879760742187500e+01
8.046938323974609375e+01
8.113996887207031250e+01
5.644367599487304688e+01
5.708268737792968750e+01
5.772169876098632812e+01
5.836071014404296875e+01
5.899972534179687500e+01
5.963873291015625000e+01
6.027774810791015625e+01
6.091675567626953125e+01
6.155577087402343750e+01
6.219478225708007812e+01
6.283379364013671875e+01
6.347280502319335938e+01
9.043061828613281250e+01
9.094079589843750000e+01
9.145097351074218750e+01
9.196115112304687500e+01
9.247132873535156250e+01
9.298150634765625000e+01
9.349169158935546875e+01
9.400186920166015625e+01
9.451204681396484375e+01
9.502222442626953125e+01
9.553240966796875000e+01
9.604258728027343750e+01
8.773023986816406250e+01
8.830863189697265625e+01
8.888702392578125000e+01
8.946541595458984375e+01
9.004380798339843750e+01
9.062219238281250000e+01
9.120058441162109375e+01
9.177897644042968750e+01
9.235736846923828125e+01
9.293576049804687500e+01
9.351414489746093750e+01
9.409253692626953125e+01
6.206506347656250000e+01
6.221261215209960938e+01
6.236016082763671875e+01
6.250771331787109375e+01
6.265526199340820312e+01
6.280281066894531250e+01
6.295036315917968750e+01
6.309791183471679688e+01
6.324546051025390625e+01
6.339301300048828125e+01
6.354056167602539062e+01
6.368811035156250000e+01
9.354892730712890625e+01
9.407556915283203125e+01
9.460220336914062500e+01
9.512884521484375000e+01
9.565548706054687500e+01
9.618212890625000000e+01
9.670877075195312500e+01
9.723541259765625000e+01
9.776205444335937500e+01
9.828868865966796875e+01
9.881533050537109375e+01
9.934197235107421875e+01
9.196657562255859375e+01
9.234371948242187500e+01
9.272086334228515625e+01
9.309800720214843750e+01
9.347515106201171875e+01
9.385229492187500000e+01
9.422943878173828125e+01
9.460658264160156250e+01
9.498372650146484375e+01
9.536087036132812500e+01
9.573801422119140625e+01
9.611515808105468750e+01
7.390090942382812500e+01
7.447466278076171875e+01
7.504840850830078125e+01
7.562216186523437500e+01
7.619591522216796875e+01
7.676966857910156250e+01
7.734341430664062500e+01
7.791716766357421875e+01
7.849092102050781250e+01
7.906467437744140625e+01
7.963842773437500000e+01
8.021217346191406250e+01
7.873554229736328125e+01
7.887882232666015625e+01
7.902210235595703125e+01
7.916538238525390625e+01
7.930866241455078125e+01
7.945194244384765625e+01
7.959522247314453125e+01
7.973850250244140625e+01
7.988178253173828125e+01
8.002507019042968750e+01
8.016835021972656250e+01
8.031163024902343750e+01
7.071947479248046875e+01
7.144580841064453125e+01
7.217214965820312500e+01
7.289848327636718750e+01
7.362482452392578125e+01
7.435115814208984375e+01
7.507749938964843750e+01
7.580383300781250000e+01
7.653017425537109375e+01
7.725650787353515625e+01
7.798284149169921875e+01
7.870918273925781250e+01
7.989666748046875000e+01
8.004328155517578125e+01
8.018989562988281250e+01
8.033650970458984375e+01
8.048312377929687500e+01
8.062973785400390625e+01
8.077635192871093750e+01
8.092297363281250000e+01
8.106958007812500000e+01
8.121620178222656250e+01
8.136281585693359375e+01
8.150942993164062500e+01
3.483085632324218750e+01
3.534316635131835938e+01
3.585548019409179688e+01
3.636779022216796875e+01
3.688010406494140625e+01
3.739241409301757812e+01
3.790472793579101562e+01
3.841703796386718750e+01
3.892934799194335938e+01
3.944166183471679688e+01
3.995397186279296875e+01
4.046628570556640625e+01
8.276573181152343750e+01
8.314538574218750000e+01
8.352503967285156250e+01
8.390470123291015625e+01
8.428435516357421875e+01
8.466400909423828125e+01
8.504367065429687500e+01
8.542332458496093750e+01
8.580297851562500000e+01
8.618264007568359375e+01
8.656229400634765625e+01
8.694194793701171875e+01
9.065235137939453125e+01
9.128385162353515625e+01
9.191535949707031250e+01
9.254685974121093750e+01
9.317835998535156250e+01
9.380986785888671875e+01
9.444136810302734375e+01
9.507287597656250000e+01
9.570437622070312500e+01
9.633587646484375000e+01
9.696738433837890625e+01
9.759889221191406250e+01
1.014166412353515625e+02
1.019713821411132812e+02
1.025261154174804688e+02
1.030808486938476562e+02
1.036355895996093750e+02
1.041903228759765625e+02
1.047450561523437500e+02
1.052997894287109375e+02
1.058545227050781250e+02
1.064092636108398438e+02
1.069639968872070312e+02
1.075187377929687500e+02
7.347525787353515625e+01
7.429450988769531250e+01
7.511376190185546875e+01
7.593302154541015625e+01
7.675227355957031250e+01
7.757152557373046875e+01
7.839077758789062500e+01
7.921002960205078125e+01
8.002928161621093750e+01
8.084854125976562500e+01
8.166779327392578125e+01
8.248704528808593750e+01
7.407606506347656250e+01
7.488813018798828125e+01
7.570019531250000000e+01
7.651226043701171875e+01
7.732432556152343750e+01
7.813639831542968750e+01
7.894846343994140625e+01
7.976052856445312500e+01
8.057259368896484375e+01
8.138465881347656250e+01
8.219672393798828125e+01
8.300878906250000000e+01
9.273503875732421875e+01
9.332522583007812500e+01
9.391540527343750000e+01
9.450559234619140625e+01
9.509577941894531250e+01
9.568595886230468750e+01
9.627614593505859375e+01
9.686632537841796875e+01
9.745651245117187500e+01
9.804669189453125000e+01
9.863687896728515625e+01
9.922706604003906250e+01
6.700583648681640625e+01
6.766751098632812500e+01
6.832918548583984375e+01
6.899085998535156250e+01
6.965253448486328125e+01
7.031420898437500000e+01
7.097588348388671875e+01
7.163755798339843750e+01
7.229923248291015625e+01
7.296090698242187500e+01
7.362258148193359375e+01
7.428425598144531250e+01
6.058111572265625000e+01
6.072809982299804688e+01
6.087508392333984375e+01
6.102207183837890625e+01
6.116905593872070312e+01
6.131604003906250000e+01
6.146302413940429688e+01
6.161000823974609375e+01
6.175699234008789062e+01
6.190397644042968750e+01
6.205096435546875000e+01
6.219794845581054688e+01
7.939304351806640625e+01
8.008609008789062500e+01
8.077913665771484375e+01
8.147218322753906250e+01
8.216522979736328125e+01
8.285827636718750000e+01
8.355131530761718750e+01
8.424436187744140625e+01
8.493740844726562500e+01
8.563045501708984375e+01
8.632350158691406250e+01
8.701654052734375000e+01
6.942971801757812500e+01
7.011653900146484375e+01
7.080335235595703125e+01
7.149017333984375000e+01
7.217698669433593750e+01
7.286380767822265625e+01
7.355062103271484375e+01
7.423744201660156250e+01
7.492425537109375000e+01
7.561107635498046875e+01
7.629789733886718750e+01
7.698471069335937500e+01
5.984619522094726562e+01
6.019116210937500000e+01
6.053612518310546875e+01
6.088108825683593750e+01
6.122605514526367188e+01
6.157101821899414062e+01
6.191598510742187500e+01
6.226094818115234375e+01
6.260591125488281250e+01
6.295087814331054688e+01
6.329584121704101562e+01
6.364080810546875000e+01
9.036698913574218750e+01
9.097142791748046875e+01
9.157587432861328125e+01
9.218031311035156250e+01
9.278475952148437500e+01
9.338919830322265625e+01
9.399363708496093750e+01
9.459808349609375000e+01
9.520252990722656250e+01
9.580696868896484375e+01
9.641140747070312500e+01
9.701585388183593750e+01
7.379705810546875000e+01
7.453905487060546875e+01
7.528105163574218750e+01
7.602304077148437500e+01
7.676503753662109375e+01
7.750703430175781250e+01
7.824903106689453125e+01
7.899102783203125000e+01
7.973301696777343750e+01
8.047501373291015625e+01
8.121701049804687500e+01
8.195900726318359375e+01
8.946888732910156250e+01
8.979104614257812500e+01
9.011319732666015625e+01
9.043535614013671875e+01
9.075750732421875000e+01
9.107966613769531250e+01
9.140181732177734375e+01
9.172397613525390625e+01
9.204612731933593750e+01
9.236828613281250000e+01
9.269043731689453125e+01
9.301259613037109375e+01
8.243191528320312500e+01
8.309087371826171875e+01
8.374983215332031250e+01
8.440879058837890625e+01
8.506774902343750000e+01
8.572670745849609375e+01
8.638566589355468750e+01
8.704462432861328125e+01
8.770358276367187500e+01
8.836254119873046875e+01
8.902149963378906250e+01
8.968045806884765625e+01
7.688632202148437500e+01
7.761414337158203125e+01
7.834195709228515625e+01
7.906977844238281250e+01
7.979759216308593750e+01
8.052541351318359375e+01
8.125323486328125000e+01
8.198104858398437500e+01
8.270886993408203125e+01
8.343668365478515625e+01
8.416450500488281250e+01
8.489231872558593750e+01
6.461470031738281250e+01
6.515019989013671875e+01
6.568570709228515625e+01
6.622121429443359375e+01
6.675672149658203125e+01
6.729222869873046875e+01
6.782773590087890625e+01
6.836324310302734375e+01
6.889875030517578125e+01
6.943425750732421875e+01
6.996976470947265625e+01
7.050527191162109375e+01
9.214922332763671875e+01
9.271424865722656250e+01
9.327927398681640625e+01
9.384429931640625000e+01
9.440931701660156250e+01
9.497434234619140625e+01
9.553936767578125000e+01
9.610439300537109375e+01
9.666941833496093750e+01
9.723443603515625000e+01
9.779946136474609375e+01
9.836448669433593750e+01
7.492648315429687500e+01
7.506867980957031250e+01
7.521087646484375000e+01
7.535308074951171875e+01
7.549527740478515625e+01
7.563747406005859375e+01
7.577967071533203125e+01
7.592186737060546875e+01
7.606407165527343750e+01
7.620626831054687500e+01
7.634846496582031250e+01
7.649066162109375000e+01
5.759275817871093750e+01
5.833181381225585938e+01
5.907086944580078125e+01
5.980992507934570312e+01
6.054898071289062500e+01
6.128804016113281250e+01
6.202709197998046875e+01
6.276615142822265625e+01
6.350520706176757812e+01
6.424426269531250000e+01
6.498332214355468750e+01
6.572237396240234375e+01
9.152561950683593750e+01
9.220821380615234375e+01
9.289080810546875000e+01
9.357341003417968750e+01
9.425601196289062500e+01
9.493860626220703125e+01
9.562120056152343750e+01
9.630380249023437500e+01
9.698639678955078125e+01
9.766899108886718750e+01
9.835159301757812500e+01
9.903419494628906250e+01
6.326325225830078125e+01
6.355147171020507812e+01
6.383969116210937500e+01
6.412790679931640625e+01
6.441613006591796875e+01
6.470434570312500000e+01
6.499256134033203125e+01
6.528078460693359375e+01
6.556900024414062500e+01
6.585721588134765625e+01
6.614543914794921875e+01
6.643365478515625000e+01
5.377808380126953125e+01
5.443342590332031250e+01
5.508876800537109375e+01
5.574410629272460938e+01
5.639944458007812500e+01
5.705478668212890625e+01
5.771012878417968750e+01
5.836546707153320312e+01
5.902080535888671875e+01
5.967614746093750000e+01
6.033148956298828125e+01
6.098682785034179688e+01
6.567470550537109375e+01
6.628570556640625000e+01
6.689670562744140625e+01
6.750770568847656250e+01
6.811870574951171875e+01
6.872970581054687500e+01
6.934071350097656250e+01
6.995171356201171875e+01
7.056271362304687500e+01
7.117371368408203125e+01
7.178471374511718750e+01
7.239571380615234375e+01
4.478744506835937500e+01
4.532177734375000000e+01
4.585611724853515625e+01
4.639045715332031250e+01
4.692478942871093750e+01
4.745912933349609375e+01
4.799346923828125000e+01
4.852780151367187500e+01
4.906214141845703125e+01
4.959648132324218750e+01
5.013081359863281250e+01
5.066515350341796875e+01
7.769730377197265625e+01
7.784336090087890625e+01
7.798941802978515625e+01
7.813547515869140625e+01
7.828153228759765625e+01
7.842758941650390625e+01
7.857364654541015625e+01
7.871969604492187500e+01
7.886575317382812500e+01
7.901181030273437500e+01
7.915786743164062500e+01
7.930392456054687500e+01
7.342566680908203125e+01
7.402046966552734375e+01
7.461527252197265625e+01
7.521007537841796875e+01
7.580487823486328125e+01
7.639968109130859375e+01
7.699449157714843750e+01
7.758929443359375000e+01
7.818409729003906250e+01
7.877890014648437500e+01
7.937370300292968750e+01
7.996850585937500000e+01
5.791775512695312500e+01
5.862266159057617188e+01
5.932757186889648438e+01
6.003247833251953125e+01
6.073738861083984375e+01
6.144229507446289062e+01
6.214720535278320312e+01
6.285211181640625000e+01
6.355702209472656250e+01
6.426193237304687500e+01
6.496684265136718750e+01
6.567174530029296875e+01
5.404871368408203125e+01
5.482437515258789062e+01
5.560003662109375000e+01
5.637570190429687500e+01
5.715136337280273438e+01
5.792702484130859375e+01
5.870269012451171875e+01
5.947835540771484375e+01
6.025401687622070312e+01
6.102967834472656250e+01
6.180534362792968750e+01
6.258100509643554688e+01
8.193121337890625000e+01
8.248272705078125000e+01
8.303423309326171875e+01
8.358574676513671875e+01
8.413725280761718750e+01
8.468876647949218750e+01
8.524028015136718750e+01
8.579178619384765625e+01
8.634329986572265625e+01
8.689480590820312500e+01
8.744631958007812500e+01
8.799783325195312500e+01
8.936371612548828125e+01
8.992071533203125000e+01
9.047771453857421875e+01
9.103471374511718750e+01
9.159171295166015625e+01
9.214871215820312500e+01
9.270571136474609375e+01
9.326271057128906250e+01
9.381970977783203125e+01
9.437670898437500000e+01
9.493370819091796875e+01
9.549070739746093750e+01
7.687003326416015625e+01
7.701329040527343750e+01
7.715654754638671875e+01
7.729980468750000000e+01
7.744305419921875000e+01
7.758631134033203125e+01
7.772956848144531250e+01
7.787282562255859375e+01
7.801607513427734375e+01
7.815933227539062500e+01
7.830258941650390625e+01
7.844584655761718750e+01
5.223729705810546875e+01
5.289825439453125000e+01
5.355921173095703125e+01
5.422016906738281250e+01
5.488112640380859375e+01
5.554207992553710938e+01
5.620303726196289062e+01
5.686399459838867188e+01
5.752494812011718750e+01
5.818590545654296875e+01
5.884686279296875000e+01
5.950782012939453125e+01
6.518795776367187500e+01
6.585589599609375000e+01
6.652384185791015625e+01
6.719178009033203125e+01
6.785972595214843750e+01
6.852766418457031250e+01
6.919561004638671875e+01
6.986354827880859375e+01
7.053149414062500000e+01
7.119943237304687500e+01
7.186737823486328125e+01
7.253531646728515625e+01
6.709716033935546875e+01
6.798510742187500000e+01
6.887305450439453125e+01
6.976100158691406250e+01
7.064894866943359375e+01
7.153689575195312500e+01
7.242484283447265625e+01
7.331278991699218750e+01
7.420073699951171875e+01
7.508868408203125000e+01
7.597663116455078125e+01
7.686457824707031250e+01
5.058299255371093750e+01
5.101774215698242188e+01
5.145249176025390625e+01
5.188724517822265625e+01
5.232199096679687500e+01
5.275674057006835938e+01
5.319149017333984375e+01
5.362623596191406250e+01
5.406098556518554688e+01
5.449573516845703125e+01
5.493048095703125000e+01
5.536523056030273438e+01
6.869490051269531250e+01
6.937702178955078125e+01
7.005915069580078125e+01
7.074127197265625000e+01
7.142339324951171875e+01
7.210551452636718750e+01
7.278764343261718750e+01
7.346976470947265625e+01
7.415188598632812500e+01
7.483400726318359375e+01
7.551612854003906250e+01
7.619825744628906250e+01
4.718475341796875000e+01
4.752219772338867188e+01
4.785964202880859375e+01
4.819709014892578125e+01
4.853453445434570312e+01
4.887197875976562500e+01
4.920942687988281250e+01
4.954687118530273438e+01
4.988431549072265625e+01
5.022176361083984375e+01
5.055920410156250000e+01
5.089665222167968750e+01
8.082125091552734375e+01
8.160745239257812500e+01
8.239365386962890625e+01
8.317986297607421875e+01
8.396606445312500000e+01
8.475226593017578125e+01
8.553846740722656250e+01
8.632466888427734375e+01
8.711087036132812500e+01
8.789707946777343750e+01
8.868328094482421875e+01
8.946948242187500000e+01
7.635084533691406250e+01
7.649721527099609375e+01
7.664358520507812500e+01
7.678994750976562500e+01
7.693631744384765625e+01
7.708268737792968750e+01
7.722904968261718750e+01
7.737541961669921875e+01
7.752178192138671875e+01
7.766815185546875000e+01
7.781452178955078125e+01
7.796088409423828125e+01
5.144161224365234375e+01
5.211040496826171875e+01
5.277919769287109375e+01
5.344798660278320312e+01
5.411677551269531250e+01
5.478556823730468750e+01
5.545436096191406250e+01
5.612314987182617188e+01
5.679193878173828125e+01
5.746073150634765625e+01
5.812952423095703125e+01
5.879831314086914062e+01
7.223640441894531250e+01
7.259639739990234375e+01
7.295639038085937500e+01
7.331638336181640625e+01
7.367637634277343750e+01
7.403636932373046875e+01
7.439636230468750000e+01
7.475635528564453125e+01
7.511634826660156250e+01
7.547634124755859375e+01
7.583633422851562500e+01
7.619632720947265625e+01
4.017309188842773438e+01
4.056085968017578125e+01
4.094863128662109375e+01
4.133639907836914062e+01
4.172416687011718750e+01
4.211193847656250000e+01
4.249970626831054688e+01
4.288747406005859375e+01
4.327524566650390625e+01
4.366301345825195312e+01
4.405078125000000000e+01
4.443855285644531250e+01
5.799621582031250000e+01
5.876533508300781250e+01
5.953446197509765625e+01
6.030358505249023438e+01
6.107270812988281250e+01
6.184183502197265625e+01
6.261095809936523438e+01
6.338008117675781250e+01
6.414920806884765625e+01
6.491832733154296875e+01
6.568745422363281250e+01
6.645658111572265625e+01
6.631869506835937500e+01
6.690191650390625000e+01
6.748513793945312500e+01
6.806836700439453125e+01
6.865158843994140625e+01
6.923480987548828125e+01
6.981803131103515625e+01
7.040125274658203125e+01
7.098448181152343750e+01
7.156770324707031250e+01
7.215092468261718750e+01
7.273414611816406250e+01
5.481662368774414062e+01
5.545767974853515625e+01
5.609873962402343750e+01
5.673979949951171875e+01
5.738085937500000000e+01
5.802191543579101562e+01
5.866297531127929688e+01
5.930403137207031250e+01
5.994508743286132812e+01
6.058614349365234375e+01
6.122720336914062500e+01
6.186826324462890625e+01
6.183592987060546875e+01
6.198261260986328125e+01
6.212929534912109375e+01
6.227597808837890625e+01
6.242266082763671875e+01
6.256934356689453125e+01
6.271602249145507812e+01
6.286270523071289062e+01
6.300938796997070312e+01
6.315607070922851562e+01
6.330275344848632812e+01
6.344943618774414062e+01
7.458622741699218750e+01
7.527191925048828125e+01
7.595760345458984375e+01
7.664329528808593750e+01
7.732897949218750000e+01
7.801467132568359375e+01
7.870036315917968750e+01
7.938604736328125000e+01
8.007173919677734375e+01
8.075743103027343750e+01
8.144311523437500000e+01
8.212880706787109375e+01
9.409925079345703125e+01
9.446095275878906250e+01
9.482266235351562500e+01
9.518437194824218750e+01
9.554608154296875000e+01
9.590779113769531250e+01
9.626950073242187500e+01
9.663121032714843750e+01
9.699291992187500000e+01
9.735462951660156250e+01
9.771633911132812500e+01
9.807804870605468750e+01
8.374974822998046875e+01
8.434867858886718750e+01
8.494760131835937500e+01
8.554653167724609375e+01
8.614546203613281250e+01
8.674439239501953125e+01
8.734331512451171875e+01
8.794224548339843750e+01
8.854117584228515625e+01
8.914010620117187500e+01
8.973902893066406250e+01
9.033795928955078125e+01
7.748207092285156250e+01
7.814980316162109375e+01
7.881753540039062500e+01
7.948526000976562500e+01
8.015299224853515625e+01
8.082072448730468750e+01
8.148844909667968750e+01
8.215618133544921875e+01
8.282391357421875000e+01
8.349163818359375000e+01
8.415937042236328125e+01
8.482710266113281250e+01
8.266062927246093750e+01
8.294882965087890625e+01
8.323703765869140625e+01
8.352524566650390625e+01
8.381345367431640625e+01
8.410166168212890625e+01
8.438986968994140625e+01
8.467807769775390625e+01
8.496628570556640625e+01
8.525449371337890625e+01
8.554270172119140625e+01
8.583090209960937500e+01
5.525202941894531250e+01
5.565670776367187500e+01
5.606139373779296875e+01
5.646607208251953125e+01
5.687075805664062500e+01
5.727543640136718750e+01
5.768012237548828125e+01
5.808480453491210938e+01
5.848948669433593750e+01
5.889416885375976562e+01
5.929885101318359375e+01
5.970353317260742188e+01
4.252514648437500000e+01
4.312814331054687500e+01
4.373114776611328125e+01
4.433414459228515625e+01
4.493715286254882812e+01
4.554015350341796875e+01
4.614315795898437500e+01
4.674615478515625000e+01
4.734915924072265625e+01
4.795215606689453125e+01
4.855516052246093750e+01
4.915816116333007812e+01
4.425411224365234375e+01
4.475815582275390625e+01
4.526219940185546875e+01
4.576624298095703125e+01
4.627028274536132812e+01
4.677432250976562500e+01
4.727836608886718750e+01
4.778240966796875000e+01
4.828645324707031250e+01
4.879049682617187500e+01
4.929454040527343750e+01
4.979858398437500000e+01
8.019239807128906250e+01
8.070514678955078125e+01
8.121788787841796875e+01
8.173063659667968750e+01
8.224337768554687500e+01
8.275611877441406250e+01
8.326886749267578125e+01
8.378160858154296875e+01
8.429434967041015625e+01
8.480709838867187500e+01
8.531983947753906250e+01
8.583258056640625000e+01
8.670980834960937500e+01
8.741001129150390625e+01
8.811021423339843750e+01
8.881041717529296875e+01
8.951062011718750000e+01
9.021082305908203125e+01
9.091102600097656250e+01
9.161122131347656250e+01
9.231142425537109375e+01
9.301162719726562500e+01
9.371183013916015625e+01
9.441203308105468750e+01
8.105072021484375000e+01
8.119731140136718750e+01
8.134391021728515625e+01
8.149050140380859375e+01
8.163709259033203125e+01
8.178368377685546875e+01
8.193027496337890625e+01
8.207686614990234375e+01
8.222345733642578125e+01
8.237005615234375000e+01
8.251664733886718750e+01
8.266323852539062500e+01
3.375936126708984375e+01
3.434439086914062500e+01
3.492942428588867188e+01
3.551445388793945312e+01
3.609948730468750000e+01
3.668451690673828125e+01
3.726955032348632812e+01
3.785457992553710938e+01
3.843961334228515625e+01
3.902464294433593750e+01
3.960967636108398438e+01
4.019470977783203125e+01
6.586326599121093750e+01
6.651349639892578125e+01
6.716372680664062500e+01
6.781395721435546875e+01
6.846418762207031250e+01
6.911442565917968750e+01
6.976465606689453125e+01
7.041488647460937500e+01
7.106511688232421875e+01
7.171535491943359375e+01
7.236558532714843750e+01
7.301581573486328125e+01
7.506274414062500000e+01
7.582807159423828125e+01
7.659339904785156250e+01
7.735871887207031250e+01
7.812404632568359375e+01
7.888937377929687500e+01
7.965470123291015625e+01
8.042002105712890625e+01
8.118534851074218750e+01
8.195067596435546875e+01
8.271599578857421875e+01
8.348132324218750000e+01
6.320533370971679688e+01
6.393286895751953125e+01
6.466040039062500000e+01
6.538793945312500000e+01
6.611547088623046875e+01
6.684300994873046875e+01
6.757054138183593750e+01
6.829808044433593750e+01
6.902561187744140625e+01
6.975314331054687500e+01
7.048068237304687500e+01
7.120821380615234375e+01
5.350421524047851562e+01
5.421827697753906250e+01
5.493233489990234375e+01
5.564639282226562500e+01
5.636045455932617188e+01
5.707451629638671875e+01
5.778857421875000000e+01
5.850263214111328125e+01
5.921669387817382812e+01
5.993075561523437500e+01
6.064481353759765625e+01
6.135887145996093750e+01
7.245732879638671875e+01
7.324713134765625000e+01
7.403693389892578125e+01
7.482673645019531250e+01
7.561653900146484375e+01
7.640634155273437500e+01
7.719614410400390625e+01
7.798593902587890625e+01
7.877574157714843750e+01
7.956554412841796875e+01
8.035533905029296875e+01
8.114514160156250000e+01
4.856219482421875000e+01
4.925692749023437500e+01
4.995166015625000000e+01
5.064639282226562500e+01
5.134112167358398438e+01
5.203585815429687500e+01
5.273059082031250000e+01
5.342532348632812500e+01
5.412005615234375000e+01
5.481478881835937500e+01
5.550952148437500000e+01
5.620425033569335938e+01
7.866855621337890625e+01
7.916678619384765625e+01
7.966501617431640625e+01
8.016324615478515625e+01
8.066146850585937500e+01
8.115969848632812500e+01
8.165792846679687500e+01
8.215615844726562500e+01
8.265438079833984375e+01
8.315261077880859375e+01
8.365084075927734375e+01
8.414906311035156250e+01
5.691646575927734375e+01
5.762400436401367188e+01
5.833153915405273438e+01
5.903907775878906250e+01
5.974661254882812500e+01
6.045414733886718750e+01
6.116168212890625000e+01
6.186922073364257812e+01
6.257675552368164062e+01
6.328429412841796875e+01
6.399182891845703125e+01
6.469935607910156250e+01
7.767958831787109375e+01
7.782296752929687500e+01
7.796635437011718750e+01
7.810974121093750000e+01
7.825312805175781250e+01
7.839651489257812500e+01
7.853989410400390625e+01
7.868328094482421875e+01
7.882666778564453125e+01
7.897005462646484375e+01
7.911343383789062500e+01
7.925682067871093750e+01
5.656120681762695312e+01
5.686326599121093750e+01
5.716532897949218750e+01
5.746738815307617188e+01
5.776945114135742188e+01
5.807151031494140625e+01
5.837357330322265625e+01
5.867563247680664062e+01
5.897769165039062500e+01
5.927975463867187500e+01
5.958181381225585938e+01
5.988387680053710938e+01
7.968191528320312500e+01
7.982852172851562500e+01
7.997512817382812500e+01
8.012173461914062500e+01
8.026834106445312500e+01
8.041494750976562500e+01
8.056155395507812500e+01
8.070816040039062500e+01
8.085476684570312500e+01
8.100137329101562500e+01
8.114797973632812500e+01
8.129459381103515625e+01
4.746613311767578125e+01
4.816384887695312500e+01
4.886157226562500000e+01
4.955928802490234375e+01
5.025701141357421875e+01
5.095472717285156250e+01
5.165245056152343750e+01
5.235016632080078125e+01
5.304788970947265625e+01
5.374560546875000000e+01
5.444332885742187500e+01
5.514104461669921875e+01
6.327141189575195312e+01
6.380538940429687500e+01
6.433936309814453125e+01
6.487334442138671875e+01
6.540731811523437500e+01
6.594129943847656250e+01
6.647527313232421875e+01
6.700924682617187500e+01
6.754322814941406250e+01
6.807720184326171875e+01
6.861118316650390625e+01
6.914515686035156250e+01
5.761260604858398438e+01
5.812016296386718750e+01
5.862772750854492188e+01
5.913528823852539062e+01
5.964285278320312500e+01
6.015041351318359375e+01
6.065797424316406250e+01
6.116553878784179688e+01
6.167310333251953125e+01
6.218066406250000000e+01
6.268822479248046875e+01
6.319578933715820312e+01
4.707807922363281250e+01
4.767858886718750000e+01
4.827909469604492188e+01
4.887960052490234375e+01
4.948011016845703125e+01
5.008061599731445312e+01
5.068112182617187500e+01
5.128163146972656250e+01
5.188213729858398438e+01
5.248264312744140625e+01
5.308315277099609375e+01
5.368366241455078125e+01
7.222541809082031250e+01
7.294593811035156250e+01
7.366645812988281250e+01
7.438697814941406250e+01
7.510749816894531250e+01
7.582801818847656250e+01
7.654853820800781250e+01
7.726905822753906250e+01
7.798957824707031250e+01
7.871009826660156250e+01
7.943061828613281250e+01
8.015113830566406250e+01
7.576353454589843750e+01
7.668887329101562500e+01
7.761420440673828125e+01
7.853954315185546875e+01
7.946488189697265625e+01
8.039021301269531250e+01
8.131555175781250000e+01
8.224089050292968750e+01
8.316622161865234375e+01
8.409156036376953125e+01
8.501689910888671875e+01
8.594223022460937500e+01
5.485729980468750000e+01
5.559952545166015625e+01
5.634174346923828125e+01
5.708396911621093750e+01
5.782618713378906250e+01
5.856840896606445312e+01
5.931063079833984375e+01
6.005285263061523438e+01
6.079507446289062500e+01
6.153729629516601562e+01
6.227951812744140625e+01
6.302173995971679688e+01
6.250141525268554688e+01
6.326859283447265625e+01
6.403578186035156250e+01
6.480296325683593750e+01
6.557015228271484375e+01
6.633734130859375000e+01
6.710452270507812500e+01
6.787171173095703125e+01
6.863889312744140625e+01
6.940608215332031250e+01
7.017326354980468750e+01
7.094045257568359375e+01
7.277194213867187500e+01
7.338649749755859375e+01
7.400106048583984375e+01
7.461561584472656250e+01
7.523017883300781250e+01
7.584473419189453125e+01
7.645928955078125000e+01
7.707385253906250000e+01
7.768840789794921875e+01
7.830296325683593750e+01
7.891752624511718750e+01
7.953208160400390625e+01
7.202861022949218750e+01
7.274155426025390625e+01
7.345449829101562500e+01
7.416744232177734375e+01
7.488038635253906250e+01
7.559333038330078125e+01
7.630627441406250000e+01
7.701921844482421875e+01
7.773216247558593750e+01
7.844510650634765625e+01
7.915805053710937500e+01
7.987099456787109375e+01
5.723409652709960938e+01
5.799695968627929688e+01
5.875981903076171875e+01
5.952268218994140625e+01
6.028554534912109375e+01
6.104840850830078125e+01
6.181127166748046875e+01
6.257413482666015625e+01
6.333699798583984375e+01
6.409986114501953125e+01
6.486272430419921875e+01
6.562558746337890625e+01
6.532934570312500000e+01
6.597189331054687500e+01
6.661444854736328125e+01
6.725700378417968750e+01
6.789955139160156250e+01
6.854210662841796875e+01
6.918465423583984375e+01
6.982720947265625000e+01
7.046975708007812500e+01
7.111231231689453125e+01
7.175485992431640625e+01
7.239741516113281250e+01
6.269649505615234375e+01
6.284352493286132812e+01
6.299055480957031250e+01
6.313758468627929688e+01
6.328461456298828125e+01
6.343164825439453125e+01
6.357867813110351562e+01
6.372570800781250000e+01
6.387273788452148438e+01
6.401976776123046875e+01
6.416680145263671875e+01
6.431382751464843750e+01
7.476040649414062500e+01
7.533755493164062500e+01
7.591470336914062500e+01
7.649185180664062500e+01
7.706900024414062500e+01
7.764614868164062500e+01
7.822329711914062500e+01
7.880044555664062500e+01
7.937759399414062500e+01
7.995475006103515625e+01
8.053189849853515625e+01
8.110904693603515625e+01
7.321620941162109375e+01
7.336079406738281250e+01
7.350537109375000000e+01
7.364995574951171875e+01
7.379454040527343750e+01
7.393911743164062500e+01
7.408370208740234375e+01
7.422828674316406250e+01
7.437286376953125000e+01
7.451744842529296875e+01
7.466203308105468750e+01
7.480661010742187500e+01
8.186916351318359375e+01
8.253865051269531250e+01
8.320812988281250000e+01
8.387761688232421875e+01
8.454710388183593750e+01
8.521658325195312500e+01
8.588607025146484375e+01
8.655554962158203125e+01
8.722503662109375000e+01
8.789451599121093750e+01
8.856400299072265625e+01
8.923348999023437500e+01
4.976367950439453125e+01
5.047784805297851562e+01
5.119202041625976562e+01
5.190619277954101562e+01
5.262036514282226562e+01
5.333453750610351562e+01
5.404870986938476562e+01
5.476287841796875000e+01
5.547705841064453125e+01
5.619123077392578125e+01
5.690540313720703125e+01
5.761957550048828125e+01
6.747789001464843750e+01
6.820264434814453125e+01
6.892740631103515625e+01
6.965216827392578125e+01
7.037693023681640625e+01
7.110169219970703125e+01
7.182644653320312500e+01
7.255120849609375000e+01
7.327597045898437500e+01
7.400073242187500000e+01
7.472548675537109375e+01
7.545024871826171875e+01
6.843350982666015625e+01
6.917870330810546875e+01
6.992390441894531250e+01
7.066910552978515625e+01
7.141429901123046875e+01
7.215950012207031250e+01
7.290469360351562500e+01
7.364989471435546875e+01
7.439508819580078125e+01
7.514028930664062500e+01
7.588548278808593750e+01
7.663068389892578125e+01
6.056212234497070312e+01
6.108115768432617188e+01
6.160019302368164062e+01
6.211923217773437500e+01
6.263826751708984375e+01
6.315730285644531250e+01
6.367633819580078125e+01
6.419537353515625000e+01
6.471440887451171875e+01
6.523344421386718750e+01
6.575247955322265625e+01
6.627151489257812500e+01
9.521238708496093750e+01
9.579014587402343750e+01
9.636788940429687500e+01
9.694564056396484375e+01
9.752339172363281250e+01
9.810114288330078125e+01
9.867889404296875000e+01
9.925664520263671875e+01
9.983439636230468750e+01
1.004121475219726562e+02
1.009898986816406250e+02
1.015676498413085938e+02
4.403237915039062500e+01
4.449615097045898438e+01
4.495992279052734375e+01
4.542369079589843750e+01
4.588746643066406250e+01
4.635123443603515625e+01
4.681500625610351562e+01
4.727877807617187500e+01
4.774254608154296875e+01
4.820631790161132812e+01
4.867008972167968750e+01
4.913385772705078125e+01
7.629030609130859375e+01
7.642973327636718750e+01
7.656916046142578125e+01
7.670858764648437500e+01
7.684801483154296875e+01
7.698744201660156250e+01
7.712686920166015625e+01
7.726629638671875000e+01
7.740573120117187500e+01
7.754515838623046875e+01
7.768458557128906250e+01
7.782401275634765625e+01
7.942950439453125000e+01
8.004953002929687500e+01
8.066956329345703125e+01
8.128958892822265625e+01
8.190961456298828125e+01
8.252964782714843750e+01
8.314967346191406250e+01
8.376969909667968750e+01
8.438973236083984375e+01
8.500975799560546875e+01
8.562978363037109375e+01
8.624981689453125000e+01
7.676946258544921875e+01
7.691385650634765625e+01
7.705824279785156250e+01
7.720263671875000000e+01
7.734702301025390625e+01
7.749141693115234375e+01
7.763580322265625000e+01
7.778019714355468750e+01
7.792458343505859375e+01
7.806896972656250000e+01
7.821336364746093750e+01
7.835774993896484375e+01
6.592868804931640625e+01
6.652646636962890625e+01
6.712423706054687500e+01
6.772201538085937500e+01
6.831979370117187500e+01
6.891756439208984375e+01
6.951534271240234375e+01
7.011312103271484375e+01
7.071089172363281250e+01
7.130867004394531250e+01
7.190644073486328125e+01
7.250421905517578125e+01
6.539123535156250000e+01
6.575308227539062500e+01
6.611493682861328125e+01
6.647679138183593750e+01
6.683864593505859375e+01
6.720050048828125000e+01
6.756235504150390625e+01
6.792420959472656250e+01
6.828606414794921875e+01
6.864791107177734375e+01
6.900976562500000000e+01
6.937162017822265625e+01
8.282312011718750000e+01
8.354241180419921875e+01
8.426171112060546875e+01
8.498100280761718750e+01
8.570030212402343750e+01
8.641959381103515625e+01
8.713889312744140625e+01
8.785818481445312500e+01
8.857748413085937500e+01
8.929678344726562500e+01
9.001607513427734375e+01
9.073536682128906250e+01
5.920522308349609375e+01
5.997908401489257812e+01
6.075294494628906250e+01
6.152680587768554688e+01
6.230066680908203125e+01
6.307452774047851562e+01
6.384838867187500000e+01
6.462225341796875000e+01
6.539611053466796875e+01
6.616997528076171875e+01
6.694383239746093750e+01
6.771769714355468750e+01
4.843605422973632812e+01
4.909611511230468750e+01
4.975617218017578125e+01
5.041623687744140625e+01
5.107629394531250000e+01
5.173635101318359375e+01
5.239640808105468750e+01
5.305646896362304688e+01
5.371652984619140625e+01
5.437658691406250000e+01
5.503664398193359375e+01
5.569670104980468750e+01
6.549439239501953125e+01
6.603024291992187500e+01
6.656608581542968750e+01
6.710193634033203125e+01
6.763778686523437500e+01
6.817363739013671875e+01
6.870948028564453125e+01
6.924533081054687500e+01
6.978118133544921875e+01
7.031703186035156250e+01
7.085287475585937500e+01
7.138872528076171875e+01
8.958573913574218750e+01
9.024511718750000000e+01
9.090450286865234375e+01
9.156388854980468750e+01
9.222326660156250000e+01
9.288264465332031250e+01
9.354203033447265625e+01
9.420140838623046875e+01
9.486079406738281250e+01
9.552017211914062500e+01
9.617955017089843750e+01
9.683893585205078125e+01
7.938248443603515625e+01
7.995812225341796875e+01
8.053375244140625000e+01
8.110938262939453125e+01
8.168502044677734375e+01
8.226065063476562500e+01
8.283628845214843750e+01
8.341191864013671875e+01
8.398754882812500000e+01
8.456318664550781250e+01
8.513881683349609375e+01
8.571444702148437500e+01
8.120273590087890625e+01
8.170994567871093750e+01
8.221715545654296875e+01
8.272436523437500000e+01
8.323158264160156250e+01
8.373879241943359375e+01
8.424600219726562500e+01
8.475321197509765625e+01
8.526042938232421875e+01
8.576763916015625000e+01
8.627484893798828125e+01
8.678205871582031250e+01
5.694474029541015625e+01
5.729513168334960938e+01
5.764551925659179688e+01
5.799590682983398438e+01
5.834629440307617188e+01
5.869668579101562500e+01
5.904707336425781250e+01
5.939746093750000000e+01
5.974784851074218750e+01
6.009823608398437500e+01
6.044862365722656250e+01
6.079901123046875000e+01
