0.129304 0.383149
0.133612 0.382555
0.137923 0.381961
0.142258 0.381374
0.146596 0.380779
0.150960 0.380177
0.155356 0.379583
0.159762 0.378999
0.164184 0.378409
0.168616 0.377813
0.173064 0.377228
0.177524 0.376647
0.182014 0.376077
0.186503 0.375504
0.191000 0.374928
0.195560 0.374366
0.200112 0.373810
0.204675 0.373268
0.209238 0.372718
0.213845 0.372185
0.218449 0.371660
0.223080 0.371152
0.227721 0.370646
0.232352 0.370143
0.237042 0.369660
0.241727 0.369188
0.246412 0.368736
0.251123 0.368290
0.255840 0.367851
0.260558 0.367433
0.265286 0.367030
0.270013 0.366643
0.274758 0.366279
0.279517 0.365926
0.284258 0.365582
0.289040 0.365265
0.293817 0.364967
0.298625 0.364698
0.303430 0.364441
0.308212 0.364195
0.313036 0.363982
0.317833 0.363787
0.322658 0.363625
0.327478 0.363471
0.332321 0.363350
0.337180 0.363255
0.342067 0.363195
0.346897 0.363147
0.351767 0.363123
0.356655 0.363134
0.361512 0.363169
0.366422 0.363245
0.371326 0.363342
0.376194 0.363457
0.381083 0.363611
0.386029 0.363809
0.390927 0.364024
0.395856 0.364268
0.400761 0.364547
0.405654 0.364855
0.410585 0.365202
0.415518 0.365581
0.420473 0.366005
0.425413 0.366453
0.430345 0.366927
0.435278 0.367441
0.440233 0.368002
0.445188 0.368590
0.450121 0.369203
0.455066 0.369860
0.459999 0.370551
0.464927 0.371282
0.469866 0.372046
0.474815 0.372842
0.479748 0.373677
0.484699 0.374554
0.489657 0.375475
0.494583 0.376412
0.499506 0.377393
0.504445 0.378414
0.509374 0.379477
0.514268 0.380560
0.519134 0.381666
0.524015 0.382820
0.528893 0.384008
0.533743 0.385232
0.538601 0.386488
0.543441 0.387776
0.548279 0.389098
0.553100 0.390452
0.557910 0.391837
0.562684 0.393234
0.567513 0.394708
0.572269 0.396169
0.577080 0.397706
0.581855 0.399254
0.586600 0.400813
0.591313 0.402411
0.596078 0.404055
0.600786 0.405724
0.605490 0.407398
0.610169 0.409107
0.614891 0.410862
0.619536 0.412620
0.624255 0.414446
0.628904 0.416251
0.633530 0.418089
0.638149 0.419964
0.642773 0.421843
0.647424 0.423784
0.652020 0.425704
0.656630 0.427668
0.661266 0.429680
0.665823 0.431658
0.670401 0.433681
0.674956 0.435716
0.679418 0.437735
0.683965 0.439823
0.688326 0.441827
0.692825 0.443921
0.697305 0.446038
0.701639 0.448083
0.706134 0.450227
0.710578 0.452365
0.715008 0.454512
0.719445 0.456677
0.723826 0.458843
0.728095 0.460945
0.732446 0.463109
0.736779 0.465275
0.741031 0.467415
0.745376 0.469619
0.749645 0.471770
0.753806 0.473892
0.758120 0.476105
0.762361 0.478262
0.766517 0.480413
0.770643 0.482524
0.774826 0.484680
0.778950 0.486826
0.783065 0.488941
0.787118 0.491041
0.791151 0.493133
0.795279 0.495269
0.799334 0.497385
0.803376 0.499462
0.807474 0.501579
0.811524 0.503686
0.815468 0.505708
0.819490 0.507793
0.823341 0.509762
0.827278 0.511781
0.831207 0.513808
0.835117 0.515786
0.838977 0.517750
0.842917 0.519759
0.846708 0.521659
0.850658 0.523657
0.854434 0.525533
0.858288 0.527452
0.862102 0.529359
0.865828 0.531182
0.869552 0.533011
0.873346 0.534879
0.877115 0.536689
0.880805 0.538470
0.884559 0.540286
0.888186 0.541998
0.891865 0.543738
0.895589 0.545486
0.899227 0.547183
0.902867 0.548887
0.906522 0.550548
0.910137 0.552197
0.913735 0.553843
0.917308 0.555428
0.920900 0.557045
0.924453 0.558595
0.927973 0.560135
0.931543 0.561703
0.934972 0.563159
0.938457 0.564644
0.941916 0.566103
0.945366 0.567546
0.948832 0.569002
0.952184 0.570357
0.955632 0.571760
0.959131 0.573189
0.962458 0.574494
0.965813 0.575817
0.969147 0.577118
0.972551 0.578435
0.975954 0.579758
0.979200 0.580965
0.982431 0.582172
0.985721 0.583410
0.988865 0.584538
0.992126 0.585741
0.995288 0.586851
0.998537 0.588005
