0.082908 0.537056
0.086729 0.538178
0.090609 0.539319
0.094507 0.540472
0.098450 0.541627
0.102381 0.542760
0.106305 0.543894
0.110282 0.545055
0.114266 0.546201
0.118275 0.547338
0.122318 0.548493
0.126392 0.549654
0.130464 0.550818
0.134585 0.551983
0.138727 0.553137
0.142782 0.554258
0.146915 0.555403
0.151094 0.556570
0.155295 0.557714
0.159455 0.558844
0.163678 0.559991
0.167903 0.561141
0.172137 0.562274
0.176432 0.563411
0.180642 0.564516
0.184917 0.565638
0.189261 0.566789
0.193566 0.567904
0.197886 0.569004
0.202268 0.570130
0.206669 0.571254
0.211119 0.572388
0.215588 0.573530
0.220042 0.574646
0.224564 0.575766
0.229041 0.576871
0.233571 0.577987
0.238085 0.579099
0.242620 0.580197
0.247228 0.581302
0.251787 0.582391
0.256449 0.583509
0.261102 0.584625
0.265745 0.585705
0.270386 0.586790
0.275017 0.587862
0.279630 0.588931
0.284397 0.590033
0.289053 0.591080
0.293717 0.592133
0.298491 0.593214
0.303174 0.594271
0.307870 0.595314
0.312649 0.596365
0.317423 0.597420
0.322098 0.598449
0.326886 0.599497
0.331576 0.600499
0.336376 0.601540
0.341226 0.602590
0.345984 0.603609
0.350751 0.604627
0.355502 0.605647
0.360269 0.606657
0.365030 0.607653
0.369832 0.608667
0.374613 0.609683
0.379365 0.610679
0.384144 0.611669
0.388925 0.612669
0.393743 0.613677
0.398613 0.614705
0.403409 0.615704
0.408139 0.616674
0.412944 0.617673
0.417697 0.618657
0.422465 0.619654
0.427231 0.620631
0.432034 0.621626
0.436785 0.622607
0.441594 0.623612
0.446441 0.624618
0.451310 0.625620
0.456167 0.626626
0.461015 0.627631
0.465967 0.628667
0.470834 0.629674
0.475728 0.630687
0.480610 0.631696
0.485512 0.632708
0.490427 0.633722
0.495316 0.634714
0.500220 0.635738
0.505104 0.636726
0.510003 0.637745
0.514876 0.638741
0.519700 0.639711
0.524723 0.640739
0.529527 0.641715
0.534568 0.642747
0.539372 0.643702
0.544314 0.644695
0.549094 0.645652
0.554055 0.646639
0.558874 0.647608
0.563631 0.648535
0.568522 0.649494
0.573502 0.650474
0.578195 0.651376
0.582992 0.652312
0.587673 0.653200
0.592379 0.654098
0.597075 0.654998
0.601720 0.655861
0.606368 0.656728
0.611032 0.657591
0.615918 0.658479
0.620621 0.659340
0.625578 0.660210
0.630192 0.661030
0.634933 0.661867
0.639802 0.662694
0.644261 0.663464
0.648810 0.664236
0.653344 0.664996
0.657797 0.665735
0.662491 0.666502
0.667203 0.667244
0.671734 0.667959
0.676263 0.668662
0.680974 0.669375
0.685475 0.670058
0.689875 0.670703
0.694682 0.671387
0.699092 0.672021
0.703387 0.672619
0.708160 0.673265
0.712683 0.673861
0.717104 0.674439
0.721791 0.675032
0.726150 0.675570
0.730787 0.676124
0.735421 0.676664
0.739691 0.677159
0.744273 0.677670
0.748533 0.678133
0.752698 0.678580
0.757101 0.679034
0.761471 0.679463
0.765834 0.679887
0.770370 0.680300
0.774720 0.680690
0.779185 0.681073
0.783332 0.681421
0.787728 0.681771
0.791960 0.682102
0.796291 0.682418
0.800356 0.682714
0.804601 0.682998
0.808684 0.683266
0.812995 0.683531
0.817201 0.683774
0.821509 0.684009
0.825685 0.684228
0.829548 0.684422
0.833765 0.684615
0.837874 0.684794
0.841998 0.684957
0.846052 0.685110
0.849890 0.685246
0.853945 0.685373
0.858097 0.685494
0.861785 0.685591
0.865713 0.685684
0.869806 0.685770
0.873563 0.685838
0.877539 0.685902
0.881225 0.685948
0.885131 0.685989
0.888978 0.686020
0.892873 0.686040
0.896691 0.686051
0.900529 0.686054
0.904326 0.686048
0.908184 0.686035
0.911993 0.686009
0.915590 0.685975
0.919128 0.685936
0.922813 0.685886
0.926517 0.685832
0.930221 0.685770
0.933618 0.685699
0.937136 0.685624
0.940743 0.685540
0.944521 0.685453
0.948217 0.685361
0.951963 0.685258
0.955616 0.685155
0.959157 0.685041
0.962521 0.684925
