1.405496
1.458672
0.608538
1.287459
1.546265
1.001212
1.244211
0.387930
1.121945
1.477341
1.134548
0.910314
1.519135
0.388331
1.194399
1.319209
0.388269
1.472968
0.388573
1.468332
0.387336
0.976046
1.119259
1.397037
0.931952
1.391101
0.387569
0.388273
0.796022
1.278184
0.389006
1.379808
0.388293
0.387628
1.204350
1.497409
1.612095
0.871504
1.074332
0.985367
0.687384
1.176343
1.252597
1.254879
0.872592
0.389268
1.356939
1.395946
1.525053
1.462480
1.455670
1.179911
0.908244
1.211772
0.749319
1.293667
1.371795
1.348129
1.531165
1.237620
1.288071
1.335014
1.224930
1.383355
0.387333
0.388853
1.531943
0.387555
1.143033
1.272501
1.082529
1.285558
1.202443
1.570469
1.253733
0.388055
0.970591
0.387905
0.388417
1.201657
0.386617
1.495028
1.139203
1.167620
1.416224
1.129496
0.974607
1.227414
1.385616
1.347599
0.875959
1.073303
1.518505
1.318209
1.519987
1.451600
1.579701
1.475353
1.417537
0.389556
0.387254
0.387488
1.520788
1.369709
1.134961
1.312247
1.609279
1.479040
0.388984
1.244861
1.576182
1.022052
1.250031
1.308319
1.086543
1.420046
1.491805
1.388547
1.472795
1.495832
0.870792
1.372686
1.316234
0.388442
1.016095
1.428850
1.578040
1.349532
1.176903
0.387457
0.387222
1.149099
1.560280
1.433064
1.514376
1.341457
1.482364
0.386694
0.387618
1.000835
1.298188
0.388567
0.464708
1.028383
1.431905
1.467841
1.314154
1.378748
1.361165
1.371507
1.472226
1.534302
1.119640
0.387598
1.478847
0.387685
0.388769
1.305303
0.388613
1.248193
1.495031
1.136598
1.059501
1.376901
0.389029
0.388522
1.458440
0.390048
1.572102
0.387448
1.236987
0.387584
1.482239
1.505049
1.436626
0.387627
1.430528
1.305130
0.890314
0.749109
1.227128
0.387481
1.368743
1.650486
1.550596
1.079618
1.616799
1.344736
1.205964
1.492770
1.132272
0.860209
1.498757
1.162632
1.142912
1.162257
1.499478
1.229015
1.305449
1.454146
