0.340390
0.377527
-0.496696
0.252670
0.435842
0.001212
0.218501
-0.946930
0.115064
0.390244
0.126235
-0.093966
0.418141
-0.945897
0.177643
0.277032
-0.946058
0.387280
-0.945275
0.384127
-0.948462
-0.024246
0.112667
0.334354
-0.070473
0.330096
-0.947860
-0.946046
-0.228129
0.245440
-0.944161
0.321944
-0.945995
-0.947708
0.185940
0.403736
0.477534
-0.137535
0.071700
-0.014741
-0.374862
0.162411
0.225219
0.227039
-0.136287
-0.943487
0.305232
0.333572
0.422029
0.380134
0.375466
0.165439
-0.096242
0.192084
-0.288591
0.257481
0.316120
0.298717
0.426029
0.213190
0.253146
0.288941
0.202884
0.324511
-0.948472
-0.944553
0.426537
-0.947898
0.133685
0.240984
0.079300
0.251193
0.184356
0.451374
0.226126
-0.946608
-0.029850
-0.946995
-0.945677
0.183701
-0.950321
0.402145
0.130329
0.154968
0.347994
0.121772
-0.025721
0.204910
0.326145
0.298324
-0.132436
0.070741
0.417726
0.276274
0.418702
0.372666
0.457235
0.388897
0.348921
-0.942748
-0.948674
-0.948070
0.419228
0.314599
0.126599
0.271741
0.475786
0.391393
-0.944217
0.219024
0.455006
0.021813
0.223168
0.268743
0.083001
0.350689
0.399987
0.328258
0.387162
0.402683
-0.138352
0.316770
0.274774
-0.945611
0.015967
0.356870
0.456183
0.299758
0.162887
-0.948150
-0.948756
0.138978
0.444866
0.359815
0.415004
0.293757
0.393638
-0.950122
-0.947735
0.000834
0.260970
-0.945289
-0.766347
0.027987
0.359005
0.383792
0.273193
0.321176
0.308341
0.315910
0.386775
0.428076
0.113007
-0.947786
0.391263
-0.947563
-0.944770
0.266435
-0.945171
0.221697
0.402147
0.128040
0.057798
0.319835
-0.944101
-0.945406
0.377367
-0.941487
0.452414
-0.948175
0.212678
-0.947823
0.393554
0.408825
0.362297
-0.947713
0.358044
0.266303
-0.116181
-0.288870
0.204677
-0.948089
0.313893
0.501070
0.438639
0.076608
0.480448
0.296197
0.187279
0.400634
0.124227
-0.150580
0.404636
0.150686
0.133579
0.150364
0.405117
0.206213
0.266547
0.374419
