35.000010
35.338371
35.676731
36.015092
36.353453
36.691814
37.030174
37.368535
37.706896
38.045257
38.383617
38.721978
39.060339
39.398700
39.737060
40.075421
40.413782
40.752143
41.090503
41.428864
41.767225
42.105586
42.443946
42.782307
43.120668
43.459029
43.797389
44.135750
44.474111
44.812472
45.150832
45.489193
45.827554
46.165915
46.504275
46.842636
47.180997
47.519358
47.857718
48.196079
48.534440
48.872801
49.211161
49.549522
49.887883
50.226244
50.564604
50.902965
51.241326
51.579687
51.918047
52.256408
52.594769
52.933130
53.271490
53.609851
53.948212
54.286573
54.624933
54.963294
55.301655
55.640016
55.978376
56.316737
56.655098
56.993459
57.331819
57.670180
58.008541
58.346902
58.685262
59.023623
59.361984
59.700345
60.038705
60.377066
60.715427
61.053788
61.392148
61.730509
62.068870
62.407231
62.745591
63.083952
63.422313
63.760674
64.099034
64.437395
64.775756
65.114117
65.452477
65.790838
66.129199
66.467560
66.805920
67.144281
67.482642
67.821003
68.159363
68.497724
68.836085
69.174446
69.512806
69.851167
70.189528
70.527889
70.866249
71.204610
71.542971
71.881332
72.219692
72.558053
72.896414
73.234775
73.573135
73.911496
74.249857
74.588218
74.926578
75.264939
75.603300
75.941661
76.280021
76.618382
76.956743
77.295104
77.633464
77.971825
78.310186
78.648547
78.986907
79.325268
79.663629
80.001990
80.340350
80.678711
81.017072
81.355433
81.693793
82.032154
82.370515
82.708876
83.047236
83.385597
83.723958
84.062318
84.400679
84.739040
85.077401
85.415761
85.754122
86.092483
86.430844
86.769204
87.107565
87.445926
87.784287
88.122647
88.461008
88.799369
89.137730
89.476090
89.814451
90.152812
90.491173
90.829533
91.167894
91.506255
91.844616
92.182976
92.521337
92.859698
93.198059
93.536419
93.874780
94.213141
94.551502
94.889862
95.228223
95.566584
95.904945
96.243305
96.581666
96.920027
97.258388
97.596748
97.935109
98.273470
98.611831
98.950191
99.288552
99.626913
99.965274
100.303634
100.641995
100.980356
101.318717
101.657077
101.995438
102.333799
