1.639994
-0.248668
1.261374
-0.440679
0.285126
0.051377
-0.491930
0.808805
0.396581
-1.733099
-1.174915
-0.685081
-0.135010
-0.115722
-0.440596
-0.745712
1.745990
-1.177025
0.387506
0.380525
1.590352
1.573506
-0.358651
-0.199868
1.128281
0.805423
0.681842
1.966294
1.295992
0.201423
0.839856
0.207040
-0.554988
-1.308668
-1.171392
1.470048
0.898816
0.473773
-2.028714
-0.014648
-0.006192
-0.224971
-0.043132
-0.415790
-0.374026
0.302413
-0.062142
-0.219515
0.186539
0.071853
0.236616
0.473860
0.803759
1.254278
0.568747
-0.006608
-0.564470
-1.984403
0.665849
0.317469
-0.300156
0.463836
-0.133247
0.343557
0.404881
-0.039598
1.005452
-0.263065
-1.007018
-0.280462
0.252788
2.278901
1.469267
0.169140
-0.699701
-1.582362
0.290308
-1.526703
1.769320
0.070719
0.915427
-1.156487
-0.104971
-0.381231
-0.942783
-1.128600
-0.584120
0.263270
-1.973048
0.142199
-1.228927
0.412376
-1.479195
-0.444451
-1.153430
-0.786448
-0.296981
-0.393138
-0.300415
0.525278
0.280942
0.734433
-1.415544
-0.693518
0.061424
-0.072758
1.899682
1.016884
-0.597631
-0.623178
-2.455500
-0.934608
0.340180
2.369444
-1.358886
0.015269
-0.940825
0.491379
-0.434609
0.101465
1.259236
0.017111
0.382795
1.758206
0.547970
1.699646
-1.745490
-0.046984
0.641585
-0.062414
-0.923797
0.184264
2.969006
0.547802
0.613299
0.000362
-1.942055
2.303681
0.919453
0.860920
0.270995
-0.000392
0.890749
-1.720959
-1.800822
1.204554
-0.657341
-2.513964
-1.711198
0.274451
0.370752
-0.959468
0.277047
-0.174197
-0.785766
2.346240
0.296470
-2.331402
1.067120
-0.911096
0.279708
0.611049
0.859673
-0.266530
0.179946
-1.279729
0.288907
-1.150228
0.597704
0.854113
-0.834746
-1.943106
-0.875044
-0.900846
0.473655
0.577636
0.736242
0.214579
-1.295337
-1.166586
1.641493
0.956694
-0.183736
0.911271
0.852612
-0.236664
-0.270093
-0.443735
-0.029515
0.484212
-0.010177
0.118933
1.570235
-0.744913
-0.140269
0.073370
-0.427768
-0.442298
-1.495663
0.019663
