0.699701 0.854020
0.702316 0.860134
0.704952 0.866180
0.707504 0.871986
0.709912 0.877487
0.712416 0.883155
0.714564 0.888196
0.716880 0.893586
0.364548 0.556055
0.374475 0.559952
0.384456 0.564105
0.394458 0.568495
0.404440 0.573098
0.414385 0.577897
0.424293 0.582913
0.434071 0.588045
0.716959 0.672789
0.715987 0.688966
0.714977 0.704477
0.714054 0.719489
0.713323 0.734387
0.712859 0.747764
0.712681 0.760664
0.712815 0.772733
0.322332 0.556233
0.332123 0.559991
0.342064 0.564000
0.352132 0.568261
0.362347 0.572814
0.372623 0.577599
0.383001 0.582658
0.393387 0.587886
0.458384 0.612483
0.468231 0.618843
0.477784 0.625399
0.487002 0.632163
0.495847 0.639145
0.504294 0.646363
0.512320 0.653795
0.519924 0.661439
0.660543 0.905297
0.666939 0.911361
0.672983 0.917451
0.678680 0.923571
0.683970 0.929658
0.688892 0.935735
0.693564 0.941910
0.697837 0.948010
0.299801 0.584139
0.306297 0.587787
0.312911 0.591552
0.319665 0.595479
0.326566 0.599553
0.333572 0.603749
0.340692 0.607995
0.347947 0.612387
0.352431 0.610322
0.362808 0.616467
0.373431 0.622795
0.384127 0.629116
0.394924 0.635527
0.405731 0.641978
0.416536 0.648516
0.427203 0.655120
0.336114 0.508726
0.348635 0.510535
0.361598 0.512725
0.374700 0.515268
0.387926 0.518235
0.401297 0.521683
0.414394 0.525467
0.427608 0.529785
0.651904 0.842050
0.655606 0.846872
0.659238 0.851593
0.662799 0.856222
0.666281 0.860762
0.669683 0.865220
0.673002 0.869603
0.676228 0.873907
0.760526 0.858603
0.760652 0.865263
0.760801 0.871429
0.761150 0.878523
0.761409 0.884645
0.761528 0.889951
0.761741 0.895762
0.762110 0.902333
0.749399 0.858681
0.749915 0.864620
0.750368 0.869854
0.751025 0.875930
0.751722 0.881756
0.752298 0.886985
0.752781 0.891835
0.753310 0.896883
0.233636 0.614397
0.240175 0.620643
0.246688 0.626802
0.253801 0.633631
0.261059 0.640448
0.268969 0.647843
0.277189 0.655266
0.285975 0.662913
0.515956 0.583600
0.524891 0.590053
0.533390 0.596757
0.541514 0.603835
0.549140 0.611216
0.556282 0.618917
0.562924 0.626921
0.569087 0.635243
0.246501 0.620925
0.251945 0.625976
0.257515 0.631129
0.263252 0.636393
0.269337 0.641928
0.275706 0.647695
0.282382 0.653522
0.289291 0.659393
0.558110 0.675207
0.563112 0.683222
0.567822 0.691289
0.572310 0.699399
0.576618 0.707520
0.580772 0.715593
0.584813 0.723594
0.588782 0.731500
0.688324 0.889369
0.692861 0.896052
0.697140 0.902610
0.701165 0.909063
0.704929 0.915413
0.708449 0.921690
0.711741 0.927917
0.714800 0.934089
0.326719 0.602050
0.337213 0.608400
0.348036 0.614991
0.359112 0.621725
0.370397 0.628544
0.381903 0.635489
0.393455 0.642403
0.405047 0.649345
0.681509 0.612588
0.683735 0.627068
0.685245 0.641745
0.686163 0.656247
0.686705 0.670780
0.687010 0.684983
0.687214 0.698894
0.687430 0.712422
0.506714 0.741528
0.512361 0.746768
0.517874 0.751975
0.523272 0.757145
0.528635 0.762314
0.533899 0.767435
0.539131 0.772519
0.544296 0.777534
0.386457 0.609532
0.397521 0.615822
0.408617 0.622240
0.419626 0.628736
0.430592 0.635395
0.441332 0.642159
0.451840 0.649063
0.462019 0.656105
0.241395 0.475055
0.249821 0.476166
0.258783 0.477019
0.268424 0.477674
0.278671 0.478115
0.289613 0.478412
0.301203 0.478596
0.313360 0.478730
0.805736 0.602647
0.804982 0.619606
0.803506 0.636859
0.801536 0.653207
0.798933 0.670833
0.796267 0.686560
0.793180 0.703402
0.790285 0.718504
0.798793 0.646325
0.796257 0.664855
0.793089 0.684332
0.790059 0.701180
0.786768 0.718661
0.783673 0.734866
0.780775 0.750317
0.778253 0.764393
0.598604 0.910052
0.606706 0.914068
0.614685 0.918185
0.621856 0.922082
0.628824 0.926065
0.635463 0.930086
0.641850 0.934195
0.647852 0.938319
0.390902 0.566317
0.402892 0.571751
0.414822 0.577472
0.426669 0.583465
0.438398 0.589729
0.449926 0.596202
0.461189 0.602875
0.472164 0.609805
0.224932 0.436314
0.234361 0.438061
0.244749 0.439229
0.256054 0.439782
0.268196 0.439735
0.281350 0.439144
0.295911 0.438086
0.311495 0.436645
0.772255 0.770783
0.769876 0.786621
0.768049 0.800729
0.766707 0.813181
0.765752 0.824380
0.765129 0.834226
0.764749 0.842914
0.764550 0.851119
0.514280 0.567934
0.523757 0.574077
0.532847 0.580494
0.541461 0.587162
0.549738 0.594284
0.557477 0.601715
0.564751 0.609546
0.571416 0.617639
0.489818 0.631387
0.498073 0.637981
0.505976 0.644783
0.513530 0.651808
0.520648 0.658969
0.527419 0.666337
0.533827 0.673865
0.539880 0.681535
0.609229 0.809708
0.616655 0.818335
0.624005 0.826705
0.631211 0.834801
0.638256 0.842653
0.645086 0.850256
0.651699 0.857652
0.658060 0.864845
0.529395 0.618167
0.537520 0.626081
0.545135 0.634328
0.552178 0.642835
0.558704 0.651623
0.564744 0.660667
0.570315 0.669894
0.575466 0.679242
0.554618 0.729518
0.559715 0.736813
0.564674 0.743982
0.569594 0.751083
0.574478 0.758080
0.579339 0.764961
0.584182 0.771707
0.589021 0.778321
0.546396 0.626291
0.553419 0.634461
0.559962 0.642954
0.565970 0.651671
0.571521 0.660621
0.576645 0.669744
0.581396 0.678992
0.585813 0.688282
0.722457 0.600885
0.723551 0.615802
0.723919 0.630605
0.723732 0.645465
0.723125 0.660263
0.722234 0.674894
0.721197 0.689062
0.720116 0.703181
0.684624 0.711958
0.684875 0.719918
0.685167 0.727614
0.685526 0.735165
0.685965 0.742587
0.686488 0.749853
0.687079 0.756809
0.687762 0.763754
0.197314 0.448405
0.203386 0.451724
0.209946 0.454661
0.217079 0.457216
0.224800 0.459383
0.233212 0.461169
0.242221 0.462536
0.252039 0.463526
0.526970 0.562280
0.537096 0.569003
0.546707 0.576068
0.555789 0.583543
0.564262 0.591388
0.572235 0.599809
0.579522 0.608587
0.586119 0.617741
0.552357 0.630156
0.558604 0.637965
0.564424 0.646037
0.569831 0.654337
0.574827 0.662813
0.579454 0.671411
0.583751 0.680083
0.587801 0.688837
0.434030 0.651302
0.444324 0.657977
0.454304 0.664742
0.464015 0.671700
0.473343 0.678792
0.482265 0.686002
0.490845 0.693381
0.499051 0.700887
0.432644 0.623666
0.443089 0.630109
0.453342 0.636723
0.463318 0.643514
0.472904 0.650418
0.482178 0.657570
0.491029 0.664901
0.499448 0.672395
0.341296 0.585257
0.351435 0.590598
0.361635 0.596048
0.372030 0.601751
0.382502 0.607587
0.393084 0.613579
0.403684 0.619685
0.414257 0.625866
0.600607 0.634842
0.605052 0.644478
0.609053 0.654350
0.612632 0.664323
0.615880 0.674383
0.618874 0.684466
0.621652 0.694454
0.624301 0.704349
0.732578 0.878914
0.734051 0.884540
0.735280 0.889467
0.736399 0.894131
0.737657 0.899178
0.738704 0.903761
0.739900 0.908776
0.740970 0.913572
0.661520 0.653973
0.663282 0.668430
0.664710 0.682755
0.665949 0.696854
0.667153 0.710564
0.668408 0.723861
0.669792 0.736602
0.671395 0.748978
0.455695 0.677847
0.465031 0.684655
0.474014 0.691571
0.482630 0.698591
0.490962 0.705766
0.498911 0.712995
0.506539 0.720283
0.513957 0.727677
0.194773 0.329669
0.200690 0.333323
0.207023 0.336455
0.213868 0.339047
0.221126 0.341053
0.228743 0.342467
0.236915 0.343306
0.245278 0.343519
0.500529 0.586233
0.510491 0.593037
0.519993 0.600124
0.529016 0.607544
0.537508 0.615270
0.545539 0.623446
0.552944 0.631860
0.559810 0.640625
0.448934 0.625818
0.459376 0.632621
0.469492 0.639605
0.479263 0.646821
0.488594 0.654210
0.497524 0.661864
0.505953 0.669660
0.513977 0.677692
0.613315 0.693246
0.615750 0.701185
0.618129 0.709077
0.620468 0.716883
0.622791 0.724583
0.625106 0.732120
0.627451 0.739527
0.629833 0.746795
0.552440 0.766013
0.558322 0.772586
0.564157 0.779047
0.569937 0.785375
0.575736 0.791628
0.581451 0.797709
0.587057 0.803598
0.592811 0.809527
0.466849 0.566145
0.477102 0.571647
0.487035 0.577306
0.496746 0.583249
0.506148 0.589446
0.515187 0.595877
0.523790 0.602530
0.532055 0.609564
0.204469 0.316493
0.211503 0.319472
0.219016 0.321797
0.227094 0.323448
0.235570 0.324397
0.244391 0.324648
0.253919 0.324243
0.263885 0.323189
0.466315 0.614238
0.476271 0.620911
0.485881 0.627805
0.495127 0.634962
0.503902 0.642305
0.512286 0.649963
0.520165 0.657786
0.527611 0.665858
0.264473 0.585286
0.273112 0.590731
0.282221 0.596686
0.291670 0.603033
0.301339 0.609579
0.311513 0.616563
0.322124 0.623825
0.333027 0.631175
0.308052 0.581115
0.314450 0.584510
0.320938 0.588010
0.327564 0.591673
0.334281 0.595445
0.341088 0.599318
0.347998 0.603292
0.354997 0.607349
0.733098 0.891475
0.734847 0.898400
0.737029 0.906476
0.738762 0.913708
0.740429 0.921042
0.742032 0.928522
0.743468 0.935941
0.744535 0.942802
0.728521 0.689241
0.727699 0.698062
0.726899 0.706507
0.726129 0.714789
0.725399 0.723291
0.724739 0.731499
0.724165 0.739246
0.723643 0.746960
0.585638 0.785972
0.593307 0.795206
0.600931 0.804142
0.608496 0.812791
0.615983 0.821169
0.623357 0.829286
0.630565 0.837136
0.637619 0.844777
0.252162 0.550799
0.260694 0.554274
0.269580 0.557938
0.278845 0.561898
0.288514 0.566177
0.298403 0.570743
0.308641 0.575664
0.319203 0.580992
0.431880 0.591975
0.442312 0.597791
0.452574 0.603784
0.462621 0.609956
0.472437 0.616349
0.481905 0.622886
0.491043 0.629669
0.499804 0.636683
0.774186 0.880757
0.774004 0.883814
0.773885 0.887517
0.773639 0.890074
0.773594 0.894328
0.773472 0.897940
0.773341 0.901515
0.773139 0.904664
0.189553 0.355599
0.195163 0.359737
0.201184 0.363377
0.207675 0.366506
0.214633 0.369093
0.221975 0.371103
0.229866 0.372555
0.238275 0.373430
0.728370 0.951523
0.730605 0.958752
0.732512 0.965746
0.734321 0.972907
0.735949 0.980054
0.737371 0.987097
0.738703 0.994248
0.739769 1.001064
0.724129 0.651895
0.723367 0.666654
0.722386 0.680868
0.721301 0.695123
0.720237 0.708512
0.719236 0.722605
0.718440 0.734680
0.717833 0.746941
0.177391 0.625513
0.181559 0.630922
0.186176 0.637093
0.190861 0.643243
0.196005 0.650067
0.201479 0.657305
0.207244 0.664693
0.213699 0.672928
0.693504 0.852983
0.696803 0.859928
0.699965 0.866515
0.703042 0.872891
0.706042 0.879117
0.708978 0.885249
0.711683 0.891037
0.714232 0.896638
0.412975 0.541269
0.421078 0.544323
0.429129 0.547531
0.437144 0.550913
0.445020 0.554378
0.452855 0.558020
0.460542 0.561738
0.468193 0.565642
0.153575 0.239196
0.156721 0.249796
0.160395 0.260003
0.164475 0.269546
0.169212 0.278579
0.174574 0.286934
0.180438 0.294436
0.187192 0.301276
0.154448 0.436745
0.157363 0.444549
0.160638 0.451955
0.164335 0.458971
0.168475 0.465593
0.173082 0.471774
0.178232 0.477564
0.183948 0.482929
0.427093 0.583930
0.437517 0.589498
0.447766 0.595201
0.457837 0.601105
0.467691 0.607197
0.477304 0.613512
0.486591 0.620002
0.495505 0.626678
0.594092 0.689197
0.597802 0.698394
0.601338 0.707512
0.604773 0.716542
0.608142 0.725432
0.611495 0.734180
0.614861 0.742765
0.618222 0.751077
0.548509 0.757249
0.555567 0.765414
0.562551 0.773430
0.569508 0.781303
0.576376 0.788958
0.583219 0.796439
0.590031 0.803744
0.596756 0.810833
0.382313 0.652297
0.392887 0.658654
0.403535 0.665068
0.414063 0.671456
0.424452 0.677876
0.434662 0.684374
0.444620 0.690937
0.454261 0.697584
0.225761 0.420597
0.234567 0.422085
0.244253 0.423022
0.254713 0.423374
0.266026 0.423151
0.278019 0.422372
0.291003 0.421100
0.305265 0.419398
0.630284 0.735927
0.633829 0.747499
0.637552 0.758819
0.641293 0.769432
0.645179 0.779668
0.649227 0.789550
0.653346 0.798974
0.657542 0.808003
0.188843 0.301664
0.193380 0.305193
0.197864 0.308248
0.202782 0.311048
0.207758 0.313410
0.213231 0.315498
0.218727 0.317140
0.224644 0.318456
0.715695 0.937694
0.719129 0.945343
0.722239 0.952946
0.725044 0.960502
0.727578 0.968038
0.729843 0.975522
0.731883 0.982992
0.733705 0.990418
0.755693 0.809000
0.755296 0.815997
0.755014 0.822918
0.754854 0.828759
0.754782 0.834530
0.754790 0.840026
0.754854 0.845019
0.754939 0.849424
0.236125 0.434564
0.246034 0.435536
0.256706 0.435954
0.268076 0.435829
0.280367 0.435211
0.293792 0.434155
0.308195 0.432736
0.323758 0.431081
0.185468 0.568901
0.188903 0.571851
0.192508 0.574934
0.196240 0.578037
0.200091 0.581223
0.204102 0.584564
0.208289 0.588051
0.212551 0.591601
0.357272 0.549943
0.368421 0.553972
0.379611 0.558309
0.390861 0.562971
0.402075 0.567904
0.413297 0.573149
0.424377 0.578571
0.435378 0.584254
0.178703 0.446353
0.183045 0.450756
0.187750 0.454847
0.192900 0.458660
0.198456 0.462144
0.204459 0.465292
0.210980 0.468124
0.218072 0.470647
0.680727 0.702809
0.681208 0.715219
0.681794 0.727293
0.682556 0.739156
0.683442 0.750174
0.684536 0.760847
0.685811 0.770993
0.687267 0.780654
0.597302 0.632611
0.602493 0.643288
0.607032 0.654112
0.611108 0.665186
0.614768 0.676341
0.618115 0.687506
0.621215 0.698537
0.624186 0.709436
0.547023 0.800639
0.553235 0.805696
0.559244 0.810580
0.565136 0.815341
0.571081 0.820102
0.577099 0.824879
0.582963 0.829520
0.588690 0.834045
0.334578 0.589224
0.344281 0.594529
0.354146 0.599995
0.364158 0.605646
0.374338 0.611461
0.384602 0.617369
0.394966 0.623391
0.405301 0.629455
0.224866 0.586405
0.230370 0.590511
0.236266 0.595107
0.242197 0.599771
0.248465 0.604834
0.254943 0.610126
0.261564 0.615609
0.268650 0.621573
0.319298 0.589199
0.328041 0.594124
0.336967 0.599242
0.346124 0.604538
0.355372 0.609952
0.364812 0.615510
0.374429 0.621204
0.384086 0.626882
0.150646 0.252258
0.152745 0.261065
0.155180 0.269725
0.157947 0.278143
0.161062 0.286242
0.164466 0.293899
0.168329 0.301238
0.172604 0.308145
0.645937 0.873886
0.649669 0.877381
0.653347 0.880879
0.656935 0.884356
0.660409 0.887795
0.663793 0.891219
0.667057 0.894603
0.670276 0.898018
0.509975 0.679910
0.515975 0.686163
0.521735 0.692495
0.527273 0.698905
0.532592 0.705362
0.537728 0.711849
0.542708 0.718358
0.547536 0.724852
0.466987 0.787552
0.471769 0.790340
0.476493 0.793104
0.481078 0.795826
0.485739 0.798593
0.490319 0.801323
0.494889 0.804081
0.499387 0.806798
0.542259 0.619361
0.548780 0.626346
0.554911 0.633580
0.560647 0.641043
0.565975 0.648689
0.570948 0.656538
0.575576 0.664535
0.579862 0.672606
0.683152 0.833038
0.686763 0.841042
0.690264 0.848554
0.693703 0.855749
0.697065 0.862662
0.700327 0.869316
0.703544 0.875852
0.706662 0.882218
0.430482 0.599883
0.440158 0.605438
0.449649 0.611080
0.458981 0.616892
0.468111 0.622896
0.476961 0.629034
0.485504 0.635319
0.493730 0.641819
0.745250 0.646318
0.743747 0.664371
0.741921 0.681626
0.739935 0.698730
0.737919 0.715978
0.736185 0.731315
0.734709 0.745996
0.733553 0.759899
0.231163 0.507825
0.235830 0.509104
0.240681 0.510337
0.245746 0.511540
0.250997 0.512714
0.256447 0.513855
0.262095 0.514978
0.267947 0.516095
0.303654 0.647954
0.313357 0.655302
0.323645 0.662801
0.334275 0.670125
0.345227 0.677323
0.356567 0.684451
0.368032 0.691367
0.379743 0.698239
0.566700 0.631848
0.573239 0.641380
0.579192 0.651230
0.584562 0.661271
0.589493 0.671551
0.593972 0.681857
0.598175 0.692266
0.602137 0.702648
