0.165545
0.009528
0.283314
-0.013093
-0.000851
-0.177140
-0.068761
-0.063352
0.074073
0.012244
0.510167
0.433211
-0.188094
0.062710
-0.179239
0.025214
0.016685
-0.071716
0.214245
-0.091686
-0.040766
0.137177
0.585207
0.566331
-0.405986
0.010233
0.253892
0.539023
0.076812
0.001797
-0.029724
0.041810
-0.020525
0.048906
0.297394
0.207825
0.176391
0.090440
0.051092
-0.054853
-0.027617
-0.041073
0.095201
0.300005
0.170289
-0.067408
0.620046
0.050367
-0.019718
0.083380
-0.063250
0.050903
0.700215
0.002351
-0.101673
-0.058246
0.280304
0.318182
-0.037051
-0.050181
0.004198
0.622791
0.496740
0.077684
0.298986
-0.329892
0.140207
0.052190
0.715269
0.041202
0.009973
0.058981
-0.057853
-0.090111
0.310223
0.090565
0.720037
0.009995
0.473457
0.266841
-0.180677
0.014232
0.134503
0.199796
0.092836
-0.127859
-0.050367
-0.151311
-0.060963
0.614343
-0.102272
-0.025244
-0.213804
0.050859
0.135338
-0.004768
0.356614
0.036609
-0.148452
0.062750
