1.067096
0.873813
1.147043
0.937707
0.948668
1.367562
0.714627
1.000561
1.036107
0.808062
1.496506
1.234241
1.018393
0.902781
0.794485
0.866053
1.345651
1.073068
1.079809
0.728746
1.019858
1.077042
0.984017
1.097629
1.169937
1.047136
1.409206
1.426880
0.906367
0.890771
1.326390
0.972392
0.873064
0.941480
1.008736
0.653189
1.240792
0.971427
0.879484
0.993087
0.984511
0.975152
0.915820
1.083633
1.144602
0.972404
1.251988
0.978383
1.009015
0.752318
0.904336
0.909693
1.338232
0.976649
1.127958
0.679633
1.676117
0.622669
1.309088
1.098470
0.946106
0.922626
1.261712
1.611018
1.003068
1.066421
1.178877
0.664865
1.678104
1.553149
0.930396
0.907056
1.096219
0.976885
1.334097
1.180913
0.994020
1.685073
0.860934
1.323601
0.840367
0.974911
1.209864
1.015933
1.019961
0.818615
0.957252
0.939550
0.903563
1.384169
0.718459
0.780715
0.487647
0.826496
1.207101
0.883870
1.173446
0.666274
1.040805
1.014444
