0.081466 0.450520
0.080203 0.459426
0.079034 0.467950
0.077967 0.476007
0.076997 0.483625
0.076060 0.491565
0.075229 0.498957
0.074468 0.506360
0.073776 0.513662
0.073187 0.520141
0.072632 0.527400
0.072156 0.534802
0.071775 0.541242
0.071464 0.547451
0.071226 0.553625
0.071042 0.559521
0.070937 0.565593
0.070901 0.571589
0.070939 0.577569
0.071064 0.583619
0.071171 0.588434
0.071321 0.592985
0.071538 0.597679
0.071793 0.602152
0.072122 0.606723
0.072523 0.611463
0.072962 0.615986
0.073419 0.620239
0.073928 0.624398
0.074441 0.628177
0.074986 0.631875
0.075534 0.635290
0.076120 0.638652
0.076719 0.641873
0.077398 0.645194
0.078063 0.648253
0.078734 0.651129
0.079453 0.654036
0.080136 0.656630
0.080901 0.659381
0.081643 0.661864
0.082439 0.664374
0.083255 0.666853
0.084020 0.669017
0.084761 0.670928
0.085614 0.673141
0.086440 0.675119
0.087316 0.677131
0.088219 0.679183
0.089127 0.681104
0.090108 0.683160
0.091075 0.685050
0.092111 0.687055
0.093073 0.688677
0.094156 0.690648
0.095236 0.692460
0.096430 0.694522
0.097641 0.696489
0.098907 0.698547
0.100281 0.700814
0.101723 0.703177
0.103239 0.705600
0.104839 0.708115
0.106568 0.710890
0.108325 0.713588
0.110198 0.716451
0.112205 0.719512
0.114439 0.723040
0.116795 0.726652
0.119350 0.730579
0.122019 0.734574
0.124808 0.738659
0.127690 0.742760
0.130743 0.747031
0.133949 0.751407
0.137383 0.756049
0.141194 0.761205
0.145143 0.766375
0.149374 0.771813
0.153821 0.777373
0.158492 0.783049
0.163311 0.788731
0.168367 0.794531
0.173740 0.800525
0.179378 0.806616
0.185274 0.812775
0.191440 0.819018
0.197825 0.825221
0.204614 0.831587
0.211677 0.837940
0.219293 0.844515
0.226926 0.850802
0.234773 0.856997
0.242987 0.863174
0.251736 0.869444
0.260896 0.875686
0.269972 0.881586
0.279375 0.887388
0.289089 0.893084
0.299245 0.898724
0.309144 0.903960
0.319177 0.909000
0.329320 0.913833
0.339702 0.918513
0.350263 0.923016
0.360430 0.927147
0.370667 0.931087
0.380575 0.934718
0.390474 0.938165
0.400335 0.941448
0.410178 0.944584
0.419530 0.947460
0.428631 0.950170
0.437428 0.952726
0.446063 0.955195
0.454917 0.957670
0.463294 0.959998
0.471712 0.962318
0.479666 0.964530
0.487379 0.966692
0.495064 0.968855
0.502344 0.970929
0.509646 0.973027
0.516942 0.975161
0.523684 0.977166
0.530719 0.979274
0.537616 0.981368
0.543742 0.983273
0.549524 0.985101
0.555542 0.987016
0.561274 0.988827
0.567140 0.990773
0.572514 0.992563
0.577698 0.994312
0.582661 0.996009
0.587474 0.997679
0.592077 0.999307
0.596295 1.000831
0.600732 1.002461
0.604767 1.003974
0.608672 1.005470
0.612014 1.006791
0.615499 1.008197
0.619013 1.009652
0.622257 1.011034
0.625068 1.012271
0.627920 1.013565
0.630675 1.014854
0.633384 1.016161
0.635839 1.017389
0.638399 1.018716
0.640890 1.020055
0.643397 1.021452
0.645906 1.022903
0.647937 1.024136
0.650245 1.025578
0.652260 1.026896
0.654300 1.028275
0.656236 1.029640
0.658496 1.031268
0.660831 1.033008
0.663169 1.034815
0.665504 1.036685
0.667699 1.038519
0.669582 1.040180
0.671595 1.041996
0.673779 1.044003
0.675695 1.045858
0.677808 1.047932
0.679854 1.050009
0.681950 1.052190
0.683895 1.054298
0.685771 1.056400
0.687548 1.058468
0.689578 1.060820
0.691445 1.063076
0.693368 1.065410
0.695006 1.067578
0.696678 1.069797
0.698426 1.072138
0.700179 1.074531
0.701976 1.077017
0.703560 1.079327
0.704967 1.081494
0.706493 1.083825
0.707844 1.086007
0.709432 1.088484
0.710882 1.090847
0.712246 1.093148
0.713371 1.095211
0.714417 1.097210
0.715737 1.099553
0.716911 1.101754
0.717935 1.103802
0.718790 1.105673
0.719637 1.107553
0.720817 1.109862
0.721953 1.112141
0.723111 1.114471
0.724012 1.116499
