8.557013702392578125e+01
8.610368347167968750e+01
8.663723754882812500e+01
8.717078399658203125e+01
8.770433044433593750e+01
8.823788452148437500e+01
8.877142333984375000e+01
8.930497741699218750e+01
6.353198623657226562e+01
6.396889495849609375e+01
6.440579986572265625e+01
6.484270477294921875e+01
6.527961730957031250e+01
6.571652221679687500e+01
6.615342712402343750e+01
6.659033203125000000e+01
7.694574737548828125e+01
7.751927185058593750e+01
7.809278869628906250e+01
7.866631317138671875e+01
7.923983001708984375e+01
7.981335449218750000e+01
8.038687896728515625e+01
8.096039581298828125e+01
6.218154144287109375e+01
6.265039062500000000e+01
6.311924743652343750e+01
6.358810043334960938e+01
6.405695343017578125e+01
6.452580261230468750e+01
6.499465942382812500e+01
6.546350860595703125e+01
6.804468536376953125e+01
6.851901245117187500e+01
6.899334716796875000e+01
6.946768188476562500e+01
6.994201660156250000e+01
7.041635131835937500e+01
7.089068603515625000e+01
7.136502075195312500e+01
8.666415405273437500e+01
8.734793853759765625e+01
8.803171539306640625e+01
8.871549987792968750e+01
8.939927673339843750e+01
9.008306121826171875e+01
9.076683807373046875e+01
9.145062255859375000e+01
6.253527832031250000e+01
6.289259338378906250e+01
6.324990463256835938e+01
6.360721969604492188e+01
6.396453094482421875e+01
6.432184600830078125e+01
6.467916107177734375e+01
6.503646850585937500e+01
6.509174346923828125e+01
6.559201812744140625e+01
6.609230041503906250e+01
6.659258270263671875e+01
6.709286499023437500e+01
6.759314727783203125e+01
6.809342193603515625e+01
6.859370422363281250e+01
6.091736602783203125e+01
6.143541717529296875e+01
6.195347213745117188e+01
6.247152709960937500e+01
6.298957443237304688e+01
6.350762939453125000e+01
6.402568054199218750e+01
6.454373931884765625e+01
8.312479400634765625e+01
8.352882385253906250e+01
8.393286132812500000e+01
8.433689117431640625e+01
8.474092102050781250e+01
8.514495086669921875e+01
8.554898071289062500e+01
8.595301055908203125e+01
8.725547027587890625e+01
8.800372314453125000e+01
8.875197601318359375e+01
8.950022888183593750e+01
9.024848175048828125e+01
9.099673461914062500e+01
9.174499511718750000e+01
9.249324035644531250e+01
8.716555786132812500e+01
8.778267669677734375e+01
8.839979553222656250e+01
8.901692199707031250e+01
8.963404083251953125e+01
9.025115966796875000e+01
9.086827850341796875e+01
9.148539733886718750e+01
6.154398345947265625e+01
6.205318069458007812e+01
6.256237792968750000e+01
6.307157516479492188e+01
6.358077239990234375e+01
6.408996582031250000e+01
6.459916687011718750e+01
6.510836029052734375e+01
6.869236755371093750e+01
6.914376068115234375e+01
6.959514617919921875e+01
7.004653930664062500e+01
7.049793243408203125e+01
7.094931793212890625e+01
7.140071105957031250e+01
7.185210418701171875e+01
6.229356384277343750e+01
6.269080734252929688e+01
6.308805084228515625e+01
6.348529052734375000e+01
6.388253402709960938e+01
6.427977752685546875e+01
6.467701721191406250e+01
6.507426452636718750e+01
7.293801879882812500e+01
7.337104034423828125e+01
7.380406951904296875e+01
7.423709869384765625e+01
7.467012023925781250e+01
7.510314941406250000e+01
7.553617095947265625e+01
7.596920013427734375e+01
8.750353240966796875e+01
8.817636108398437500e+01
8.884918212890625000e+01
8.952201080322265625e+01
9.019483947753906250e+01
9.086766052246093750e+01
9.154048919677734375e+01
9.221331024169921875e+01
6.405995941162109375e+01
6.459649658203125000e+01
6.513302612304687500e+01
6.566956329345703125e+01
6.620610046386718750e+01
6.674263000488281250e+01
6.727916717529296875e+01
6.781569671630859375e+01
7.404848480224609375e+01
7.458838653564453125e+01
7.512828826904296875e+01
7.566819763183593750e+01
7.620809936523437500e+01
7.674800109863281250e+01
7.728791046142578125e+01
7.782781219482421875e+01
7.378961944580078125e+01
7.415399169921875000e+01
7.451836395263671875e+01
7.488273620605468750e+01
7.524711608886718750e+01
7.561148834228515625e+01
7.597586059570312500e+01
7.634023284912109375e+01
6.600151824951171875e+01
6.651144409179687500e+01
6.702137756347656250e+01
6.753130340576171875e+01
6.804122924804687500e+01
6.855116271972656250e+01
6.906108856201171875e+01
6.957102203369140625e+01
5.527307128906250000e+01
5.581159210205078125e+01
5.635011291503906250e+01
5.688863372802734375e+01
5.742715454101562500e+01
5.796567535400390625e+01
5.850419616699218750e+01
5.904271697998046875e+01
7.621065521240234375e+01
7.670265960693359375e+01
7.719467163085937500e+01
7.768667602539062500e+01
7.817868804931640625e+01
7.867070007324218750e+01
7.916270446777343750e+01
7.965470886230468750e+01
7.743559265136718750e+01
7.798440551757812500e+01
7.853321838378906250e+01
7.908203125000000000e+01
7.963084411621093750e+01
8.017965698242187500e+01
8.072847747802734375e+01
8.127729034423828125e+01
8.258936309814453125e+01
8.317433166503906250e+01
8.375930023193359375e+01
8.434426879882812500e+01
8.492923736572265625e+01
8.551420593261718750e+01
8.609917449951171875e+01
8.668414306640625000e+01
6.466754913330078125e+01
6.519111633300781250e+01
6.571469116210937500e+01
6.623825836181640625e+01
6.676182556152343750e+01
6.728539276123046875e+01
6.780895996093750000e+01
6.833252716064453125e+01
5.298541259765625000e+01
5.369001770019531250e+01
5.439461898803710938e+01
5.509922027587890625e+01
5.580382537841796875e+01
5.650843048095703125e+01
5.721303176879882812e+01
5.791763305664062500e+01
8.152565765380859375e+01
8.223909759521484375e+01
8.295253753662109375e+01
8.366597747802734375e+01
8.437941741943359375e+01
8.509285736083984375e+01
8.580628967285156250e+01
8.651972961425781250e+01
6.815454864501953125e+01
6.860773468017578125e+01
6.906091308593750000e+01
6.951409912109375000e+01
6.996728515625000000e+01
7.042047119140625000e+01
7.087364959716796875e+01
7.132683563232421875e+01
6.951959228515625000e+01
6.996497344970703125e+01
7.041036224365234375e+01
7.085574340820312500e+01
7.130113220214843750e+01
7.174651336669921875e+01
7.219190216064453125e+01
7.263729095458984375e+01
7.995659637451171875e+01
8.061979675292968750e+01
8.128298950195312500e+01
8.194618225097656250e+01
8.260937500000000000e+01
8.327257537841796875e+01
8.393576812744140625e+01
8.459896087646484375e+01
7.018001556396484375e+01
7.066621398925781250e+01
7.115240478515625000e+01
7.163860321044921875e+01
7.212480163574218750e+01
7.261099243164062500e+01
7.309719085693359375e+01
7.358338928222656250e+01
7.484475708007812500e+01
7.528128814697265625e+01
7.571781921386718750e+01
7.615435028076171875e+01
7.659088897705078125e+01
7.702742004394531250e+01
7.746395111083984375e+01
7.790048217773437500e+01
7.091882324218750000e+01
7.138956451416015625e+01
7.186030578613281250e+01
7.233104705810546875e+01
7.280178070068359375e+01
7.327252197265625000e+01
7.374326324462890625e+01
7.421400451660156250e+01
7.460485076904296875e+01
7.510922241210937500e+01
7.561358642578125000e+01
7.611795043945312500e+01
7.662232208251953125e+01
7.712669372558593750e+01
7.763105773925781250e+01
7.813542175292968750e+01
7.775031280517578125e+01
7.807690429687500000e+01
7.840349578857421875e+01
7.873009490966796875e+01
7.905668640136718750e+01
7.938328552246093750e+01
7.970987701416015625e+01
8.003646850585937500e+01
5.117613220214843750e+01
5.179652786254882812e+01
5.241692352294921875e+01
5.303731918334960938e+01
5.365771484375000000e+01
5.427811431884765625e+01
5.489850616455078125e+01
5.551890563964843750e+01
6.833557128906250000e+01
6.882128906250000000e+01
6.930699920654296875e+01
6.979271697998046875e+01
7.027842712402343750e+01
7.076414489746093750e+01
7.124985504150390625e+01
7.173557281494140625e+01
7.121327209472656250e+01
7.165301513671875000e+01
7.209275054931640625e+01
7.253249359130859375e+01
7.297223663330078125e+01
7.341197967529296875e+01
7.385172271728515625e+01
7.429146575927734375e+01
6.865227508544921875e+01
6.914881896972656250e+01
6.964536285400390625e+01
7.014190673828125000e+01
7.063844299316406250e+01
7.113498687744140625e+01
7.163153076171875000e+01
7.212807464599609375e+01
6.771418762207031250e+01
6.820643615722656250e+01
6.869869232177734375e+01
6.919094848632812500e+01
6.968320465087890625e+01
7.017546081542968750e+01
7.066771697998046875e+01
7.115997314453125000e+01
6.387855911254882812e+01
6.436613464355468750e+01
6.485370635986328125e+01
6.534127807617187500e+01
6.582885742187500000e+01
6.631643676757812500e+01
6.680400848388671875e+01
6.729158782958984375e+01
7.270986175537109375e+01
7.316777038574218750e+01
7.362567901611328125e+01
7.408359527587890625e+01
7.454150390625000000e+01
7.499941253662109375e+01
7.545732116699218750e+01
7.591522979736328125e+01
8.875374603271484375e+01
8.929556274414062500e+01
8.983737945556640625e+01
9.037919616699218750e+01
9.092101287841796875e+01
9.146282958984375000e+01
9.200464630126953125e+01
9.254646301269531250e+01
7.498941040039062500e+01
7.556171417236328125e+01
7.613401031494140625e+01
7.670631408691406250e+01
7.727861785888671875e+01
7.785091400146484375e+01
7.842321777343750000e+01
7.899552154541015625e+01
7.011533355712890625e+01
7.060153961181640625e+01
7.108773803710937500e+01
7.157394409179687500e+01
7.206014251708984375e+01
7.254634857177734375e+01
7.303254699707031250e+01
7.351875305175781250e+01
4.897298431396484375e+01
4.959897613525390625e+01
5.022496795654296875e+01
5.085096359252929688e+01
5.147695922851562500e+01
5.210295104980468750e+01
5.272894287109375000e+01
5.335493850708007812e+01
6.835292816162109375e+01
6.884211730957031250e+01
6.933130645751953125e+01
6.982050323486328125e+01
7.030969238281250000e+01
7.079888153076171875e+01
7.128807830810546875e+01
7.177726745605468750e+01
6.822372436523437500e+01
6.872823333740234375e+01
6.923274230957031250e+01
6.973725128173828125e+01
7.024175262451171875e+01
7.074626159667968750e+01
7.125077056884765625e+01
7.175527954101562500e+01
7.517800903320312500e+01
7.555416870117187500e+01
7.593032836914062500e+01
7.630648803710937500e+01
7.668264770507812500e+01
7.705880737304687500e+01
7.743496704101562500e+01
7.781112670898437500e+01
7.617935943603515625e+01
7.663153076171875000e+01
7.708369445800781250e+01
7.753586578369140625e+01
7.798802947998046875e+01
7.844020080566406250e+01
7.889236450195312500e+01
7.934453582763671875e+01
6.678708648681640625e+01
6.724192810058593750e+01
6.769677734375000000e+01
6.815162658691406250e+01
6.860646820068359375e+01
6.906131744384765625e+01
6.951615905761718750e+01
6.997100830078125000e+01
4.993149948120117188e+01
5.060061645507812500e+01
5.126973342895507812e+01
5.193885040283203125e+01
5.260796356201171875e+01
5.327708053588867188e+01
5.394619750976562500e+01
5.461531448364257812e+01
6.831711578369140625e+01
6.880544281005859375e+01
6.929376220703125000e+01
6.978208923339843750e+01
7.027041625976562500e+01
7.075873565673828125e+01
7.124706268310546875e+01
7.173538970947265625e+01
6.133571624755859375e+01
6.189969635009765625e+01
6.246367645263671875e+01
6.302765274047851562e+01
6.359163284301757812e+01
6.415560913085937500e+01
6.471958923339843750e+01
6.528356933593750000e+01
6.268060302734375000e+01
6.302042007446289062e+01
6.336023712158203125e+01
6.370005416870117188e+01
6.403987121582031250e+01
6.437968444824218750e+01
6.471950531005859375e+01
6.505931854248046875e+01
8.990375518798828125e+01
9.074181365966796875e+01
9.157987213134765625e+01
9.241793060302734375e+01
9.325598907470703125e+01
9.409404754638671875e+01
9.493210601806640625e+01
9.577016448974609375e+01
7.777872467041015625e+01
7.809005737304687500e+01
7.840139007568359375e+01
7.871272277832031250e+01
7.902406311035156250e+01
7.933539581298828125e+01
7.964672851562500000e+01
7.995806884765625000e+01
7.810488128662109375e+01
7.875942230224609375e+01
7.941396331787109375e+01
8.006851196289062500e+01
8.072305297851562500e+01
8.137759399414062500e+01
8.203214263916015625e+01
8.268668365478515625e+01
5.919040298461914062e+01
5.973963546752929688e+01
6.028887176513671875e+01
6.083810806274414062e+01
6.138734436035156250e+01
6.193657684326171875e+01
6.248581314086914062e+01
6.303504943847656250e+01
6.665850067138671875e+01
6.713155364990234375e+01
6.760460662841796875e+01
6.807765960693359375e+01
6.855071258544921875e+01
6.902376556396484375e+01
6.949681854248046875e+01
6.996987152099609375e+01
9.000260925292968750e+01
9.046391296386718750e+01
9.092523193359375000e+01
9.138654327392578125e+01
9.184785461425781250e+01
9.230916595458984375e+01
9.277047729492187500e+01
9.323179626464843750e+01
4.855052947998046875e+01
4.918138885498046875e+01
4.981224441528320312e+01
5.044309997558593750e+01
5.107395553588867188e+01
5.170481109619140625e+01
5.233566665649414062e+01
5.296652221679687500e+01
9.479221343994140625e+01
9.559772491455078125e+01
9.640322875976562500e+01
9.720874023437500000e+01
9.801425170898437500e+01
9.881975555419921875e+01
9.962526702880859375e+01
1.004307785034179688e+02
7.635099029541015625e+01
7.685252380371093750e+01
7.735406494140625000e+01
7.785559844970703125e+01
7.835713195800781250e+01
7.885866546630859375e+01
7.936019897460937500e+01
7.986173248291015625e+01
5.966162872314453125e+01
6.019483947753906250e+01
6.072805023193359375e+01
6.126126098632812500e+01
6.179447174072265625e+01
6.232768249511718750e+01
6.286089324951171875e+01
6.339410400390625000e+01
8.529962158203125000e+01
8.588906097412109375e+01
8.647850036621093750e+01
8.706793212890625000e+01
8.765737915039062500e+01
8.824681091308593750e+01
8.883625030517578125e+01
8.942568969726562500e+01
6.448117065429687500e+01
6.481359863281250000e+01
6.514603424072265625e+01
6.547846221923828125e+01
6.581089782714843750e+01
6.614333343505859375e+01
6.647576141357421875e+01
6.680819702148437500e+01
4.217298126220703125e+01
4.301203536987304688e+01
4.385108947753906250e+01
4.469013977050781250e+01
4.552919006347656250e+01
4.636824417114257812e+01
4.720729446411132812e+01
4.804634857177734375e+01
4.600289154052734375e+01
4.677946472167968750e+01
4.755603027343750000e+01
4.833260726928710938e+01
4.910918426513671875e+01
4.988575744628906250e+01
5.066233062744140625e+01
5.143890380859375000e+01
6.626512145996093750e+01
6.673032379150390625e+01
6.719551849365234375e+01
6.766072082519531250e+01
6.812591552734375000e+01
6.859111022949218750e+01
6.905631256103515625e+01
6.952150726318359375e+01
7.448477172851562500e+01
7.493830108642578125e+01
7.539183044433593750e+01
7.584535980224609375e+01
7.629888916015625000e+01
7.675241088867187500e+01
7.720594024658203125e+01
7.765946960449218750e+01
7.571217346191406250e+01
7.626028442382812500e+01
7.680839538574218750e+01
7.735650634765625000e+01
7.790461730957031250e+01
7.845272827148437500e+01
7.900083160400390625e+01
7.954894256591796875e+01
6.730682373046875000e+01
6.779526519775390625e+01
6.828370666503906250e+01
6.877215576171875000e+01
6.926059722900390625e+01
6.974903869628906250e+01
7.023748016357421875e+01
7.072592163085937500e+01
5.267667388916015625e+01
5.334371948242187500e+01
5.401077270507812500e+01
5.467781829833984375e+01
5.534486770629882812e+01
5.601191711425781250e+01
5.667896270751953125e+01
5.734601593017578125e+01
7.736409759521484375e+01
7.795455169677734375e+01
7.854500579833984375e+01
7.913546752929687500e+01
7.972592163085937500e+01
8.031637573242187500e+01
8.090682983398437500e+01
8.149729156494140625e+01
4.825949096679687500e+01
4.875650024414062500e+01
4.925351333618164062e+01
4.975052261352539062e+01
5.024753570556640625e+01
5.074454498291015625e+01
5.124155426025390625e+01
5.173856353759765625e+01
9.253625488281250000e+01
9.337878417968750000e+01
9.422132110595703125e+01
9.506385803222656250e+01
9.590639495849609375e+01
9.674893188476562500e+01
9.759146881103515625e+01
9.843400573730468750e+01
8.338932037353515625e+01
8.381978607177734375e+01
8.425025177001953125e+01
8.468072509765625000e+01
8.511119079589843750e+01
8.554165649414062500e+01
8.597212219238281250e+01
8.640258789062500000e+01
5.372623443603515625e+01
5.438803482055664062e+01
5.504983520507812500e+01
5.571163558959960938e+01
5.637343597412109375e+01
5.703523635864257812e+01
5.769703674316406250e+01
5.835883331298828125e+01
5.652277755737304688e+01
5.694296264648437500e+01
5.736314392089843750e+01
5.778332901000976562e+01
5.820351409912109375e+01
5.862369537353515625e+01
5.904388046264648438e+01
5.946406555175781250e+01
6.309078216552734375e+01
6.357823562622070312e+01
6.406568908691406250e+01
6.455314636230468750e+01
6.504060363769531250e+01
6.552805328369140625e+01
6.601551055908203125e+01
6.650296783447265625e+01
4.935214996337890625e+01
4.995707702636718750e+01
5.056201171875000000e+01
5.116694641113281250e+01
5.177187347412109375e+01
5.237680816650390625e+01
5.298174285888671875e+01
5.358667373657226562e+01
7.729318237304687500e+01
7.780115509033203125e+01
7.830912017822265625e+01
7.881708526611328125e+01
7.932505035400390625e+01
7.983301544189453125e+01
8.034098815917968750e+01
8.084895324707031250e+01
7.254317474365234375e+01
7.305316162109375000e+01
7.356314086914062500e+01
7.407312011718750000e+01
7.458309936523437500e+01
7.509307861328125000e+01
7.560306549072265625e+01
7.611304473876953125e+01
7.728950500488281250e+01
7.769881439208984375e+01
7.810812377929687500e+01
7.851742553710937500e+01
7.892673492431640625e+01
7.933604431152343750e+01
7.974535369873046875e+01
8.015465545654296875e+01
6.382138824462890625e+01
6.430001068115234375e+01
6.477864074707031250e+01
6.525726318359375000e+01
6.573589324951171875e+01
6.621451568603515625e+01
6.669314575195312500e+01
6.717176818847656250e+01
5.975846481323242188e+01
6.022824096679687500e+01
6.069801330566406250e+01
6.116778945922851562e+01
6.163756561279296875e+01
6.210733795166015625e+01
6.257711410522460938e+01
6.304689025878906250e+01
6.335491180419921875e+01
6.380669403076171875e+01
6.425847625732421875e+01
6.471025848388671875e+01
6.516204071044921875e+01
6.561382293701171875e+01
6.606559753417968750e+01
6.651737976074218750e+01
4.126925659179687500e+01
4.196134185791015625e+01
4.265342712402343750e+01
4.334551239013671875e+01
4.403759765625000000e+01
4.472968292236328125e+01
4.542176437377929688e+01
4.611384963989257812e+01
8.444393157958984375e+01
8.480316162109375000e+01
8.516238403320312500e+01
8.552162170410156250e+01
8.588084411621093750e+01
8.624007415771484375e+01
8.659930419921875000e+01
8.695853424072265625e+01
7.171702575683593750e+01
7.210738372802734375e+01
7.249774169921875000e+01
7.288809967041015625e+01
7.327845764160156250e+01
7.366881561279296875e+01
7.405917358398437500e+01
7.444952392578125000e+01
7.403184509277343750e+01
7.427567291259765625e+01
7.451949310302734375e+01
7.476331329345703125e+01
7.500714111328125000e+01
7.525096130371093750e+01
7.549478912353515625e+01
7.573860931396484375e+01
7.057487487792968750e+01
7.098812866210937500e+01
7.140137481689453125e+01
7.181462097167968750e+01
7.222786712646484375e+01
7.264112091064453125e+01
7.305436706542968750e+01
7.346761322021484375e+01
8.368379211425781250e+01
8.428733825683593750e+01
8.489089202880859375e+01
8.549443817138671875e+01
8.609799194335937500e+01
8.670153808593750000e+01
8.730509185791015625e+01
8.790863800048828125e+01
6.687863922119140625e+01
6.732057189941406250e+01
6.776250457763671875e+01
6.820443725585937500e+01
6.864637756347656250e+01
6.908831024169921875e+01
6.953024291992187500e+01
6.997218322753906250e+01
7.657400512695312500e+01
7.716072845458984375e+01
7.774745178222656250e+01
7.833417510986328125e+01
7.892089843750000000e+01
7.950762176513671875e+01
8.009434509277343750e+01
8.068106842041015625e+01
5.600899887084960938e+01
5.634213638305664062e+01
5.667527389526367188e+01
5.700841140747070312e+01
5.734154510498046875e+01
5.767468261718750000e+01
5.800782012939453125e+01
5.834095764160156250e+01
6.506460571289062500e+01
6.558501434326171875e+01
6.610541534423828125e+01
6.662581634521484375e+01
6.714621734619140625e+01
6.766662597656250000e+01
6.818702697753906250e+01
6.870742797851562500e+01
7.167195129394531250e+01
7.217916870117187500e+01
7.268639373779296875e+01
7.319361877441406250e+01
7.370083618164062500e+01
7.420806121826171875e+01
7.471527862548828125e+01
7.522250366210937500e+01
