0.064941
-0.134889
0.137187
-0.064318
-0.052697
0.313029
-0.335995
0.000561
0.035470
-0.213116
0.403133
0.210456
0.018226
-0.102275
-0.230061
-0.143809
0.296878
0.070522
0.076784
-0.316431
0.019663
0.074218
-0.016112
0.093152
0.156950
0.046059
0.343026
0.355490
-0.098311
-0.115668
0.282461
-0.027997
-0.135746
-0.060302
0.008698
-0.425889
0.215750
-0.028989
-0.128420
-0.006937
-0.015610
-0.025162
-0.087935
0.080319
0.135057
-0.027984
0.224732
-0.021854
0.008975
-0.284597
-0.100554
-0.094648
0.291350
-0.023628
0.120409
-0.386202
0.516480
-0.473740
0.269330
0.093919
-0.055401
-0.080532
0.232469
0.476866
0.003063
0.064308
0.164563
-0.408171
0.517664
0.440284
-0.072145
-0.097551
0.091867
-0.023386
0.288255
0.166288
-0.005998
0.521809
-0.149738
0.280356
-0.173916
-0.025409
0.190508
0.015808
0.019765
-0.200141
-0.043689
-0.062355
-0.101409
0.325100
-0.330646
-0.247545
-0.718164
-0.190560
0.188221
-0.123445
0.159944
-0.406055
0.039995
0.014340
