33.44949 
12.040839 
2.409307 
1.1022844 
7.8957243 
5.527356 
1.5820073 
2.6576571 
9.054424 
17.883621 
14.916428 
6.6560965 
1.5341359 
1.6378194 
6.854879 
11.77615 
4.444563 
0.60063803 
1.8535515 
8.589325 
15.755138 
6.044138 
4.9270787 
12.1439 
23.819704 
12.582561 
6.1117616 
3.334666 
5.322748 
12.784511 
8.655777 
5.9632025 
10.478621 
20.228962 
37.946194 
26.022963 
12.948531 
5.494615 
4.448272 
10.016024 
18.187393 
7.176733 
2.1192226 
4.0316544 
11.9249935 
30.268263 
15.070736 
5.2975163 
1.4091179 
3.505281 
11.933923 
6.3431892 
4.5879884 
7.2713485 
15.4644575 
21.086163 
7.2469044 
2.1444955 
3.814931 
11.382415 
1.7215941 
2.7855844 
7.4584956 
15.489207 
26.496458 
3.784603 
0.8459003 
3.470787 
9.436042 
21.419117 
19.975883 
10.159257 
5.9796743 
8.760223 
16.933004 
12.087461 
4.743608 
0.774172 
2.6170237 
8.087426 
38.08672 
20.552876 
6.8617682 
1.7182844 
3.131751 
5.9305553 
2.0194178 
4.120191 
11.870248 
24.545965 
9.305767 
2.4921577 
3.15747 
11.297106 
26.619387 
22.183836 
14.660158 
11.035535 
12.087088 
17.1983 
