67.391495
68.106123
76.553132
71.199102
88.938847
62.227375
60.857473
72.060813
50.041855
79.270740
79.097882
67.255904
56.321524
50.926554
74.141886
74.312879
81.734959
61.102557
64.119091
66.724780
59.188886
85.750774
57.008938
80.917584
72.884391
74.605212
58.543269
67.527641
61.792548
85.706120
54.934842
68.156241
67.284094
74.034639
62.533834
87.093201
82.178336
45.078013
63.356692
65.916092
54.074729
64.398415
63.965121
87.465917
91.924502
59.316822
62.442730
83.995187
51.644915
77.394959
64.513000
72.371690
76.768394
56.423331
72.357247
74.004720
69.736242
95.127361
66.879857
77.129887
50.760007
65.507131
60.887369
61.299271
63.635295
86.523366
62.149514
63.176471
78.187351
85.987656
78.321322
55.247180
83.393336
58.912296
67.314417
53.861316
62.782357
55.353194
74.070092
85.273747
69.780402
57.714064
84.380155
84.409939
83.406642
53.928011
65.536871
70.788111
79.231278
56.140635
81.682652
30.616176
70.515540
95.384717
58.472909
60.328007
81.741686
56.165930
68.637644
66.362487
77.226310
68.570642
80.201525
43.176210
54.534647
52.631622
74.484658
70.898881
83.962588
77.423488
63.821495
75.537718
71.607776
61.191621
77.967749
40.512975
91.601462
47.000737
78.371101
55.061166
84.072795
82.121766
80.599139
64.363683
81.098641
62.142784
50.268937
53.841811
74.488157
96.216435
75.880461
72.868589
97.006765
82.215153
44.275599
85.446741
72.676807
88.555247
62.479851
50.136511
67.743046
89.006174
91.100678
38.936834
55.345555
62.058688
56.564565
87.107168
78.910571
61.018692
58.457721
48.678796
73.923060
69.318367
63.786731
76.219370
67.403423
51.285496
65.907556
64.858910
70.569173
73.536360
49.645672
62.782671
60.089671
87.571978
46.935126
61.423015
87.609786
74.016495
53.789988
64.141280
73.524512
76.334543
67.673081
55.865555
71.880529
79.968353
76.638289
66.659605
63.779065
58.287199
71.530456
38.678419
69.311556
72.720975
59.561459
52.976222
69.737312
76.456954
73.668509
51.640380
65.619469
70.441348
107.441620
74.988607
60.379881
86.309575
60.430412
52.695140
