0.222744 0.208878
0.223241 0.212384
0.223722 0.215787
0.224242 0.219212
0.224814 0.222776
0.225780 0.227407
0.226783 0.232061
0.227826 0.236673
0.228716 0.240786
0.229371 0.244175
0.230074 0.247659
0.230796 0.251091
0.231818 0.255239
0.233016 0.259745
0.234315 0.264384
0.235580 0.268806
0.236556 0.272463
0.237532 0.276058
0.238597 0.279759
0.239591 0.283242
0.241073 0.287723
0.242617 0.292250
0.244186 0.296674
0.245721 0.300924
0.247006 0.304575
0.248256 0.308077
0.249539 0.311583
0.251092 0.315508
0.253058 0.320126
0.255076 0.324711
0.257140 0.329279
0.258933 0.333208
0.260560 0.336756
0.262228 0.340295
0.264080 0.344042
0.266288 0.348311
0.268620 0.352674
0.271081 0.357111
0.273430 0.361240
0.275608 0.365017
0.277768 0.368690
0.280035 0.372428
0.282461 0.376303
0.285422 0.380819
0.288470 0.385325
0.291512 0.389670
0.294479 0.393827
0.297158 0.397523
0.299918 0.401233
0.302731 0.404931
0.306152 0.409231
0.309991 0.413897
0.313750 0.418390
0.317554 0.422813
0.321030 0.426752
0.324790 0.430927
0.328473 0.434920
0.332501 0.439195
0.336765 0.443618
0.341060 0.447984
0.345419 0.452322
0.350016 0.456818
0.354430 0.461033
0.358841 0.465180
0.363570 0.469562
0.368523 0.474080
0.373689 0.478732
0.378852 0.483321
0.384021 0.487856
0.389277 0.492415
0.394733 0.497118
0.400299 0.501877
0.406013 0.506740
0.411734 0.511576
0.417329 0.516276
0.423123 0.521144
0.428912 0.526008
0.435079 0.531202
0.441162 0.536330
0.447418 0.541634
0.453607 0.546898
0.459649 0.552064
0.465898 0.557451
0.472010 0.562770
0.478281 0.568274
0.484679 0.573961
0.491334 0.579915
0.497941 0.585892
0.504278 0.591699
0.510535 0.597509
0.516448 0.603078
0.522878 0.609197
0.529267 0.615369
0.535139 0.621158
0.541087 0.627088
0.546954 0.633022
0.552987 0.639228
0.559872 0.646253
0.566863 0.653541
0.573543 0.660549
0.578625 0.666061
0.583646 0.671542
0.589068 0.677326
0.594454 0.683209
0.601043 0.690475
0.607381 0.697433
0.613685 0.704482
0.619438 0.710979
0.624118 0.716265
0.628838 0.721370
0.633328 0.726582
0.638635 0.732588
0.644255 0.738922
0.649651 0.745111
0.654879 0.751066
0.659881 0.756847
0.664005 0.761769
0.668197 0.766923
0.672526 0.772111
0.677570 0.777936
0.682391 0.783655
0.687212 0.789271
0.692160 0.795075
0.696080 0.800050
0.699890 0.804988
0.703637 0.809848
0.707359 0.814681
0.712046 0.820455
0.716550 0.826131
0.720588 0.831366
0.724048 0.836162
0.726806 0.840491
0.729913 0.845204
0.733000 0.849926
0.736377 0.854914
0.740082 0.860244
0.743680 0.865574
0.746763 0.870493
0.749733 0.875463
0.752065 0.880013
0.754266 0.884442
0.756679 0.889220
0.758771 0.893840
0.761866 0.899105
0.764291 0.904112
0.766927 0.909291
0.768722 0.913948
0.770630 0.918698
0.771780 0.923056
0.773490 0.927812
0.775850 0.933043
0.777716 0.938045
0.779624 0.943151
0.780955 0.947792
0.781519 0.952192
0.782650 0.956899
0.784158 0.961864
0.785516 0.966780
0.787271 0.971958
0.788083 0.976644
0.789106 0.981466
0.789472 0.985999
0.791392 0.991333
0.792102 0.996064
0.793299 1.001089
0.794153 1.005935
0.795291 1.011102
0.795120 1.015282
0.795334 1.019719
0.796915 1.025022
0.797755 1.029958
0.798536 1.034875
0.798631 1.039177
0.799568 1.044337
0.798904 1.048066
0.798943 1.052430
0.799158 1.056845
0.800474 1.061998
0.801104 1.066836
0.802112 1.072226
0.802540 1.076882
0.802496 1.080981
0.802813 1.085442
0.802893 1.089617
0.803011 1.093840
0.802970 1.097870
0.803016 1.101994
0.802922 1.105885
0.803604 1.110869
0.803555 1.114787
0.803888 1.119273
0.803965 1.123349
0.804546 1.128649
0.804727 1.133180
0.804687 1.136996
0.804633 1.140565
0.804971 1.145893
0.804953 1.149679
0.804875 1.153150
0.804898 1.157127
