0.219974 0.213814
0.220521 0.217672
0.221077 0.221495
0.221660 0.225328
0.222275 0.229210
0.223035 0.233461
0.223822 0.237722
0.224642 0.241975
0.225423 0.246051
0.226150 0.249882
0.226913 0.253752
0.227699 0.257603
0.228598 0.261701
0.229580 0.265934
0.230612 0.270214
0.231654 0.274422
0.232626 0.278369
0.233620 0.282298
0.234667 0.286268
0.235715 0.290167
0.236944 0.294418
0.238218 0.298691
0.239526 0.302933
0.240851 0.307122
0.242125 0.311106
0.243416 0.315045
0.244744 0.318987
0.246195 0.323091
0.247806 0.327440
0.249460 0.331781
0.251165 0.336129
0.252824 0.340265
0.254460 0.344266
0.256148 0.348277
0.257931 0.352370
0.259865 0.356655
0.261876 0.360984
0.263968 0.365348
0.266066 0.369614
0.268155 0.373767
0.270283 0.377892
0.272488 0.382051
0.274789 0.386270
0.277304 0.390731
0.279895 0.395200
0.282537 0.399631
0.285198 0.403996
0.287829 0.408217
0.290542 0.412462
0.293320 0.416711
0.296338 0.421186
0.299547 0.425817
0.302791 0.430407
0.306103 0.434984
0.309371 0.439399
0.312797 0.443931
0.316255 0.448409
0.319880 0.453010
0.323641 0.457688
0.327475 0.462367
0.331392 0.467059
0.335445 0.471833
0.339509 0.476531
0.343637 0.481230
0.347919 0.486035
0.352344 0.490932
0.356893 0.495903
0.361499 0.500872
0.366174 0.505862
0.370943 0.510901
0.375822 0.516012
0.380799 0.521186
0.385877 0.526433
0.391015 0.531708
0.396169 0.536971
0.401435 0.542333
0.406748 0.547731
0.412224 0.553290
0.417727 0.558872
0.423317 0.564548
0.428927 0.570248
0.434531 0.575951
0.440232 0.581772
0.445908 0.587585
0.451691 0.593536
0.457526 0.599568
0.463452 0.605707
0.469416 0.611919
0.475302 0.618078
0.481167 0.624241
0.486968 0.630377
0.492935 0.636708
0.498899 0.643068
0.504708 0.649303
0.510548 0.655592
0.516369 0.661882
0.522233 0.668241
0.528418 0.674911
0.534629 0.681634
0.540729 0.688220
0.546330 0.694315
0.551893 0.700352
0.557592 0.706462
0.563276 0.712572
0.569372 0.719102
0.575383 0.725484
0.581365 0.731827
0.587182 0.737984
0.592596 0.743668
0.598011 0.749241
0.603329 0.754804
0.608921 0.760568
0.614608 0.766381
0.620177 0.772070
0.625697 0.777676
0.631089 0.783149
0.636113 0.788273
0.641165 0.793475
0.646212 0.798611
0.651479 0.803895
0.656623 0.809102
0.661721 0.814232
0.666820 0.819380
0.671468 0.824210
0.676062 0.829048
0.680557 0.833804
0.684966 0.838495
0.689707 0.843497
0.694300 0.848420
0.698657 0.853186
0.702736 0.857804
0.706491 0.862268
0.710308 0.866835
0.714050 0.871394
0.717827 0.876022
0.721652 0.880745
0.725369 0.885463
0.728828 0.890056
0.732175 0.894665
0.735220 0.899152
0.738128 0.903572
0.741087 0.908159
0.743840 0.912675
0.746857 0.917349
0.749614 0.922016
0.752357 0.926708
0.754732 0.931254
0.757082 0.935830
0.759103 0.940301
0.761259 0.944891
0.763556 0.949594
0.765665 0.954297
0.767708 0.959005
0.769467 0.963547
0.770950 0.968091
0.772553 0.972692
0.774232 0.977368
0.775807 0.982032
0.777466 0.986772
0.778754 0.991369
0.780067 0.996003
0.781110 1.000552
0.782636 1.005326
0.783708 1.009923
0.784904 1.014598
0.785943 1.019214
0.787042 1.023919
0.787634 1.028290
0.788370 1.032790
0.789508 1.037500
0.790365 1.042092
0.791171 1.046666
0.791714 1.051042
0.792515 1.055661
0.792745 1.059835
0.793189 1.064183
0.793668 1.068527
0.794465 1.073035
0.795060 1.077503
0.795742 1.082086
0.796181 1.086390
0.796485 1.090575
0.796871 1.094811
0.797159 1.098940
0.797444 1.103060
0.797659 1.107099
0.797889 1.111143
0.798058 1.115092
0.798479 1.119350
0.798637 1.123258
0.798915 1.127315
0.799094 1.131223
0.799441 1.135484
0.799640 1.139484
0.799725 1.143199
0.799842 1.146884
0.800076 1.151061
0.800168 1.154727
0.800231 1.158268
0.800325 1.161944
