0.323515
-0.118034
0.188200
-0.105029
0.141964
-0.090499
0.379549
-0.077197
0.492822
0.277428
0.332896
0.052262
-0.192331
0.064036
0.123835
-0.552150
-0.111605
-0.040081
0.199008
-0.130818
0.110509
0.386151
0.395212
0.275093
0.296601
0.337953
0.236143
-0.127534
0.143909
-0.314353
0.207825
-0.744084
0.095925
-0.061610
-0.370597
-0.189260
0.108014
-0.239907
0.121688
-0.560317
0.153033
-0.608852
-0.080439
0.101232
-0.675552
0.072848
-0.102948
0.530382
0.071802
-0.066545
0.119641
0.080236
0.125817
0.509865
-0.535011
-0.284664
-0.984101
0.276793
-0.607344
-0.411201
-0.202306
-0.337897
0.282518
0.036131
0.176302
-0.141636
-0.011375
-0.264523
0.135990
-0.541307
0.262208
0.122997
-0.009845
0.149046
0.178493
0.142735
-0.217235
0.358571
0.130763
-0.416828
-0.341231
0.023661
-0.063159
0.149499
0.397697
-0.116569
0.232823
0.264520
0.046544
-0.547795
0.327028
0.213905
0.293214
0.257312
0.247049
0.399831
-0.529345
0.089414
0.031805
-0.022151
