0.224742 0.205011
0.225195 0.208266
0.225615 0.211370
0.226081 0.214504
0.226616 0.217842
0.227736 0.222739
0.228900 0.227668
0.230112 0.232529
0.231081 0.236665
0.231674 0.239740
0.232323 0.242951
0.232989 0.246085
0.234100 0.250264
0.235459 0.254959
0.236961 0.259844
0.238393 0.264408
0.239363 0.267860
0.240315 0.271218
0.241386 0.274727
0.242327 0.277916
0.243999 0.282552
0.245747 0.287249
0.247512 0.291791
0.249203 0.296076
0.250483 0.299491
0.251686 0.302685
0.252920 0.305886
0.254539 0.309680
0.256775 0.314474
0.259070 0.319214
0.261410 0.323922
0.263292 0.327698
0.264891 0.330928
0.266521 0.334136
0.268407 0.337639
0.270816 0.341883
0.273388 0.346256
0.276127 0.350726
0.278654 0.354746
0.280878 0.358258
0.283036 0.361614
0.285324 0.365056
0.287823 0.368686
0.291118 0.373220
0.294511 0.377729
0.297848 0.381995
0.301030 0.385991
0.303710 0.389323
0.306468 0.392663
0.309269 0.395980
0.312980 0.400139
0.317294 0.404798
0.321436 0.409198
0.325601 0.413491
0.329196 0.417096
0.333182 0.421011
0.336995 0.424663
0.341303 0.428696
0.345927 0.432923
0.350547 0.437055
0.355213 0.441133
0.360201 0.445417
0.364837 0.449290
0.369415 0.453054
0.374447 0.457134
0.379768 0.461375
0.385375 0.465790
0.390930 0.470104
0.396435 0.474318
0.402016 0.478541
0.407874 0.482955
0.413852 0.487421
0.420016 0.492011
0.426139 0.496544
0.432016 0.500864
0.438167 0.505397
0.444267 0.509901
0.450926 0.514845
0.457407 0.519669
0.464135 0.524723
0.470724 0.529700
0.477050 0.534517
0.483676 0.539624
0.490074 0.544626
0.496677 0.549846
0.503471 0.555316
0.510658 0.561161
0.517729 0.566999
0.524377 0.572593
0.530902 0.578189
0.536866 0.583402
0.543630 0.589406
0.550324 0.595477
0.556229 0.600988
0.562250 0.606699
0.568151 0.612414
0.574315 0.618540
0.581729 0.625843
0.589305 0.633561
0.596415 0.640900
0.601131 0.646021
0.605781 0.651119
0.611023 0.656686
0.616224 0.662417
0.623182 0.670236
0.629766 0.677632
0.636310 0.685213
0.642033 0.691970
0.646236 0.696957
0.650507 0.701708
0.654471 0.706636
0.659606 0.712810
0.665195 0.719530
0.670486 0.726082
0.675532 0.732285
0.680286 0.738278
0.683842 0.743000
0.687492 0.748065
0.691369 0.753244
0.696266 0.759461
0.700874 0.765543
0.705511 0.771508
0.710351 0.777800
0.713802 0.782832
0.717111 0.787786
0.720377 0.792669
0.723655 0.797556
0.728286 0.803917
0.732710 0.810167
0.736528 0.815737
0.739584 0.820623
0.741701 0.824764
0.744342 0.829529
0.746996 0.834324
0.750100 0.839557
0.753706 0.845351
0.757206 0.851149
0.760031 0.856292
0.762740 0.861513
0.764598 0.866053
0.766331 0.870427
0.768372 0.875308
0.770017 0.879953
0.773145 0.885693
0.775336 0.890941
0.777884 0.896498
0.779284 0.901193
0.780885 0.906042
0.781442 0.910237
0.782839 0.915089
0.785228 0.920745
0.786918 0.925966
0.788721 0.931379
0.789752 0.936064
0.789674 0.940275
0.790468 0.945030
0.791849 0.950211
0.793047 0.955312
0.794860 0.960851
0.795330 0.965571
0.796141 0.970522
0.796016 0.974991
0.798211 0.980804
0.798657 0.985616
0.799847 0.990923
0.800561 0.995941
0.801716 1.001484
0.800993 1.005452
0.800824 1.009803
0.802721 1.015615
0.803539 1.020828
0.804295 1.026022
0.804064 1.030230
0.805085 1.035840
0.803771 1.039142
0.803506 1.043493
0.803522 1.047949
0.805215 1.053657
0.805862 1.058797
0.807088 1.064869
0.807498 1.069812
0.807202 1.073813
0.807461 1.078452
0.807387 1.082650
0.807380 1.086944
0.807148 1.090948
0.807054 1.095122
0.806765 1.098948
0.807624 1.104543
0.807420 1.108452
0.807782 1.113292
0.807778 1.117498
0.808497 1.123658
0.808647 1.128617
0.808511 1.132505
0.808337 1.135968
0.808709 1.142230
0.808606 1.146104
0.808430 1.149508
0.808388 1.153720
