0.000000 -0.001548 0.236136
0.000000 0.000535 0.228914
0.000000 0.010628 0.220938
0.000000 0.000193 0.200909
0.000000 0.009178 0.180708
0.000000 0.019825 0.196984
0.000000 0.031145 0.160741
0.000000 0.036857 0.171939
0.000000 0.025544 0.167875
0.000000 -0.178223 0.303150
0.000000 -0.002227 0.166140
0.000000 0.041774 0.121202
0.000000 0.105421 0.152227
0.000000 0.090076 0.149161
0.999975 -0.453400 0.450662
0.000000 -0.096875 0.325949
0.000000 0.072309 0.193979
0.007093 0.049312 0.072789
0.000000 0.037810 0.108084
0.000000 0.012776 0.232447
0.000000 0.050791 0.223666
