0.278831 0.251075
0.277811 0.262360
0.276659 0.273919
0.275587 0.283238
0.275628 0.277470
0.275385 0.275555
0.274415 0.282360
0.273245 0.290752
0.272203 0.297085
0.271852 0.296086
0.271189 0.297882
0.269606 0.308111
0.268492 0.313494
0.267568 0.316980
0.266990 0.317534
0.266856 0.314315
0.264935 0.325061
0.262886 0.335855
0.261711 0.340107
0.261063 0.340651
0.260266 0.341993
0.257729 0.354462
0.255333 0.365509
0.253804 0.371051
0.253136 0.371317
0.252620 0.370640
0.249573 0.384435
0.246314 0.399037
0.244615 0.404923
0.244343 0.402965
0.243640 0.403298
0.239881 0.420047
0.236230 0.436313
0.234427 0.442825
0.233964 0.442019
0.233080 0.443439
0.229298 0.460977
0.225872 0.477407
0.224113 0.484676
0.223674 0.483968
0.222966 0.484893
0.219688 0.502432
0.216868 0.518751
0.215612 0.524770
0.215097 0.525195
0.214326 0.527728
0.212190 0.542538
0.210453 0.556393
0.209595 0.562429
0.209124 0.564099
0.208553 0.567482
0.207478 0.580044
0.206725 0.591767
0.206352 0.597003
0.206089 0.599951
0.205855 0.603710
0.205679 0.612641
0.205680 0.621453
0.205726 0.626003
0.205773 0.628786
0.205937 0.633134
0.206351 0.641102
0.206863 0.648200
0.207285 0.652435
0.207645 0.655261
0.208146 0.658968
0.208996 0.665826
0.209904 0.672086
0.210628 0.675880
0.211289 0.678652
0.212099 0.682271
0.213302 0.688531
0.214550 0.694388
0.215554 0.698110
0.216620 0.701780
0.217809 0.705994
0.219237 0.711358
0.220808 0.717124
0.222273 0.721977
0.223775 0.726651
0.225412 0.731793
0.227218 0.737508
0.229047 0.743014
0.230906 0.748426
0.232951 0.754393
0.235077 0.760421
0.237269 0.766475
0.239543 0.772574
0.241963 0.778971
0.244562 0.785706
0.247208 0.792305
0.249904 0.798803
0.252791 0.805580
0.255980 0.812913
0.259102 0.819718
0.262416 0.826691
0.266130 0.834282
0.270120 0.842073
0.274000 0.849205
0.278252 0.856683
0.282689 0.864071
0.287397 0.871501
0.292321 0.878818
0.297679 0.886353
0.303314 0.893775
0.309323 0.901169
0.315290 0.908014
0.321864 0.915061
0.328821 0.921983
0.336360 0.928954
0.343760 0.935235
0.350993 0.940888
0.358468 0.946301
0.367060 0.952152
0.376238 0.957857
0.385248 0.963013
0.393753 0.967450
0.402355 0.971598
0.411934 0.975922
0.421878 0.980067
0.430927 0.983509
0.439531 0.986590
0.448281 0.989571
0.457658 0.992562
0.466740 0.995332
0.475387 0.997893
0.484005 1.000310
0.491653 1.002429
0.500184 1.004815
0.508674 1.007144
0.516044 1.009199
0.522844 1.011140
0.529518 1.013053
0.536853 1.015293
0.543630 1.017420
0.550403 1.019602
0.556725 1.021795
0.562507 1.023927
0.568504 1.026246
0.574345 1.028634
0.579333 1.030905
0.584240 1.033219
0.589009 1.035596
0.594012 1.038196
0.598745 1.040815
0.602763 1.043267
0.606192 1.045557
0.609605 1.047884
0.614019 1.050859
0.618441 1.054039
0.621400 1.056484
0.623783 1.058730
0.626009 1.061004
0.629682 1.064128
0.632499 1.066901
0.634728 1.069434
0.636708 1.071801
0.638572 1.074143
0.641013 1.076982
0.643096 1.079636
0.644907 1.082135
0.646043 1.084120
0.647213 1.086105
0.649595 1.089272
0.651574 1.092196
0.652507 1.094164
0.652818 1.095518
0.653990 1.097839
0.655576 1.100563
0.656911 1.103031
0.657605 1.104943
0.658323 1.106815
0.659314 1.109038
0.660529 1.111581
0.661494 1.113871
0.662590 1.116287
0.663341 1.118428
0.663963 1.120267
0.664571 1.122176
0.665119 1.124014
0.665638 1.125815
0.666098 1.127541
0.666651 1.129512
0.667238 1.131470
0.668107 1.133847
0.668408 1.135458
0.668941 1.137386
0.669384 1.139095
0.669895 1.141091
0.670344 1.142931
0.670535 1.144200
0.670596 1.145293
0.670871 1.146795
0.671416 1.148840
0.671688 1.150386
0.671482 1.150946
0.671607 1.152013
0.671812 1.153445
0.672191 1.155179
0.672969 1.157957
