30.000010
30.400702
30.801395
31.202087
31.602779
32.003472
32.404164
32.804856
33.205549
33.606241
34.006933
34.407626
34.808318
35.209010
35.609703
36.010395
36.411087
36.811780
37.212472
37.613164
38.013857
38.414549
38.815241
39.215934
39.616626
40.017318
40.418010
40.818703
41.219395
41.620087
42.020780
42.421472
42.822164
43.222857
43.623549
44.024241
44.424934
44.825626
45.226318
45.627011
46.027703
46.428395
46.829088
47.229780
47.630472
48.031165
48.431857
48.832549
49.233242
49.633934
50.034626
50.435319
50.836011
51.236703
51.637396
52.038088
52.438780
52.839473
53.240165
53.640857
54.041550
54.442242
54.842934
55.243627
55.644319
56.045011
56.445704
56.846396
57.247088
57.647781
58.048473
58.449165
58.849858
59.250550
59.651242
60.051934
60.452627
60.853319
61.254011
61.654704
62.055396
62.456088
62.856781
63.257473
63.658165
64.058858
64.459550
64.860242
65.260935
65.661627
66.062319
66.463012
66.863704
67.264396
67.665089
68.065781
68.466473
68.867166
69.267858
69.668550
70.069243
70.469935
70.870627
71.271320
71.672012
72.072704
72.473397
72.874089
73.274781
73.675474
74.076166
74.476858
74.877551
75.278243
75.678935
76.079628
76.480320
76.881012
77.281705
77.682397
78.083089
78.483782
78.884474
79.285166
79.685858
80.086551
80.487243
80.887935
81.288628
81.689320
82.090012
82.490705
82.891397
83.292089
83.692782
84.093474
84.494166
84.894859
85.295551
85.696243
86.096936
86.497628
86.898320
87.299013
87.699705
88.100397
88.501090
88.901782
89.302474
89.703167
90.103859
90.504551
90.905244
91.305936
91.706628
92.107321
92.508013
92.908705
93.309398
93.710090
94.110782
94.511475
94.912167
95.312859
95.713552
96.114244
96.514936
96.915629
97.316321
97.717013
98.117706
98.518398
98.919090
99.319782
99.720475
100.121167
100.521859
100.922552
101.323244
101.723936
102.124629
102.525321
102.926013
103.326706
103.727398
104.128090
104.528783
104.929475
105.330167
105.730860
106.131552
106.532244
106.932937
107.333629
107.734321
108.135014
108.535706
108.936398
109.337091
109.737783
