0.277116 0.195090
0.278347 0.199536
0.279661 0.203992
0.280998 0.208357
0.282462 0.212776
0.283955 0.217098
0.285625 0.221518
0.287361 0.225866
0.289179 0.230175
0.291047 0.234383
0.293055 0.238590
0.295210 0.242776
0.297414 0.246841
0.299692 0.250808
0.302102 0.254727
0.304605 0.258549
0.307359 0.262387
0.310219 0.266122
0.313150 0.269712
0.316244 0.273227
0.319477 0.276642
0.322906 0.279975
0.326477 0.283189
0.330290 0.286333
0.334075 0.289258
0.338109 0.292105
0.342481 0.294899
0.346839 0.297481
0.351387 0.299938
0.356301 0.302325
0.361327 0.304548
0.366368 0.306585
0.371729 0.308528
0.376813 0.310226
0.382405 0.311885
0.387979 0.313380
0.393662 0.314748
0.399349 0.315982
0.405472 0.317166
0.411565 0.318226
0.417990 0.319232
0.424187 0.320106
0.430578 0.320928
0.437190 0.321713
0.443902 0.322454
0.450405 0.323120
0.457386 0.323827
0.464172 0.324485
0.470971 0.325139
0.477425 0.325737
0.484061 0.326377
0.491415 0.327177
0.498269 0.327923
0.505115 0.328716
0.512006 0.329574
0.518861 0.330489
0.525856 0.331516
0.533258 0.332746
0.540188 0.333945
0.547303 0.335307
0.554479 0.336808
0.561614 0.338426
0.568795 0.340200
0.575915 0.342100
0.583095 0.344181
0.590084 0.346345
0.596948 0.348618
0.603791 0.351054
0.610958 0.353850
0.617682 0.356603
0.623986 0.359300
0.630562 0.362353
0.636893 0.365454
0.643355 0.368862
0.649653 0.372359
0.655824 0.375997
0.662102 0.379956
0.668196 0.384014
0.673754 0.387851
0.679325 0.391927
0.684647 0.396003
0.689761 0.400103
0.695007 0.404571
0.699965 0.408977
0.705046 0.413767
0.709659 0.418279
0.714497 0.423282
0.718906 0.428015
0.723272 0.432934
0.727667 0.438150
0.731862 0.443347
0.736021 0.448757
0.739842 0.453897
0.743744 0.459435
0.747568 0.465120
0.751051 0.470469
0.754655 0.476310
0.758187 0.482323
0.761399 0.487968
0.764842 0.494446
0.767772 0.500054
0.770702 0.505963
0.773372 0.511501
0.776209 0.517812
0.778893 0.524051
0.781475 0.530362
0.783728 0.535943
0.786029 0.542056
0.788290 0.548466
0.790445 0.554898
0.792432 0.561097
0.794390 0.567627
0.796190 0.573975
0.797852 0.580205
0.799506 0.586981
0.800985 0.593359
0.802363 0.599672
0.803587 0.605626
0.804754 0.611928
0.805806 0.618211
0.806753 0.624210
0.807615 0.630313
0.808391 0.636231
0.809055 0.642320
0.809651 0.648618
0.810180 0.655658
0.810581 0.662728
0.810863 0.668896
0.811058 0.675880
0.811154 0.682694
0.811177 0.688918
0.811066 0.696396
0.810908 0.702698
0.810586 0.709685
0.810177 0.716805
0.809744 0.723244
0.809140 0.730701
0.808496 0.737512
0.807619 0.745261
0.806739 0.752484
0.805797 0.759547
0.804820 0.766480
0.803604 0.774204
0.802420 0.781283
0.801213 0.787944
0.799957 0.794649
0.798494 0.802059
0.796736 0.810658
0.795115 0.817991
0.793644 0.824474
0.792416 0.829794
0.790933 0.835918
0.789384 0.842020
0.787922 0.847690
0.786182 0.854348
0.784602 0.860203
0.783125 0.865611
0.781531 0.871267
0.780021 0.876359
0.778350 0.882082
0.776785 0.887313
0.775352 0.892037
0.773624 0.897728
0.771906 0.903207
0.770356 0.908087
0.769014 0.912110
0.767560 0.916601
0.765995 0.921387
0.764782 0.924780
0.763516 0.928255
0.762006 0.932746
0.760567 0.936946
0.759398 0.940143
0.758025 0.944054
0.756602 0.948068
0.755452 0.951145
0.754109 0.954922
0.752518 0.959658
0.751086 0.963848
0.750061 0.966348
0.748686 0.970401
0.747320 0.974398
0.746069 0.977934
0.744889 0.981126
0.743760 0.984201
0.742606 0.987385
0.741420 0.990882
0.740439 0.993417
0.739621 0.995163
0.738768 0.997141
0.737787 0.999746
0.736620 1.003328
0.735623 1.006125
0.734546 1.009402
0.733689 1.011553
0.732461 1.015727
0.731213 1.020125
0.730033 1.024292
0.729264 1.026362
0.728484 1.028510
