0.459896 0.337052
0.461415 0.340528
0.462982 0.344021
0.464585 0.347509
0.466249 0.351045
0.467920 0.354494
0.469643 0.357995
0.471434 0.361497
0.473236 0.364976
0.475089 0.368462
0.477014 0.371987
0.478948 0.375469
0.480918 0.378940
0.482932 0.382427
0.485012 0.385908
0.487135 0.389424
0.489325 0.392930
0.491519 0.396404
0.493747 0.399868
0.496035 0.403351
0.498355 0.406836
0.500751 0.410324
0.503164 0.413817
0.505666 0.417329
0.508156 0.420796
0.510738 0.424316
0.513366 0.427843
0.515985 0.431319
0.518676 0.434826
0.521413 0.438357
0.524237 0.441910
0.527063 0.445459
0.529887 0.448936
0.532706 0.452391
0.535586 0.455877
0.538475 0.459344
0.541532 0.462957
0.544705 0.466632
0.547878 0.470310
0.551144 0.474029
0.554165 0.477493
0.557276 0.481028
0.560401 0.484560
0.563601 0.488163
0.566953 0.491874
0.570288 0.495583
0.573666 0.499302
0.577001 0.502981
0.580316 0.506634
0.583614 0.510267
0.586929 0.513918
0.590344 0.517668
0.593764 0.521439
0.597243 0.525254
0.600646 0.529025
0.604062 0.532794
0.607439 0.536547
0.610803 0.540301
0.614237 0.544148
0.617622 0.547970
0.621151 0.551951
0.624540 0.555827
0.627962 0.559748
0.631373 0.563696
0.634729 0.567614
0.638014 0.571486
0.641338 0.575441
0.644788 0.579581
0.648170 0.583697
0.651509 0.587793
0.654780 0.591865
0.657934 0.595837
0.661138 0.599925
0.664336 0.604063
0.667495 0.608212
0.670637 0.612403
0.673622 0.616433
0.676676 0.620637
0.679917 0.625162
0.682799 0.629272
0.685673 0.633432
0.688517 0.637625
0.691318 0.641833
0.694375 0.646527
0.697309 0.651127
0.700278 0.655902
0.702761 0.659958
0.705136 0.663920
0.707506 0.667961
0.709942 0.672208
0.712504 0.676800
0.715213 0.681789
0.717743 0.686580
0.720122 0.691210
0.722195 0.695341
0.724237 0.699524
0.726208 0.703675
0.728212 0.708022
0.730415 0.712958
0.732527 0.717849
0.734612 0.722848
0.736541 0.727661
0.738125 0.731743
0.739738 0.736055
0.741253 0.740245
0.742941 0.745090
0.744660 0.750229
0.746402 0.755685
0.748088 0.761235
0.749227 0.765195
0.750390 0.769424
0.751512 0.773696
0.752702 0.778436
0.753898 0.783427
0.755036 0.788479
0.756069 0.793376
0.757017 0.798187
0.757754 0.802323
0.758559 0.807005
0.759247 0.811424
0.759961 0.816206
0.760673 0.821344
0.761316 0.826433
0.761929 0.831713
0.762330 0.836088
0.762658 0.840268
0.762996 0.844869
0.763266 0.849347
0.763534 0.854210
0.763785 0.859321
0.763976 0.864445
0.764099 0.869376
0.764112 0.873831
0.764098 0.878397
0.764022 0.882781
0.763928 0.887448
0.763825 0.892616
0.763671 0.897684
0.763469 0.902827
0.763200 0.907595
0.762875 0.911907
0.762512 0.916148
0.762109 0.920295
0.761698 0.925250
0.761252 0.930600
0.760761 0.935531
0.760229 0.940734
0.759667 0.944529
0.759085 0.948406
0.758472 0.951922
0.757841 0.956252
0.757166 0.961216
0.756460 0.965959
0.755713 0.971522
0.754998 0.975395
0.754258 0.979094
0.753503 0.982861
0.752720 0.986900
0.751901 0.991403
0.751075 0.995542
0.750190 1.000550
0.749286 1.005450
0.748448 1.009007
0.747642 1.011782
0.746777 1.015458
0.745900 1.019228
0.744969 1.023716
0.744056 1.027678
0.743139 1.031600
0.742188 1.035907
0.741281 1.039356
0.740420 1.041977
0.739511 1.045482
0.738550 1.049709
0.737569 1.053846
0.736512 1.059009
0.735521 1.063360
0.734599 1.066677
0.733790 1.068876
0.732895 1.072088
0.732020 1.075050
0.730979 1.079811
0.729945 1.084306
0.728887 1.088789
0.727815 1.093435
0.727110 1.095021
0.726361 1.096967
0.725523 1.099773
0.724580 1.103563
0.723678 1.106907
0.722825 1.109836
0.721920 1.113349
0.721095 1.116006
0.720301 1.118555
0.719472 1.121359
0.718689 1.123651
0.717862 1.126629
0.717022 1.129583
0.716206 1.132531
0.715296 1.136524
