0.700440 0.799052
0.702230 0.804272
0.703972 0.809540
0.705660 0.814823
0.707324 0.820219
0.327777 0.604013
0.328917 0.608636
0.330110 0.613436
0.331415 0.618639
0.332725 0.623824
0.714228 0.889831
0.715372 0.895159
0.716576 0.900792
0.717605 0.905947
0.718658 0.911277
0.752863 0.991728
0.752940 0.996740
0.752978 1.001514
0.753071 1.006734
0.753023 1.010947
0.252764 0.368788
0.252764 0.368788
0.252764 0.368788
0.252764 0.368788
0.252764 0.368788
0.470945 0.663869
0.473388 0.667936
0.475888 0.672052
0.478376 0.676098
0.480909 0.680169
0.559069 0.639536
0.562478 0.643960
0.565834 0.648356
0.569219 0.652803
0.572635 0.657313
0.622592 0.834962
0.625399 0.839758
0.628101 0.844477
0.630814 0.849259
0.633456 0.854005
0.314377 0.329083
0.314377 0.329083
0.314377 0.329083
0.314377 0.329083
0.317582 0.334388
0.461603 0.697990
0.464800 0.703330
0.468115 0.708763
0.471405 0.714039
0.474774 0.719348
0.334344 0.645677
0.335615 0.650541
0.337031 0.655855
0.338412 0.660967
0.339803 0.665986
0.273127 0.355564
0.273127 0.355564
0.273127 0.355564
0.275740 0.359835
0.279672 0.366243
0.483985 0.650773
0.486357 0.654521
0.488757 0.658284
0.491194 0.662070
0.493611 0.665797
0.687200 0.957892
0.689000 0.963201
0.690742 0.968447
0.692398 0.973587
0.694057 0.978747
0.783557 0.996331
0.782981 1.002088
0.782393 1.006485
0.781795 1.010919
0.781198 1.016625
0.440392 0.487402
0.443406 0.491914
0.446432 0.496399
0.449448 0.500845
0.452558 0.505366
0.583982 0.855224
0.587257 0.859675
0.590528 0.864151
0.593736 0.868588
0.596943 0.873030
0.401010 0.508322
0.403303 0.512741
0.405657 0.517276
0.407944 0.521705
0.410245 0.526164
0.604212 0.904057
0.607283 0.908271
0.610263 0.912412
0.613289 0.916646
0.616214 0.920798
0.283973 0.348562
0.283973 0.348562
0.283973 0.348562
0.283973 0.348562
0.283973 0.348562
0.623096 0.757191
0.625924 0.761868
0.628847 0.766771
0.631593 0.771475
0.634330 0.776240
0.615081 0.620592
0.617236 0.623263
0.619379 0.625944
0.621535 0.628654
0.623651 0.631366
0.364530 0.559636
0.366019 0.563842
0.367521 0.568113
0.369009 0.572401
0.370414 0.576495
0.473577 0.654359
0.476521 0.659213
0.479467 0.664007
0.482482 0.668853
0.485521 0.673675
0.277946 0.352450
0.277946 0.352450
0.277946 0.352450
0.277946 0.352450
0.277946 0.352450
0.245016 0.373848
0.245016 0.373848
0.245016 0.373848
0.245016 0.373848
0.245016 0.373848
0.623056 0.704489
0.625939 0.708877
0.628756 0.713229
0.631560 0.717630
0.634301 0.722003
0.341764 0.628341
0.343283 0.634042
0.344827 0.639777
0.346497 0.645861
0.348045 0.651398
0.275119 0.354276
0.275119 0.354276
0.275119 0.354276
0.275119 0.354276
0.275119 0.354276
0.429034 0.662891
0.431614 0.668184
0.434221 0.673421
0.436842 0.678575
0.439506 0.683701
0.672289 0.776416
0.673983 0.780115
0.675645 0.783822
0.677238 0.787459
0.678835 0.791176
0.817795 1.044569
0.817795 1.044569
0.817795 1.044569
0.817795 1.044569
0.817795 1.044569
0.562463 0.650648
0.565844 0.655117
0.569274 0.659670
0.572590 0.664110
0.575937 0.668613
0.367003 0.548276
0.368753 0.552959
0.370615 0.557956
0.372398 0.562810
0.374164 0.567676
0.297723 0.339726
0.297723 0.339726
0.297723 0.339726
0.297723 0.339726
0.297723 0.339726
0.672784 0.713416
0.675262 0.717948
0.677669 0.722469
0.680277 0.727469
0.682824 0.732494
0.797936 1.004943
0.797249 1.008032
0.796431 1.012714
0.795616 1.017397
0.794841 1.021305
0.244561 0.374146
0.244561 0.374146
0.244561 0.374146
0.244561 0.374146
0.245094 0.375041
0.587049 0.616400
0.590876 0.621046
0.594640 0.625695
0.598479 0.630484
0.602199 0.635171
0.783571 1.003378
0.782940 1.007947
0.782283 1.013753
0.781626 1.018911
0.780968 1.022926
0.607499 0.651171
0.610843 0.655633
0.614146 0.660096
0.617465 0.664650
0.620716 0.669173
0.529000 0.618975
0.532009 0.622936
0.535001 0.626877
0.538017 0.630852
0.541002 0.634789
0.718153 0.838875
0.719562 0.844649
0.720823 0.850119
0.721981 0.855433
0.723221 0.861171
0.803875 1.040526
0.803875 1.040526
0.803875 1.040526
0.803875 1.040526
0.803875 1.040526
0.356252 0.302671
0.356252 0.302671
0.356252 0.302671
0.356252 0.302671
0.356252 0.302671
0.585397 0.658749
0.588651 0.663105
0.591952 0.667546
0.595126 0.671879
0.598386 0.676355
0.680890 0.952958
0.682797 0.958060
0.684620 0.963073
0.686391 0.968039
0.688101 0.972936
0.720733 0.980539
0.721766 0.986525
0.722716 0.992293
0.723619 0.997945
0.724431 1.003354
0.802729 1.026717
0.801637 1.031342
0.800689 1.034716
0.799599 1.039676
0.799599 1.039676
0.469596 0.624878
0.472308 0.629381
0.474987 0.633792
0.477741 0.638277
0.480497 0.642723
0.258421 0.365104
0.258421 0.365104
0.258421 0.365104
0.258421 0.365104
0.258421 0.365104
0.361268 0.514787
0.363041 0.518878
0.364786 0.522965
0.366491 0.527020
0.368105 0.530928
0.459564 0.554610
0.461727 0.557971
0.463904 0.561338
0.466097 0.564713
0.468299 0.568087
0.776064 1.038089
0.776064 1.038089
0.776064 1.038089
0.776064 1.038089
0.776064 1.038089
0.766545 0.998054
0.766258 1.003927
0.765951 1.009606
0.765621 1.015166
0.765288 1.020706
0.483738 0.825071
0.485627 0.827335
0.487750 0.829854
0.489494 0.831920
0.491473 0.834236
0.415833 0.524907
0.418265 0.529461
0.420736 0.534078
0.423209 0.538696
0.425668 0.543285
0.258553 0.365018
0.258553 0.365018
0.258553 0.365018
0.258553 0.365018
0.258553 0.365018
0.514765 0.799592
0.518128 0.803891
0.521529 0.808203
0.524778 0.812303
0.528036 0.816391
0.572424 0.869569
0.575430 0.873329
0.578435 0.877101
0.581409 0.880853
0.584310 0.884537
0.553783 0.629143
0.557149 0.633458
0.560552 0.637841
0.563933 0.642219
0.567307 0.646610
0.320466 0.325211
0.320466 0.325211
0.320466 0.325211
0.320466 0.325211
0.320466 0.325211
0.205008 0.400312
0.205008 0.400312
0.205008 0.400312
0.205008 0.400312
0.205008 0.400312
0.714400 0.986310
0.715271 0.990508
0.716079 0.994566
0.716857 0.998582
0.717602 1.002477
0.768839 1.038611
0.768839 1.038611
0.768839 1.038611
0.768839 1.038611
0.768839 1.038611
0.438537 0.654080
0.441198 0.659306
0.443941 0.664587
0.446695 0.669790
0.449503 0.675000
0.588769 0.659773
0.592146 0.664299
0.595502 0.668839
0.598815 0.673373
0.602144 0.677978
0.785947 1.038133
0.785947 1.038133
0.785947 1.038133
0.785947 1.038133
0.785947 1.038133
0.495519 0.609826
0.498730 0.614474
0.501940 0.619095
0.505193 0.623754
0.508482 0.628432
0.763991 0.973709
0.763884 0.979563
0.763747 0.985254
0.763632 0.991322
0.763444 0.996675
0.710210 0.741883
0.711944 0.746120
0.713655 0.750424
0.715322 0.754745
0.716920 0.759017
0.322849 0.471848
0.325232 0.476638
0.327720 0.481710
0.330035 0.486553
0.332391 0.491574
0.644757 0.693273
0.645638 0.694649
0.646456 0.695942
0.647322 0.697312
0.648223 0.698736
0.515903 0.636494
0.518663 0.640363
0.521433 0.644234
0.524199 0.648092
0.526997 0.651983
0.571409 0.785281
0.574226 0.789270
0.577023 0.793250
0.579805 0.797229
0.582608 0.801259
0.768367 1.038661
0.768367 1.038661
0.768367 1.038661
0.768367 1.038661
0.768367 1.038661
0.388019 0.641186
0.389832 0.646156
0.391643 0.651035
0.393473 0.655873
0.395374 0.660801
0.414231 0.530705
0.416575 0.535215
0.418959 0.539793
0.421359 0.544395
0.423715 0.548918
0.693911 0.925857
0.695910 0.932647
0.697825 0.939346
0.699657 0.945939
0.701416 0.952449
0.593118 0.638191
0.596685 0.642771
0.600140 0.647249
0.603569 0.651769
0.607033 0.656374
0.797725 1.039359
0.797725 1.039359
0.797725 1.039359
0.797725 1.039359
0.797725 1.039359
0.290558 0.444420
0.292776 0.448442
0.295364 0.453134
0.297834 0.457692
0.300019 0.461823
0.693863 0.974643
0.695312 0.979354
0.696775 0.984093
0.698160 0.988725
0.699501 0.993296
0.550066 0.694975
0.553683 0.700014
0.557286 0.705043
0.560864 0.710053
0.564482 0.715128
0.749960 0.962190
0.750180 0.966581
0.750394 0.970983
0.750580 0.975248
0.750714 0.979213
0.617000 0.817157
0.619790 0.821797
0.622479 0.826359
0.625190 0.831001
0.627830 0.835603
0.794238 1.036761
0.793868 1.038815
0.793868 1.038815
0.793868 1.038815
0.793868 1.038815
0.250629 0.370181
0.250629 0.370181
0.250629 0.370181
0.250629 0.370181
0.250629 0.370181
0.621355 0.634643
0.624810 0.639126
0.628127 0.643515
0.631469 0.648004
0.634811 0.652572
0.652269 0.875893
0.654483 0.880554
0.656651 0.885200
0.658745 0.889791
0.660854 0.894447
0.786932 1.038186
0.786932 1.038186
0.786932 1.038186
0.786932 1.038186
0.786932 1.038186
0.309605 0.555699
0.311065 0.560552
0.312496 0.565481
0.313695 0.569839
0.315145 0.575091
0.470482 0.709754
0.474093 0.715499
0.477668 0.721066
0.481391 0.726762
0.485130 0.732382
0.324207 0.322836
0.324207 0.322836
0.324207 0.322836
0.324207 0.322836
0.324207 0.322836
0.745051 1.043561
0.745051 1.043561
0.745051 1.043561
0.745051 1.043561
0.745051 1.043561
0.608277 0.708406
0.611428 0.713082
0.614594 0.717841
0.617695 0.722571
0.620765 0.727324
0.768598 1.038636
0.768598 1.038636
0.768598 1.038636
0.768598 1.038636
0.768598 1.038636
0.373545 0.406374
0.377080 0.412435
0.380623 0.418506
0.384173 0.424589
0.387735 0.430690
0.749956 1.032053
0.749974 1.037561
0.749944 1.042140
0.749944 1.042140
0.749944 1.042140
0.788617 1.038298
0.788617 1.038298
0.788617 1.038298
0.788617 1.038298
0.788617 1.038298
