1.306269
-2.112877
0.397651
-0.075830
-0.732977
-0.672583
0.862111
-0.230214
0.546155
-1.141869
-2.411892
-0.303584
-0.329594
-0.550108
0.459552
0.646880
-0.985448
-0.143295
-1.182624
-0.067530
0.565067
1.899132
-1.118946
-0.513721
-0.202033
-0.902863
1.114086
-2.178286
-0.223223
-1.259985
1.101058
1.230771
0.793901
-1.023891
0.223696
1.738101
1.064684
-0.929669
1.511015
0.855070
1.454765
0.637814
1.123368
0.921526
1.343681
1.039976
-0.645480
-0.402627
0.803748
-0.273940
-0.598120
-0.731959
0.280245
0.515988
0.352117
-2.187440
-0.082066
-0.629730
-1.416817
-1.298200
0.900278
0.648167
-1.890782
-0.533922
0.020391
-1.028842
1.075786
0.701279
0.244686
0.146180
1.985949
-0.915969
1.459719
0.264478
-0.443283
0.799223
-1.672276
-0.159425
-0.168599
1.371041
0.845316
-1.016439
-0.686708
0.157079
-0.005429
-0.124344
0.072200
-0.854234
1.814464
-0.202820
0.717981
-1.816899
-1.137570
0.751832
-0.483322
0.854596
0.062583
0.677125
-0.389324
0.766989
