0.539104 0.195009
0.541457 0.199251
0.543727 0.203387
0.545926 0.207429
0.548073 0.211398
0.549483 0.214073
0.550768 0.216551
0.552152 0.219201
0.553770 0.222274
0.555825 0.226166
0.557770 0.229867
0.559695 0.233539
0.561071 0.236223
0.562310 0.238637
0.563453 0.240887
0.564471 0.242914
0.566045 0.245947
0.567682 0.249068
0.569277 0.252094
0.570837 0.255025
0.571619 0.256607
0.572478 0.258306
0.573254 0.259856
0.574041 0.261404
0.575456 0.264001
0.576820 0.266492
0.578080 0.268760
0.578993 0.270428
0.579507 0.271469
0.580054 0.272555
0.580631 0.273677
0.581286 0.274910
0.582176 0.276468
0.583032 0.277947
0.583814 0.279292
0.584326 0.280263
0.584714 0.281041
0.585022 0.281709
0.585241 0.282243
0.585926 0.283404
0.586658 0.284582
0.587501 0.285868
0.588307 0.287066
0.588604 0.287695
0.588982 0.288398
0.589343 0.289082
0.590032 0.290099
0.591163 0.291590
0.592317 0.293072
0.593642 0.294698
0.594568 0.295899
0.595303 0.296906
0.596372 0.298223
0.597581 0.299657
0.598845 0.301147
0.600365 0.302831
0.601996 0.304572
0.603733 0.306404
0.605435 0.308205
0.607108 0.309947
0.609000 0.311854
0.611134 0.313924
0.613621 0.316293
0.616330 0.318796
0.619289 0.321473
0.622228 0.324091
0.625016 0.326588
0.627921 0.329159
0.630948 0.331825
0.634300 0.334688
0.638000 0.337817
0.641861 0.341054
0.645749 0.344304
0.649519 0.347470
0.653247 0.350580
0.657182 0.353832
0.661029 0.357032
0.665173 0.360458
0.669512 0.364054
0.674219 0.367901
0.678425 0.371431
0.682494 0.374805
0.686516 0.378211
0.691077 0.382008
0.695556 0.385816
0.700285 0.389824
0.704793 0.393683
0.709583 0.397786
0.714148 0.401785
0.718643 0.405737
0.723102 0.409699
0.727641 0.413778
0.732007 0.417748
0.736627 0.421998
0.741198 0.426264
0.745895 0.430715
0.750303 0.434942
0.754571 0.439139
0.758818 0.443353
0.763148 0.447760
0.767624 0.452369
0.771776 0.456759
0.775991 0.461301
0.780382 0.466136
0.784518 0.470799
0.788852 0.475804
0.793075 0.480820
0.797265 0.485909
0.801409 0.491098
0.805362 0.496173
0.809200 0.501260
0.813234 0.506739
0.817316 0.512468
0.821319 0.518260
0.825113 0.523937
0.828938 0.529846
0.832778 0.535977
0.836705 0.542465
0.840597 0.549134
0.843962 0.555128
0.847145 0.560994
0.850419 0.567226
0.853564 0.573428
0.857039 0.580500
0.860560 0.587944
0.864043 0.595611
0.867207 0.602884
0.869895 0.609336
0.872644 0.616165
0.875426 0.623312
0.878319 0.631059
0.881232 0.639142
0.883798 0.646658
0.886270 0.654169
0.888799 0.662226
0.891081 0.669804
0.893431 0.678019
0.895737 0.686461
0.897938 0.694962
0.899824 0.702734
0.901645 0.710672
0.903416 0.718858
0.905268 0.727934
0.907046 0.737342
0.908662 0.746709
0.910024 0.755487
0.911225 0.764090
0.912224 0.772201
0.913074 0.779931
0.913826 0.788048
0.914611 0.797479
0.915159 0.805994
0.915623 0.814889
0.915888 0.823473
0.916039 0.831465
0.916029 0.839307
0.915947 0.846906
0.915712 0.855095
0.915390 0.863933
0.914895 0.872267
0.914322 0.880022
0.913658 0.887437
0.912874 0.895063
0.912065 0.901715
0.911149 0.908556
0.910143 0.915384
0.908994 0.922595
0.907864 0.928926
0.906749 0.934602
0.905463 0.940915
0.904220 0.946499
0.902841 0.952584
0.901330 0.958647
0.899831 0.964406
0.898287 0.970032
0.896830 0.975095
0.895260 0.980150
0.893523 0.985837
0.891690 0.991389
0.889735 0.997202
0.888118 1.001629
0.886372 1.006408
0.884918 1.009930
0.882978 1.014922
0.881211 1.019233
0.879738 1.022574
0.878113 1.026259
0.876723 1.029210
0.875067 1.032825
0.873252 1.036790
0.871472 1.040568
0.869598 1.044515
0.867853 1.048055
0.866417 1.050770
0.865255 1.052837
0.863955 1.055080
0.862216 1.058431
0.860318 1.062112
0.858464 1.065711
0.857051 1.068113
