-0.320000
-0.131448
1.069446
-0.175196
0.088082
-1.534085
-0.894014
-0.583850
0.714089
-0.636520
-0.134958
-0.059718
-1.828099
0.458704
-1.874716
0.445666
-1.102964
-0.800796
1.437409
-0.573719
-0.358338
0.026393
2.328652
2.380348
-2.027139
-0.057015
0.637079
0.984722
0.322561
-0.021457
-0.601692
0.183149
0.017166
0.568064
1.837039
1.161019
0.441460
0.995213
0.494249
-0.144858
0.037503
-0.480129
0.393701
-0.306176
0.687646
-0.526438
1.372168
0.376608
-0.138813
0.293853
-0.760036
0.598602
1.745371
0.133961
-1.139870
-0.995078
-0.681718
1.683416
-0.750304
-0.722907
-0.020787
0.224369
0.980507
-1.184189
1.407473
-2.343131
-0.505032
0.016859
1.386765
-0.448570
-0.029057
0.134833
-0.457931
-0.571311
1.386483
0.106562
1.795673
-1.487440
0.741847
0.921771
-1.920062
0.077055
-0.000233
0.629837
0.878929
-1.001880
-0.808784
-1.395656
-0.625668
1.093321
-1.060912
-0.408994
-1.174517
0.691007
-0.416905
-0.000258
1.473140
-0.679236
-1.570612
0.652771
