-0.329477
-0.138889
1.069012
-0.190162
0.094262
-1.531033
-0.900342
-0.598590
0.719115
-0.637442
-0.147695
-0.067415
-1.832169
0.477736
-1.877517
0.461391
-1.101690
-0.811035
1.441147
-0.582826
-0.380676
0.030420
2.329096
2.379917
-2.025135
-0.069535
0.649341
0.986929
0.341091
-0.011211
-0.605252
0.200530
0.009944
0.582613
1.841199
1.163648
0.462782
1.001193
0.510374
-0.151280
0.028231
-0.494574
0.406314
-0.315026
0.693002
-0.532099
1.376071
0.394704
-0.146937
0.302799
-0.761495
0.611601
1.744911
0.146138
-1.145259
-1.009606
-0.684622
1.688221
-0.745702
-0.731884
-0.014169
0.212167
0.985238
-1.175587
1.410001
-2.345153
-0.511290
0.027528
1.388169
-0.447396
-0.037572
0.145018
-0.463408
-0.575619
1.393217
0.117970
1.800016
-1.486234
0.727986
0.924116
-1.923180
0.091065
0.006621
0.630672
0.883236
-0.999945
-0.815650
-1.400684
-0.637130
1.098699
-1.059014
-0.419882
-1.175333
0.703825
-0.422743
-0.005058
1.477208
-0.695665
-1.573157
0.662287
