70.564014
79.744132
62.840580
86.681867
62.746834
79.379083
67.541544
70.675006
68.715069
75.294567
58.193108
69.275369
67.884114
86.681867
59.964208
80.402131
66.178292
73.879830
74.544708
59.756037
69.063663
76.594014
58.193108
58.193108
66.323530
73.985238
85.470319
86.681867
86.681867
58.193108
66.794553
67.962386
61.694810
76.570282
58.193108
86.681867
76.037423
86.681867
78.439476
58.703090
69.297067
58.193108
73.023369
58.193108
70.593851
70.523305
86.681867
70.993571
58.193108
67.888174
82.700313
74.756588
69.599059
82.192065
59.779437
58.193108
86.671982
58.193108
84.981925
68.153896
74.009794
62.066750
86.681867
67.101297
69.854947
58.193108
72.144931
84.949115
74.029633
75.991477
78.359747
71.091700
70.205006
78.408623
80.857796
69.666406
58.193108
71.873345
58.193108
73.123775
58.193108
58.193108
71.965820
58.193108
73.690466
58.193108
58.193108
86.681867
58.193108
58.193108
68.165598
58.193108
73.077739
58.193108
86.681867
58.193108
58.193108
58.193108
85.102719
70.288137
58.193108
70.224018
86.681867
69.922788
78.755611
86.681867
60.447054
77.198273
58.193108
71.083921
73.236381
86.681867
62.914688
58.193108
73.464819
61.243171
86.681867
78.005782
79.385674
86.681867
58.193108
76.791346
65.143900
76.317693
58.193108
58.193108
58.193108
82.234010
80.309529
80.802824
86.681867
68.129109
86.681867
78.976646
58.193108
86.681867
58.193108
86.681867
71.989644
79.020332
73.254334
86.681867
76.890699
58.193108
67.348351
79.168480
58.193108
86.681867
86.125532
86.681867
68.217644
71.110225
58.193108
83.349680
69.695477
80.813018
79.097282
69.052316
62.157839
77.917754
58.626172
68.940521
58.193108
86.681867
58.193108
68.311260
81.250847
77.166758
86.681867
63.681077
76.611785
77.941028
69.356452
70.156839
75.491542
63.189049
82.922500
86.681867
74.746259
58.193108
69.350670
75.074922
68.385524
76.716144
72.582800
58.193108
84.607138
58.193108
73.066210
58.193108
79.504332
75.703756
70.852853
75.985288
79.871379
71.614238
64.698259
72.148154
58.193108
86.681867
