40.496211
40.776274
41.056337
41.336400
41.616463
41.896526
42.176589
42.456652
42.736716
43.016779
43.296842
43.576905
43.856968
44.137031
44.417094
44.697157
44.977221
45.257284
45.537347
45.817410
46.097473
46.377536
46.657599
46.937662
47.217726
47.497789
47.777852
48.057915
48.337978
48.618041
48.898104
49.178167
49.458231
49.738294
50.018357
50.298420
50.578483
50.858546
51.138609
51.418672
51.698736
51.978799
52.258862
52.538925
52.818988
53.099051
53.379114
53.659177
53.939241
54.219304
54.499367
54.779430
55.059493
55.339556
55.619619
55.899682
56.179746
56.459809
56.739872
57.019935
57.299998
57.580061
57.860124
58.140188
58.420251
58.700314
58.980377
59.260440
59.540503
59.820566
60.100629
60.380693
60.660756
60.940819
61.220882
61.500945
61.781008
62.061071
62.341134
62.621198
62.901261
63.181324
63.461387
63.741450
64.021513
64.301576
64.581639
64.861703
65.141766
65.421829
65.701892
65.981955
66.262018
66.542081
66.822144
67.102208
67.382271
67.662334
67.942397
68.222460
68.502523
68.782586
69.062649
69.342713
69.622776
69.902839
70.182902
70.462965
70.743028
71.023091
71.303154
71.583218
71.863281
72.143344
72.423407
72.703470
72.983533
73.263596
73.543659
73.823723
74.103786
74.383849
74.663912
74.943975
75.224038
75.504101
75.784164
76.064228
76.344291
76.624354
76.904417
77.184480
77.464543
77.744606
78.024669
78.304733
78.584796
78.864859
79.144922
79.424985
79.705048
79.985111
80.265174
80.545238
80.825301
81.105364
81.385427
81.665490
81.945553
82.225616
82.505679
82.785743
83.065806
83.345869
83.625932
83.905995
84.186058
84.466121
84.746184
85.026248
85.306311
85.586374
85.866437
86.146500
86.426563
86.706626
86.986689
87.266753
87.546816
87.826879
88.106942
88.387005
88.667068
88.947131
89.227195
89.507258
89.787321
90.067384
90.347447
90.627510
90.907573
91.187636
91.467700
91.747763
92.027826
92.307889
92.587952
92.868015
93.148078
93.428141
93.708205
93.988268
94.268331
94.548394
94.828457
95.108520
95.388583
95.668646
95.948710
96.228773
