82.959707
83.459707
83.959707
84.459707
84.959707
85.459707
85.959707
86.459707
86.959707
87.459707
87.959707
88.459707
63.491438
63.991438
64.491438
64.991438
65.491438
65.991438
66.491438
66.991438
67.491438
67.991438
68.491438
68.991438
63.114827
63.614827
64.114827
64.614827
65.114827
65.614827
66.114827
66.614827
67.114827
67.614827
68.114827
68.614827
89.275232
89.775232
90.275232
90.775232
91.275232
91.775232
92.275232
92.775232
93.275232
93.775232
94.275232
94.775232
77.661764
78.161764
78.661764
79.161764
79.661764
80.161764
80.661764
81.161764
81.661764
82.161764
82.661764
83.161764
54.661311
55.161311
55.661311
56.161311
56.661311
57.161311
57.661311
58.161311
58.661311
59.161311
59.661311
60.161311
77.721934
78.221934
78.721934
79.221934
79.721934
80.221934
80.721934
81.221934
81.721934
82.221934
82.721934
83.221934
104.370068
104.870068
105.370068
105.870068
106.370068
106.870068
107.370068
107.870068
108.370068
108.870068
109.370068
109.870068
71.537433
72.037433
72.537433
73.037433
73.537433
74.037433
74.537433
75.037433
75.537433
76.037433
76.537433
77.037433
54.732302
55.232302
55.732302
56.232302
56.732302
57.232302
57.732302
58.232302
58.732302
59.232302
59.732302
60.232302
82.338912
82.838912
83.338912
83.838912
84.338912
84.838912
85.338912
85.838912
86.338912
86.838912
87.338912
87.838912
49.570342
50.070342
50.570342
51.070342
51.570342
52.070342
52.570342
53.070342
53.570342
54.070342
54.570342
55.070342
84.631189
85.131189
85.631189
86.131189
86.631189
87.131189
87.631189
88.131189
88.631189
89.131189
89.631189
90.131189
60.255906
60.755906
61.255906
61.755906
62.255906
62.755906
63.255906
63.755906
64.255906
64.755906
65.255906
65.755906
71.824043
72.324043
72.824043
73.324043
73.824043
74.324043
74.824043
75.324043
75.824043
76.324043
76.824043
77.324043
87.433750
87.933750
88.433750
88.933750
89.433750
89.933750
90.433750
90.933750
91.433750
91.933750
92.433750
92.933750
82.116793
82.616793
83.116793
83.616793
84.116793
84.616793
85.116793
85.616793
86.116793
86.616793
87.116793
87.616793
68.184678
68.684678
69.184678
69.684678
70.184678
70.684678
71.184678
71.684678
72.184678
72.684678
73.184678
73.684678
62.357816
62.857816
63.357816
63.857816
64.357816
64.857816
65.357816
65.857816
66.357816
66.857816
67.357816
67.857816
77.066195
77.566195
78.066195
78.566195
79.066195
79.566195
80.066195
80.566195
81.066195
81.566195
82.066195
82.566195
93.648356
94.148356
94.648356
95.148356
95.648356
96.148356
96.648356
97.148356
97.648356
98.148356
98.648356
99.148356
68.675958
69.175958
69.675958
70.175958
70.675958
71.175958
71.675958
72.175958
72.675958
73.175958
73.675958
74.175958
87.616469
88.116469
88.616469
89.116469
89.616469
90.116469
90.616469
91.116469
91.616469
92.116469
92.616469
93.116469
67.063197
67.563197
68.063197
68.563197
69.063197
69.563197
70.063197
70.563197
71.063197
71.563197
72.063197
72.563197
69.803960
70.303960
70.803960
71.303960
71.803960
72.303960
72.803960
73.303960
73.803960
74.303960
74.803960
75.303960
75.893524
76.393524
76.893524
77.393524
77.893524
78.393524
78.893524
79.393524
79.893524
80.393524
80.893524
81.393524
54.940883
55.440883
55.940883
56.440883
56.940883
57.440883
57.940883
58.440883
58.940883
59.440883
59.940883
60.440883
80.294975
80.794975
81.294975
81.794975
82.294975
82.794975
83.294975
83.794975
84.294975
84.794975
85.294975
85.794975
68.639432
69.139432
69.639432
70.139432
70.639432
71.139432
71.639432
72.139432
72.639432
73.139432
73.639432
74.139432
78.088500
78.588500
79.088500
79.588500
80.088500
80.588500
81.088500
81.588500
82.088500
82.588500
83.088500
83.588500
54.803393
55.303393
55.803393
56.303393
56.803393
57.303393
57.803393
58.303393
58.803393
59.303393
59.803393
60.303393
88.786586
89.286586
89.786586
90.286586
90.786586
91.286586
91.786586
92.286586
92.786586
93.286586
93.786586
94.286586
47.198949
47.698949
48.198949
48.698949
49.198949
49.698949
50.198949
50.698949
51.198949
51.698949
52.198949
52.698949
73.323226
73.823226
74.323226
74.823226
75.323226
75.823226
76.323226
76.823226
77.323226
77.823226
78.323226
78.823226
71.334365
71.834365
72.334365
72.834365
73.334365
73.834365
74.334365
74.834365
75.334365
75.834365
76.334365
76.834365
69.392988
69.892988
70.392988
70.892988
71.392988
71.892988
72.392988
72.892988
73.392988
73.892988
74.392988
74.892988
64.370741
64.870741
65.370741
65.870741
66.370741
66.870741
67.370741
67.870741
68.370741
68.870741
69.370741
69.870741
31.641615
32.141615
32.641615
33.141615
33.641615
34.141615
34.641615
35.141615
35.641615
36.141615
36.641615
37.141615
56.211155
56.711155
57.211155
57.711155
58.211155
58.711155
59.211155
59.711155
60.211155
60.711155
61.211155
61.711155
61.435965
61.935965
62.435965
62.935965
63.435965
63.935965
64.435965
64.935965
65.435965
65.935965
66.435965
66.935965
100.957724
101.457724
101.957724
102.457724
102.957724
103.457724
103.957724
104.457724
104.957724
105.457724
105.957724
106.457724
41.959249
42.459249
42.959249
43.459249
43.959249
44.459249
44.959249
45.459249
45.959249
46.459249
46.959249
47.459249
50.324650
50.824650
51.324650
51.824650
52.324650
52.824650
53.324650
53.824650
54.324650
54.824650
55.324650
55.824650
69.903793
70.403793
70.903793
71.403793
71.903793
72.403793
72.903793
73.403793
73.903793
74.403793
74.903793
75.403793
70.547084
71.047084
71.547084
72.047084
72.547084
73.047084
73.547084
74.047084
74.547084
75.047084
75.547084
76.047084
57.182492
57.682492
58.182492
58.682492
59.182492
59.682492
60.182492
60.682492
61.182492
61.682492
62.182492
62.682492
88.297632
88.797632
89.297632
89.797632
90.297632
90.797632
91.297632
91.797632
92.297632
92.797632
93.297632
93.797632
41.775253
42.275253
42.775253
43.275253
43.775253
44.275253
44.775253
45.275253
45.775253
46.275253
46.775253
47.275253
83.468025
83.968025
84.468025
84.968025
85.468025
85.968025
86.468025
86.968025
87.468025
87.968025
88.468025
88.968025
56.856024
57.356024
57.856024
58.356024
58.856024
59.356024
59.856024
60.356024
60.856024
61.356024
61.856024
62.356024
69.654562
70.154562
70.654562
71.154562
71.654562
72.154562
72.654562
73.154562
73.654562
74.154562
74.654562
75.154562
74.426442
74.926442
75.426442
75.926442
76.426442
76.926442
77.426442
77.926442
78.426442
78.926442
79.426442
79.926442
55.126370
55.626370
56.126370
56.626370
57.126370
57.626370
58.126370
58.626370
59.126370
59.626370
60.126370
60.626370
77.134208
77.634208
78.134208
78.634208
79.134208
79.634208
80.134208
80.634208
81.134208
81.634208
82.134208
82.634208
78.702157
79.202157
79.702157
80.202157
80.702157
81.202157
81.702157
82.202157
82.702157
83.202157
83.702157
84.202157
55.608935
56.108935
56.608935
57.108935
57.608935
58.108935
58.608935
59.108935
59.608935
60.108935
60.608935
61.108935
92.179296
92.679296
93.179296
93.679296
94.179296
94.679296
95.179296
95.679296
96.179296
96.679296
97.179296
97.679296
76.568594
77.068594
77.568594
78.068594
78.568594
79.068594
79.568594
80.068594
80.568594
81.068594
81.568594
82.068594
55.726477
56.226477
56.726477
57.226477
57.726477
58.226477
58.726477
59.226477
59.726477
60.226477
60.726477
61.226477
69.876852
70.376852
70.876852
71.376852
71.876852
72.376852
72.876852
73.376852
73.876852
74.376852
74.876852
75.376852
77.381981
77.881981
78.381981
78.881981
79.381981
79.881981
80.381981
80.881981
81.381981
81.881981
82.381981
82.881981
63.184123
63.684123
64.184123
64.684123
65.184123
65.684123
66.184123
66.684123
67.184123
67.684123
68.184123
68.684123
82.786799
83.286799
83.786799
84.286799
84.786799
85.286799
85.786799
86.286799
86.786799
87.286799
87.786799
88.286799
72.314606
72.814606
73.314606
73.814606
74.314606
74.814606
75.314606
75.814606
76.314606
76.814606
77.314606
77.814606
85.324053
85.824053
86.324053
86.824053
87.324053
87.824053
88.324053
88.824053
89.324053
89.824053
90.324053
90.824053
64.781761
65.281761
65.781761
66.281761
66.781761
67.281761
67.781761
68.281761
68.781761
69.281761
69.781761
70.281761
69.465111
69.965111
70.465111
70.965111
71.465111
71.965111
72.465111
72.965111
73.465111
73.965111
74.465111
74.965111
67.652544
68.152544
68.652544
69.152544
69.652544
70.152544
70.652544
71.152544
71.652544
72.152544
72.652544
73.152544
53.695522
54.195522
54.695522
55.195522
55.695522
56.195522
56.695522
57.195522
57.695522
58.195522
58.695522
59.195522
72.881032
73.381032
73.881032
74.381032
74.881032
75.381032
75.881032
76.381032
76.881032
77.381032
77.881032
78.381032
66.731845
67.231845
67.731845
68.231845
68.731845
69.231845
69.731845
70.231845
70.731845
71.231845
71.731845
72.231845
65.974463
66.474463
66.974463
67.474463
67.974463
68.474463
68.974463
69.474463
69.974463
70.474463
70.974463
71.474463
71.844169
72.344169
72.844169
73.344169
73.844169
74.344169
74.844169
75.344169
75.844169
76.344169
76.844169
77.344169
60.109238
60.609238
61.109238
61.609238
62.109238
62.609238
63.109238
63.609238
64.109238
64.609238
65.109238
65.609238
77.447102
77.947102
78.447102
78.947102
79.447102
79.947102
80.447102
80.947102
81.447102
81.947102
82.447102
82.947102
79.224146
79.724146
80.224146
80.724146
81.224146
81.724146
82.224146
82.724146
83.224146
83.724146
84.224146
84.724146
52.564635
53.064635
53.564635
54.064635
54.564635
55.064635
55.564635
56.064635
56.564635
57.064635
57.564635
58.064635
94.375935
94.875935
95.375935
95.875935
96.375935
96.875935
97.375935
97.875935
98.375935
98.875935
99.375935
99.875935
72.970944
73.470944
73.970944
74.470944
74.970944
75.470944
75.970944
76.470944
76.970944
77.470944
77.970944
78.470944
79.466687
79.966687
80.466687
80.966687
81.466687
81.966687
82.466687
82.966687
83.466687
83.966687
84.466687
84.966687
69.479837
69.979837
70.479837
70.979837
71.479837
71.979837
72.479837
72.979837
73.479837
73.979837
74.479837
74.979837
95.681166
96.181166
96.681166
97.181166
97.681166
98.181166
98.681166
99.181166
99.681166
100.181166
100.681166
101.181166
69.672753
70.172753
70.672753
71.172753
71.672753
72.172753
72.672753
73.172753
73.672753
74.172753
74.672753
75.172753
95.051673
95.551673
96.051673
96.551673
97.051673
97.551673
98.051673
98.551673
99.051673
99.551673
100.051673
100.551673
51.878066
52.378066
52.878066
53.378066
53.878066
54.378066
54.878066
55.378066
55.878066
56.378066
56.878066
57.378066
72.328831
72.828831
73.328831
73.828831
74.328831
74.828831
75.328831
75.828831
76.328831
76.828831
77.328831
77.828831
59.663398
60.163398
60.663398
61.163398
61.663398
62.163398
62.663398
63.163398
63.663398
64.163398
64.663398
65.163398
72.938147
73.438147
73.938147
74.438147
74.938147
75.438147
75.938147
76.438147
76.938147
77.438147
77.938147
78.438147
80.577401
81.077401
81.577401
82.077401
82.577401
83.077401
83.577401
84.077401
84.577401
85.077401
85.577401
86.077401
72.867818
73.367818
73.867818
74.367818
74.867818
75.367818
75.867818
76.367818
76.867818
77.367818
77.867818
78.367818
49.974297
50.474297
50.974297
51.474297
51.974297
52.474297
52.974297
53.474297
53.974297
54.474297
54.974297
55.474297
56.304890
56.804890
57.304890
57.804890
58.304890
58.804890
59.304890
59.804890
60.304890
60.804890
61.304890
61.804890
61.531146
62.031146
62.531146
63.031146
63.531146
64.031146
64.531146
65.031146
65.531146
66.031146
66.531146
67.031146
88.457249
88.957249
89.457249
89.957249
90.457249
90.957249
91.457249
91.957249
92.457249
92.957249
93.457249
93.957249
68.475292
68.975292
69.475292
69.975292
70.475292
70.975292
71.475292
71.975292
72.475292
72.975292
73.475292
73.975292
86.645690
87.145690
87.645690
88.145690
88.645690
89.145690
89.645690
90.145690
90.645690
91.145690
91.645690
92.145690
58.195429
58.695429
59.195429
59.695429
60.195429
60.695429
61.195429
61.695429
62.195429
62.695429
63.195429
63.695429
63.847973
64.347973
64.847973
65.347973
65.847973
66.347973
66.847973
67.347973
67.847973
68.347973
68.847973
69.347973
78.184810
78.684810
79.184810
79.684810
80.184810
80.684810
81.184810
81.684810
82.184810
82.684810
83.184810
83.684810
79.474844
79.974844
80.474844
80.974844
81.474844
81.974844
82.474844
82.974844
83.474844
83.974844
84.474844
84.974844
81.386644
81.886644
82.386644
82.886644
83.386644
83.886644
84.386644
84.886644
85.386644
85.886644
86.386644
86.886644
68.628276
69.128276
69.628276
70.128276
70.628276
71.128276
71.628276
72.128276
72.628276
73.128276
73.628276
74.128276
77.994559
78.494559
78.994559
79.494559
79.994559
80.494559
80.994559
81.494559
81.994559
82.494559
82.994559
83.494559
71.214520
71.714520
72.214520
72.714520
73.214520
73.714520
74.214520
74.714520
75.214520
75.714520
76.214520
76.714520
53.205520
53.705520
54.205520
54.705520
55.205520
55.705520
56.205520
56.705520
57.205520
57.705520
58.205520
58.705520
59.235026
59.735026
60.235026
60.735026
61.235026
61.735026
62.235026
62.735026
63.235026
63.735026
64.235026
64.735026
102.610510
103.110510
103.610510
104.110510
104.610510
105.110510
105.610510
106.110510
106.610510
107.110510
107.610510
108.110510
77.185547
77.685547
78.185547
78.685547
79.185547
79.685547
80.185547
80.685547
81.185547
81.685547
82.185547
82.685547
62.653730
63.153730
63.653730
64.153730
64.653730
65.153730
65.653730
66.153730
66.653730
67.153730
67.653730
68.153730
61.584863
62.084863
62.584863
63.084863
63.584863
64.084863
64.584863
65.084863
65.584863
66.084863
66.584863
67.084863
55.804380
56.304380
56.804380
57.304380
57.804380
58.304380
58.804380
59.304380
59.804380
60.304380
60.804380
61.304380
73.917068
74.417068
74.917068
75.417068
75.917068
76.417068
76.917068
77.417068
77.917068
78.417068
78.917068
79.417068
47.953139
48.453139
48.953139
49.453139
49.953139
50.453139
50.953139
51.453139
51.953139
52.453139
52.953139
53.453139
55.292146
55.792146
56.292146
56.792146
57.292146
57.792146
58.292146
58.792146
59.292146
59.792146
60.292146
60.792146
82.260523
82.760523
83.260523
83.760523
84.260523
84.760523
85.260523
85.760523
86.260523
86.760523
87.260523
87.760523
52.343479
52.843479
53.343479
53.843479
54.343479
54.843479
55.343479
55.843479
56.343479
56.843479
57.343479
57.843479
45.027575
45.527575
46.027575
46.527575
47.027575
47.527575
48.027575
48.527575
49.027575
49.527575
50.027575
50.527575
53.438818
53.938818
54.438818
54.938818
55.438818
55.938818
56.438818
56.938818
57.438818
57.938818
58.438818
58.938818
66.441011
66.941011
67.441011
67.941011
68.441011
68.941011
69.441011
69.941011
70.441011
70.941011
71.441011
71.941011
74.234631
74.734631
75.234631
75.734631
76.234631
76.734631
77.234631
77.734631
78.234631
78.734631
79.234631
79.734631
72.440125
72.940125
73.440125
73.940125
74.440125
74.940125
75.440125
75.940125
76.440125
76.940125
77.440125
77.940125
65.243397
65.743397
66.243397
66.743397
67.243397
67.743397
68.243397
68.743397
69.243397
69.743397
70.243397
70.743397
37.522510
38.022510
38.522510
39.022510
39.522510
40.022510
40.522510
41.022510
41.522510
42.022510
42.522510
43.022510
76.770262
77.270262
77.770262
78.270262
78.770262
79.270262
79.770262
80.270262
80.770262
81.270262
81.770262
82.270262
99.271037
99.771037
100.271037
100.771037
101.271037
101.771037
102.271037
102.771037
103.271037
103.771037
104.271037
104.771037
70.634910
71.134910
71.634910
72.134910
72.634910
73.134910
73.634910
74.134910
74.634910
75.134910
75.634910
76.134910
85.882919
86.382919
86.882919
87.382919
87.882919
88.382919
88.882919
89.382919
89.882919
90.382919
90.882919
91.382919
67.452155
67.952155
68.452155
68.952155
69.452155
69.952155
70.452155
70.952155
71.452155
71.952155
72.452155
72.952155
89.438068
89.938068
90.438068
90.938068
91.438068
91.938068
92.438068
92.938068
93.438068
93.938068
94.438068
94.938068
51.347848
51.847848
52.347848
52.847848
53.347848
53.847848
54.347848
54.847848
55.347848
55.847848
56.347848
56.847848
50.651643
51.151643
51.651643
52.151643
52.651643
53.151643
53.651643
54.151643
54.651643
55.151643
55.651643
56.151643
50.522106
51.022106
51.522106
52.022106
52.522106
53.022106
53.522106
54.022106
54.522106
55.022106
55.522106
56.022106
91.533668
92.033668
92.533668
93.033668
93.533668
94.033668
94.533668
95.033668
95.533668
96.033668
96.533668
97.033668
48.475525
48.975525
49.475525
49.975525
50.475525
50.975525
51.475525
51.975525
52.475525
52.975525
53.475525
53.975525
39.634310
40.134310
40.634310
41.134310
41.634310
42.134310
42.634310
43.134310
43.634310
44.134310
44.634310
45.134310
57.448835
57.948835
58.448835
58.948835
59.448835
59.948835
60.448835
60.948835
61.448835
61.948835
62.448835
62.948835
70.452014
70.952014
71.452014
71.952014
72.452014
72.952014
73.452014
73.952014
74.452014
74.952014
75.452014
75.952014
52.309692
52.809692
53.309692
53.809692
54.309692
54.809692
55.309692
55.809692
56.309692
56.809692
57.309692
57.809692
62.260835
62.760835
63.260835
63.760835
64.260835
64.760835
65.260835
65.760835
66.260835
66.760835
67.260835
67.760835
62.859446
63.359446
63.859446
64.359446
64.859446
65.359446
65.859446
66.359446
66.859446
67.359446
67.859446
68.359446
71.116625
71.616625
72.116625
72.616625
73.116625
73.616625
74.116625
74.616625
75.116625
75.616625
76.116625
76.616625
85.454397
85.954397
86.454397
86.954397
87.454397
87.954397
88.454397
88.954397
89.454397
89.954397
90.454397
90.954397
84.097411
84.597411
85.097411
85.597411
86.097411
86.597411
87.097411
87.597411
88.097411
88.597411
89.097411
89.597411
79.642477
80.142477
80.642477
81.142477
81.642477
82.142477
82.642477
83.142477
83.642477
84.142477
84.642477
85.142477
91.177971
91.677971
92.177971
92.677971
93.177971
93.677971
94.177971
94.677971
95.177971
95.677971
96.177971
96.677971
75.277540
75.777540
76.277540
76.777540
77.277540
77.777540
78.277540
78.777540
79.277540
79.777540
80.277540
80.777540
70.164850
70.664850
71.164850
71.664850
72.164850
72.664850
73.164850
73.664850
74.164850
74.664850
75.164850
75.664850
75.545781
76.045781
76.545781
77.045781
77.545781
78.045781
78.545781
79.045781
79.545781
80.045781
80.545781
81.045781
79.990745
80.490745
80.990745
81.490745
81.990745
82.490745
82.990745
83.490745
83.990745
84.490745
84.990745
85.490745
55.855942
56.355942
56.855942
57.355942
57.855942
58.355942
58.855942
59.355942
59.855942
60.355942
60.855942
61.355942
