0.308795 0.227121
0.308898 0.230248
0.309980 0.236172
0.310105 0.239261
0.311123 0.244795
0.311377 0.248186
0.312347 0.253360
0.312788 0.257080
0.313716 0.261925
0.314384 0.266043
0.315274 0.270587
0.315979 0.274586
0.317017 0.279239
0.317813 0.283274
0.318853 0.287737
0.319753 0.291787
0.320929 0.296258
0.321926 0.300282
0.323106 0.304525
0.324298 0.308672
0.325629 0.312911
0.326913 0.316974
0.328358 0.321168
0.329718 0.325131
0.331273 0.329238
0.332870 0.333272
0.334476 0.337189
0.336068 0.340959
0.337767 0.344745
0.339645 0.348606
0.341507 0.352335
0.343450 0.356027
0.345386 0.359601
0.347420 0.363137
0.349643 0.366738
0.351943 0.370283
0.354353 0.373796
0.356843 0.377248
0.359561 0.380746
0.362204 0.384057
0.365040 0.387391
0.368029 0.390711
0.370953 0.393853
0.374209 0.397096
0.377410 0.400151
0.380886 0.403267
0.384351 0.406229
0.388267 0.409339
0.391781 0.412059
0.395878 0.415010
0.399737 0.417678
0.404165 0.420562
0.408315 0.423136
0.412933 0.425837
0.417496 0.428381
0.422504 0.431023
0.427377 0.433461
0.432745 0.436030
0.438137 0.438491
0.443579 0.440866
0.449259 0.443257
0.454771 0.445468
0.461023 0.447896
0.467146 0.450188
0.473683 0.452585
0.480093 0.454854
0.486858 0.457208
0.493629 0.459523
0.501307 0.462158
0.507900 0.464360
0.516019 0.467128
0.522480 0.469294
0.530767 0.472210
0.538333 0.474899
0.546217 0.477823
0.553746 0.480663
0.561672 0.483764
0.569736 0.487102
0.577749 0.490588
0.585484 0.494128
0.593739 0.498164
0.601394 0.502122
0.609468 0.506606
0.617048 0.511096
0.624501 0.515827
0.632105 0.521033
0.639120 0.526180
0.645933 0.531558
0.652847 0.537479
0.659121 0.543232
0.665677 0.549743
0.671455 0.555919
0.677489 0.562902
0.683149 0.569992
0.688365 0.577029
0.693369 0.584358
0.697869 0.591431
0.702564 0.599396
0.706434 0.606450
0.710527 0.614465
0.714142 0.622048
0.717667 0.629963
0.720952 0.637829
0.723963 0.645478
0.726901 0.653408
0.729524 0.660827
0.732150 0.668685
0.734634 0.676387
0.737081 0.684371
0.739420 0.692245
0.741665 0.699979
0.743866 0.707909
0.745861 0.715084
0.747853 0.722525
0.749698 0.729300
0.751466 0.736026
0.753348 0.743116
0.755190 0.749952
0.756986 0.756802
0.758665 0.762946
0.760463 0.769738
0.762206 0.776034
0.763984 0.782529
0.765495 0.788024
0.767260 0.794222
0.768724 0.799449
0.770474 0.805454
0.771903 0.810472
0.773585 0.816233
0.775132 0.821351
0.776540 0.826205
0.778299 0.831990
0.779402 0.835803
0.781401 0.842313
0.782205 0.845167
0.784334 0.852102
0.785263 0.855112
0.787249 0.861752
0.787835 0.863858
0.790032 0.870945
0.790444 0.872674
0.792558 0.879581
0.793170 0.881789
0.794932 0.887789
0.795622 0.890359
0.797091 0.895516
0.797930 0.898677
0.799327 0.903720
0.800138 0.906984
0.801527 0.911981
0.802349 0.915439
0.803429 0.919630
0.804362 0.923574
0.805206 0.927171
0.806091 0.931035
0.806917 0.934847
0.807817 0.938852
0.808563 0.942549
0.809223 0.945931
0.809914 0.949597
0.810653 0.953410
0.811264 0.956906
0.811914 0.960664
0.812406 0.963848
0.813204 0.968268
0.813609 0.971308
0.814197 0.975108
0.814666 0.978537
0.815184 0.982188
0.815693 0.985978
0.816052 0.989270
0.816502 0.992895
0.816726 0.995767
0.817095 0.999227
0.817364 1.002368
0.817736 1.005993
0.818028 1.009364
0.818365 1.013004
0.818534 1.015968
0.818771 1.019297
0.818922 1.022313
0.819298 1.026340
0.819438 1.029401
0.819579 1.032467
0.819649 1.035304
0.819835 1.038674
0.819764 1.040938
0.820062 1.044971
0.820039 1.047424
0.820287 1.051389
0.820120 1.053132
0.820498 1.057977
0.820103 1.058566
0.820698 1.064650
0.819958 1.063537
0.820787 1.070806
0.820106 1.069720
0.820792 1.076426
0.820032 1.074983
0.820757 1.081886
