0.827097 1.160571
0.827097 1.160571
0.827097 1.160571
0.827097 1.160571
0.827097 1.160571
0.827097 1.160571
0.827097 1.160571
0.827097 1.160571
0.827097 1.160571
0.827097 1.160571
0.827097 1.160571
0.827097 1.160571
0.270433 0.132407
0.270343 0.132298
0.270929 0.140065
0.271895 0.148976
0.272780 0.157504
0.273705 0.165993
0.274776 0.174808
0.275628 0.182706
0.277010 0.192029
0.277741 0.199271
0.279315 0.208616
0.280246 0.215998
0.350449 0.593768
0.359840 0.607304
0.369922 0.621567
0.380632 0.636493
0.391974 0.652094
0.404007 0.668415
0.416750 0.685357
0.430334 0.702916
0.444579 0.720610
0.459409 0.738176
0.475122 0.755725
0.491619 0.772914
0.800522 1.127127
0.799758 1.126957
0.802135 1.130542
0.806592 1.136848
0.808257 1.139712
0.806538 1.138352
0.808340 1.141571
0.811787 1.146820
0.812839 1.149005
0.810427 1.146685
0.811215 1.148656
0.813626 1.153084
0.798898 0.731309
0.799756 0.759420
0.800697 0.781756
0.801861 0.802498
0.803638 0.824746
0.805493 0.842771
0.807084 0.856325
0.809727 0.874842
0.812307 0.890690
0.814294 0.901836
0.816684 0.914960
0.818982 0.927037
0.267926 0.377638
0.268306 0.380950
0.268635 0.384057
0.268918 0.386968
0.269186 0.389789
0.269472 0.392640
0.269911 0.395945
0.270388 0.399336
0.270879 0.402721
0.271350 0.405974
0.271707 0.408830
0.272057 0.411604
0.706923 1.015958
0.708379 1.016487
0.710268 1.017182
0.712620 1.018046
0.716272 1.019446
0.719498 1.020742
0.722170 1.021864
0.724965 1.023014
0.726838 1.023940
0.729172 1.025033
0.730413 1.025668
0.733311 1.027029
0.762871 1.058520
0.765090 1.060136
0.766867 1.061581
0.767449 1.062196
0.767874 1.062778
0.769377 1.064044
0.771757 1.065926
0.773256 1.067209
0.773728 1.067813
0.774216 1.068496
0.775424 1.069703
0.777302 1.071367
0.344917 0.094858
0.349544 0.099858
0.355519 0.104954
0.362413 0.109824
0.369928 0.114003
0.378149 0.117758
0.386361 0.120747
0.395588 0.123369
0.405628 0.125373
0.415774 0.126912
0.428964 0.128026
0.442813 0.128734
0.265123 0.148731
0.265123 0.148731
0.265123 0.148731
0.265123 0.148731
0.265123 0.148731
0.265123 0.148731
0.265123 0.148731
0.265123 0.148731
0.265123 0.148731
0.265123 0.148731
0.265123 0.148731
0.265123 0.148731
0.919974 0.956145
0.917861 0.962852
0.916345 0.967155
0.914495 0.973154
0.912990 0.977526
0.912809 0.976084
0.909077 0.990473
0.909156 0.987584
0.906718 0.996578
0.905327 1.000858
0.904615 1.001324
0.903412 1.004516
0.284881 0.072268
0.284881 0.072268
0.284881 0.072268
0.284881 0.072268
0.284881 0.072268
0.284881 0.072268
0.284881 0.072268
0.284881 0.072268
0.284881 0.072268
0.284881 0.072268
0.284881 0.072268
0.284881 0.072268
0.249091 0.728747
0.255428 0.743100
0.263156 0.759595
0.272096 0.777288
0.281445 0.794173
0.292306 0.812400
0.304723 0.831555
0.317864 0.849974
0.332465 0.868566
0.347749 0.886061
0.363722 0.902438
0.383038 0.920020
0.367196 0.036821
0.376234 0.042201
0.383743 0.046339
0.393808 0.050556
0.407322 0.054656
0.420375 0.057912
0.433520 0.060610
0.448696 0.063197
0.466733 0.065888
0.484581 0.068534
0.501812 0.071096
0.524512 0.075048
0.286110 0.768380
0.300376 0.792856
0.316861 0.817996
0.335540 0.843107
0.356487 0.867598
0.378392 0.889625
0.402533 0.910239
0.430912 0.930235
0.458724 0.945898
0.484280 0.957479
0.510407 0.967009
0.538078 0.975078
0.860598 1.094256
0.860598 1.094256
0.860598 1.094256
0.860598 1.094256
0.860598 1.094256
0.860598 1.094256
0.860598 1.094256
0.860598 1.094256
0.860598 1.094256
0.860598 1.094256
0.860598 1.094256
0.860598 1.094256
0.796350 1.115723
0.800363 1.120839
0.798874 1.119731
0.798236 1.119549
0.802906 1.125939
0.804860 1.129059
0.804273 1.129035
0.807181 1.133668
0.810144 1.138213
0.809528 1.138312
0.808833 1.138390
0.811714 1.142818
0.561414 0.774870
0.581672 0.795199
0.601836 0.814151
0.621480 0.831627
0.640363 0.847669
0.658318 0.862549
0.675258 0.876418
0.690814 0.889279
0.705354 0.901560
0.718350 0.912965
0.730530 0.924175
0.741138 0.934544
0.213586 0.364120
0.211913 0.379217
0.210173 0.388688
0.208452 0.397811
0.206516 0.413208
0.204612 0.427868
0.202783 0.442020
0.201149 0.453263
0.199444 0.470658
0.197938 0.491161
0.196791 0.505257
0.195922 0.519745
0.674384 0.266369
0.710958 0.279206
0.746365 0.296303
0.780063 0.318014
0.811640 0.344491
0.840085 0.375442
0.865244 0.411372
0.885162 0.449421
0.899185 0.485688
0.909868 0.526544
0.916316 0.570956
0.918420 0.613687
0.584609 1.036134
0.600699 1.036903
0.615411 1.037556
0.633256 1.038391
0.651207 1.039377
0.665722 1.040547
0.675739 1.041415
0.683849 1.042506
0.694962 1.044217
0.707302 1.046835
0.715802 1.049080
0.724227 1.051658
0.671818 1.170534
0.677683 1.169208
0.693866 1.165807
0.696260 1.165336
0.705757 1.163792
0.711927 1.162995
0.714710 1.162658
0.723945 1.162158
0.727200 1.161991
0.732107 1.162045
0.737780 1.162448
0.741750 1.162892
0.607144 0.986393
0.630488 0.990928
0.645540 0.993863
0.662033 0.997379
0.677783 1.001127
0.688546 1.004100
0.704339 1.009149
0.711368 1.011818
0.723436 1.016890
0.732587 1.021366
0.742444 1.026822
0.750447 1.031949
0.433189 0.255897
0.450024 0.256081
0.468822 0.255617
0.490995 0.254654
0.512401 0.253572
0.540522 0.252708
0.566303 0.252601
0.597921 0.254220
0.629525 0.258010
0.664266 0.265194
0.698932 0.276037
0.733185 0.290934
0.675488 1.119374
0.675635 1.119316
0.678051 1.118914
0.684482 1.118218
0.690752 1.117655
0.696709 1.117322
0.696572 1.117229
0.695997 1.117246
0.695116 1.117290
0.695931 1.117299
0.700666 1.117035
0.705723 1.116851
0.323004 0.514520
0.331492 0.527589
0.340998 0.541113
0.350973 0.554357
0.362398 0.568954
0.374414 0.583781
0.387318 0.599465
0.401225 0.616371
0.415691 0.634018
0.431147 0.653074
0.447347 0.673109
0.464051 0.693593
0.264115 0.151608
0.264115 0.151608
0.264115 0.151608
0.264115 0.151608
0.264115 0.151608
0.264115 0.151608
0.264115 0.151608
0.264115 0.151608
0.264115 0.151608
0.264115 0.151608
0.264115 0.151608
0.264115 0.151608
0.563839 1.015816
0.583887 1.018162
0.602481 1.019966
0.620150 1.021507
0.635770 1.023045
0.650967 1.024577
0.664428 1.026212
0.677962 1.028242
0.690311 1.030432
0.698596 1.032345
0.706574 1.034364
0.714062 1.036678
0.360195 0.088640
0.370668 0.094611
0.377391 0.098467
0.390339 0.102870
0.400855 0.105733
0.415575 0.108317
0.429122 0.109962
0.445927 0.111265
0.462537 0.112056
0.481695 0.112773
0.502794 0.113706
0.525128 0.115148
0.918974 0.533658
0.924484 0.578579
0.925751 0.621875
0.924291 0.659174
0.920882 0.694087
0.915103 0.733119
0.910924 0.757964
0.906444 0.781949
0.900390 0.810916
0.896209 0.831304
0.894974 0.838353
0.888973 0.867509
0.295237 -0.008606
0.295237 -0.008606
0.295237 -0.008606
0.295237 -0.008606
0.295237 -0.008606
0.295237 -0.008606
0.295237 -0.008606
0.295237 -0.008606
0.295237 -0.008606
0.295237 -0.008606
0.295237 -0.008606
0.295237 -0.008606
0.743933 1.054438
0.745473 1.055296
0.746780 1.056069
0.748693 1.057150
0.750281 1.058102
0.752626 1.059462
0.754057 1.060402
0.756114 1.061689
0.757770 1.062806
0.759889 1.064138
0.761195 1.065168
0.761787 1.065771
0.296957 0.173523
0.297644 0.176805
0.299005 0.181318
0.300352 0.185647
0.300824 0.188304
0.301317 0.190890
0.302665 0.194906
0.304092 0.198949
0.305134 0.202193
0.305766 0.204760
0.306561 0.207556
0.308209 0.211408
0.490950 0.465307
0.517052 0.474165
0.543983 0.484591
0.571069 0.497303
0.597094 0.512698
0.621462 0.531367
0.643615 0.553704
0.662617 0.579180
0.677970 0.606273
0.690715 0.635271
0.701262 0.665106
0.710234 0.694803
0.797126 0.491355
0.809660 0.519396
0.818568 0.546626
0.825279 0.576213
0.829516 0.605782
0.831713 0.634523
0.832476 0.663396
0.832159 0.691756
0.831234 0.718654
0.830045 0.743279
0.829001 0.765978
0.828184 0.785088
0.462331 0.607295
0.465494 0.610521
0.468638 0.613766
0.471786 0.617046
0.475007 0.620445
0.478119 0.623764
0.481301 0.627199
0.484484 0.630658
0.487689 0.634210
0.490898 0.637794
0.494075 0.641376
0.497234 0.644976
0.223109 0.403690
0.222724 0.407824
0.222337 0.411493
0.221951 0.415547
0.221589 0.419902
0.221209 0.423902
0.220841 0.427589
0.220474 0.431754
0.220118 0.435452
0.219758 0.439042
0.219423 0.442695
0.219083 0.446479
0.257599 0.168870
0.257599 0.168870
0.257599 0.168870
0.257599 0.168870
0.257599 0.168870
0.257599 0.168870
0.257599 0.168870
0.257599 0.168870
0.257599 0.168870
0.257599 0.168870
0.257599 0.168870
0.257599 0.168870
0.330486 0.287290
0.332544 0.289492
0.334040 0.291255
0.335073 0.292649
0.336098 0.294005
0.337970 0.295887
0.340344 0.297965
0.342469 0.299859
0.344363 0.301521
0.345827 0.302917
0.347487 0.304370
0.349445 0.305926
0.764443 0.332164
0.794368 0.355743
0.821893 0.383966
0.846871 0.417801
0.865673 0.451476
0.879993 0.485959
0.891419 0.526581
0.897977 0.565253
0.900930 0.603001
0.900773 0.644026
0.898701 0.677628
0.895394 0.708895
0.753692 1.064275
0.755448 1.065357
0.757119 1.066427
0.759022 1.067580
0.759724 1.068236
0.760274 1.068711
0.762550 1.070209
0.764872 1.071799
0.766299 1.072932
0.766239 1.073190
0.766850 1.073820
0.769066 1.075445
0.284115 0.076371
0.284115 0.076371
0.284115 0.076371
0.284115 0.076371
0.284115 0.076371
0.284115 0.076371
0.284115 0.076371
0.284115 0.076371
0.284115 0.076371
0.284115 0.076371
0.284115 0.076371
0.284115 0.076371
0.457134 0.501328
0.473026 0.509350
0.489374 0.517947
0.506060 0.527311
0.522964 0.537718
0.539777 0.549298
0.556270 0.562219
0.571885 0.576257
0.586794 0.591756
0.600789 0.608635
0.613465 0.626267
0.625246 0.644917
0.678541 0.613873
0.690653 0.642459
0.700606 0.671138
0.709051 0.698955
0.716914 0.726528
0.724286 0.752224
0.731337 0.775706
0.737988 0.796368
0.745181 0.817178
0.752233 0.835970
0.758650 0.852155
0.764888 0.867326
0.982723 0.532820
0.986270 0.564915
0.988052 0.587484
0.988772 0.613876
0.988444 0.639678
0.986567 0.669396
0.983473 0.698799
0.980287 0.722859
0.977955 0.739200
0.975655 0.753867
0.972585 0.770364
0.967263 0.793764
0.381654 0.294819
0.395199 0.298754
0.409847 0.301775
0.425193 0.303851
0.444076 0.305251
0.461548 0.305804
0.484188 0.305895
0.506812 0.305640
0.532291 0.305469
0.561642 0.306052
0.589580 0.307636
0.623591 0.311956
0.787126 0.798312
0.788561 0.809789
0.790110 0.820805
0.791517 0.830276
0.792893 0.838442
0.794277 0.846391
0.795556 0.853449
0.797251 0.862407
0.798992 0.870964
0.800901 0.879937
0.802527 0.887195
0.803826 0.893019
0.249758 0.187147
0.249758 0.187147
0.249758 0.187147
0.249758 0.187147
0.249758 0.187147
0.249758 0.187147
0.249758 0.187147
0.250284 0.191446
0.250407 0.195933
0.250820 0.201627
0.250906 0.205917
0.251537 0.212455
0.820561 1.208904
0.820561 1.208904
0.820561 1.208904
0.820561 1.208904
0.820561 1.208904
0.820561 1.208904
0.820561 1.208904
0.820561 1.208904
0.820561 1.208904
0.820561 1.208904
0.820561 1.208904
0.820561 1.208904
0.328602 0.176677
0.333281 0.183128
0.338117 0.189023
0.343934 0.194833
0.350149 0.200083
0.356812 0.204813
0.363721 0.208890
0.371782 0.212634
0.380116 0.215756
0.390236 0.218491
0.401287 0.220527
0.412605 0.221955
0.180519 0.482484
0.178304 0.504278
0.176536 0.528866
0.175509 0.553909
0.175153 0.573750
0.175495 0.594066
0.176469 0.613084
0.178622 0.636913
0.182147 0.663207
0.186711 0.688043
0.191675 0.709353
0.197784 0.731375
0.396314 0.444709
0.412213 0.452298
0.428994 0.459423
0.448060 0.466922
0.468274 0.474521
0.490334 0.482924
0.513369 0.492307
0.537081 0.503158
0.560851 0.516010
0.583885 0.531190
0.605513 0.548954
0.625283 0.569455
0.399871 0.236467
0.411971 0.238118
0.425941 0.239082
0.440413 0.239452
0.455395 0.239257
0.471804 0.238604
0.489634 0.237675
0.508920 0.236681
0.529351 0.235715
0.552047 0.235245
0.576599 0.235646
0.602323 0.237316
0.989682 0.513349
0.995872 0.557806
0.998722 0.593057
0.998407 0.643564
0.995980 0.683072
0.992701 0.715112
0.984817 0.761546
0.982456 0.777705
0.975239 0.809483
0.968490 0.836344
0.966750 0.845524
0.958213 0.874122
0.775461 1.112822
0.778435 1.115352
0.781138 1.117886
0.784907 1.121324
0.788065 1.124429
0.788735 1.125781
0.789633 1.127357
0.792774 1.130762
0.792524 1.131433
0.792542 1.132320
0.795069 1.135339
0.794969 1.135780
0.162525 0.398466
0.160048 0.410507
0.157615 0.422607
0.154195 0.443949
0.151820 0.457610
0.149332 0.473936
0.145384 0.510097
0.143755 0.524819
0.141842 0.551912
0.140716 0.583860
0.140515 0.599253
0.141182 0.628726
0.743346 1.075986
0.745779 1.077059
0.747151 1.077756
0.749498 1.078937
0.750903 1.079638
0.752716 1.080601
0.753709 1.081235
0.754812 1.082000
0.756810 1.083125
0.759482 1.084540
0.761545 1.085808
0.761838 1.086256
0.725017 1.052973
0.733608 1.056196
0.741512 1.059649
0.748264 1.063250
0.755106 1.067289
0.761508 1.071559
0.767216 1.075923
0.771822 1.079904
0.778211 1.085597
0.781829 1.089660
0.786998 1.095211
0.792270 1.101168
0.209851 0.624588
0.213435 0.643918
0.217355 0.661347
0.222613 0.681377
0.228362 0.699907
0.235336 0.719853
0.243623 0.740871
0.252801 0.761539
0.263695 0.783715
0.276256 0.806753
0.291026 0.831151
0.307246 0.854938
0.902307 0.571447
0.903948 0.591577
0.904693 0.612413
0.904604 0.633794
0.903832 0.653456
0.902371 0.673314
0.900551 0.691885
0.898499 0.709471
0.896080 0.727091
0.893371 0.744683
0.891137 0.758838
0.889200 0.770885
0.786138 1.079630
0.789779 1.084114
0.793550 1.088935
0.795276 1.092067
0.797010 1.095174
0.799041 1.098790
0.800635 1.101884
0.801755 1.104501
0.804757 1.109494
0.807498 1.114506
0.808017 1.116539
0.810336 1.121254
0.349520 0.387122
0.359683 0.395093
0.370463 0.402308
0.382934 0.409289
0.396483 0.415666
0.411990 0.421814
0.428797 0.427475
0.447794 0.433049
0.468319 0.438482
0.490889 0.444227
0.514761 0.450502
0.540531 0.458065
0.915650 0.616954
0.914695 0.651696
0.911220 0.690052
0.908607 0.713187
0.902688 0.749712
0.899664 0.768059
0.894354 0.796019
0.890871 0.814664
0.887168 0.834083
0.884132 0.850789
0.881883 0.863961
0.878549 0.884228
0.247600 0.479537
0.247944 0.483419
0.248343 0.487582
0.248772 0.491678
0.248995 0.494654
0.249265 0.497681
0.249618 0.501025
0.249966 0.504201
0.250550 0.508427
0.251106 0.512469
0.251781 0.516830
0.252343 0.520614
0.776688 0.525019
0.785002 0.545850
0.791685 0.567363
0.796689 0.588520
0.800719 0.611916
0.803326 0.633324
0.805125 0.655975
0.806171 0.677031
0.806706 0.696615
0.806978 0.718139
0.807155 0.733857
0.807280 0.752848
0.363533 0.428929
0.374478 0.436538
0.387114 0.444204
0.400792 0.451505
0.415690 0.458577
0.432794 0.466029
0.450613 0.473242
0.469984 0.480913
0.491024 0.489449
0.512622 0.498795
0.534778 0.509567
0.557023 0.522168
0.936479 0.489537
0.942472 0.514193
0.947390 0.542902
0.950558 0.574346
0.951851 0.602247
0.951926 0.626702
0.951009 0.650480
0.948915 0.675890
0.945867 0.701056
0.941900 0.726547
0.939311 0.742394
0.937149 0.754958
0.580536 -0.000462
0.585016 0.002542
0.588158 0.004340
0.596979 0.011139
0.602250 0.014800
0.606083 0.017151
0.614753 0.023830
0.621319 0.028633
0.625613 0.031389
0.633326 0.037196
0.640215 0.042297
0.645823 0.046212
0.368091 0.228616
0.374953 0.231710
0.382905 0.234431
0.394041 0.237018
0.405360 0.238899
0.416542 0.240148
0.428217 0.240896
0.440659 0.241118
0.455347 0.240941
0.471520 0.240321
0.487167 0.239518
0.503493 0.238599
0.288400 0.197983
0.289494 0.204477
0.290939 0.211504
0.293102 0.219693
0.294403 0.225854
0.296228 0.232706
0.298583 0.240136
0.300034 0.245767
0.302602 0.252836
0.305449 0.259846
0.307612 0.265590
0.310708 0.272163
0.569433 1.027934
0.595759 1.029929
0.618753 1.031370
0.636490 1.032544
0.653581 1.033775
0.667248 1.035115
0.680786 1.036812
0.693011 1.038855
0.707350 1.042031
0.718552 1.045323
0.729219 1.049034
0.740004 1.053632
0.761340 1.077671
0.765149 1.080408
0.768187 1.082941
0.773085 1.086852
0.774315 1.088543
0.780353 1.093630
0.782634 1.096327
0.786081 1.100006
0.790174 1.104309
0.792350 1.107326
0.792620 1.108827
0.794065 1.111175
0.743096 1.091739
0.746537 1.093086
0.750052 1.094720
0.752992 1.096112
0.755405 1.097522
0.760107 1.099874
0.761468 1.100972
0.763027 1.102209
0.767299 1.104825
0.769744 1.106560
0.769208 1.106770
0.774264 1.110231
0.277707 0.219915
0.278426 0.224956
0.279295 0.230268
0.279901 0.234825
0.280950 0.240410
0.281583 0.244876
0.282697 0.250423
0.283474 0.255027
0.284482 0.260078
0.285536 0.265129
0.286462 0.269785
0.287681 0.274964
0.164777 0.631713
0.167608 0.659759
0.170616 0.680470
0.175054 0.704464
0.180227 0.727278
0.186170 0.749171
0.194380 0.775750
0.201605 0.795315
0.212952 0.824216
0.223494 0.847306
0.236496 0.873411
0.251602 0.900650
0.267931 0.237583
0.268868 0.246568
0.269813 0.255481
0.270809 0.264388
0.271854 0.273328
0.272925 0.282217
0.274062 0.291100
0.275270 0.300037
0.276554 0.308944
0.277899 0.317804
0.279357 0.326713
0.280936 0.335614
0.474977 0.328925
0.493388 0.329390
0.507832 0.329516
0.529012 0.330030
0.547289 0.330581
0.568430 0.331796
0.590444 0.333847
0.612720 0.336911
0.636491 0.341682
0.659057 0.347652
0.683205 0.356223
0.705060 0.366046
0.827051 1.160793
0.827051 1.160793
0.827051 1.160793
0.827051 1.160793
0.827051 1.160793
0.827051 1.160793
0.827051 1.160793
0.827051 1.160793
0.827051 1.160793
0.827051 1.160793
0.827051 1.160793
0.827051 1.160793
0.738136 0.449689
0.760195 0.475593
0.776918 0.502126
0.791438 0.534222
0.800592 0.563042
0.807862 0.597778
0.811723 0.628422
0.813851 0.663069
0.814497 0.691262
0.814412 0.722051
0.814252 0.744418
0.814031 0.772844
0.484968 0.690204
0.502724 0.711519
0.520963 0.732914
0.539314 0.753600
0.558208 0.773762
0.577004 0.792650
0.595271 0.809925
0.613926 0.826625
0.631800 0.841911
0.648439 0.855708
0.664966 0.869155
0.680489 0.881771
0.663248 0.786732
0.679197 0.810136
0.694571 0.831677
0.708892 0.851079
0.722462 0.869130
0.734887 0.885645
0.746185 0.900907
0.756684 0.915513
0.765873 0.928873
0.774393 0.941935
0.781873 0.954175
0.788564 0.965926
0.727338 1.130307
0.728435 1.130504
0.729298 1.130600
0.730761 1.130692
0.733007 1.130973
0.735229 1.131366
0.736506 1.131498
0.737653 1.131728
0.739254 1.132113
0.741589 1.132573
0.742529 1.132742
0.742890 1.132981
0.348416 0.137695
0.357276 0.144328
0.363173 0.148714
0.374396 0.153830
0.384074 0.157431
0.396170 0.160373
0.411707 0.162536
0.424805 0.163667
0.442219 0.164021
0.460503 0.163797
0.478149 0.163240
0.502342 0.162546
0.774423 1.096872
0.780221 1.102006
0.785102 1.106943
0.790395 1.112400
0.791465 1.114914
0.792948 1.117656
0.794652 1.120537
0.798038 1.125314
0.797048 1.125256
0.801390 1.131507
0.806813 1.139659
0.808651 1.143285
0.378268 0.088929
0.389163 0.093163
0.400834 0.096461
0.416487 0.099381
0.431567 0.101340
0.447724 0.102726
0.468247 0.104071
0.487340 0.105029
0.509338 0.106447
0.536883 0.109147
0.562377 0.112545
0.593547 0.118519
0.167799 0.622021
0.169804 0.644997
0.172823 0.668722
0.176178 0.688706
0.180050 0.707366
0.184878 0.727190
0.191934 0.752528
0.199312 0.775120
0.206705 0.794875
0.215386 0.815866
0.226757 0.841316
0.239083 0.865927
0.164274 0.576888
0.164629 0.602670
0.165553 0.622283
0.167514 0.645402
0.170514 0.669565
0.174083 0.690892
0.179684 0.718028
0.184616 0.736780
0.193240 0.766507
0.200125 0.785704
0.211383 0.815247
0.221667 0.838255
0.854837 1.098719
0.854837 1.098719
0.854837 1.098719
0.854837 1.098719
0.854837 1.098719
0.854837 1.098719
0.854837 1.098719
0.854837 1.098719
0.854837 1.098719
0.854837 1.098719
0.854837 1.098719
0.854837 1.098719
0.975953 0.491926
0.985436 0.547413
0.989250 0.593594
0.989138 0.643186
0.984376 0.698564
0.979918 0.733339
0.974863 0.763718
0.965479 0.805136
0.959791 0.828934
0.955985 0.844701
0.946413 0.876715
0.943918 0.886339
0.772389 1.096758
0.774532 1.099002
0.779492 1.103299
0.782874 1.106680
0.787793 1.111526
0.790287 1.114709
0.791274 1.116705
0.792463 1.118968
0.794419 1.121896
0.798153 1.126622
0.795879 1.125177
0.798693 1.128971
0.272703 0.124734
0.272703 0.124734
0.272703 0.124734
0.272703 0.124734
0.272703 0.124734
0.272703 0.124734
0.272703 0.124734
0.272703 0.124734
0.272703 0.124734
0.272703 0.124734
0.272703 0.124734
0.272276 0.123967
0.261958 0.157570
0.261958 0.157570
0.261958 0.157570
0.261958 0.157570
0.261958 0.157570
0.261958 0.157570
0.261958 0.157570
0.261958 0.157570
0.261958 0.157570
0.261958 0.157570
0.261958 0.157570
0.261958 0.157570
0.724873 1.079220
0.732373 1.081384
0.739651 1.083861
0.745338 1.086177
0.751160 1.088955
0.756339 1.091871
0.761810 1.095170
0.767201 1.098784
0.771750 1.102400
0.776494 1.106293
0.780279 1.110000
0.784523 1.114132
0.803184 1.099476
0.806609 1.105048
0.806926 1.106187
0.807013 1.107257
0.810305 1.112990
0.811451 1.115547
0.811234 1.116037
0.814278 1.121558
0.814947 1.123614
0.814302 1.123676
0.816915 1.128633
0.816895 1.129700
0.326212 0.535176
0.329677 0.540681
0.332870 0.545521
0.336270 0.550522
0.340116 0.556212
0.343562 0.561065
0.347367 0.566394
0.351559 0.572221
0.355405 0.577390
0.359635 0.583081
0.364136 0.589101
0.368308 0.594537
0.883318 0.970649
0.882176 0.975440
0.881116 0.978992
0.879996 0.983644
0.878730 0.991752
0.877735 0.992215
0.876585 0.998018
0.875398 1.013862
0.874341 1.021513
0.873333 1.031350
0.872425 1.035507
0.871255 1.050502
0.295751 -0.014985
0.295751 -0.014985
0.295751 -0.014985
0.295751 -0.014985
0.295751 -0.014985
0.295751 -0.014985
0.295751 -0.014985
0.295751 -0.014985
0.295751 -0.014985
0.295751 -0.014985
0.295751 -0.014985
0.295751 -0.014985
0.443116 0.585716
0.453546 0.595679
0.464166 0.606176
0.474886 0.617185
0.485650 0.628675
0.496504 0.640751
0.507231 0.653128
0.517943 0.665919
0.528529 0.678937
0.538978 0.692065
0.549424 0.705357
0.559898 0.718733
0.287517 0.232535
0.289977 0.243112
0.292549 0.253308
0.294754 0.262271
0.297908 0.272276
0.301307 0.281988
0.304863 0.291202
0.308561 0.299963
0.313286 0.309226
0.318363 0.318070
0.323171 0.325852
0.329195 0.333960
0.837676 0.509895
0.842549 0.524915
0.846496 0.539430
0.850436 0.557682
0.853086 0.573369
0.855120 0.589108
0.856657 0.607606
0.857468 0.622378
0.857815 0.638062
0.857682 0.655364
0.857377 0.668537
0.856706 0.683816
0.506167 1.298375
0.530245 1.290638
0.556590 1.282385
0.578259 1.275234
0.604872 1.266595
0.620542 1.261102
0.649128 1.251791
0.659970 1.248192
0.680179 1.242080
0.689920 1.239242
0.704677 1.235419
0.713540 1.233456
0.581744 0.482266
0.599012 0.491278
0.615532 0.501472
0.631074 0.512883
0.645894 0.525917
0.659713 0.540520
0.671878 0.556059
0.683008 0.573196
0.692699 0.591213
0.700356 0.608290
0.707769 0.627694
0.713961 0.646844
0.788857 0.195771
0.825115 0.224093
0.859566 0.255748
0.892432 0.291749
0.921729 0.330107
0.947584 0.371367
0.967519 0.410125
0.986581 0.461832
0.998853 0.509835
1.007073 0.579094
1.008714 0.633567
1.004254 0.700605
0.468139 0.083282
0.491554 0.085557
0.522863 0.089427
0.556326 0.094968
0.593198 0.103270
0.639121 0.117689
0.684170 0.135884
0.733854 0.161273
0.783786 0.192963
0.830839 0.229652
0.876286 0.273930
0.917982 0.325726
0.169804 0.517977
0.168490 0.532690
0.167395 0.555184
0.166958 0.576596
0.166991 0.591725
0.167963 0.616588
0.169454 0.636271
0.171566 0.655318
0.175351 0.681009
0.179059 0.700020
0.184199 0.722206
0.190991 0.747434
0.346426 0.270102
0.348808 0.271822
0.349976 0.272940
0.351421 0.274156
0.352904 0.275351
0.355526 0.276991
0.358221 0.278540
0.360810 0.280020
0.362869 0.281204
0.364616 0.282282
0.366379 0.283281
0.369111 0.284540
0.826552 1.163274
0.826552 1.163274
0.826552 1.163274
0.826552 1.163274
0.826552 1.163274
0.826552 1.163274
0.826552 1.163274
0.826552 1.163274
0.826552 1.163274
0.826552 1.163274
0.826552 1.163274
0.826552 1.163274
0.720465 1.056718
0.728273 1.059253
0.736776 1.062492
0.744221 1.065951
0.750946 1.069526
0.757046 1.073176
0.764044 1.077817
0.767500 1.080921
0.772724 1.085305
0.778749 1.090610
0.782987 1.095157
0.787982 1.100531
0.325763 0.286212
0.331122 0.293212
0.336729 0.299738
0.343071 0.305978
0.350946 0.312305
0.359784 0.318220
0.369850 0.323674
0.379808 0.328205
0.390762 0.332198
0.402872 0.335645
0.417037 0.338654
0.432200 0.340999
0.139872 0.640305
0.141107 0.657964
0.142301 0.670465
0.145002 0.693490
0.148158 0.714754
0.150822 0.729159
0.155471 0.751881
0.160395 0.772808
0.163647 0.784280
0.170610 0.808904
0.177204 0.829473
0.182059 0.842559
0.177325 0.524345
0.176295 0.546858
0.175836 0.564713
0.175731 0.579292
0.176134 0.595604
0.177179 0.614519
0.179084 0.635570
0.181705 0.656176
0.184665 0.673776
0.188296 0.691675
0.192945 0.711168
0.199346 0.734386
0.274064 0.237342
0.275277 0.245889
0.276313 0.253792
0.277659 0.262352
0.278840 0.270232
0.280292 0.278600
0.281570 0.286343
0.283226 0.294676
0.284781 0.302541
0.286623 0.310737
0.288413 0.318539
0.290470 0.326520
0.251586 0.183090
0.251586 0.183090
0.251586 0.183090
0.251586 0.183090
0.251586 0.183090
0.251586 0.183090
0.251586 0.183090
0.251586 0.183090
0.251586 0.183090
0.251586 0.183090
0.251586 0.183090
0.251586 0.183090
0.357652 0.299984
0.370629 0.307183
0.386081 0.313290
0.405465 0.318399
0.424850 0.321672
0.447845 0.323802
0.475631 0.324945
0.503692 0.325274
0.538965 0.325910
0.576497 0.327890
0.616354 0.332731
0.659520 0.342759
0.788405 1.089694
0.791772 1.093500
0.793212 1.095778
0.794190 1.097622
0.794358 1.098768
0.796554 1.101801
0.797687 1.103900
0.798452 1.105686
0.801656 1.110190
0.802594 1.112225
0.802829 1.113266
0.803253 1.114422
0.142621 0.385196
0.140358 0.397198
0.138115 0.409381
0.135449 0.425532
0.132835 0.442364
0.130132 0.461481
0.126553 0.491761
0.123798 0.520230
0.121576 0.552311
0.120428 0.580493
0.120157 0.611980
0.120991 0.642994
0.182626 0.447825
0.180138 0.466605
0.178211 0.480446
0.176498 0.494044
0.174817 0.510858
0.173343 0.532842
0.172418 0.554352
0.172063 0.572889
0.172174 0.589358
0.172709 0.605537
0.173826 0.622774
0.175946 0.644213
0.252693 0.180576
0.252693 0.180576
0.252693 0.180576
0.252693 0.180576
0.252693 0.180576
0.252693 0.180576
0.252693 0.180576
0.252693 0.180576
0.252693 0.180576
0.252693 0.180576
0.252693 0.180576
0.252693 0.180576
0.347603 0.255608
0.356608 0.261710
0.363964 0.266295
0.375736 0.271310
0.386540 0.274973
0.399411 0.278083
0.413783 0.280384
0.427947 0.281821
0.446009 0.282607
0.462397 0.282655
0.483711 0.282244
0.505469 0.281545
0.314433 0.591045
0.321924 0.604951
0.330213 0.619665
0.339469 0.635515
0.349400 0.651772
0.360033 0.668654
0.371492 0.686065
0.384337 0.704812
0.398356 0.724104
0.412939 0.742842
0.428991 0.761968
0.445551 0.780056
0.468336 0.515597
0.486868 0.526000
0.505857 0.537528
0.525046 0.550497
0.543910 0.565037
0.561954 0.581146
0.579043 0.598988
0.595039 0.618565
0.609523 0.639151
0.622766 0.660584
0.634964 0.682410
0.646423 0.704350
0.428401 0.775868
0.438459 0.786613
0.448118 0.796354
0.457943 0.805727
0.468406 0.815123
0.480209 0.825074
0.491577 0.834025
0.502646 0.842238
0.513583 0.849891
0.524062 0.856796
0.535733 0.864106
0.547850 0.871252
0.253616 0.383241
0.253933 0.395236
0.254270 0.406926
0.254709 0.418595
0.255353 0.430570
0.256191 0.442706
0.257229 0.454784
0.258586 0.467183
0.260086 0.478985
0.261912 0.490983
0.264145 0.503213
0.266725 0.515478
0.219510 0.472808
0.218891 0.490815
0.218659 0.508780
0.218757 0.525054
0.219419 0.542154
0.220751 0.560111
0.222856 0.579226
0.225751 0.598883
0.229498 0.618549
0.233970 0.637738
0.239269 0.656865
0.245380 0.675800
0.824755 1.173315
0.824755 1.173315
0.824755 1.173315
0.824755 1.173315
0.824755 1.173315
0.824755 1.173315
0.824755 1.173315
0.824755 1.173315
0.824755 1.173315
0.824755 1.173315
0.824755 1.173315
0.824755 1.173315
0.316900 0.163572
0.320139 0.170506
0.323965 0.177487
0.328110 0.184098
0.332749 0.190480
0.337929 0.196483
0.343745 0.202201
0.349303 0.207081
0.355043 0.211454
0.361426 0.215446
0.369359 0.219294
0.377795 0.222580
1.008604 0.679104
1.001823 0.738701
0.996159 0.776435
0.984475 0.828596
0.981681 0.844269
0.969597 0.886132
0.967058 0.896953
0.956916 0.927471
0.956040 0.931943
0.947958 0.954898
0.944825 0.964610
0.941428 0.974368
0.981543 0.518788
0.987282 0.563060
0.989421 0.609702
0.988585 0.650674
0.985877 0.687542
0.982780 0.716094
0.975845 0.756403
0.968478 0.791032
0.965169 0.807308
0.960933 0.825213
0.955207 0.846580
0.947916 0.871637
0.855461 1.098146
0.855461 1.098146
0.855461 1.098146
0.855461 1.098146
0.855461 1.098146
0.855461 1.098146
0.855461 1.098146
0.855461 1.098146
0.855461 1.098146
0.855461 1.098146
0.855461 1.098146
0.855461 1.098146
0.337193 0.230387
0.338185 0.231673
0.339017 0.232823
0.340822 0.234509
0.343359 0.236560
0.345887 0.238452
0.347467 0.239831
0.348269 0.240786
0.349039 0.241694
0.351793 0.243497
0.354621 0.245162
0.357001 0.246595
0.408553 0.602587
0.420883 0.616562
0.433692 0.631390
0.446935 0.646974
0.460586 0.663290
0.474392 0.679926
0.488503 0.696976
0.502692 0.713950
0.517471 0.731269
0.532512 0.748305
0.547736 0.764853
0.563078 0.780719
0.258745 0.165987
0.258745 0.165987
0.258745 0.165987
0.258745 0.165987
0.258745 0.165987
0.258745 0.165987
0.258745 0.165987
0.258745 0.165987
0.258745 0.165987
0.258745 0.165987
0.258745 0.165987
0.258745 0.165987
0.692089 0.882068
0.704182 0.892965
0.714951 0.902894
0.725032 0.912472
0.735134 0.922455
0.743439 0.931098
0.751319 0.939704
0.759012 0.948544
0.765873 0.956935
0.772124 0.965069
0.777966 0.973155
0.783215 0.980941
0.166446 0.525266
0.165214 0.542699
0.164407 0.559538
0.163985 0.575513
0.164094 0.595202
0.164896 0.616484
0.166375 0.637168
0.168635 0.658238
0.171827 0.680544
0.175152 0.698556
0.179512 0.718502
0.184396 0.737456
0.246860 0.368994
0.246616 0.378914
0.246402 0.388956
0.246352 0.400026
0.246292 0.410696
0.246087 0.419881
0.246378 0.431963
0.246748 0.443726
0.246941 0.453588
0.247633 0.465529
0.248599 0.477868
0.249266 0.487453
0.367643 0.060026
0.377193 0.065159
0.387237 0.069483
0.397496 0.073043
0.407962 0.075935
0.421092 0.078581
0.437106 0.081002
0.452950 0.082878
0.467681 0.084413
0.484713 0.085981
0.505083 0.088192
0.528668 0.091335
0.443676 0.155220
0.462217 0.155058
0.484758 0.154518
0.509449 0.154128
0.534190 0.154277
0.561777 0.155567
0.593615 0.158974
0.629879 0.165735
0.668225 0.176375
0.706507 0.190694
0.745731 0.209652
0.784375 0.233143
0.148830 0.327851
0.148830 0.327851
0.148830 0.327851
0.148830 0.327851
0.148830 0.327851
0.148830 0.327851
0.148830 0.327851
0.148830 0.327851
0.148830 0.327851
0.148830 0.327851
0.148830 0.327851
0.148830 0.327851
0.411393 0.563028
0.426910 0.577420
0.443240 0.593087
0.460017 0.609900
0.477165 0.628065
0.494415 0.647411
0.511642 0.667747
0.528746 0.688759
0.545723 0.710045
0.562693 0.731283
0.579508 0.751899
0.596069 0.771518
0.180228 0.335291
0.178818 0.337666
0.177311 0.343817
0.175753 0.349257
0.174323 0.352156
0.172857 0.355805
0.171300 0.360727
0.169723 0.365895
0.167914 0.373411
0.165782 0.383661
0.163859 0.391969
0.161269 0.405923
0.972759 0.535680
0.977270 0.581592
0.978251 0.623593
0.976327 0.665154
0.973236 0.698348
0.968800 0.730516
0.963076 0.761923
0.956459 0.792197
0.949573 0.819931
0.943238 0.843963
0.937116 0.865893
0.934543 0.875785
0.837186 0.339533
0.865478 0.374252
0.887519 0.408771
0.905579 0.445472
0.920804 0.488912
0.929953 0.526936
0.935887 0.572246
0.937569 0.615364
0.936414 0.653166
0.932000 0.695890
0.927983 0.725048
0.922982 0.753800
0.726457 1.045482
0.736581 1.049686
0.744236 1.053622
0.752548 1.058371
0.760471 1.063501
0.765680 1.067720
0.770697 1.072190
0.777339 1.078154
0.783001 1.083989
0.787934 1.089757
0.793398 1.096268
0.794730 1.099525
0.797387 1.088973
0.799501 1.092576
0.801258 1.095867
0.802560 1.098512
0.804758 1.102517
0.804778 1.103666
0.809091 1.111080
0.808577 1.111472
0.813727 1.120479
0.812200 1.119472
0.816465 1.127425
0.815049 1.126585
0.735495 1.051890
0.737453 1.052781
0.739239 1.053688
0.741870 1.054917
0.743724 1.055862
0.745091 1.056624
0.746247 1.057309
0.748257 1.058406
0.749790 1.059250
0.752070 1.060605
0.753440 1.061488
0.755634 1.062751
0.857800 0.790947
0.855544 0.811474
0.853511 0.831381
0.852052 0.848141
0.851232 0.859138
0.850547 0.870991
0.849890 0.883928
0.849468 0.897579
0.849148 0.907879
0.849003 0.918194
0.848816 0.927264
0.848813 0.936803
0.891574 0.418895
0.908416 0.455920
0.920813 0.492953
0.930163 0.536023
0.934816 0.572442
0.936294 0.617925
0.935168 0.653262
0.931327 0.692316
0.927429 0.721242
0.922339 0.750804
0.917082 0.777627
0.912786 0.798528
0.509843 0.989021
0.535859 0.995341
0.558491 0.999663
0.583378 1.003575
0.601821 1.006112
0.623699 1.008984
0.638737 1.010970
0.656464 1.013579
0.669234 1.015692
0.685475 1.018968
0.694344 1.021050
0.706770 1.024623
0.420202 0.235997
0.436523 0.236545
0.451031 0.236473
0.471087 0.235749
0.490021 0.234728
0.511417 0.233568
0.537463 0.232672
0.560613 0.232330
0.590743 0.233568
0.620957 0.236696
0.652501 0.242402
0.687211 0.252047
0.261444 0.158953
0.261444 0.158953
0.261444 0.158953
0.261444 0.158953
0.261444 0.158953
0.261444 0.158953
0.261444 0.158953
0.261444 0.158953
0.261444 0.158953
0.261444 0.158953
0.261444 0.158953
0.261444 0.158953
