0.603516
-0.213553
0.157551
0.949773
-0.310073
0.163786
0.592523
0.697111
-1.441489
-0.081273
-1.393843
-0.658790
0.642547
-1.858651
0.568770
-0.911422
0.891106
0.081636
0.761042
-0.761365
0.818805
2.079201
0.553949
-0.754393
1.488637
0.108958
-0.057339
0.724252
-1.549296
-0.807277
-1.197567
0.769531
-0.581750
-0.149015
-0.403571
0.035870
0.583314
0.090405
-0.436069
-0.666586
0.807130
-0.630114
-0.075849
-0.145664
-1.412557
-0.547198
-0.265782
0.255377
1.592865
-0.914843
0.960626
-0.122246
-0.833109
-1.571892
1.154441
1.407324
0.973771
0.827079
0.693961
-0.684336
0.682304
-0.184284
-0.744741
0.358654
-0.332272
-0.113473
-1.003903
-3.065830
-0.824995
-0.376774
0.781078
0.889266
1.138493
-0.166489
1.100519
0.012307
-0.466494
0.607788
-0.352896
0.083968
-0.027611
1.640547
-1.234055
0.978125
-1.602969
1.058593
1.083851
-0.731885
-1.425186
1.000288
-0.273810
-0.007138
1.069969
0.607053
0.130053
-0.950089
-1.239287
0.033210
-0.273300
-0.484640
3.364351
-0.173144
-1.752336
-1.741270
1.052944
-0.569226
0.655537
0.872690
-0.416675
1.435805
0.954514
-0.078889
0.217946
-0.480063
0.753409
1.759685
0.994919
0.194985
-0.638177
0.225947
-0.064735
0.245311
0.286698
0.567315
0.850902
-0.876109
-1.796553
-1.424591
-0.751790
-0.708555
0.086091
0.065214
0.062753
1.087414
0.352526
-1.733140
-1.285122
2.087038
0.040324
1.399468
-1.275367
-0.888300
0.760206
0.617311
0.783064
-0.531952
-0.879385
0.652907
-0.847001
0.004629
