0.287057 0.295642
0.286896 0.302698
0.286265 0.304370
0.286104 0.311498
0.285528 0.313960
0.285319 0.320488
0.284805 0.323665
0.284557 0.329585
0.284106 0.333388
0.283798 0.338547
0.283414 0.342899
0.283152 0.348272
0.282759 0.352386
0.282502 0.357619
0.282160 0.362008
0.281925 0.367151
0.281608 0.371486
0.281405 0.376600
0.281166 0.381269
0.280966 0.386068
0.280763 0.390677
0.280617 0.395525
0.280454 0.400078
0.280367 0.404960
0.280267 0.409549
0.280207 0.414203
0.280202 0.419001
0.280263 0.423995
0.280346 0.428885
0.280435 0.433593
0.280588 0.438434
0.280781 0.443259
0.281041 0.448188
0.281349 0.453133
0.281660 0.457866
0.282024 0.462616
0.282426 0.467329
0.282885 0.472063
0.283353 0.476642
0.283932 0.481452
0.284530 0.486114
0.285165 0.490703
0.285914 0.495502
0.286645 0.500035
0.287501 0.504833
0.288358 0.509408
0.289327 0.514185
0.290247 0.518596
0.291419 0.523661
0.292487 0.528154
0.293760 0.533130
0.294930 0.537532
0.296333 0.542520
0.297687 0.547151
0.299185 0.552034
0.300647 0.556626
0.302298 0.561618
0.303888 0.566227
0.305600 0.571013
0.307426 0.575942
0.309288 0.580768
0.311356 0.586004
0.313296 0.590751
0.315416 0.595808
0.317513 0.600625
0.319803 0.605807
0.322103 0.610871
0.324536 0.616110
0.326781 0.620786
0.329541 0.626517
0.331919 0.631317
0.334990 0.637461
0.337522 0.642319
0.340438 0.647880
0.343316 0.653190
0.346477 0.659021
0.349633 0.664776
0.352794 0.670378
0.356066 0.676086
0.359541 0.682062
0.362864 0.687651
0.366517 0.693728
0.370028 0.699439
0.373813 0.705516
0.377693 0.711635
0.381503 0.717517
0.385638 0.723803
0.389885 0.730130
0.393970 0.736048
0.398497 0.742519
0.402756 0.748459
0.407512 0.754956
0.411958 0.760875
0.416588 0.766895
0.421550 0.773202
0.426381 0.779154
0.431665 0.785508
0.436605 0.791284
0.442183 0.797611
0.447427 0.803386
0.452928 0.809262
0.458518 0.815049
0.464152 0.820699
0.469929 0.826311
0.475794 0.831819
0.481874 0.837351
0.487901 0.842642
0.493817 0.847686
0.499767 0.852582
0.505653 0.857286
0.511472 0.861809
0.517361 0.866222
0.523521 0.870734
0.529677 0.875080
0.536006 0.879457
0.542601 0.883852
0.548587 0.887752
0.554499 0.891530
0.560591 0.895299
0.566844 0.899124
0.572677 0.902582
0.578453 0.905987
0.584041 0.909208
0.590586 0.912928
0.595909 0.915937
0.602352 0.919519
0.607478 0.922372
0.613751 0.925812
0.618912 0.928646
0.624321 0.931641
0.630179 0.934841
0.634548 0.937277
0.641044 0.940857
0.644330 0.942730
0.651374 0.946672
0.654073 0.948258
0.660182 0.951825
0.663051 0.953513
0.669829 0.957548
0.671591 0.958711
0.678523 0.962952
0.680348 0.964210
0.686093 0.967946
0.688662 0.969709
0.693744 0.973179
0.696778 0.975351
0.701037 0.978434
0.703911 0.980613
0.707969 0.983685
0.710294 0.985657
0.714093 0.988677
0.716838 0.991068
0.720008 0.993773
0.722984 0.996474
0.725813 0.999101
0.728741 1.001841
0.731091 1.004257
0.733892 1.007040
0.736483 1.009799
0.739103 1.012576
0.741212 1.015048
0.743597 1.017801
0.745882 1.020485
0.748127 1.023302
0.749829 1.025559
0.751998 1.028434
0.753921 1.031046
0.755842 1.033765
0.757410 1.036223
0.759138 1.038791
0.760792 1.041429
0.762457 1.044078
0.764192 1.046950
0.765816 1.049666
0.767406 1.052450
0.768551 1.054798
0.770046 1.057510
0.771080 1.059805
0.772658 1.062735
0.773735 1.065184
0.775043 1.067923
0.775967 1.070111
0.777018 1.072663
0.778280 1.075421
0.779332 1.078066
0.780369 1.080578
0.781569 1.083542
0.782121 1.085454
0.783402 1.088484
0.783790 1.090261
0.785255 1.093705
0.785259 1.094834
0.787071 1.098981
0.786691 1.099350
0.788786 1.104317
0.788048 1.103975
0.789998 1.108899
0.789449 1.108851
0.791434 1.113944
0.790780 1.113710
