0.283289 0.080649
0.282262 0.080340
0.284575 0.090494
0.283890 0.091310
0.285605 0.099379
0.285320 0.101453
0.287365 0.110355
0.286767 0.111476
0.288715 0.119793
0.288176 0.121106
0.290177 0.129286
0.289992 0.131524
0.291804 0.138931
0.291744 0.141361
0.293456 0.148201
0.293224 0.150181
0.294820 0.156416
0.295223 0.159762
0.296671 0.165344
0.296949 0.168315
0.298570 0.173944
0.299140 0.177308
0.300839 0.182711
0.301362 0.185822
0.303073 0.190904
0.303985 0.194475
0.305764 0.199257
0.306629 0.202518
0.308350 0.206894
0.309325 0.210130
0.311453 0.214656
0.312985 0.218310
0.315218 0.222598
0.316660 0.225858
0.318887 0.229748
0.320858 0.233237
0.323160 0.236860
0.325312 0.240192
0.328017 0.243825
0.330245 0.246860
0.333275 0.250326
0.335872 0.253321
0.339186 0.256592
0.342232 0.259479
0.345511 0.262322
0.348565 0.264876
0.352163 0.267521
0.355821 0.269982
0.359847 0.272406
0.363730 0.274612
0.367851 0.276708
0.372651 0.278839
0.377407 0.280705
0.382811 0.282552
0.387752 0.284094
0.393424 0.285621
0.398811 0.286858
0.405272 0.288087
0.411360 0.289069
0.418535 0.290015
0.424579 0.290630
0.432402 0.291242
0.438823 0.291608
0.447309 0.291907
0.454376 0.292059
0.463451 0.292129
0.470842 0.292104
0.480879 0.291936
0.489228 0.291731
0.500520 0.291512
0.509101 0.291242
0.521092 0.291044
0.530137 0.290829
0.543665 0.290846
0.553847 0.290852
0.567358 0.291244
0.577608 0.291593
0.592653 0.292696
0.604412 0.293741
0.619284 0.295710
0.632465 0.297760
0.647778 0.300896
0.660984 0.304052
0.675947 0.308409
0.689297 0.312873
0.704406 0.318853
0.717514 0.324712
0.731588 0.331948
0.744230 0.339236
0.758443 0.348625
0.769537 0.356692
0.782491 0.367391
0.793897 0.377917
0.804905 0.389269
0.816032 0.402223
0.824728 0.413406
0.835847 0.429930
0.842266 0.440334
0.851246 0.457337
0.856597 0.468462
0.863912 0.486603
0.868175 0.498362
0.873447 0.516135
0.876907 0.529632
0.880417 0.546946
0.882737 0.561046
0.884888 0.579264
0.886098 0.593020
0.886876 0.611633
0.887217 0.624429
0.887007 0.641182
0.886539 0.654781
0.885686 0.669953
0.884674 0.683421
0.883224 0.698068
0.882188 0.708806
0.880492 0.722918
0.879070 0.734038
0.877434 0.746344
0.876020 0.756730
0.874375 0.767754
0.873048 0.777592
0.871584 0.787643
0.870064 0.797836
0.869051 0.805194
0.867601 0.815617
0.866711 0.822079
0.865241 0.832759
0.864819 0.836696
0.863502 0.846926
0.863196 0.849669
0.861872 0.861800
0.861560 0.864444
0.860415 0.875977
0.860357 0.877441
0.859504 0.886952
0.859239 0.890025
0.858737 0.897537
0.858434 0.900504
0.858056 0.906102
0.857776 0.910748
0.857420 0.916163
0.857149 0.919035
0.856927 0.925414
0.856625 0.928110
0.856440 0.934656
0.856253 0.938193
0.855995 0.941746
0.855799 0.945110
0.855699 0.951195
0.855296 0.951852
0.855484 0.960162
0.854944 0.959595
0.855160 0.967426
0.854813 0.968579
0.854879 0.974514
0.854653 0.977154
0.854741 0.982483
0.854364 0.983841
0.854340 0.988034
0.854152 0.990762
0.854131 0.994967
0.853858 0.997211
0.853443 0.998643
0.853212 1.001409
0.853399 1.006370
0.853699 1.011919
0.853992 1.017795
0.853685 1.019618
0.854152 1.026810
0.853982 1.029058
0.854060 1.033372
0.853977 1.036789
0.854015 1.040672
0.854148 1.046032
0.853878 1.047469
0.853925 1.051167
0.853750 1.053082
0.853821 1.057031
0.853322 1.056481
0.853447 1.061037
0.852987 1.061118
0.853288 1.066324
0.852536 1.064862
0.853358 1.074356
0.852876 1.073412
0.853341 1.080048
0.852738 1.078621
0.853266 1.086121
0.852376 1.082888
0.852978 1.089991
0.852175 1.087324
0.852950 1.095976
0.852058 1.092473
0.852689 1.099913
0.852000 1.097885
0.852276 1.102778
0.850884 1.097879
0.852244 1.108337
0.850811 1.102929
