0.268150 -0.002024
0.265447 0.005461
0.262519 0.013423
0.259297 0.022051
0.255922 0.030864
0.253952 0.035134
0.252302 0.038354
0.250638 0.041509
0.248794 0.045103
0.245978 0.051505
0.241967 0.061257
0.237800 0.071151
0.233597 0.080932
0.229204 0.091070
0.226899 0.095576
0.224824 0.099425
0.222247 0.104514
0.219668 0.109555
0.214695 0.120711
0.209086 0.133316
0.203416 0.145927
0.197493 0.159072
0.193546 0.167350
0.190441 0.173628
0.187350 0.179885
0.184346 0.185856
0.179854 0.195476
0.173066 0.210740
0.166065 0.226536
0.158884 0.242944
0.152336 0.258037
0.149127 0.265041
0.145852 0.272306
0.142268 0.280425
0.138657 0.288713
0.131713 0.305856
0.124581 0.324044
0.117310 0.343313
0.110484 0.362217
0.105790 0.375551
0.102402 0.385388
0.099254 0.394814
0.096217 0.404133
0.092443 0.416433
0.086931 0.436010
0.081876 0.455557
0.077305 0.475260
0.073641 0.493027
0.071891 0.502134
0.070340 0.510837
0.068901 0.519600
0.067621 0.528098
0.065675 0.543531
0.064050 0.559924
0.062892 0.576410
0.062255 0.592114
0.062069 0.603747
0.062092 0.611027
0.062237 0.618500
0.062470 0.625826
0.062953 0.635301
0.063990 0.648730
0.065365 0.661805
0.067166 0.674967
0.069167 0.687071
0.070399 0.693428
0.071822 0.700211
0.073315 0.706768
0.074902 0.713245
0.077462 0.722880
0.080519 0.733273
0.083775 0.743322
0.087246 0.753097
0.090131 0.760632
0.092724 0.766966
0.095432 0.773243
0.098239 0.779481
0.101535 0.786450
0.105554 0.794493
0.109880 0.802705
0.114303 0.810618
0.118596 0.817933
0.122498 0.824235
0.126602 0.830657
0.130731 0.836848
0.135279 0.843421
0.140038 0.850046
0.145077 0.856806
0.150381 0.863664
0.155745 0.870351
0.161252 0.876987
0.166560 0.883171
0.172106 0.889466
0.177877 0.895814
0.183863 0.902207
0.190088 0.908694
0.196354 0.915041
0.202757 0.921359
0.208870 0.927245
0.215499 0.933489
0.221689 0.939193
0.228474 0.945312
0.235282 0.951327
0.242449 0.957528
0.248510 0.962691
0.254905 0.968044
0.261369 0.973364
0.268215 0.978920
0.275525 0.984737
0.283210 0.990756
0.291374 0.997037
0.298917 1.002759
0.305460 1.007673
0.311412 1.012115
0.317375 1.016537
0.323914 1.021300
0.331629 1.026843
0.339327 1.032298
0.346680 1.037468
0.353926 1.042504
0.359803 1.046630
0.364999 1.050251
0.369711 1.053566
0.374868 1.057165
0.380650 1.061131
0.387174 1.065550
0.393864 1.070052
0.400197 1.074344
0.405863 1.078150
0.410485 1.081362
0.415084 1.084529
0.419217 1.087377
0.423846 1.090593
0.429218 1.094217
0.435019 1.098071
0.440362 1.101692
0.445481 1.105184
0.449334 1.107913
0.452929 1.110501
0.456061 1.112862
0.459188 1.115191
0.463604 1.118259
0.468290 1.121590
0.472323 1.124507
0.476638 1.127579
0.479736 1.130003
0.482241 1.131991
0.484663 1.133982
0.486971 1.135911
0.489997 1.138308
0.493677 1.141145
0.497258 1.143948
0.500371 1.146528
0.503599 1.149114
0.505630 1.151030
0.507615 1.152881
0.509681 1.154750
0.511877 1.156832
0.514603 1.159245
0.517318 1.161631
0.520000 1.164083
0.522515 1.166447
0.524488 1.168446
0.526226 1.170294
0.527883 1.172153
0.529733 1.174121
0.531679 1.176131
0.533594 1.178258
0.535713 1.180511
0.537371 1.182372
0.539380 1.184656
0.540695 1.186289
0.541780 1.187802
0.542967 1.189409
0.544529 1.191356
0.545631 1.192923
0.546858 1.194613
0.547964 1.196280
0.549130 1.197886
0.550562 1.199892
0.551885 1.201754
0.553058 1.203493
0.554379 1.205333
0.555666 1.207292
0.556930 1.209125
0.557866 1.210710
0.558902 1.212413
0.559554 1.213731
0.560270 1.215121
0.561271 1.216835
0.561937 1.218265
0.562817 1.219809
0.563889 1.221726
0.564689 1.223281
0.565855 1.225207
0.566685 1.226903
0.567291 1.228277
0.567883 1.229578
0.568409 1.230871
0.569409 1.232768
