0.314842 0.139266
0.314867 0.141462
0.316899 0.147581
0.316931 0.149716
0.318849 0.155369
0.319136 0.157953
0.320947 0.163143
0.321588 0.166206
0.323292 0.170958
0.324403 0.174636
0.326003 0.178976
0.327140 0.182478
0.329047 0.187018
0.330365 0.190611
0.332259 0.194901
0.333769 0.198536
0.335921 0.202843
0.337601 0.206450
0.339698 0.210409
0.341786 0.214220
0.344168 0.218162
0.346405 0.221845
0.349012 0.225732
0.351369 0.229269
0.354162 0.233009
0.357005 0.236626
0.359805 0.240049
0.362485 0.243229
0.365379 0.246426
0.368656 0.249701
0.371825 0.252777
0.375124 0.255779
0.378324 0.258608
0.381661 0.261341
0.385419 0.264145
0.389276 0.266842
0.393320 0.269462
0.397456 0.271970
0.402078 0.274477
0.406355 0.276727
0.411039 0.278968
0.416010 0.281152
0.420634 0.283103
0.426032 0.285107
0.431046 0.286855
0.436692 0.288629
0.442067 0.290193
0.448557 0.291837
0.453592 0.293090
0.460176 0.294513
0.465754 0.295647
0.472868 0.296948
0.478786 0.297940
0.485856 0.299003
0.492459 0.299921
0.500115 0.300890
0.506995 0.301679
0.515117 0.302575
0.522984 0.303397
0.530687 0.304171
0.538836 0.304999
0.546123 0.305705
0.555253 0.306621
0.563697 0.307487
0.573071 0.308536
0.581723 0.309528
0.591076 0.310696
0.600161 0.311922
0.611419 0.313654
0.619497 0.314943
0.631242 0.317106
0.638556 0.318500
0.650333 0.321170
0.660071 0.323569
0.670518 0.326480
0.679847 0.329256
0.689905 0.332533
0.700268 0.336310
0.710419 0.340372
0.719886 0.344487
0.730475 0.349595
0.739736 0.354417
0.749924 0.360276
0.759099 0.365981
0.768085 0.372046
0.777481 0.378995
0.785777 0.385587
0.793805 0.392474
0.802251 0.400428
0.809519 0.407708
0.817523 0.416522
0.824168 0.424314
0.831495 0.433784
0.838262 0.443289
0.844303 0.452420
0.850182 0.462190
0.855217 0.471128
0.860717 0.482020
0.864865 0.490721
0.869457 0.501544
0.873307 0.511392
0.876998 0.521864
0.880312 0.532280
0.883194 0.542230
0.885893 0.552740
0.888118 0.562140
0.890240 0.572542
0.892096 0.582827
0.893748 0.593747
0.895145 0.604603
0.896305 0.615330
0.897227 0.626487
0.897937 0.635916
0.898458 0.645970
0.898877 0.654540
0.899148 0.662805
0.899280 0.672460
0.899328 0.681701
0.899226 0.690836
0.899184 0.698352
0.898885 0.707676
0.898633 0.716024
0.898226 0.724997
0.898019 0.730878
0.897564 0.739493
0.897323 0.744866
0.896806 0.753254
0.896531 0.758288
0.895976 0.766071
0.895609 0.772163
0.895259 0.777142
0.894574 0.785754
0.894510 0.787597
0.893494 0.798976
0.893703 0.797863
0.892472 0.810848
0.892621 0.810963
0.891391 0.823061
0.891779 0.820062
0.890390 0.834503
0.890834 0.830145
0.889475 0.844101
0.889748 0.842052
0.888642 0.852895
0.888728 0.852267
0.887887 0.860403
0.887715 0.862013
0.886878 0.869967
0.886610 0.871870
0.885794 0.880353
0.885422 0.882891
0.884829 0.888648
0.884260 0.893090
0.883821 0.896850
0.883263 0.901399
0.882686 0.905571
0.882069 0.911036
0.881499 0.914918
0.881041 0.918218
0.880443 0.922103
0.879815 0.927107
0.879257 0.930742
0.878585 0.935135
0.878114 0.937984
0.877219 0.944950
0.876757 0.947369
0.876040 0.952152
0.875429 0.955861
0.874751 0.960718
0.873976 0.965585
0.873342 0.969162
0.872636 0.973554
0.872123 0.975678
0.871436 0.979538
0.870829 0.982510
0.870067 0.987603
0.869361 0.991253
0.868566 0.996483
0.867969 0.998717
0.867255 1.002892
0.866620 1.005675
0.865676 1.011992
0.865025 1.015320
0.864368 1.018177
0.863767 1.020776
0.862998 1.024846
0.862554 1.025412
0.861569 1.032301
0.861069 1.033141
0.860084 1.040120
0.859801 1.038469
0.858500 1.048703
0.858544 1.042924
0.856869 1.057472
0.857366 1.046113
0.855421 1.064879
0.855987 1.053917
0.854186 1.070639
0.854768 1.058415
0.852987 1.076033
