0.184054
0.019858
0.200979
-0.349872
0.388559
-1.069942
-1.055483
-1.147453
0.140282
-0.028025
-0.050092
-0.228368
0.073549
0.267864
0.402715
0.458003
-0.375573
0.468135
0.263683
0.402571
0.247592
0.037072
0.356047
0.356597
-1.068010
0.370172
0.179241
0.195882
0.327347
0.389476
0.025024
-1.053879
-0.712054
0.425076
0.220608
-1.342590
-0.959672
-0.385004
-1.088141
0.376004
-1.138691
-0.096572
0.098065
0.401405
-0.312721
0.362799
-0.301026
-0.542043
0.021737
0.177078
0.424724
0.346344
0.203743
0.049730
-0.196725
0.295224
-1.077131
0.306668
0.331583
-0.257649
0.091525
0.339447
0.319892
-1.054423
-0.036728
0.296721
-0.130494
-1.296927
0.110958
-0.060385
0.441256
-0.035401
-0.397663
-0.465477
0.316661
0.070244
0.024919
0.216223
0.338472
0.384029
0.602287
-1.178878
0.372440
0.260541
0.379424
0.255346
0.351354
0.453353
0.284482
0.064157
-0.306261
-0.032031
0.217435
-0.403380
-0.621224
0.122729
0.134967
-0.124413
0.274519
-0.424040
0.323054
-0.048986
0.321767
0.611837
0.301388
-1.087103
-0.024206
0.293362
0.236051
-0.068827
0.246790
0.006674
-0.278171
0.620385
-0.281274
0.193031
0.241415
0.049148
0.314144
0.262021
0.246640
-0.322849
0.200297
0.436817
-0.343525
0.142305
0.322682
0.103815
0.270763
-1.108970
0.171073
-0.054658
0.280880
0.224106
0.072838
0.253252
0.418813
0.244609
0.353902
0.191258
0.216698
0.368818
0.395396
-0.017097
-1.098388
0.235396
0.320760
0.336323
0.304882
0.048673
