0.247528 0.245982
0.242889 0.267764
0.244801 0.254733
0.240024 0.276942
0.241004 0.268930
0.236880 0.287637
0.236998 0.284168
0.233619 0.298973
0.232955 0.299622
0.230546 0.309443
0.229184 0.313827
0.226521 0.325131
0.225485 0.327884
0.223011 0.338429
0.221625 0.343251
0.219307 0.353273
0.218036 0.357634
0.215808 0.367536
0.214163 0.374313
0.212387 0.382061
0.210882 0.388354
0.209116 0.396526
0.207721 0.402623
0.205984 0.411253
0.204620 0.417690
0.203224 0.424637
0.201727 0.432645
0.200102 0.442074
0.198647 0.450805
0.197421 0.458133
0.196140 0.466582
0.194944 0.474944
0.193752 0.484208
0.192647 0.493458
0.191749 0.501242
0.190919 0.509162
0.190180 0.516837
0.189511 0.524683
0.188962 0.531330
0.188426 0.539694
0.188009 0.547062
0.187680 0.553958
0.187416 0.562355
0.187241 0.568876
0.187140 0.577066
0.187116 0.583829
0.187188 0.591815
0.187266 0.597388
0.187579 0.607028
0.187833 0.613154
0.188325 0.622091
0.188709 0.627720
0.189394 0.636541
0.190000 0.643238
0.190818 0.651265
0.191544 0.657578
0.192568 0.665871
0.193440 0.672103
0.194501 0.679187
0.195742 0.686898
0.197007 0.694067
0.198665 0.703062
0.199964 0.709459
0.201610 0.717260
0.203122 0.723862
0.205023 0.731972
0.206867 0.739365
0.208962 0.747423
0.210479 0.752750
0.213255 0.762721
0.214920 0.768177
0.218359 0.779589
0.220254 0.785202
0.223097 0.793709
0.225746 0.801156
0.229080 0.810461
0.232299 0.819110
0.235445 0.827132
0.238807 0.835439
0.242643 0.844652
0.245953 0.852205
0.250098 0.861506
0.253739 0.869282
0.258055 0.878311
0.262538 0.887357
0.266715 0.895429
0.271701 0.904845
0.276891 0.914282
0.281542 0.922310
0.287280 0.932027
0.292158 0.939862
0.298287 0.949476
0.303435 0.957117
0.308950 0.965030
0.315204 0.973715
0.321063 0.981431
0.327971 0.990230
0.333754 0.997162
0.341232 1.005850
0.347551 1.012725
0.354554 1.020026
0.361515 1.026879
0.368528 1.033413
0.375864 1.039891
0.383148 1.045916
0.391035 1.052098
0.398497 1.057505
0.405744 1.062445
0.412799 1.066892
0.419690 1.070969
0.426435 1.074723
0.433074 1.078114
0.440578 1.081803
0.447795 1.085010
0.455664 1.088346
0.463959 1.091509
0.470776 1.093863
0.477525 1.096058
0.484494 1.098077
0.492188 1.100241
0.498516 1.101742
0.505023 1.103266
0.510928 1.104479
0.519366 1.106146
0.524851 1.107120
0.533210 1.108502
0.538348 1.109272
0.546476 1.110403
0.551789 1.111053
0.558106 1.111873
0.565501 1.112683
0.569145 1.113068
0.578718 1.114069
0.579522 1.114097
0.591103 1.115273
0.590317 1.115107
0.599999 1.116190
0.599775 1.116020
0.611749 1.117310
0.608906 1.117001
0.621689 1.118379
0.619192 1.118089
0.629271 1.119379
0.629231 1.119330
0.637746 1.120523
0.639602 1.120771
0.645989 1.121783
0.647759 1.122065
0.653784 1.123068
0.654607 1.123382
0.660068 1.124351
0.662701 1.125018
0.666534 1.125798
0.670386 1.126774
0.673748 1.127634
0.677444 1.128540
0.679819 1.129346
0.683519 1.130352
0.687154 1.131545
0.690648 1.132610
0.692993 1.133561
0.696295 1.134755
0.699205 1.135803
0.702628 1.137237
0.703821 1.137848
0.707338 1.139399
0.709697 1.140490
0.712442 1.141828
0.714284 1.142969
0.716395 1.144045
0.718835 1.145414
0.721061 1.146688
0.724128 1.148441
0.726490 1.149847
0.729082 1.151465
0.730346 1.152593
0.732610 1.154047
0.733691 1.155131
0.736528 1.156946
0.738013 1.158300
0.740268 1.159992
0.740919 1.160780
0.742633 1.162357
0.744813 1.164046
0.746731 1.165812
0.748221 1.167165
0.750901 1.169492
0.750889 1.170038
0.753616 1.172296
0.753337 1.172767
0.756972 1.175778
0.755264 1.175160
0.760445 1.179411
0.757078 1.177392
0.764005 1.183378
0.759134 1.180046
0.765720 1.186110
0.761684 1.183260
0.768490 1.189700
0.764188 1.186531
