33.503867
33.876063
34.248259
34.620455
34.992651
35.364847
35.737043
36.109239
36.481435
36.853631
37.225827
37.598023
37.970219
38.342415
38.714611
39.086807
39.459003
39.831199
40.203395
40.575591
40.947787
41.319983
41.692179
42.064375
42.436571
42.808767
43.180963
43.553159
43.925355
44.297551
44.669747
45.041943
45.414139
45.786335
46.158531
46.530727
46.902923
47.275119
47.647315
48.019511
48.391707
48.763903
49.136100
49.508296
49.880492
50.252688
50.624884
50.997080
51.369276
51.741472
52.113668
52.485864
52.858060
53.230256
53.602452
53.974648
54.346844
54.719040
55.091236
55.463432
55.835628
56.207824
56.580020
56.952216
57.324412
57.696608
58.068804
58.441000
58.813196
59.185392
59.557588
59.929784
60.301980
60.674176
61.046372
61.418568
61.790764
62.162960
62.535156
62.907352
63.279548
63.651744
64.023940
64.396136
64.768332
65.140528
65.512724
65.884920
66.257116
66.629312
67.001508
67.373705
67.745901
68.118097
68.490293
68.862489
69.234685
69.606881
69.979077
70.351273
70.723469
71.095665
71.467861
71.840057
72.212253
72.584449
72.956645
73.328841
73.701037
74.073233
74.445429
74.817625
75.189821
75.562017
75.934213
76.306409
76.678605
77.050801
77.422997
77.795193
78.167389
78.539585
78.911781
79.283977
79.656173
80.028369
80.400565
80.772761
81.144957
81.517153
81.889349
82.261545
82.633741
83.005937
83.378133
83.750329
84.122525
84.494721
84.866917
85.239113
85.611310
85.983506
86.355702
86.727898
87.100094
87.472290
87.844486
88.216682
88.588878
88.961074
89.333270
89.705466
90.077662
90.449858
90.822054
91.194250
91.566446
91.938642
92.310838
92.683034
93.055230
93.427426
93.799622
94.171818
94.544014
94.916210
95.288406
95.660602
96.032798
96.404994
96.777190
97.149386
97.521582
97.893778
98.265974
98.638170
99.010366
99.382562
99.754758
100.126954
100.499150
100.871346
101.243542
101.615738
101.987934
102.360130
102.732326
103.104522
103.476718
103.848915
104.221111
104.593307
104.965503
105.337699
105.709895
106.082091
106.454287
106.826483
107.198679
107.570875
