65.234020
86.141979
65.234020
65.234020
65.894542
65.234020
73.170244
65.234020
86.141979
77.126273
78.902777
77.018887
80.659169
78.405383
65.234020
75.694965
67.667466
65.234020
75.900004
79.496850
71.663130
86.141979
83.351304
69.473833
65.234020
69.624472
81.776912
65.234020
85.082421
80.933645
83.564030
86.141979
76.612248
82.054149
73.590366
76.223064
65.234020
76.244602
81.853294
69.114379
77.673651
65.234020
83.828667
65.365464
65.234020
84.896578
76.877840
65.234020
65.944144
70.924324
77.631227
65.234020
85.590808
80.786702
86.141979
86.141979
85.781187
80.656882
71.201952
73.743072
86.141979
65.234020
70.228259
75.465707
72.833232
65.234020
82.899574
66.857280
76.663064
65.234020
86.141979
76.949938
74.840892
81.976535
65.234020
81.855637
81.498274
80.660037
65.234020
65.234020
81.958146
86.141979
65.234020
75.523448
74.275706
80.645913
79.793595
82.033695
65.234020
65.234020
79.618323
65.587090
71.510105
65.234020
80.139370
75.345347
71.130100
65.234020
72.899847
74.089685
80.152286
65.234020
71.032128
75.572183
65.234020
65.234020
75.744630
80.411608
83.730664
82.931030
80.038087
65.234020
81.939846
74.893518
74.376458
85.205548
78.875990
65.234020
86.141979
65.234020
78.017289
77.684810
80.949878
72.543249
65.234020
82.962279
65.234020
72.934477
79.952881
67.217181
69.862310
65.234020
70.768513
65.234020
74.608662
81.431304
69.989190
81.555771
65.234020
68.352545
86.141979
68.626189
78.621346
78.608084
77.048333
77.496802
80.340329
84.488166
79.832769
65.234020
77.120483
76.643140
74.300602
75.262428
78.889837
78.251003
65.234020
65.234020
65.234020
65.234020
80.485675
80.399740
76.030707
65.234020
73.300020
65.234020
80.581348
75.770029
83.478032
71.622287
78.792837
86.141979
79.681077
83.493209
65.234020
73.996686
86.141979
79.278511
71.737830
70.484942
78.791460
75.324554
83.939466
75.077929
79.326091
74.120795
65.234020
81.708419
65.714698
71.964482
80.727924
65.982940
65.234020
68.263528
85.906800
86.141979
70.351305
65.234020
65.234020
79.067565
77.653658
72.850048
73.505690
76.954285
86.141979
65.234020
80.505422
74.274453
78.666530
79.782168
69.563054
73.324253
81.997682
70.413572
73.471932
75.418252
65.234020
86.141979
65.234020
74.816026
69.684513
86.141979
86.141979
81.952812
71.286563
84.565543
74.253984
78.338910
77.237879
78.753263
80.184398
65.234020
74.899510
65.234020
72.315588
70.824551
65.234020
67.848290
74.093899
82.636054
73.826553
81.209302
65.234020
73.156821
71.233735
83.443747
81.345903
65.234020
75.805980
70.449166
65.234020
76.623781
78.653794
