-0.920261
-0.277893
-0.050819
-0.920261
0.432575
-0.920261
0.338041
-0.920261
-0.920261
0.269461
0.225785
0.532183
0.071710
0.282133
-0.920261
0.681617
0.558676
-0.920261
0.597839
0.135460
0.468617
0.746633
0.156309
0.261463
-0.920261
0.261701
0.236215
0.141834
0.214311
-0.077995
0.181320
-0.279428
0.137036
-0.035169
0.586165
0.096622
-0.920261
-0.016022
0.188217
0.402288
0.348883
-0.920261
0.106814
0.321799
-0.920261
-0.029817
0.122393
-0.920261
0.207835
0.108452
0.187123
-0.920261
0.320350
0.119088
-0.176750
-0.026827
0.240927
0.258330
0.215263
0.295105
-0.059921
-0.920261
0.167618
0.162510
0.577542
-0.920261
-0.096768
-0.257638
0.051616
0.442882
-0.232399
0.377596
0.120233
0.252771
-0.920261
0.174533
0.127589
0.064275
-0.920261
-0.920261
0.187450
-0.920261
-0.920261
0.015066
0.168268
0.371931
0.051519
0.050350
-0.920261
-0.920261
0.291106
-0.256138
0.259576
-0.920261
0.683352
0.004084
0.414236
0.202271
0.464436
0.273288
0.177945
-0.920261
0.470839
0.163823
-0.920261
0.544635
0.137374
0.492015
0.200043
0.244933
0.220052
-0.920261
0.138246
0.274821
0.636030
0.244372
0.226370
-0.920261
-0.197380
-0.331359
0.323280
0.528689
0.292543
0.222100
0.528865
-0.256663
-0.920261
0.486947
0.263469
0.242393
0.526420
-0.920261
0.481915
-0.920261
0.443728
0.581681
0.475968
0.329998
-0.920261
0.310575
-0.387407
0.214357
0.035461
0.332316
0.363824
0.263834
-0.207348
0.375633
0.071388
-0.920261
0.107709
0.049246
0.295728
0.111467
-0.069638
0.501972
-0.920261
-0.920261
-0.920261
-0.920261
0.265688
-0.023305
0.171853
-0.920261
0.481723
-0.920261
-0.008663
0.338432
0.025372
0.230260
0.169686
-0.230991
-0.034709
0.505255
-0.920261
0.011693
0.295283
0.274721
0.333523
0.461027
0.095744
0.406607
0.635049
-0.185286
0.107547
0.609690
-0.920261
-0.067755
0.248264
0.283102
0.304962
0.420601
-0.920261
0.307668
-0.158786
-0.177591
0.590276
-0.920261
-0.920261
0.324023
0.048117
0.306561
0.135811
0.163685
-0.068773
0.459782
0.072430
0.015027
0.029136
0.658593
0.411560
0.189999
0.422869
0.374094
0.327036
0.463087
-0.920261
-0.056215
-0.920261
0.471772
0.344710
-0.270790
-0.128503
0.592155
0.328587
0.165344
0.194432
0.326022
0.418829
0.357154
0.099396
-0.920261
0.316671
-0.885815
0.342711
0.273778
-0.920261
0.469005
0.411538
0.178888
0.485086
0.413054
-0.920261
0.086972
0.097544
0.230004
0.418688
0.434665
0.406744
0.593590
-0.920261
0.319934
0.014581
