9.265287017822265625e+01
9.342568969726562500e+01
9.419850921630859375e+01
9.574414825439453125e+01
7.687602996826171875e+01
7.743575286865234375e+01
7.799547576904296875e+01
7.855519866943359375e+01
8.023436737060546875e+01
7.360927581787109375e+01
7.407424926757812500e+01
7.546916961669921875e+01
7.639911651611328125e+01
7.946086883544921875e+01
7.996106719970703125e+01
8.046126556396484375e+01
8.096146392822265625e+01
8.246206665039062500e+01
7.724260711669921875e+01
7.786428833007812500e+01
7.848596954345703125e+01
7.972933197021484375e+01
7.718508148193359375e+01
7.765696716308593750e+01
7.812884521484375000e+01
7.907261657714843750e+01
8.001638031005859375e+01
6.679647827148437500e+01
6.713856506347656250e+01
6.748065185546875000e+01
6.816482543945312500e+01
6.884899902343750000e+01
6.783624267578125000e+01
6.839341735839843750e+01
6.895058441162109375e+01
7.117926788330078125e+01
6.012756729125976562e+01
6.110315704345703125e+01
6.207875061035156250e+01
6.305434036254882812e+01
6.500552368164062500e+01
6.695670318603515625e+01
6.793229675292968750e+01
6.988347625732421875e+01
6.596965789794921875e+01
6.646382141113281250e+01
6.695797729492187500e+01
6.794629669189453125e+01
6.569341278076171875e+01
6.614838409423828125e+01
6.660335540771484375e+01
6.751329040527343750e+01
6.842323303222656250e+01
6.933317565917968750e+01
7.024311065673828125e+01
7.115305328369140625e+01
7.206298828125000000e+01
7.297293090820312500e+01
6.827319335937500000e+01
7.034342193603515625e+01
7.137854003906250000e+01
7.241365051269531250e+01
7.448387908935546875e+01
6.975418090820312500e+01
7.022154235839843750e+01
7.068891143798828125e+01
7.255836486816406250e+01
7.416440582275390625e+01
7.449711608886718750e+01
7.482982635498046875e+01
7.549524688720703125e+01
7.616067504882812500e+01
8.125750732421875000e+01
8.217173004150390625e+01
8.308595275878906250e+01
8.400016784667968750e+01
8.491439056396484375e+01
8.674283599853515625e+01
8.948550415039062500e+01
9.131394958496093750e+01
9.222817230224609375e+01
7.169391632080078125e+01
7.214726257324218750e+01
7.350730895996093750e+01
7.441400909423828125e+01
7.532070922851562500e+01
7.925438690185546875e+01
7.970925903320312500e+01
8.016413116455078125e+01
8.198361206054687500e+01
7.344599151611328125e+01
7.391252899169921875e+01
7.437907409667968750e+01
7.484561157226562500e+01
7.531215667724609375e+01
7.624523925781250000e+01
8.905088806152343750e+01
8.973899841308593750e+01
9.042710876464843750e+01
9.180333709716796875e+01
5.963907623291015625e+01
6.013389205932617188e+01
6.062870788574218750e+01
6.260796737670898438e+01
6.458722686767578125e+01
6.557685852050781250e+01
6.755611419677734375e+01
6.854574584960937500e+01
6.737206268310546875e+01
6.778887939453125000e+01
6.820569610595703125e+01
6.903932189941406250e+01
6.987295532226562500e+01
7.112340545654296875e+01
7.279066467285156250e+01
5.979500198364257812e+01
6.249183273315429688e+01
6.464929199218750000e+01
6.572802734375000000e+01
6.788549041748046875e+01
6.896422576904296875e+01
7.309040069580078125e+01
7.354790496826171875e+01
7.400541687011718750e+01
7.446292114257812500e+01
7.154303741455078125e+01
7.204766845703125000e+01
7.255229949951171875e+01
7.356156921386718750e+01
7.457083129882812500e+01
7.558009338378906250e+01
6.756158447265625000e+01
6.816605377197265625e+01
6.937498474121093750e+01
7.058391571044921875e+01
7.220033264160156250e+01
7.254979705810546875e+01
7.289926147460937500e+01
7.359819793701171875e+01
6.850566101074218750e+01
6.902146911621093750e+01
6.953726959228515625e+01
7.056887817382812500e+01
7.160047912597656250e+01
7.263208770751953125e+01
7.366368865966796875e+01
7.102247619628906250e+01
7.144590759277343750e+01
7.186933898925781250e+01
7.356305694580078125e+01
7.525678253173828125e+01
7.610364532470703125e+01
6.819126129150390625e+01
6.863796997070312500e+01
6.908467102050781250e+01
6.997808837890625000e+01
7.176491546630859375e+01
7.265833282470703125e+01
7.355174255371093750e+01
8.175619506835937500e+01
8.214500427246093750e+01
8.331141662597656250e+01
8.486663055419921875e+01
7.790899658203125000e+01
7.842651367187500000e+01
7.894403076171875000e+01
8.101409912109375000e+01
8.468009948730468750e+01
8.529494476318359375e+01
8.590979003906250000e+01
8.652463531494140625e+01
8.775433349609375000e+01
7.454212188720703125e+01
7.500833892822265625e+01
7.547455596923828125e+01
7.640699005126953125e+01
7.733942413330078125e+01
7.827185821533203125e+01
8.185763549804687500e+01
8.257235717773437500e+01
8.328707122802734375e+01
8.471649932861328125e+01
7.825428009033203125e+01
7.883178710937500000e+01
7.940928649902343750e+01
8.056429290771484375e+01
8.616232299804687500e+01
8.678937530517578125e+01
8.741641998291015625e+01
8.804346466064453125e+01
6.517350006103515625e+01
6.551679992675781250e+01
6.586009979248046875e+01
6.654669189453125000e+01
6.723329162597656250e+01
6.826319122314453125e+01
6.894979095458984375e+01
6.963639068603515625e+01
7.066629028320312500e+01
7.135289001464843750e+01
6.886775207519531250e+01
6.921976470947265625e+01
6.957177734375000000e+01
7.027579498291015625e+01
7.097982025146484375e+01
7.881437683105468750e+01
7.910351562500000000e+01
7.939266204833984375e+01
7.997093963623046875e+01
8.054921722412109375e+01
8.112749481201171875e+01
8.170577239990234375e+01
8.228405761718750000e+01
7.527763366699218750e+01
7.576691436767578125e+01
7.625620269775390625e+01
7.723477172851562500e+01
8.175968933105468750e+01
8.230593872070312500e+01
8.285218048095703125e+01
8.339842224121093750e+01
8.394467163085937500e+01
8.503716278076171875e+01
8.612965393066406250e+01
7.451645660400390625e+01
7.513477325439453125e+01
7.575309753417968750e+01
7.698973846435546875e+01
8.193630981445312500e+01
6.709928131103515625e+01
6.745182037353515625e+01
6.815689086914062500e+01
6.850942993164062500e+01
6.956703948974609375e+01
7.027210998535156250e+01
7.097718811035156250e+01
7.523999023437500000e+01
7.702304077148437500e+01
7.791455841064453125e+01
7.880608367919921875e+01
8.058913421630859375e+01
8.237217712402343750e+01
8.415522766113281250e+01
7.318257904052734375e+01
7.364311981201171875e+01
7.410366821289062500e+01
7.456420898437500000e+01
7.502475738525390625e+01
7.594584655761718750e+01
7.686693572998046875e+01
7.778802490234375000e+01
7.277433776855468750e+01
7.321956634521484375e+01
7.366479492187500000e+01
7.411001586914062500e+01
7.633615112304687500e+01
7.722660827636718750e+01
6.709654235839843750e+01
6.753808593750000000e+01
6.797962188720703125e+01
6.886270904541015625e+01
6.974579620361328125e+01
7.062888336181640625e+01
7.151197052001953125e+01
7.239505767822265625e+01
7.265386962890625000e+01
7.305407714843750000e+01
7.345427703857421875e+01
7.425469207763671875e+01
7.665592193603515625e+01
7.745632934570312500e+01
7.825674438476562500e+01
7.905715179443359375e+01
7.985755920410156250e+01
7.558024597167968750e+01
7.603392028808593750e+01
7.648760223388671875e+01
7.739496612548828125e+01
7.830232238769531250e+01
7.920968627929687500e+01
7.831840515136718750e+01
7.902680206298828125e+01
7.973519897460937500e+01
8.044359588623046875e+01
8.115199279785156250e+01
8.256878662109375000e+01
8.398558044433593750e+01
8.540237426757812500e+01
8.681916809082031250e+01
7.351264953613281250e+01
7.387727355957031250e+01
7.424189758300781250e+01
7.497114562988281250e+01
7.570039367675781250e+01
7.642964172363281250e+01
7.752351379394531250e+01
7.788813781738281250e+01
7.307705688476562500e+01
7.373461914062500000e+01
7.439217376708984375e+01
7.504973602294921875e+01
7.570729827880859375e+01
7.702242279052734375e+01
7.833754730224609375e+01
6.677443695068359375e+01
6.724404144287109375e+01
6.818323516845703125e+01
6.912243652343750000e+01
7.100083160400390625e+01
7.194003295898437500e+01
7.292789459228515625e+01
7.350169372558593750e+01
7.464928436279296875e+01
7.522308349609375000e+01
7.637068176269531250e+01
7.751827239990234375e+01
7.654310607910156250e+01
7.692672729492187500e+01
7.731034088134765625e+01
7.769396209716796875e+01
7.807758331298828125e+01
7.884481811523437500e+01
7.961205291748046875e+01
8.114653015136718750e+01
8.009994506835937500e+01
8.074756622314453125e+01
8.139518737792968750e+01
8.204280853271484375e+01
8.269042968750000000e+01
8.398567962646484375e+01
8.722378540039062500e+01
9.046189880371093750e+01
7.692781829833984375e+01
7.738938903808593750e+01
7.785096740722656250e+01
7.877411651611328125e+01
7.969726562500000000e+01
8.062041473388671875e+01
6.810057067871093750e+01
6.849848175048828125e+01
6.889638519287109375e+01
7.009011077880859375e+01
6.784008789062500000e+01
6.841556549072265625e+01
6.899104309082031250e+01
7.014199829101562500e+01
7.129294586181640625e+01
7.244390106201171875e+01
8.642997741699218750e+01
8.715956115722656250e+01
8.861872100830078125e+01
8.934830474853515625e+01
9.226663208007812500e+01
9.372579193115234375e+01
9.518495178222656250e+01
7.620088958740234375e+01
7.673374938964843750e+01
7.726660919189453125e+01
7.833232879638671875e+01
7.801808929443359375e+01
7.853108978271484375e+01
7.904409027099609375e+01
8.007009887695312500e+01
8.109609985351562500e+01
8.142665863037109375e+01
8.190550231933593750e+01
8.238433837890625000e+01
8.525738525390625000e+01
8.621507263183593750e+01
6.342234802246093750e+01
6.387937927246093750e+01
6.433640289306640625e+01
6.525045776367187500e+01
6.616452026367187500e+01
6.707857513427734375e+01
6.799263000488281250e+01
6.890668487548828125e+01
7.673933410644531250e+01
7.713712310791015625e+01
7.753491210937500000e+01
7.833049011230468750e+01
7.912606811523437500e+01
8.151279449462890625e+01
7.654559326171875000e+01
7.704686737060546875e+01
7.754814147949218750e+01
7.855068969726562500e+01
7.955323028564453125e+01
8.016506958007812500e+01
8.067111206054687500e+01
8.117714691162109375e+01
8.218921661376953125e+01
8.565248107910156250e+01
8.706111907958984375e+01
8.776544189453125000e+01
8.846975708007812500e+01
8.987839508056640625e+01
5.978100585937500000e+01
6.124594116210937500e+01
6.271087646484375000e+01
6.417581176757812500e+01
7.598109436035156250e+01
7.627654266357421875e+01
7.657199859619140625e+01
7.716290283203125000e+01
7.775380706787109375e+01
7.834471130371093750e+01
7.893561553955078125e+01
7.982197570800781250e+01
8.070833587646484375e+01
7.614635467529296875e+01
7.672765350341796875e+01
7.730895233154296875e+01
7.789025878906250000e+01
7.847155761718750000e+01
6.081012725830078125e+01
6.116569519042968750e+01
6.152126312255859375e+01
6.187683105468750000e+01
6.223239898681640625e+01
6.329910278320312500e+01
6.401023864746093750e+01
6.507695007324218750e+01
7.787806701660156250e+01
7.854939270019531250e+01
7.922072601318359375e+01
7.989205932617187500e+01
8.056339263916015625e+01
8.190605163574218750e+01
8.324871826171875000e+01
6.322021484375000000e+01
6.365786743164062500e+01
6.409552001953125000e+01
6.540847778320312500e+01
6.584613800048828125e+01
6.672144317626953125e+01
6.847205352783203125e+01
7.382260894775390625e+01
7.446735382080078125e+01
7.511210632324218750e+01
7.575685882568359375e+01
7.640160369873046875e+01
7.769110107421875000e+01
7.962535095214843750e+01
8.155960083007812500e+01
7.731605529785156250e+01
7.808420562744140625e+01
7.885235595703125000e+01
8.038866424560546875e+01
8.192497253417968750e+01
7.474185180664062500e+01
7.516559600830078125e+01
7.558934020996093750e+01
7.601307678222656250e+01
7.643682098388671875e+01
7.855553436279296875e+01
6.059054946899414062e+01
6.116702270507812500e+01
6.174349975585937500e+01
6.750823974609375000e+01
7.581052398681640625e+01
7.635776519775390625e+01
7.690501403808593750e+01
7.799949645996093750e+01
7.330288696289062500e+01
7.385601043701171875e+01
7.440912628173828125e+01
7.551537322998046875e+01
7.606848907470703125e+01
8.231848144531250000e+01
8.255674743652343750e+01
8.279500579833984375e+01
8.303327178955078125e+01
8.327153778076171875e+01
8.146564483642578125e+01
8.248110198974609375e+01
8.451201629638671875e+01
8.552747344970703125e+01
8.755838012695312500e+01
8.958929443359375000e+01
9.162020874023437500e+01
7.019116210937500000e+01
7.068507385253906250e+01
7.117898559570312500e+01
7.216681671142578125e+01
7.315464782714843750e+01
7.414247894287109375e+01
7.611813354492187500e+01
7.710596466064453125e+01
7.809379577636718750e+01
8.071035766601562500e+01
8.143354797363281250e+01
8.215673828125000000e+01
8.287992858886718750e+01
8.360311889648437500e+01
7.302803802490234375e+01
7.352812957763671875e+01
7.402822113037109375e+01
7.502841186523437500e+01
7.602860260009765625e+01
7.702879333496093750e+01
7.802898406982421875e+01
7.902917480468750000e+01
6.952552795410156250e+01
7.003044891357421875e+01
7.053536987304687500e+01
7.154521179199218750e+01
7.255505371093750000e+01
7.356489562988281250e+01
8.148597717285156250e+01
8.458776855468750000e+01
8.562170410156250000e+01
8.768956756591796875e+01
8.975743103027343750e+01
6.674555206298828125e+01
6.719925689697265625e+01
6.765296173095703125e+01
6.856037902832031250e+01
7.082891845703125000e+01
7.219004058837890625e+01
7.599880981445312500e+01
7.654756164550781250e+01
7.709631347656250000e+01
7.764506530761718750e+01
7.819381713867187500e+01
7.929131317138671875e+01
6.842248535156250000e+01
6.888387298583984375e+01
6.934526062011718750e+01
6.980664825439453125e+01
7.026803588867187500e+01
7.119081115722656250e+01
7.211358642578125000e+01
7.303636169433593750e+01
6.831872558593750000e+01
6.883448791503906250e+01
6.935025787353515625e+01
7.038179779052734375e+01
7.141333770751953125e+01
6.693730926513671875e+01
6.798520660400390625e+01
6.850916290283203125e+01
6.903311157226562500e+01
7.112892150878906250e+01
7.322472381591796875e+01
7.589064025878906250e+01
7.702342224121093750e+01
7.758981323242187500e+01
7.815621185302734375e+01
8.042177581787109375e+01
7.720532226562500000e+01
7.767407989501953125e+01
7.814283752441406250e+01
7.861159515380859375e+01
7.908035278320312500e+01
8.001786804199218750e+01
8.283041381835937500e+01
8.045677947998046875e+01
8.095010375976562500e+01
8.144343566894531250e+01
8.193676757812500000e+01
8.243009948730468750e+01
8.341675567626953125e+01
8.539007568359375000e+01
8.637673187255859375e+01
7.898137664794921875e+01
7.960892486572265625e+01
8.086402130126953125e+01
8.274666595458984375e+01
7.296977233886718750e+01
7.340802001953125000e+01
7.384626770019531250e+01
7.472277069091796875e+01
7.559927368164062500e+01
7.647576904296875000e+01
7.735227203369140625e+01
7.822876739501953125e+01
7.154483032226562500e+01
7.190912628173828125e+01
7.227341461181640625e+01
7.373059844970703125e+01
7.518778228759765625e+01
7.737355041503906250e+01
6.506590270996093750e+01
6.560064697265625000e+01
6.613539123535156250e+01
6.720487976074218750e+01
6.827436828613281250e+01
6.934385681152343750e+01
7.041334533691406250e+01
7.306030273437500000e+01
7.351067352294921875e+01
7.396104431152343750e+01
7.486179351806640625e+01
6.052828598022460938e+01
6.100669479370117188e+01
6.148509979248046875e+01
6.244191741943359375e+01
6.339873123168945312e+01
6.531236267089843750e+01
6.626917266845703125e+01
6.722599029541015625e+01
6.818280029296875000e+01
7.216059112548828125e+01
7.259710693359375000e+01
7.303362274169921875e+01
7.347013854980468750e+01
7.390664672851562500e+01
7.477967834472656250e+01
7.565270996093750000e+01
7.652573394775390625e+01
7.739876556396484375e+01
7.587798309326171875e+01
8.018144226074218750e+01
8.161592864990234375e+01
8.209408569335937500e+01
7.513987731933593750e+01
7.634426879882812500e+01
7.754866027832031250e+01
7.875305175781250000e+01
7.995744323730468750e+01
6.787412261962890625e+01
6.834049987792968750e+01
6.880687713623046875e+01
7.067237854003906250e+01
7.160512542724609375e+01
7.253787994384765625e+01
7.347062683105468750e+01
7.248144531250000000e+01
7.289506530761718750e+01
7.330867767333984375e+01
7.372229766845703125e+01
7.413591003417968750e+01
7.496315002441406250e+01
8.587715148925781250e+01
8.668252563476562500e+01
8.748790740966796875e+01
8.829328155517578125e+01
8.909866333007812500e+01
7.536523437500000000e+01
7.622845458984375000e+01
7.709168243408203125e+01
7.795490264892578125e+01
7.881813049316406250e+01
8.054457092285156250e+01
8.227101898193359375e+01
8.399746704101562500e+01
8.572391510009765625e+01
9.189903259277343750e+01
9.276542663574218750e+01
9.363182067871093750e+01
9.536461639404296875e+01
7.559638214111328125e+01
7.654973602294921875e+01
7.702641296386718750e+01
7.750308227539062500e+01
7.845643615722656250e+01
7.940979003906250000e+01
7.411264801025390625e+01
7.457833099365234375e+01
7.550970458984375000e+01
7.597538757324218750e+01
7.492464447021484375e+01
7.542083740234375000e+01
7.591703796386718750e+01
7.690942382812500000e+01
7.889421081542968750e+01
7.988659667968750000e+01
7.105413055419921875e+01
7.152770996093750000e+01
7.200128173828125000e+01
7.294844055175781250e+01
7.389559173583984375e+01
7.531632232666015625e+01
7.626348114013671875e+01
7.477843475341796875e+01
7.539025115966796875e+01
7.600206756591796875e+01
7.661387634277343750e+01
7.722569274902343750e+01
7.844931793212890625e+01
7.967294311523437500e+01
8.089657592773437500e+01
7.351455688476562500e+01
7.417321777343750000e+01
7.746653747558593750e+01
7.878386688232421875e+01
7.665793609619140625e+01
7.713068389892578125e+01
7.760343170166015625e+01
7.854892730712890625e+01
7.949442291259765625e+01
7.190802001953125000e+01
7.245453643798828125e+01
7.300105285644531250e+01
7.409409332275390625e+01
8.140334320068359375e+01
8.215563201904296875e+01
8.290791320800781250e+01
8.441247558593750000e+01
8.016378784179687500e+01
8.126170349121093750e+01
8.181066131591796875e+01
8.235962677001953125e+01
8.345754241943359375e+01
8.455546569824218750e+01
8.565338134765625000e+01
7.196490478515625000e+01
7.279648590087890625e+01
7.321228027343750000e+01
7.362807464599609375e+01
7.445965576171875000e+01
7.820178222656250000e+01
7.688623809814453125e+01
7.752903747558593750e+01
7.817182922363281250e+01
7.881462097167968750e+01
7.945742034912109375e+01
8.074301147460937500e+01
6.821327972412109375e+01
6.867666625976562500e+01
6.914006042480468750e+01
7.006683349609375000e+01
7.099361419677734375e+01
7.192039489746093750e+01
7.284717559814453125e+01
7.377395629882812500e+01
7.391889953613281250e+01
7.416899871826171875e+01
7.441910552978515625e+01
7.466921234130859375e+01
7.491931915283203125e+01
7.541953277587890625e+01
7.591973876953125000e+01
7.641995239257812500e+01
7.692016601562500000e+01
8.219830322265625000e+01
8.295086669921875000e+01
8.370343017578125000e+01
8.445599365234375000e+01
8.520855712890625000e+01
8.671368408203125000e+01
7.867817687988281250e+01
7.934333038330078125e+01
8.067364501953125000e+01
8.133879852294921875e+01
8.266911315917968750e+01
8.399942016601562500e+01
8.730762481689453125e+01
8.789594268798828125e+01
8.848425292968750000e+01
8.907257080078125000e+01
9.024920654296875000e+01
7.406903076171875000e+01
7.451559448242187500e+01
7.585528564453125000e+01
7.764154815673828125e+01
7.225736999511718750e+01
7.282424163818359375e+01
7.339111328125000000e+01
7.452485656738281250e+01
7.565859985351562500e+01
7.679234313964843750e+01
8.235410308837890625e+01
8.280396270751953125e+01
8.325381469726562500e+01
8.415353393554687500e+01
8.574679565429687500e+01
8.625467681884765625e+01
8.676255798339843750e+01
8.727043914794921875e+01
8.777832031250000000e+01
8.879408264160156250e+01
8.980983734130859375e+01
9.082559967041015625e+01
6.942034912109375000e+01
6.973664855957031250e+01
7.005294799804687500e+01
7.068555450439453125e+01
7.131816101074218750e+01
7.195076751708984375e+01
7.258337402343750000e+01
7.321597290039062500e+01
7.384857940673828125e+01
7.448118591308593750e+01
7.511379241943359375e+01
7.937037658691406250e+01
7.993264007568359375e+01
8.049490356445312500e+01
8.105715942382812500e+01
8.161942291259765625e+01
7.470466613769531250e+01
7.518058776855468750e+01
7.565650939941406250e+01
7.660836029052734375e+01
7.756020355224609375e+01
7.993982696533203125e+01
6.763295745849609375e+01
6.813725280761718750e+01
6.965014648437500000e+01
7.065873718261718750e+01
7.166732788085937500e+01
7.267591857910156250e+01
7.368451690673828125e+01
6.745391845703125000e+01
6.788512420654296875e+01
6.831632995605468750e+01
6.874753570556640625e+01
6.917874145507812500e+01
8.090673065185546875e+01
8.138176727294921875e+01
8.185680389404296875e+01
8.280687713623046875e+01
7.190855407714843750e+01
7.244881439208984375e+01
7.298908233642578125e+01
7.352933502197265625e+01
7.406959533691406250e+01
7.515012359619140625e+01
6.774262237548828125e+01
6.838604736328125000e+01
6.902947235107421875e+01
7.031632232666015625e+01
7.160317230224609375e+01
7.534783935546875000e+01
7.610279846191406250e+01
7.685775756835937500e+01
7.761271667480468750e+01
7.836766815185546875e+01
7.149925231933593750e+01
7.218947601318359375e+01
7.287969970703125000e+01
7.356993103027343750e+01
6.189241790771484375e+01
6.226039505004882812e+01
6.262837219238281250e+01
6.299634552001953125e+01
6.373229598999023438e+01
6.410027313232421875e+01
8.288195037841796875e+01
8.326767730712890625e+01
8.365341186523437500e+01
8.403913879394531250e+01
8.442486572265625000e+01
7.412113952636718750e+01
7.466885375976562500e+01
7.576428985595703125e+01
7.631201171875000000e+01
7.225814819335937500e+01
7.267811584472656250e+01
7.309809112548828125e+01
7.393803405761718750e+01
7.477797698974609375e+01
7.771777343750000000e+01
7.897768402099609375e+01
7.831857299804687500e+01
7.883914947509765625e+01
7.935971832275390625e+01
7.988029479980468750e+01
7.378739166259765625e+01
7.476684570312500000e+01
7.574629974365234375e+01
7.672576141357421875e+01
7.613664245605468750e+01
7.664033508300781250e+01
7.714402008056640625e+01
7.915877532958984375e+01
7.444185638427734375e+01
7.539726257324218750e+01
7.635266876220703125e+01
7.826348114013671875e+01
8.112970733642578125e+01
8.781755065917968750e+01
9.163917541503906250e+01
7.395357513427734375e+01
7.446545410156250000e+01
7.497733306884765625e+01
7.600109863281250000e+01
6.816703796386718750e+01
6.857933807373046875e+01
6.899163818359375000e+01
6.981623840332031250e+01
7.064084625244140625e+01
7.146544647216796875e+01
7.229004669189453125e+01
7.311464691162109375e+01
7.089848327636718750e+01
7.151361846923828125e+01
7.212874603271484375e+01
7.335900878906250000e+01
7.581952667236328125e+01
7.766492462158203125e+01
7.889517974853515625e+01
7.839031982421875000e+01
7.884102630615234375e+01
7.929172515869140625e+01
7.974242401123046875e+01
8.109453582763671875e+01
7.797042846679687500e+01
7.859850311279296875e+01
7.922657012939453125e+01
7.985463714599609375e+01
6.199218750000000000e+01
6.245277023315429688e+01
6.383451843261718750e+01
6.475568389892578125e+01
7.625497436523437500e+01
7.674602508544921875e+01
7.821915435791015625e+01
7.920124053955078125e+01
7.124011993408203125e+01
7.166998291015625000e+01
7.209984588623046875e+01
7.295957946777343750e+01
7.553875732421875000e+01
7.639848327636718750e+01
7.755411529541015625e+01
7.802812194824218750e+01
7.850212860107421875e+01
7.945014190673828125e+01
7.189655303955078125e+01
7.247873687744140625e+01
7.306092071533203125e+01
7.422528839111328125e+01
7.538965606689453125e+01
7.394784545898437500e+01
7.441160583496093750e+01
7.487537384033203125e+01
7.533914184570312500e+01
7.673043823242187500e+01
8.038719177246093750e+01
8.122380828857421875e+01
8.206042480468750000e+01
8.289704895019531250e+01
8.373366546630859375e+01
7.704092407226562500e+01
7.771102905273437500e+01
7.838113403320312500e+01
7.905123138427734375e+01
7.972133636474609375e+01
7.731439208984375000e+01
7.799398040771484375e+01
7.867357635498046875e+01
7.935317230224609375e+01
8.003276062011718750e+01
8.139195251464843750e+01
7.044813537597656250e+01
7.082986450195312500e+01
7.121159362792968750e+01
7.197505187988281250e+01
7.273851013183593750e+01
7.448477935791015625e+01
7.564962005615234375e+01
7.681446838378906250e+01
7.797931671142578125e+01
7.418762969970703125e+01
7.461452484130859375e+01
7.504141998291015625e+01
7.589521789550781250e+01
7.674900817871093750e+01
7.760280609130859375e+01
7.376516723632812500e+01
7.427297973632812500e+01
7.478079986572265625e+01
7.579643249511718750e+01
7.603459167480468750e+01
7.649855804443359375e+01
7.696252441406250000e+01
7.881839752197265625e+01
6.761869049072265625e+01
6.827993774414062500e+01
6.894119262695312500e+01
7.026368713378906250e+01
7.158618927001953125e+01
7.436659240722656250e+01
7.496284484863281250e+01
7.555908966064453125e+01
7.675158691406250000e+01
7.211013793945312500e+01
7.249840545654296875e+01
7.288668060302734375e+01
7.366322326660156250e+01
7.443976593017578125e+01
8.578484344482421875e+01
8.643523406982421875e+01
8.708562469482421875e+01
8.838640594482421875e+01
7.713359069824218750e+01
7.763494873046875000e+01
7.813630676269531250e+01
7.913902282714843750e+01
8.119449615478515625e+01
8.185565185546875000e+01
8.251680755615234375e+01
8.317796325683593750e+01
8.383911895751953125e+01
8.516143035888671875e+01
8.258216857910156250e+01
8.313203430175781250e+01
8.368190765380859375e+01
8.423177337646484375e+01
8.478164672851562500e+01
6.835411834716796875e+01
6.876768493652343750e+01
6.918125915527343750e+01
7.000839996337890625e+01
7.083554077148437500e+01
7.166268157958984375e+01
7.331696319580078125e+01
6.917032623291015625e+01
6.973911285400390625e+01
7.030789947509765625e+01
7.087668609619140625e+01
7.372061920166015625e+01
7.656455230712890625e+01
7.795839691162109375e+01
7.849166107177734375e+01
7.902493286132812500e+01
8.009146881103515625e+01
6.379855728149414062e+01
6.476151275634765625e+01
6.572447204589843750e+01
6.765038299560546875e+01
6.957630157470703125e+01
7.150221252441406250e+01
7.342813110351562500e+01
7.535404205322265625e+01
7.259311676025390625e+01
7.319272613525390625e+01
7.379232788085937500e+01
7.439193725585937500e+01
6.883248138427734375e+01
6.934492492675781250e+01
6.985736083984375000e+01
7.036980438232421875e+01
7.088224029541015625e+01
7.190711975097656250e+01
8.521069335937500000e+01
8.620283508300781250e+01
8.719498443603515625e+01
8.818713378906250000e+01
8.917927551269531250e+01
7.263644409179687500e+01
7.308171081542968750e+01
7.397224426269531250e+01
7.575331115722656250e+01
7.797964477539062500e+01
6.638655090332031250e+01
6.678443908691406250e+01
6.718233489990234375e+01
6.758022308349609375e+01
6.797811889648437500e+01
7.785291290283203125e+01
7.834064483642578125e+01
7.882837677001953125e+01
8.077930450439453125e+01
8.175476837158203125e+01
8.365417480468750000e+01
8.399874114990234375e+01
8.434330749511718750e+01
8.503244018554687500e+01
7.862167358398437500e+01
7.951953125000000000e+01
8.041738128662109375e+01
8.131523895263671875e+01
8.490665435791015625e+01
9.029376983642578125e+01
9.119162750244140625e+01
9.478303527832031250e+01
7.785646820068359375e+01
7.846228790283203125e+01
7.906811523437500000e+01
7.967393493652343750e+01
8.027976226806640625e+01
8.266363525390625000e+01
8.297782135009765625e+01
8.329200744628906250e+01
8.392038726806640625e+01
8.454876708984375000e+01
7.870394897460937500e+01
7.928849792480468750e+01
7.987303924560546875e+01
8.104212188720703125e+01
7.540042877197265625e+01
7.587371826171875000e+01
7.634700012207031250e+01
7.729357910156250000e+01
6.889250946044921875e+01
6.933137512207031250e+01
6.977024078369140625e+01
7.020910644531250000e+01
7.064796447753906250e+01
8.081935119628906250e+01
8.123664093017578125e+01
8.165393829345703125e+01
8.248851776123046875e+01
8.332310485839843750e+01
6.538314819335937500e+01
6.580917358398437500e+01
6.623519897460937500e+01
6.708724212646484375e+01
6.793929290771484375e+01
6.921736907958984375e+01
7.006941223144531250e+01
7.092146301269531250e+01
8.414480590820312500e+01
8.455981445312500000e+01
8.497482299804687500e+01
8.538983154296875000e+01
8.580484008789062500e+01
8.663485717773437500e+01
7.069959259033203125e+01
7.115505981445312500e+01
7.343239593505859375e+01
7.434332275390625000e+01
7.616519165039062500e+01
6.931243896484375000e+01
6.992501831054687500e+01
7.176273345947265625e+01
7.237530517578125000e+01
8.221344757080078125e+01
8.280570220947265625e+01
8.339795684814453125e+01
8.399021148681640625e+01
8.458245849609375000e+01
7.677585601806640625e+01
7.711026000976562500e+01
7.744466400146484375e+01
7.878227996826171875e+01
7.978549194335937500e+01
8.045429992675781250e+01
8.112310028076171875e+01
6.112059783935546875e+01
6.164974975585937500e+01
6.217890167236328125e+01
6.323720169067382812e+01
6.429550170898437500e+01
6.535380554199218750e+01
6.641210937500000000e+01
6.747041320800781250e+01
7.691744232177734375e+01
7.753353881835937500e+01
7.814963531494140625e+01
7.938182830810546875e+01
7.504689025878906250e+01
7.547828674316406250e+01
7.590969085693359375e+01
7.634108734130859375e+01
7.677249145507812500e+01
7.763529205322265625e+01
7.849809265136718750e+01
8.022369384765625000e+01
8.560673522949218750e+01
8.632350921630859375e+01
8.704028320312500000e+01
8.775705718994140625e+01
7.720986938476562500e+01
7.767558288574218750e+01
7.814129638671875000e+01
7.860700988769531250e+01
7.907271575927734375e+01
7.093871307373046875e+01
7.131230163574218750e+01
7.168589019775390625e+01
7.243306732177734375e+01
7.318024444580078125e+01
8.851422119140625000e+01
8.918144989013671875e+01
8.984867858886718750e+01
9.051590728759765625e+01
9.118313598632812500e+01
7.259176635742187500e+01
7.305403137207031250e+01
7.351629638671875000e+01
7.444083404541015625e+01
7.872192382812500000e+01
7.918479156494140625e+01
7.964765930175781250e+01
8.011051940917968750e+01
8.057338714599609375e+01
7.467523956298828125e+01
7.523738098144531250e+01
7.579951477050781250e+01
7.636165618896484375e+01
7.692378997802734375e+01
7.804806518554687500e+01
7.589601135253906250e+01
7.641104125976562500e+01
7.692607116699218750e+01
7.744110107421875000e+01
7.847116088867187500e+01
7.950122833251953125e+01
8.053128814697265625e+01
8.156134796142578125e+01
8.101539611816406250e+01
8.178099060058593750e+01
8.254659271240234375e+01
8.331218719482421875e+01
8.484338378906250000e+01
7.117468261718750000e+01
7.152220916748046875e+01
7.291234588623046875e+01
7.499755096435546875e+01
7.569261932373046875e+01
7.161901855468750000e+01
7.204595947265625000e+01
7.247290802001953125e+01
7.289984893798828125e+01
7.418068695068359375e+01
7.062566375732421875e+01
7.127870178222656250e+01
7.193174743652343750e+01
7.258479309082031250e+01
7.323783874511718750e+01
7.519696807861328125e+01
7.715609741210937500e+01
7.846218872070312500e+01
6.491355895996093750e+01
6.541261291503906250e+01
6.591165924072265625e+01
6.690975952148437500e+01
6.890595245361328125e+01
6.990405273437500000e+01
7.090215301513671875e+01
6.508886718750000000e+01
6.544548034667968750e+01
6.580210113525390625e+01
6.615872192382812500e+01
6.651534271240234375e+01
6.794181823730468750e+01
6.865505981445312500e+01
6.936829376220703125e+01
7.244825744628906250e+01
7.286891937255859375e+01
7.328958129882812500e+01
7.413091278076171875e+01
7.497224426269531250e+01
7.581356811523437500e+01
7.665489959716796875e+01
7.749623107910156250e+01
7.347505950927734375e+01
7.402091217041015625e+01
7.456677246093750000e+01
7.565847778320312500e+01
7.640827178955078125e+01
7.656538391113281250e+01
7.672249603271484375e+01
7.703672027587890625e+01
7.735095214843750000e+01
7.766517639160156250e+01
7.829363250732421875e+01
7.130773162841796875e+01
7.164446258544921875e+01
7.198119354248046875e+01
7.265465545654296875e+01
7.332811737060546875e+01
7.508141326904296875e+01
7.558685302734375000e+01
7.609229278564453125e+01
7.710317993164062500e+01
8.398490905761718750e+01
8.442021179199218750e+01
8.485552215576171875e+01
8.529082489013671875e+01
7.558154296875000000e+01
7.625674438476562500e+01
7.693194580078125000e+01
7.760713958740234375e+01
7.828234100341796875e+01
7.963273620605468750e+01
8.098313903808593750e+01
7.991261291503906250e+01
8.030055999755859375e+01
8.068850708007812500e+01
8.107645416259765625e+01
8.146440124511718750e+01
8.224029541015625000e+01
8.301618957519531250e+01
8.379208374023437500e+01
8.456797790527343750e+01
7.180863189697265625e+01
7.238286590576171875e+01
7.295709991455078125e+01
7.410556793212890625e+01
7.869945526123046875e+01
7.586770629882812500e+01
7.632895660400390625e+01
7.725146484375000000e+01
7.817397308349609375e+01
7.909648132324218750e+01
8.439064788818359375e+01
8.501626586914062500e+01
8.564188385009765625e+01
8.626750183105468750e+01
8.689311218261718750e+01
8.416957092285156250e+01
8.489588928222656250e+01
8.634851074218750000e+01
8.707482147216796875e+01
7.018487548828125000e+01
7.098091888427734375e+01
7.177696228027343750e+01
7.496112060546875000e+01
7.814527893066406250e+01
8.132943725585937500e+01
6.267680358886718750e+01
6.317224884033203125e+01
6.366769409179687500e+01
6.465858459472656250e+01
6.713581085205078125e+01
6.763125610351562500e+01
6.862214660644531250e+01
6.961303710937500000e+01
7.251386260986328125e+01
7.310597991943359375e+01
7.369809722900390625e+01
7.488233947753906250e+01
7.794802093505859375e+01
7.837887573242187500e+01
7.880973052978515625e+01
7.967144012451171875e+01
8.053314208984375000e+01
8.139485168457031250e+01
8.311827087402343750e+01
8.123337554931640625e+01
8.175694274902343750e+01
8.228051757812500000e+01
8.332765197753906250e+01
7.312796783447265625e+01
7.350867462158203125e+01
7.388937377929687500e+01
7.465077972412109375e+01
7.541218566894531250e+01
7.617358398437500000e+01
7.693498992919921875e+01
7.769639587402343750e+01
7.076475524902343750e+01
7.116996765136718750e+01
7.157517242431640625e+01
7.238558959960937500e+01
7.319600677490234375e+01
7.481684875488281250e+01
7.643768310546875000e+01
8.983973693847656250e+01
9.058866119384765625e+01
9.133759307861328125e+01
9.208651733398437500e+01
9.283544921875000000e+01
8.487619781494140625e+01
8.561576843261718750e+01
8.635533905029296875e+01
8.709490966796875000e+01
8.196588134765625000e+01
8.249147033691406250e+01
8.301706695556640625e+01
8.406825256347656250e+01
8.320835113525390625e+01
8.395215606689453125e+01
8.469596099853515625e+01
8.618357849121093750e+01
6.860247039794921875e+01
6.897906494140625000e+01
6.935566711425781250e+01
7.010885620117187500e+01
7.161524963378906250e+01
7.236844635009765625e+01
7.312164306640625000e+01
7.387483978271484375e+01
7.383823394775390625e+01
7.418338012695312500e+01
7.452852630615234375e+01
7.487367248535156250e+01
7.521882629394531250e+01
7.184027099609375000e+01
7.237782287597656250e+01
7.345291137695312500e+01
7.452800750732421875e+01
7.560309600830078125e+01
7.667819213867187500e+01
7.775328063964843750e+01
7.882837677001953125e+01
7.645054626464843750e+01
7.702581024169921875e+01
7.760107421875000000e+01
7.875160217285156250e+01
7.990213012695312500e+01
7.800582885742187500e+01
7.854050445556640625e+01
7.960984802246093750e+01
8.014452362060546875e+01
7.976229858398437500e+01
8.038954925537109375e+01
8.101680755615234375e+01
8.227131652832031250e+01
6.868214416503906250e+01
6.905461883544921875e+01
6.942709350585937500e+01
6.979956817626953125e+01
7.159194946289062500e+01
7.287684631347656250e+01
7.459003448486328125e+01
7.544663238525390625e+01
7.801641845703125000e+01
7.065832519531250000e+01
7.106378173828125000e+01
7.187469482421875000e+01
7.268560791015625000e+01
7.390197753906250000e+01
7.552380371093750000e+01
7.633471679687500000e+01
8.153128051757812500e+01
8.204400634765625000e+01
8.255672454833984375e+01
8.358216857910156250e+01
7.819936370849609375e+01
7.855868530273437500e+01
7.891800689697265625e+01
7.999595642089843750e+01
6.842961120605468750e+01
6.884136962890625000e+01
6.925312042236328125e+01
7.007663726806640625e+01
7.090015411376953125e+01
7.172366333007812500e+01
6.477188110351562500e+01
6.518733978271484375e+01
6.560279846191406250e+01
6.643372344970703125e+01
6.726464843750000000e+01
6.887729644775390625e+01
6.933472442626953125e+01
7.024957275390625000e+01
7.116442871093750000e+01
7.207928466796875000e+01
7.299414062500000000e+01
7.711098480224609375e+01
7.552766418457031250e+01
7.617097473144531250e+01
7.681429290771484375e+01
7.810091400146484375e+01
8.171606445312500000e+01
8.474356842041015625e+01
8.575273132324218750e+01
8.777107238769531250e+01
7.638876342773437500e+01
7.705464172363281250e+01
7.772052001953125000e+01
7.838639831542968750e+01
7.905228424072265625e+01
8.038404083251953125e+01
8.171580505371093750e+01
8.304756164550781250e+01
8.437932586669921875e+01
7.718527221679687500e+01
7.781992340087890625e+01
7.845458221435546875e+01
7.972388458251953125e+01
8.099319458007812500e+01
7.193782806396484375e+01
7.240808105468750000e+01
7.287834167480468750e+01
7.569989013671875000e+01
7.758092498779296875e+01
7.946195983886718750e+01
8.256357574462890625e+01
8.310831451416015625e+01
8.365306091308593750e+01
8.474254608154296875e+01
8.583203125000000000e+01
7.860276794433593750e+01
7.915088653564453125e+01
7.969900512695312500e+01
8.079524230957031250e+01
8.144686126708984375e+01
8.229520416259765625e+01
8.314355468750000000e+01
8.399189758300781250e+01
8.484024810791015625e+01
7.076412963867187500e+01
7.134108734130859375e+01
7.191804504394531250e+01
7.307195281982421875e+01
8.020670318603515625e+01
8.053500366210937500e+01
8.217650604248046875e+01
8.283310699462890625e+01
8.348970794677734375e+01
8.385288238525390625e+01
8.447574615478515625e+01
8.509861755371093750e+01
8.572148132324218750e+01
7.037930297851562500e+01
7.088901519775390625e+01
7.139871978759765625e+01
7.241813659667968750e+01
7.343755340576171875e+01
8.135243225097656250e+01
8.197380065917968750e+01
8.383789825439453125e+01
8.632337188720703125e+01
7.252885437011718750e+01
7.284654998779296875e+01
7.316423797607421875e+01
7.379962921142578125e+01
7.411731719970703125e+01
7.775819396972656250e+01
7.888858795166015625e+01
7.945378112792968750e+01
8.001897430419921875e+01
7.256583404541015625e+01
7.323390960693359375e+01
7.390198516845703125e+01
7.457006072998046875e+01
7.657427978515625000e+01
7.509317779541015625e+01
7.579137420654296875e+01
7.648957061767578125e+01
7.718777465820312500e+01
7.998057556152343750e+01
7.459439849853515625e+01
7.517665100097656250e+01
7.575890350341796875e+01
7.692340850830078125e+01
7.808791351318359375e+01
8.012895965576171875e+01
8.074516296386718750e+01
8.136137390136718750e+01
8.197757720947265625e+01
7.601503753662109375e+01
7.689081573486328125e+01
7.776660156250000000e+01
7.864238739013671875e+01
8.039395141601562500e+01
7.414983367919921875e+01
7.469104766845703125e+01
7.523226928710937500e+01
7.631470489501953125e+01
7.663811492919921875e+01
7.692470550537109375e+01
7.721130371093750000e+01
7.778448486328125000e+01
7.835766601562500000e+01
7.117577362060546875e+01
7.217504119873046875e+01
7.317430877685546875e+01
7.417357635498046875e+01
7.517284393310546875e+01
7.717137145996093750e+01
7.916990661621093750e+01
8.116844177246093750e+01
8.316697692871093750e+01
7.607456207275390625e+01
7.671294403076171875e+01
7.735132598876953125e+01
7.798970794677734375e+01
7.862808990478515625e+01
7.356874847412109375e+01
7.408660125732421875e+01
7.460445404052734375e+01
7.564015960693359375e+01
7.667586517333984375e+01
6.943428039550781250e+01
6.979197692871093750e+01
7.014968109130859375e+01
7.050738525390625000e+01
7.086508941650390625e+01
8.354574584960937500e+01
8.447213745117187500e+01
8.539852905273437500e+01
8.632492065429687500e+01
7.776434326171875000e+01
7.826739501953125000e+01
7.877044677734375000e+01
7.927349853515625000e+01
8.201924133300781250e+01
8.266201782226562500e+01
8.330479431152343750e+01
8.459033966064453125e+01
6.979734039306640625e+01
7.014760589599609375e+01
7.049787139892578125e+01
7.084812927246093750e+01
7.119839477539062500e+01
7.189892578125000000e+01
7.259944915771484375e+01
7.329998016357421875e+01
7.400050354003906250e+01
7.470102691650390625e+01
7.776359558105468750e+01
7.825453186035156250e+01
7.874546051025390625e+01
7.972733306884765625e+01
8.169107055664062500e+01
8.365481567382812500e+01
7.698795318603515625e+01
7.752522277832031250e+01
7.806248474121093750e+01
7.859975433349609375e+01
7.913702392578125000e+01
7.224951171875000000e+01
7.270101165771484375e+01
7.315251159667968750e+01
7.676451873779296875e+01
7.766752624511718750e+01
7.056875610351562500e+01
7.118809509277343750e+01
7.304610443115234375e+01
7.552345275878906250e+01
7.800080108642578125e+01
8.061150360107421875e+01
8.116170501708984375e+01
8.171189880371093750e+01
8.226210021972656250e+01
7.806190490722656250e+01
7.862886047363281250e+01
7.919582366943359375e+01
7.976277923583984375e+01
8.032974243164062500e+01
6.734455108642578125e+01
6.770918273925781250e+01
6.807381439208984375e+01
6.880307769775390625e+01
6.953234100341796875e+01
7.099086761474609375e+01
7.172013092041015625e+01
7.244939422607421875e+01
7.390792846679687500e+01
8.427353668212890625e+01
8.486144256591796875e+01
8.544935607910156250e+01
8.603726196289062500e+01
8.024719238281250000e+01
8.093474578857421875e+01
8.162229919433593750e+01
8.230985260009765625e+01
8.437251281738281250e+01
8.574761962890625000e+01
8.712272644042968750e+01
8.513737487792968750e+01
8.594427490234375000e+01
8.675117492675781250e+01
8.755807495117187500e+01
8.917186737060546875e+01
7.324752807617187500e+01
7.371225738525390625e+01
7.417698669433593750e+01
7.510645294189453125e+01
7.603591156005859375e+01
7.372512817382812500e+01
7.424705505371093750e+01
7.476898193359375000e+01
7.581283569335937500e+01
7.287365722656250000e+01
7.319583129882812500e+01
7.351800537109375000e+01
7.480670166015625000e+01
6.824985504150390625e+01
6.877758789062500000e+01
6.930532073974609375e+01
7.247171020507812500e+01
7.352717590332031250e+01
7.458263397216796875e+01
7.563809967041015625e+01
7.669356536865234375e+01
7.938420867919921875e+01
7.999345397949218750e+01
8.060269927978515625e+01
8.121194458007812500e+01
8.182118988037109375e+01
8.425817871093750000e+01
7.598152923583984375e+01
7.655698394775390625e+01
7.713243103027343750e+01
7.770787811279296875e+01
7.828333282470703125e+01
9.024387359619140625e+01
9.091193389892578125e+01
9.157998657226562500e+01
9.291609954833984375e+01
6.882826232910156250e+01
6.933651733398437500e+01
7.035303497314453125e+01
7.238606262207031250e+01
7.391083526611328125e+01
8.133049011230468750e+01
8.190026092529296875e+01
8.247003173828125000e+01
8.303979492187500000e+01
8.283377838134765625e+01
8.335171508789062500e+01
8.438758087158203125e+01
8.542344665527343750e+01
7.808992004394531250e+01
7.849547576904296875e+01
8.011769866943359375e+01
8.092881011962890625e+01
8.173992156982421875e+01
7.312739562988281250e+01
7.353324127197265625e+01
7.434492492675781250e+01
7.475077056884765625e+01
7.556245422363281250e+01
7.718582916259765625e+01
7.759167480468750000e+01
6.937203216552734375e+01
7.046241760253906250e+01
7.155279541015625000e+01
7.264318084716796875e+01
7.591432952880859375e+01
7.809509277343750000e+01
8.245662689208984375e+01
8.463739013671875000e+01
7.878947448730468750e+01
7.935140991210937500e+01
7.991335296630859375e+01
8.103723907470703125e+01
8.216111755371093750e+01
8.297934722900390625e+01
8.389949035644531250e+01
8.481964111328125000e+01
8.573979187011718750e+01
9.218083190917968750e+01
7.905073547363281250e+01
7.971336364746093750e+01
8.037599182128906250e+01
8.103861999511718750e+01
8.170124816894531250e+01
8.302650451660156250e+01
8.567701721191406250e+01
8.748992156982421875e+01
8.833545684814453125e+01
8.918099212646484375e+01
9.002652740478515625e+01
9.087206268310546875e+01
9.256313323974609375e+01
9.425420379638671875e+01
6.517316436767578125e+01
6.572550964355468750e+01
6.627785491943359375e+01
6.738254547119140625e+01
6.848723602294921875e+01
6.959192657470703125e+01
7.180130767822265625e+01
7.139723205566406250e+01
7.196009063720703125e+01
7.252294921875000000e+01
7.364865875244140625e+01
7.018237304687500000e+01
7.062572479248046875e+01
7.106907653808593750e+01
7.195577239990234375e+01
7.284247589111328125e+01
7.550257110595703125e+01
8.222004699707031250e+01
8.299637603759765625e+01
8.377270507812500000e+01
8.454903411865234375e+01
8.532536315917968750e+01
7.326346588134765625e+01
7.393465423583984375e+01
7.460583496093750000e+01
7.527701568603515625e+01
7.863293457031250000e+01
7.930719757080078125e+01
7.971418762207031250e+01
8.012117767333984375e+01
8.052816009521484375e+01
8.093515014648437500e+01
8.174912261962890625e+01
8.256309509277343750e+01
8.337706756591796875e+01
8.278684997558593750e+01
8.353697204589843750e+01
8.428709411621093750e+01
8.503720855712890625e+01
8.728756713867187500e+01
9.028804016113281250e+01
7.547157287597656250e+01
7.631061553955078125e+01
7.673014068603515625e+01
7.756919097900390625e+01
7.840823364257812500e+01
8.581277465820312500e+01
8.647775268554687500e+01
8.714273071289062500e+01
8.780770111083984375e+01
7.310518646240234375e+01
7.349353027343750000e+01
7.388187408447265625e+01
7.621192932128906250e+01
7.698861694335937500e+01
7.776530456542968750e+01
7.854198455810546875e+01
7.117427062988281250e+01
7.192867279052734375e+01
7.268306732177734375e+01
7.419187164306640625e+01
7.570066070556640625e+01
7.558814239501953125e+01
7.620239257812500000e+01
7.681664276123046875e+01
7.927364349365234375e+01
8.050214385986328125e+01
7.807005310058593750e+01
7.954642486572265625e+01
8.028460693359375000e+01
8.102279663085937500e+01
6.179304885864257812e+01
6.214083862304687500e+01
6.248862838745117188e+01
6.283641815185546875e+01
6.387978363037109375e+01
6.492315673828125000e+01
6.596652221679687500e+01
7.418808746337890625e+01
7.480037689208984375e+01
7.541266632080078125e+01
7.602494812011718750e+01
7.724952697753906250e+01
7.387437438964843750e+01
7.493849182128906250e+01
7.600261688232421875e+01
8.079115295410156250e+01
8.238732910156250000e+01
7.605268859863281250e+01
7.652526855468750000e+01
7.747042846679687500e+01
7.794300079345703125e+01
7.888816070556640625e+01
7.168131256103515625e+01
7.221047210693359375e+01
7.273963165283203125e+01
7.326879119873046875e+01
7.379795074462890625e+01
7.485626983642578125e+01
7.591458892822265625e+01
7.697291564941406250e+01
7.803123474121093750e+01
8.014787292480468750e+01
7.732153320312500000e+01
7.760469818115234375e+01
7.788786315917968750e+01
7.845419311523437500e+01
6.518582916259765625e+01
6.567482757568359375e+01
6.616382598876953125e+01
6.714181518554687500e+01
6.811981201171875000e+01
7.605512237548828125e+01
7.716037750244140625e+01
7.771300506591796875e+01
7.826563262939453125e+01
7.937088775634765625e+01
8.047614288330078125e+01
8.158140563964843750e+01
6.572039031982421875e+01
6.635169219970703125e+01
6.698299407958984375e+01
6.824559020996093750e+01
6.950818634033203125e+01
7.077079010009765625e+01
7.203338623046875000e+01
7.329598236083984375e+01
7.884149932861328125e+01
7.930328369140625000e+01
7.976506805419921875e+01
8.022685241699218750e+01
7.139713287353515625e+01
7.208459472656250000e+01
7.277205657958984375e+01
7.345951843261718750e+01
7.414698028564453125e+01
7.552190399169921875e+01
7.964667510986328125e+01
7.742799377441406250e+01
7.802434539794921875e+01
7.862070465087890625e+01
7.921705627441406250e+01
8.443662261962890625e+01
8.494276428222656250e+01
8.544890594482421875e+01
8.595505523681640625e+01
7.188196563720703125e+01
7.250782012939453125e+01
7.313367462158203125e+01
7.375952148437500000e+01
7.626293945312500000e+01
7.751464080810546875e+01
8.364315032958984375e+01
8.411684417724609375e+01
8.459053802490234375e+01
8.506423187255859375e+01
8.553792572021484375e+01
8.648531341552734375e+01
7.723167419433593750e+01
7.795994567871093750e+01
7.868821716308593750e+01
7.941648101806640625e+01
8.014475250244140625e+01
6.522544860839843750e+01
6.591928100585937500e+01
6.661312103271484375e+01
6.800079345703125000e+01
6.938847351074218750e+01
7.146998596191406250e+01
7.285765838623046875e+01
7.329847717285156250e+01
7.380176544189453125e+01
7.430506134033203125e+01
7.480835723876953125e+01
7.631823730468750000e+01
7.732482147216796875e+01
7.833140563964843750e+01
7.523783874511718750e+01
7.574636077880859375e+01
7.625488281250000000e+01
7.727192687988281250e+01
7.828896331787109375e+01
7.969741058349609375e+01
8.029810333251953125e+01
8.089879608154296875e+01
8.149948883056640625e+01
8.210018157958984375e+01
7.249967193603515625e+01
7.308123779296875000e+01
7.424436950683593750e+01
7.482593536376953125e+01
8.380511474609375000e+01
8.445220947265625000e+01
8.509929656982421875e+01
8.639347839355468750e+01
7.305179595947265625e+01
7.327298736572265625e+01
7.349418640136718750e+01
7.371538543701171875e+01
7.415777587890625000e+01
7.460016632080078125e+01
7.548495483398437500e+01
7.592734527587890625e+01
7.636974334716796875e+01
8.191423797607421875e+01
8.262278747558593750e+01
8.333132934570312500e+01
8.474841308593750000e+01
7.541583251953125000e+01
7.571471405029296875e+01
7.631248474121093750e+01
7.661136627197265625e+01
7.037613677978515625e+01
7.079953765869140625e+01
7.122293853759765625e+01
7.291653442382812500e+01
7.461013031005859375e+01
7.545693206787109375e+01
7.944589996337890625e+01
8.000844573974609375e+01
8.057098388671875000e+01
8.169606781005859375e+01
8.547968292236328125e+01
8.632321166992187500e+01
8.716674041748046875e+01
8.885380554199218750e+01
7.124468994140625000e+01
7.158412170410156250e+01
7.226298522949218750e+01
7.260241699218750000e+01
6.747128295898437500e+01
6.803914642333984375e+01
6.860700988769531250e+01
6.917487335205078125e+01
6.974274444580078125e+01
7.087847137451171875e+01
7.381374359130859375e+01
7.432566833496093750e+01
7.483759307861328125e+01
7.534951019287109375e+01
7.790913391113281250e+01
7.893298339843750000e+01
7.995683288574218750e+01
8.098068237304687500e+01
7.618016815185546875e+01
7.656513977050781250e+01
7.695011138916015625e+01
7.733508300781250000e+01
7.772006225585937500e+01
7.925994873046875000e+01
8.002989196777343750e+01
8.079983520507812500e+01
6.534147644042968750e+01
6.595811462402343750e+01
6.657474517822265625e+01
6.780801391601562500e+01
6.904127502441406250e+01
7.710827636718750000e+01
7.763792419433593750e+01
7.816757202148437500e+01
7.922686767578125000e+01
8.028616333007812500e+01
8.134545898437500000e+01
7.304349517822265625e+01
7.339059448242187500e+01
7.443189239501953125e+01
7.512609100341796875e+01
7.582028961181640625e+01
7.651448822021484375e+01
7.720868682861328125e+01
7.790287780761718750e+01
7.995217895507812500e+01
8.094422912597656250e+01
8.193627929687500000e+01
8.292832946777343750e+01
8.441640472412109375e+01
8.540845489501953125e+01
7.331042480468750000e+01
7.378762817382812500e+01
7.426483154296875000e+01
7.521923065185546875e+01
7.617363739013671875e+01
7.808244323730468750e+01
7.986861419677734375e+01
8.073122406005859375e+01
8.159383392333984375e+01
8.245644378662109375e+01
8.331906127929687500e+01
8.504428100585937500e+01
8.697406768798828125e+01
8.775189208984375000e+01
8.852972412109375000e+01
9.008538055419921875e+01
6.471721649169921875e+01
6.529549407958984375e+01
6.587376403808593750e+01
6.703031921386718750e+01
6.818687438964843750e+01
8.166181182861328125e+01
8.277599334716796875e+01
8.351878356933593750e+01
8.426157379150390625e+01
6.807623291015625000e+01
6.857028961181640625e+01
6.906434631347656250e+01
6.955840301513671875e+01
7.005245971679687500e+01
6.264576721191406250e+01
6.321908187866210938e+01
6.379239654541015625e+01
6.493902587890625000e+01
6.608564758300781250e+01
6.723227691650390625e+01
6.837890625000000000e+01
6.952553558349609375e+01
8.317323303222656250e+01
8.403791046142578125e+01
8.490258026123046875e+01
8.576725769042968750e+01
8.663192749023437500e+01
7.182686614990234375e+01
7.231152343750000000e+01
7.279618835449218750e+01
7.376550292968750000e+01
7.473481750488281250e+01
7.630136108398437500e+01
7.682444763183593750e+01
7.734752655029296875e+01
7.787061309814453125e+01
7.943986511230468750e+01
8.153220367431640625e+01
6.686207580566406250e+01
6.721166229248046875e+01
6.791083526611328125e+01
7.035793304443359375e+01
7.105710601806640625e+01
8.063317108154296875e+01
8.129898834228515625e+01
8.196480560302734375e+01
8.263062286376953125e+01
8.329644012451171875e+01
6.536261749267578125e+01
6.601377105712890625e+01
6.666491699218750000e+01
6.796721649169921875e+01
6.926951599121093750e+01
7.187411499023437500e+01
7.317641448974609375e+01
6.505962371826171875e+01
6.558879089355468750e+01
6.611795806884765625e+01
6.717629241943359375e+01
6.823463439941406250e+01
7.488150787353515625e+01
7.668904113769531250e+01
8.211164855957031250e+01
8.391918182373046875e+01
6.368215942382812500e+01
6.426498413085937500e+01
6.484780883789062500e+01
6.601345825195312500e+01
6.834475708007812500e+01
7.187574005126953125e+01
7.231961059570312500e+01
7.276348114013671875e+01
7.320735168457031250e+01
7.365122222900390625e+01
7.498283386230468750e+01
7.219473266601562500e+01
7.404675292968750000e+01
7.589876556396484375e+01
7.682477569580078125e+01
7.775078582763671875e+01
7.867678833007812500e+01
7.960279846191406250e+01
7.137274169921875000e+01
7.202627563476562500e+01
7.267980194091796875e+01
7.333333587646484375e+01
7.398686981201171875e+01
6.502089691162109375e+01
6.544181823730468750e+01
6.586273956298828125e+01
6.670457458496093750e+01
6.754640960693359375e+01
8.285869598388671875e+01
8.329534912109375000e+01
8.373200225830078125e+01
8.416864776611328125e+01
8.504195404052734375e+01
8.591525268554687500e+01
7.391522216796875000e+01
7.439253234863281250e+01
7.486984252929687500e+01
7.534716033935546875e+01
7.582447052001953125e+01
7.677909088134765625e+01
7.773371887207031250e+01
7.868834686279296875e+01
7.938185119628906250e+01
7.992325592041015625e+01
8.046466064453125000e+01
8.100605773925781250e+01
6.992203521728515625e+01
7.049356079101562500e+01
7.106509399414062500e+01
7.163661956787109375e+01
7.220815277099609375e+01
6.711773681640625000e+01
6.752156829833984375e+01
6.792539215087890625e+01
6.873305511474609375e+01
6.954071807861328125e+01
7.034837341308593750e+01
7.196369934082031250e+01
7.277136230468750000e+01
8.191001892089843750e+01
8.262458801269531250e+01
8.333915710449218750e+01
8.405372619628906250e+01
8.476829528808593750e+01
8.619744110107421875e+01
7.547532653808593750e+01
7.598268890380859375e+01
7.649004364013671875e+01
7.750476074218750000e+01
7.237394714355468750e+01
7.397869110107421875e+01
7.558343505859375000e+01
7.638581085205078125e+01
7.799055480957031250e+01
6.244823455810546875e+01
6.282995223999023438e+01
6.321166992187500000e+01
6.397511291503906250e+01
6.473854827880859375e+01
6.626542663574218750e+01
8.342772674560546875e+01
8.413842773437500000e+01
8.484912872314453125e+01
8.555982208251953125e+01
7.857896423339843750e+01
7.936867523193359375e+01
8.015838623046875000e+01
8.094809722900390625e+01
8.173780822753906250e+01
8.412685394287109375e+01
8.575334167480468750e+01
8.656658172607421875e+01
8.737982177734375000e+01
8.900630950927734375e+01
7.767538452148437500e+01
7.808161926269531250e+01
7.848784637451171875e+01
7.889407348632812500e+01
7.930030059814453125e+01
8.011276245117187500e+01
8.092521667480468750e+01
8.173767089843750000e+01
8.255013275146484375e+01
6.821615600585937500e+01
6.858807373046875000e+01
6.895999908447265625e+01
6.970383453369140625e+01
7.044766998291015625e+01
8.347264862060546875e+01
8.408694458007812500e+01
8.470124053955078125e+01
8.592983245849609375e+01
7.554274749755859375e+01
7.613127136230468750e+01
7.671980285644531250e+01
7.730833435058593750e+01
7.789686584472656250e+01
7.732272338867187500e+01
7.785832977294921875e+01
7.839394378662109375e+01
7.892955017089843750e+01
7.946516418457031250e+01
8.053637695312500000e+01
7.937085723876953125e+01
8.009435272216796875e+01
8.154135131835937500e+01
8.298834991455078125e+01
8.541418457031250000e+01
8.600972747802734375e+01
8.660526275634765625e+01
8.720080566406250000e+01
8.779634857177734375e+01
8.898742675781250000e+01
9.017851257324218750e+01
7.298783111572265625e+01
7.372879028320312500e+01
7.446974182128906250e+01
7.521070098876953125e+01
7.595166015625000000e+01
7.891548156738281250e+01
7.143220520019531250e+01
7.203924560546875000e+01
7.386038970947265625e+01
7.446743774414062500e+01
8.357443237304687500e+01
8.404088592529296875e+01
8.497377777099609375e+01
8.544023132324218750e+01
8.637312316894531250e+01
7.541268157958984375e+01
7.595906829833984375e+01
7.650545501708984375e+01
7.759823608398437500e+01
8.502029418945312500e+01
8.591384887695312500e+01
8.680741119384765625e+01
8.770097351074218750e+01
8.859452819824218750e+01
9.038165283203125000e+01
8.527165222167968750e+01
8.607859039306640625e+01
8.688553619384765625e+01
8.769247436523437500e+01
8.849942016601562500e+01
7.120097351074218750e+01
7.160614013671875000e+01
7.201131439208984375e+01
7.282165527343750000e+01
7.363199615478515625e+01
7.081764984130859375e+01
7.165426635742187500e+01
7.500074005126953125e+01
7.583735656738281250e+01
7.667398071289062500e+01
7.751059722900390625e+01
7.354071807861328125e+01
7.389173126220703125e+01
7.424273681640625000e+01
7.459375000000000000e+01
7.494475555419921875e+01
7.564677429199218750e+01
7.634878540039062500e+01
7.810382843017578125e+01
7.915685272216796875e+01
7.547277069091796875e+01
7.607725524902343750e+01
7.668174743652343750e+01
7.728623199462890625e+01
7.789071655273437500e+01
7.909969329833984375e+01
8.030866241455078125e+01
7.410842132568359375e+01
7.472566986083984375e+01
7.534292602539062500e+01
7.781192779541015625e+01
7.490387725830078125e+01
7.529376220703125000e+01
7.568364715576171875e+01
7.646341705322265625e+01
7.802294921875000000e+01
7.880271911621093750e+01
7.958248138427734375e+01
6.229775238037109375e+01
6.274856567382812500e+01
6.410100555419921875e+01
6.500263214111328125e+01
6.590425872802734375e+01
6.170367050170898438e+01
6.212375640869140625e+01
6.254384613037109375e+01
6.338402175903320312e+01
6.422419738769531250e+01
6.590455627441406250e+01
7.434977722167968750e+01
7.484490203857421875e+01
7.534003448486328125e+01
7.633029937744140625e+01
7.732056427001953125e+01
6.393560409545898438e+01
6.437717437744140625e+01
6.481874847412109375e+01
6.570188903808593750e+01
6.658502960205078125e+01
6.429013061523437500e+01
6.468019866943359375e+01
6.507025909423828125e+01
6.585038757324218750e+01
7.829468536376953125e+01
7.875166320800781250e+01
7.920864868164062500e+01
8.012261199951171875e+01
8.103657531738281250e+01
6.337754440307617188e+01
6.386867904663085938e+01
6.435980987548828125e+01
6.534207916259765625e+01
6.632434844970703125e+01
6.730661773681640625e+01
7.820359039306640625e+01
7.866615295410156250e+01
7.912871551513671875e+01
8.005383300781250000e+01
8.413458251953125000e+01
8.483250427246093750e+01
8.553042602539062500e+01
8.692627716064453125e+01
7.990695190429687500e+01
8.075014495849609375e+01
8.159333801269531250e+01
8.327971649169921875e+01
7.129971313476562500e+01
7.189414215087890625e+01
7.248857116699218750e+01
7.367742919921875000e+01
7.425994873046875000e+01
7.510015869140625000e+01
7.594036865234375000e+01
7.930120849609375000e+01
8.098162841796875000e+01
6.772913360595703125e+01
6.837184906005859375e+01
6.901455688476562500e+01
6.965727233886718750e+01
7.029998779296875000e+01
7.158910369873046875e+01
7.207839202880859375e+01
7.305696868896484375e+01
7.403553771972656250e+01
8.115974426269531250e+01
8.144236755371093750e+01
8.172499847412109375e+01
8.229024505615234375e+01
7.402350616455078125e+01
7.436470031738281250e+01
7.470590209960937500e+01
7.538829803466796875e+01
6.666104125976562500e+01
6.738879394531250000e+01
6.811653900146484375e+01
6.884429168701171875e+01
6.957203674316406250e+01
6.993216705322265625e+01
7.021749114990234375e+01
7.050281524658203125e+01
7.107345581054687500e+01
7.164409637451171875e+01
7.221473693847656250e+01
7.349490356445312500e+01
7.394429779052734375e+01
7.439369201660156250e+01
7.529248809814453125e+01
7.709006500244140625e+01
7.357070159912109375e+01
7.386763000488281250e+01
7.416455841064453125e+01
7.475840759277343750e+01
7.594611358642578125e+01
6.870246124267578125e+01
6.920364379882812500e+01
6.970481872558593750e+01
7.070717620849609375e+01
7.271189117431640625e+01
7.384696960449218750e+01
7.445188903808593750e+01
7.505680084228515625e+01
7.626663208007812500e+01
7.850411987304687500e+01
7.915829467773437500e+01
7.981246948242187500e+01
8.112081146240234375e+01
8.242916107177734375e+01
8.504585266113281250e+01
7.316160583496093750e+01
7.404125976562500000e+01
7.492091369628906250e+01
7.580055999755859375e+01
7.755986785888671875e+01
6.918879699707031250e+01
6.961946868896484375e+01
7.005014038085937500e+01
7.091148376464843750e+01
7.177282714843750000e+01
7.263417053222656250e+01
6.728813934326171875e+01
6.815748596191406250e+01
6.902683258056640625e+01
6.989617919921875000e+01
7.076551818847656250e+01
7.719445037841796875e+01
7.767283630371093750e+01
7.815122222900390625e+01
7.910799407958984375e+01
8.006476593017578125e+01
7.325629425048828125e+01
7.451034545898437500e+01
7.576439666748046875e+01
7.701844024658203125e+01
7.827249145507812500e+01
7.737556457519531250e+01
7.780501556396484375e+01
7.823447418212890625e+01
7.909339141845703125e+01
7.995230102539062500e+01
6.590361022949218750e+01
6.643913269042968750e+01
6.697466278076171875e+01
6.804570770263671875e+01
6.911675262451171875e+01
7.018779754638671875e+01
6.564886474609375000e+01
6.608911895751953125e+01
6.652938079833984375e+01
6.740988922119140625e+01
6.829040527343750000e+01
6.917091369628906250e+01
7.805213165283203125e+01
7.850483703613281250e+01
7.986293792724609375e+01
8.076834869384765625e+01
7.025571441650390625e+01
7.071926116943359375e+01
7.118281555175781250e+01
7.303702545166015625e+01
6.643704223632812500e+01
6.696171569824218750e+01
6.748638916015625000e+01
6.853574371337890625e+01
6.958509826660156250e+01
7.063445281982421875e+01
7.576329040527343750e+01
7.614472961425781250e+01
7.728902435302734375e+01
7.805188751220703125e+01
7.881475830078125000e+01
6.349028778076171875e+01
6.377651596069335938e+01
6.406274414062500000e+01
6.463520050048828125e+01
6.578011322021484375e+01
7.743722534179687500e+01
7.797537231445312500e+01
7.851352691650390625e+01
7.958982849121093750e+01
6.471939849853515625e+01
6.509188842773437500e+01
6.546437835693359375e+01
6.620936584472656250e+01
6.695434570312500000e+01
6.769932556152343750e+01
7.480688476562500000e+01
7.584563446044921875e+01
7.688439178466796875e+01
7.896189880371093750e+01
8.103941345214843750e+01
8.311692047119140625e+01
7.374531555175781250e+01
7.424188232421875000e+01
7.473844909667968750e+01
7.573158264160156250e+01
6.755341339111328125e+01
6.791683197021484375e+01
6.828025817871093750e+01
6.973394775390625000e+01
7.046079254150390625e+01
7.855577850341796875e+01
7.904645538330078125e+01
7.953713989257812500e+01
8.051850128173828125e+01
6.722592163085937500e+01
6.770619964599609375e+01
6.818647766113281250e+01
6.914702606201171875e+01
7.010757446289062500e+01
7.106812286376953125e+01
8.070140075683593750e+01
8.164884948730468750e+01
8.259629821777343750e+01
8.449120330810546875e+01
8.638610076904296875e+01
7.490843963623046875e+01
7.541758728027343750e+01
7.592674255371093750e+01
7.694504547119140625e+01
7.796334838867187500e+01
7.898165130615234375e+01
7.548835754394531250e+01
7.649668121337890625e+01
7.750500488281250000e+01
7.851333618164062500e+01
7.952165985107421875e+01
6.616918945312500000e+01
6.669952392578125000e+01
6.722985839843750000e+01
6.829052734375000000e+01
6.935119628906250000e+01
6.274923324584960938e+01
6.302793884277343750e+01
6.330664825439453125e+01
6.386405944824218750e+01
6.442147064208984375e+01
6.679296112060546875e+01
6.723959350585937500e+01
6.768622589111328125e+01
6.857949829101562500e+01
6.947276306152343750e+01
7.036602783203125000e+01
7.095576477050781250e+01
7.147480773925781250e+01
7.199385070800781250e+01
7.303194427490234375e+01
7.407003021240234375e+01
7.510812377929687500e+01
6.314994049072265625e+01
6.369521331787109375e+01
6.424048614501953125e+01
6.533103179931640625e+01
6.642157745361328125e+01
6.751212310791015625e+01
7.166278076171875000e+01
7.197396850585937500e+01
7.228515625000000000e+01
7.321871948242187500e+01
7.882512664794921875e+01
7.938815307617187500e+01
7.995117950439453125e+01
8.107723999023437500e+01
6.700565338134765625e+01
6.765899658203125000e+01
6.831234741210937500e+01
6.961903381347656250e+01
7.100148010253906250e+01
7.137618255615234375e+01
7.175089263916015625e+01
7.250031280517578125e+01
7.399914550781250000e+01
7.506701660156250000e+01
7.566704559326171875e+01
7.626706695556640625e+01
7.746711730957031250e+01
7.866716766357421875e+01
7.926071929931640625e+01
8.000679779052734375e+01
8.075288391113281250e+01
8.224504852294921875e+01
8.373721313476562500e+01
6.205957031250000000e+01
6.255686950683593750e+01
6.305416870117187500e+01
6.404875946044921875e+01
6.504335784912109375e+01
6.603794860839843750e+01
6.806641387939453125e+01
6.836975097656250000e+01
6.867308807373046875e+01
6.927976226806640625e+01
6.988644409179687500e+01
7.049311828613281250e+01
8.131017303466796875e+01
8.183791351318359375e+01
8.236565399169921875e+01
8.342113494873046875e+01
6.242723083496093750e+01
6.293956375122070312e+01
6.345189666748046875e+01
6.447656250000000000e+01
6.550122070312500000e+01
6.652588653564453125e+01
7.278773498535156250e+01
7.329352569580078125e+01
7.379931640625000000e+01
7.481089782714843750e+01
6.165881729125976562e+01
6.202684402465820312e+01
6.239487075805664062e+01
6.313092422485351562e+01
6.460303497314453125e+01
7.250797271728515625e+01
7.311007690429687500e+01
7.371218872070312500e+01
7.491640472412109375e+01
7.612062072753906250e+01
7.732483673095703125e+01
8.333840179443359375e+01
8.378929138183593750e+01
8.424017333984375000e+01
8.514194488525390625e+01
6.883685302734375000e+01
6.916833496093750000e+01
6.949982452392578125e+01
7.016278839111328125e+01
7.148873138427734375e+01
6.974275970458984375e+01
7.043100738525390625e+01
7.111926269531250000e+01
7.249576568603515625e+01
6.687055969238281250e+01
6.745719146728515625e+01
6.804382324218750000e+01
6.921707916259765625e+01
7.645845794677734375e+01
7.683168792724609375e+01
7.720492553710937500e+01
7.795139312744140625e+01
7.996655273437500000e+01
8.065765380859375000e+01
8.134874725341796875e+01
8.273093414306640625e+01
7.830641174316406250e+01
7.890067291259765625e+01
7.949493408203125000e+01
8.068346405029296875e+01
7.123738098144531250e+01
7.161955261230468750e+01
7.200171661376953125e+01
7.276605224609375000e+01
7.429472351074218750e+01
7.387017059326171875e+01
7.488463592529296875e+01
7.589910888671875000e+01
7.792803955078125000e+01
7.046041870117187500e+01
7.090492248535156250e+01
7.179393768310546875e+01
7.268294525146484375e+01
7.034482574462890625e+01
7.086389923095703125e+01
7.190203857421875000e+01
7.294017791748046875e+01
7.397832489013671875e+01
7.404386138916015625e+01
7.460590362548828125e+01
7.516793823242187500e+01
7.629201507568359375e+01
7.741608428955078125e+01
7.457264709472656250e+01
7.508882904052734375e+01
7.560500335693359375e+01
7.663735961914062500e+01
6.464355468750000000e+01
6.508084106445312500e+01
6.595542144775390625e+01
6.770457458496093750e+01
8.024456787109375000e+01
8.103977203369140625e+01
8.183497619628906250e+01
8.342539215087890625e+01
6.722646331787109375e+01
6.769759368896484375e+01
6.816872406005859375e+01
6.911097717285156250e+01
7.099549865722656250e+01
7.485133361816406250e+01
7.535205841064453125e+01
7.585279083251953125e+01
7.685424041748046875e+01
7.835641479492187500e+01
6.287611007690429688e+01
6.331635665893554688e+01
6.463710021972656250e+01
6.639809417724609375e+01
6.608811950683593750e+01
6.641651153564453125e+01
6.674490356445312500e+01
6.740167999267578125e+01
7.711177825927734375e+01
7.823008728027343750e+01
7.934840393066406250e+01
8.158502960205078125e+01
8.605828094482421875e+01
6.375157928466796875e+01
6.418392944335937500e+01
6.461627197265625000e+01
6.548097229003906250e+01
6.320065689086914062e+01
6.384573364257812500e+01
6.449081420898437500e+01
6.578096771240234375e+01
7.394556427001953125e+01
7.443487548828125000e+01
7.492418670654296875e+01
7.590280151367187500e+01
7.786004638671875000e+01
7.316330718994140625e+01
7.371760559082031250e+01
7.427190399169921875e+01
7.538050079345703125e+01
7.042577362060546875e+01
7.094897460937500000e+01
7.147217559814453125e+01
7.251857757568359375e+01
7.461138153076171875e+01
7.532760620117187500e+01
7.581860351562500000e+01
7.630959320068359375e+01
7.729158020019531250e+01
7.925555419921875000e+01
7.699864196777343750e+01
7.754104614257812500e+01
7.808345794677734375e+01
7.916827392578125000e+01
7.447682952880859375e+01
7.508502197265625000e+01
7.569321441650390625e+01
7.690959930419921875e+01
7.934236145019531250e+01
6.403934478759765625e+01
6.450217437744140625e+01
6.496500396728515625e+01
6.589066314697265625e+01
6.774198150634765625e+01
7.218794250488281250e+01
7.272755432128906250e+01
7.326715850830078125e+01
7.434638214111328125e+01
7.079103088378906250e+01
7.126345062255859375e+01
7.173587799072265625e+01
7.268072509765625000e+01
7.457041168212890625e+01
7.508274078369140625e+01
7.564759826660156250e+01
7.621246337890625000e+01
7.734217834472656250e+01
7.580595397949218750e+01
7.622547149658203125e+01
7.664498901367187500e+01
7.748402404785156250e+01
7.916209411621093750e+01
6.016495895385742188e+01
6.071117782592773438e+01
6.125739288330078125e+01
6.234983062744140625e+01
6.453469848632812500e+01
7.768351745605468750e+01
7.891445159912109375e+01
8.014538574218750000e+01
8.260724639892578125e+01
6.807595825195312500e+01
6.846351623535156250e+01
6.885106658935546875e+01
6.962618255615234375e+01
7.117639923095703125e+01
7.837979125976562500e+01
7.940921783447265625e+01
8.043864440917968750e+01
8.249750518798828125e+01
6.971860504150390625e+01
7.027790069580078125e+01
7.083719635009765625e+01
7.195579528808593750e+01
7.704871368408203125e+01
7.748152923583984375e+01
7.791433715820312500e+01
8.051120758056640625e+01
7.081538391113281250e+01
7.124186706542968750e+01
7.166835021972656250e+01
7.252130889892578125e+01
7.337427520751953125e+01
7.422723388671875000e+01
6.861504364013671875e+01
6.909065246582031250e+01
6.956625366210937500e+01
7.051747131347656250e+01
7.289550781250000000e+01
7.546343994140625000e+01
7.597362518310546875e+01
7.648381042480468750e+01
7.750418090820312500e+01
7.954492187500000000e+01
7.401000213623046875e+01
7.448358917236328125e+01
7.495717620849609375e+01
7.590435028076171875e+01
7.779869842529296875e+01
7.206088256835937500e+01
7.251470947265625000e+01
7.296853637695312500e+01
7.569151306152343750e+01
7.835602569580078125e+01
7.897254943847656250e+01
8.082212066650390625e+01
8.328821563720703125e+01
7.685815429687500000e+01
7.725446319580078125e+01
7.765077209472656250e+01
7.844338226318359375e+01
7.986071014404296875e+01
8.051211547851562500e+01
8.116352081298828125e+01
8.246633148193359375e+01
8.507195281982421875e+01
6.702981567382812500e+01
6.742541503906250000e+01
6.782101440429687500e+01
6.861220550537109375e+01
7.019459533691406250e+01
6.181282043457031250e+01
6.239985275268554688e+01
6.298688507080078125e+01
6.416094970703125000e+01
6.650908660888671875e+01
6.964202880859375000e+01
7.012507629394531250e+01
7.060812377929687500e+01
7.157421875000000000e+01
6.780249786376953125e+01
6.831883239746093750e+01
6.883515930175781250e+01
6.986782073974609375e+01
7.193313598632812500e+01
8.051606750488281250e+01
8.109099578857421875e+01
8.166592407226562500e+01
8.281577301025390625e+01
7.383475494384765625e+01
7.429685211181640625e+01
7.475894927978515625e+01
7.568314361572265625e+01
7.753153228759765625e+01
7.201985168457031250e+01
7.234037017822265625e+01
7.266088867187500000e+01
7.330191802978515625e+01
7.458398437500000000e+01
8.180357360839843750e+01
8.230524444580078125e+01
8.280691528320312500e+01
8.381026458740234375e+01
7.975676727294921875e+01
8.122455596923828125e+01
8.269234466552734375e+01
8.562791442871093750e+01
7.924065399169921875e+01
7.999787902832031250e+01
8.075510406494140625e+01
8.226954650878906250e+01
8.529843902587890625e+01
7.266522216796875000e+01
7.309267425537109375e+01
7.352011871337890625e+01
7.437501525878906250e+01
7.608481597900390625e+01
6.673200225830078125e+01
6.711242675781250000e+01
6.749285125732421875e+01
6.825370788574218750e+01
6.977540588378906250e+01
6.620592498779296875e+01
6.673731231689453125e+01
6.726869201660156250e+01
6.833146667480468750e+01
6.714306640625000000e+01
6.755029296875000000e+01
6.795751190185546875e+01
6.877195739746093750e+01
6.611969757080078125e+01
6.648692321777343750e+01
6.758860015869140625e+01
6.905750274658203125e+01
6.648074340820312500e+01
6.680387115478515625e+01
6.712699890136718750e+01
6.777325439453125000e+01
6.841067504882812500e+01
6.876208496093750000e+01
6.911349487304687500e+01
7.122194671630859375e+01
6.519381713867187500e+01
6.568006134033203125e+01
6.616629791259765625e+01
6.713877105712890625e+01
6.908371734619140625e+01
7.921044158935546875e+01
7.964481353759765625e+01
8.007917785644531250e+01
8.094792175292968750e+01
8.216410827636718750e+01
8.257853698730468750e+01
8.299297332763671875e+01
8.382184600830078125e+01
8.465071868896484375e+01
6.277453231811523438e+01
6.330362319946289062e+01
6.383271408081054688e+01
6.489089965820312500e+01
7.669515991210937500e+01
7.727004241943359375e+01
7.784492492675781250e+01
7.899468231201171875e+01
7.635001373291015625e+01
7.673379516601562500e+01
7.711757659912109375e+01
7.788514709472656250e+01
7.566711425781250000e+01
7.611766052246093750e+01
7.656820678710937500e+01
7.927146911621093750e+01
7.411460876464843750e+01
7.459014129638671875e+01
7.506567382812500000e+01
7.601673126220703125e+01
8.035672760009765625e+01
8.064383697509765625e+01
8.093093872070312500e+01
8.150514221191406250e+01
8.310066986083984375e+01
8.356311035156250000e+01
8.402555847167968750e+01
8.495043945312500000e+01
8.680020141601562500e+01
7.191006469726562500e+01
7.236206817626953125e+01
7.281406402587890625e+01
7.371805572509765625e+01
6.643187713623046875e+01
6.706294250488281250e+01
6.769400024414062500e+01
6.895612335205078125e+01
7.537883758544921875e+01
7.585097503662109375e+01
7.632310485839843750e+01
7.726737213134765625e+01
7.341733551025390625e+01
7.393257141113281250e+01
7.444779968261718750e+01
7.547824859619140625e+01
7.753915405273437500e+01
7.987834167480468750e+01
8.052871704101562500e+01
8.117910003662109375e+01
8.247985076904296875e+01
9.052020263671875000e+01
9.112359619140625000e+01
9.172698974609375000e+01
9.293377685546875000e+01
7.291514587402343750e+01
7.346292114257812500e+01
7.401069641113281250e+01
7.510624694824218750e+01
6.758535766601562500e+01
6.792235565185546875e+01
6.825936126708984375e+01
6.893335723876953125e+01
7.891507720947265625e+01
7.941816711425781250e+01
7.992124938964843750e+01
8.092742156982421875e+01
8.310646820068359375e+01
8.376479339599609375e+01
8.442312622070312500e+01
8.573977661132812500e+01
7.283982849121093750e+01
7.329103851318359375e+01
7.374224090576171875e+01
7.464465332031250000e+01
7.472625732421875000e+01
7.507041168212890625e+01
7.541456604003906250e+01
7.610288238525390625e+01
7.453582000732421875e+01
7.488442230224609375e+01
7.558163452148437500e+01
7.593023681640625000e+01
6.874102783203125000e+01
6.925440979003906250e+01
6.976779937744140625e+01
7.079456329345703125e+01
7.284810638427734375e+01
8.122541046142578125e+01
8.176272583007812500e+01
8.230004882812500000e+01
8.552394104003906250e+01
7.394202423095703125e+01
7.436112213134765625e+01
7.478022003173828125e+01
7.561841583251953125e+01
6.870524597167968750e+01
6.906457519531250000e+01
6.942390441894531250e+01
7.014256286621093750e+01
7.123427581787109375e+01
7.168682861328125000e+01
7.213938140869140625e+01
7.304448699951171875e+01
7.827007293701171875e+01
7.881941223144531250e+01
7.936874389648437500e+01
8.046740722656250000e+01
6.502630615234375000e+01
6.542352294921875000e+01
6.582073974609375000e+01
6.661517333984375000e+01
7.340797424316406250e+01
7.379267883300781250e+01
7.417738342285156250e+01
7.494679260253906250e+01
7.648560333251953125e+01
6.957147979736328125e+01
6.988517761230468750e+01
7.019887542724609375e+01
7.082626342773437500e+01
7.208104705810546875e+01
6.910081481933593750e+01
6.949047851562500000e+01
6.988013458251953125e+01
7.065945434570312500e+01
7.084673309326171875e+01
7.125857543945312500e+01
7.167041015625000000e+01
7.249409484863281250e+01
7.414145660400390625e+01
8.318974304199218750e+01
8.410575866699218750e+01
8.502178192138671875e+01
8.685383605957031250e+01
7.651004028320312500e+01
7.675903320312500000e+01
7.700803375244140625e+01
7.750602722167968750e+01
6.566847229003906250e+01
6.632778930664062500e+01
6.698710632324218750e+01
6.830573272705078125e+01
7.058193969726562500e+01
7.090624237060546875e+01
7.123053741455078125e+01
7.187912750244140625e+01
7.703460693359375000e+01
7.751082611083984375e+01
7.798705291748046875e+01
7.893949127197265625e+01
7.267360687255859375e+01
7.318552398681640625e+01
7.369743347167968750e+01
7.472126770019531250e+01
6.147003936767578125e+01
6.191193389892578125e+01
6.235382461547851562e+01
6.323760986328125000e+01
6.349218750000000000e+01
6.408815765380859375e+01
6.468412780761718750e+01
6.587606811523437500e+01
7.141485595703125000e+01
7.197064208984375000e+01
7.252643585205078125e+01
7.363800811767578125e+01
7.877011871337890625e+01
7.905821228027343750e+01
7.934631347656250000e+01
7.992250823974609375e+01
6.384967803955078125e+01
6.429670715332031250e+01
6.474373626708984375e+01
6.563779449462890625e+01
6.641690826416015625e+01
6.679016113281250000e+01
6.716341400146484375e+01
6.790991973876953125e+01
7.167031860351562500e+01
7.214287567138671875e+01
7.261542510986328125e+01
7.356053924560546875e+01
6.596299743652343750e+01
6.622838592529296875e+01
6.649377441406250000e+01
6.702455139160156250e+01
7.050279235839843750e+01
7.089376068115234375e+01
7.128472137451171875e+01
7.206664276123046875e+01
7.284856414794921875e+01
6.957115936279296875e+01
7.011477661132812500e+01
7.065840148925781250e+01
7.174563598632812500e+01
7.392012023925781250e+01
7.352437591552734375e+01
7.403328704833984375e+01
7.454219818115234375e+01
7.556001281738281250e+01
7.121575927734375000e+01
7.166211700439453125e+01
7.210848236083984375e+01
7.300120544433593750e+01
6.803940582275390625e+01
6.841175842285156250e+01
6.952882385253906250e+01
7.027352905273437500e+01
7.136398315429687500e+01
7.181550598144531250e+01
7.226703643798828125e+01
7.317008209228515625e+01
7.054447937011718750e+01
7.098537445068359375e+01
7.142626953125000000e+01
7.230805969238281250e+01
7.407164001464843750e+01
7.209458923339843750e+01
7.262785339355468750e+01
7.316112518310546875e+01
7.422765350341796875e+01
7.529418182373046875e+01
6.713718414306640625e+01
6.767070770263671875e+01
6.820422363281250000e+01
6.927126312255859375e+01
6.378156280517578125e+01
6.422082519531250000e+01
6.466009521484375000e+01
6.553862762451171875e+01
6.522019195556640625e+01
6.570870208740234375e+01
6.619720458984375000e+01
6.717422485351562500e+01
6.566045379638671875e+01
6.613930511474609375e+01
6.661815643310546875e+01
6.757585906982421875e+01
6.949127197265625000e+01
7.249163818359375000e+01
7.317338562011718750e+01
7.385513305664062500e+01
7.521863555908203125e+01
7.658213043212890625e+01
6.972241210937500000e+01
7.007433319091796875e+01
7.042625427246093750e+01
7.113009643554687500e+01
7.558451080322265625e+01
7.611059570312500000e+01
7.663668060302734375e+01
7.768885040283203125e+01
6.834043884277343750e+01
6.890329742431640625e+01
6.946614837646484375e+01
7.059186553955078125e+01
7.311963653564453125e+01
7.346574401855468750e+01
7.381185913085937500e+01
7.450408172607421875e+01
6.813509368896484375e+01
6.856503295898437500e+01
6.899497985839843750e+01
6.985486602783203125e+01
6.588885498046875000e+01
6.633615112304687500e+01
6.678345489501953125e+01
6.767806243896484375e+01
6.946726989746093750e+01
6.835049438476562500e+01
6.883414459228515625e+01
6.931779479980468750e+01
7.028509521484375000e+01
7.125239562988281250e+01
7.066314697265625000e+01
7.097535705566406250e+01
7.128757476806640625e+01
7.191200256347656250e+01
6.978918457031250000e+01
7.014315795898437500e+01
7.049713134765625000e+01
7.120507812500000000e+01
7.191302490234375000e+01
8.265440368652343750e+01
8.342447662353515625e+01
8.419454193115234375e+01
8.573467254638671875e+01
6.525836181640625000e+01
6.578583526611328125e+01
6.631330108642578125e+01
6.736824035644531250e+01
7.719116973876953125e+01
7.765361785888671875e+01
7.811606597900390625e+01
7.904095458984375000e+01
7.727606201171875000e+01
7.746012878417968750e+01
7.764419555664062500e+01
7.801232910156250000e+01
6.417163085937500000e+01
6.479406738281250000e+01
6.541651153564453125e+01
6.666139221191406250e+01
6.920052337646484375e+01
6.967901611328125000e+01
7.015751647949218750e+01
7.111450958251953125e+01
6.540528869628906250e+01
6.594720458984375000e+01
6.648911285400390625e+01
6.974057769775390625e+01
7.646866607666015625e+01
7.672081756591796875e+01
7.697296142578125000e+01
7.747726440429687500e+01
7.779515838623046875e+01
7.844177246093750000e+01
7.908838653564453125e+01
8.038160705566406250e+01
7.439310455322265625e+01
7.473378753662109375e+01
7.507447052001953125e+01
7.575583648681640625e+01
7.633081817626953125e+01
7.688388824462890625e+01
7.743695068359375000e+01
7.854309082031250000e+01
8.396385955810546875e+01
8.451885223388671875e+01
8.507384490966796875e+01
8.618382263183593750e+01
7.523908996582031250e+01
7.590288543701171875e+01
7.656668853759765625e+01
7.789427947998046875e+01
7.084593963623046875e+01
7.138562774658203125e+01
7.192531585693359375e+01
7.300468444824218750e+01
6.496345520019531250e+01
6.539883422851562500e+01
6.583419799804687500e+01
6.670494842529296875e+01
7.134091949462890625e+01
7.169187164306640625e+01
7.239378356933593750e+01
7.379759216308593750e+01
7.723629760742187500e+01
7.782495880126953125e+01
7.841362762451171875e+01
7.959095764160156250e+01
9.301063537597656250e+01
9.397344970703125000e+01
9.493626403808593750e+01
9.686189270019531250e+01
7.116275024414062500e+01
7.150842285156250000e+01
7.185410308837890625e+01
7.254546356201171875e+01
7.454328155517578125e+01
7.526746368408203125e+01
7.599163818359375000e+01
7.743999481201171875e+01
7.888835144042968750e+01
7.767480468750000000e+01
7.818647766113281250e+01
7.869814300537109375e+01
7.972148895263671875e+01
8.074482727050781250e+01
8.654735565185546875e+01
8.728059387207031250e+01
8.801382446289062500e+01
8.948030090332031250e+01
7.400021362304687500e+01
7.466201019287109375e+01
7.532380676269531250e+01
7.598560333251953125e+01
6.802630615234375000e+01
6.838700866699218750e+01
6.874771118164062500e+01
6.946913146972656250e+01
6.598583221435546875e+01
6.649317169189453125e+01
6.700051116943359375e+01
6.801519012451171875e+01
7.693390655517578125e+01
7.746515655517578125e+01
7.799640655517578125e+01
7.905890655517578125e+01
7.104284667968750000e+01
7.147789001464843750e+01
7.191293334960937500e+01
7.278302764892578125e+01
6.994512939453125000e+01
7.034613037109375000e+01
7.074713134765625000e+01
7.154913330078125000e+01
6.682715606689453125e+01
6.709046173095703125e+01
6.735377502441406250e+01
6.788040161132812500e+01
7.102677154541015625e+01
7.141496276855468750e+01
7.180315399169921875e+01
7.257952880859375000e+01
7.951514434814453125e+01
8.024051666259765625e+01
8.096589660644531250e+01
8.386739349365234375e+01
7.594566345214843750e+01
7.652680969238281250e+01
7.710795593261718750e+01
7.827024841308593750e+01
7.402248382568359375e+01
7.461665344238281250e+01
7.521082305908203125e+01
7.639915466308593750e+01
8.046896362304687500e+01
8.122471618652343750e+01
8.198046112060546875e+01
8.349196624755859375e+01
7.330067443847656250e+01
7.370648193359375000e+01
7.411229705810546875e+01
7.492392730712890625e+01
7.735133361816406250e+01
7.774847412109375000e+01
7.814562225341796875e+01
7.893990325927734375e+01
6.717340850830078125e+01
6.765625762939453125e+01
6.813910675048828125e+01
6.910480499267578125e+01
6.771301269531250000e+01
6.811679840087890625e+01
6.852058410644531250e+01
6.932815551757812500e+01
7.460026550292968750e+01
7.528235626220703125e+01
7.596445465087890625e+01
7.732863616943359375e+01
7.852476501464843750e+01
7.910099792480468750e+01
8.025345611572265625e+01
8.140592193603515625e+01
6.979192352294921875e+01
7.013482666015625000e+01
7.047773742675781250e+01
7.116354370117187500e+01
7.238515472412109375e+01
7.265818023681640625e+01
7.293121337890625000e+01
7.347726440429687500e+01
7.072492980957031250e+01
7.132762908935546875e+01
7.193033599853515625e+01
7.313574218750000000e+01
6.887813568115234375e+01
6.939659118652343750e+01
6.991504669189453125e+01
7.095196533203125000e+01
7.031488800048828125e+01
7.081026458740234375e+01
7.130563354492187500e+01
7.229638671875000000e+01
7.341777801513671875e+01
7.383731079101562500e+01
7.425683593750000000e+01
7.509588623046875000e+01
6.772585296630859375e+01
6.813057708740234375e+01
6.853530120849609375e+01
6.934474945068359375e+01
7.699132537841796875e+01
7.738636016845703125e+01
7.778140258789062500e+01
7.857147216796875000e+01
8.013990783691406250e+01
8.043725585937500000e+01
8.073460388183593750e+01
8.132929992675781250e+01
7.921923065185546875e+01
7.985107421875000000e+01
8.048291778564453125e+01
8.174659729003906250e+01
6.865722656250000000e+01
6.904383087158203125e+01
6.943044281005859375e+01
7.020365905761718750e+01
8.169435119628906250e+01
8.229436492919921875e+01
8.289437866210937500e+01
8.409441375732421875e+01
7.674192810058593750e+01
7.714323425292968750e+01
7.754454040527343750e+01
7.834716033935546875e+01
7.135421752929687500e+01
7.189550781250000000e+01
7.243679809570312500e+01
7.351937103271484375e+01
7.134699249267578125e+01
7.197799682617187500e+01
7.260900878906250000e+01
7.387102508544921875e+01
7.884194183349609375e+01
7.957170867919921875e+01
8.030146789550781250e+01
8.176098632812500000e+01
6.840363311767578125e+01
6.888525390625000000e+01
6.936688232421875000e+01
7.033012390136718750e+01
6.689397430419921875e+01
6.724571228027343750e+01
6.759744262695312500e+01
6.830091094970703125e+01
6.261769866943359375e+01
6.306403350830078125e+01
6.351036453247070312e+01
6.440303039550781250e+01
7.986511230468750000e+01
8.057194519042968750e+01
8.127877807617187500e+01
8.269244384765625000e+01
7.506953430175781250e+01
7.556691741943359375e+01
7.606429290771484375e+01
7.705905914306640625e+01
6.564904785156250000e+01
6.595666503906250000e+01
6.626428222656250000e+01
6.687950897216796875e+01
7.057794952392578125e+01
7.091902923583984375e+01
7.126010131835937500e+01
7.194226074218750000e+01
7.528648376464843750e+01
7.577449035644531250e+01
7.626250457763671875e+01
7.723852539062500000e+01
7.136795806884765625e+01
7.169257354736328125e+01
7.201718902587890625e+01
7.266641235351562500e+01
6.237031936645507812e+01
6.287488174438476562e+01
6.337944793701171875e+01
6.438857269287109375e+01
7.360469055175781250e+01
7.415927886962890625e+01
7.471386718750000000e+01
7.582303619384765625e+01
7.165241241455078125e+01
7.207757568359375000e+01
7.250273895263671875e+01
7.335306549072265625e+01
7.169807434082031250e+01
7.218099212646484375e+01
7.266390991210937500e+01
7.362973785400390625e+01
6.949716186523437500e+01
6.985894012451171875e+01
7.022072601318359375e+01
7.094429016113281250e+01
7.390335083007812500e+01
7.450920104980468750e+01
7.511505889892578125e+01
7.632675933837890625e+01
7.436513519287109375e+01
7.488314056396484375e+01
7.540114593505859375e+01
7.643714904785156250e+01
8.082167053222656250e+01
8.133798217773437500e+01
8.237061309814453125e+01
8.288692474365234375e+01
6.057598114013671875e+01
6.095906829833984375e+01
6.134214782714843750e+01
6.210831451416015625e+01
6.499313354492187500e+01
6.559552001953125000e+01
6.619791412353515625e+01
6.740270233154296875e+01
7.669027709960937500e+01
7.729403686523437500e+01
7.789779663085937500e+01
7.910531616210937500e+01
7.664852905273437500e+01
7.725521850585937500e+01
7.786191558837890625e+01
7.907530212402343750e+01
7.879992675781250000e+01
7.933513641357421875e+01
7.987035369873046875e+01
8.094078063964843750e+01
6.895014953613281250e+01
6.947644042968750000e+01
7.000272369384765625e+01
7.105529785156250000e+01
7.573986053466796875e+01
7.608312225341796875e+01
7.642639160156250000e+01
7.711292266845703125e+01
7.166123962402343750e+01
7.200337219238281250e+01
7.234550476074218750e+01
7.302976989746093750e+01
7.770245361328125000e+01
7.824920654296875000e+01
7.879595184326171875e+01
7.988945007324218750e+01
7.056694793701171875e+01
7.083143615722656250e+01
7.109591674804687500e+01
7.162489318847656250e+01
7.476445770263671875e+01
7.538877105712890625e+01
7.601309204101562500e+01
7.726172637939453125e+01
7.358025360107421875e+01
7.413623046875000000e+01
7.469221496582031250e+01
7.580417633056640625e+01
6.511177825927734375e+01
6.544157409667968750e+01
6.577136230468750000e+01
6.643095397949218750e+01
6.346589660644531250e+01
6.382248306274414062e+01
6.417906188964843750e+01
6.489223480224609375e+01
7.763352203369140625e+01
7.792986297607421875e+01
7.822619628906250000e+01
7.881887054443359375e+01
6.956777954101562500e+01
6.993731689453125000e+01
7.030684661865234375e+01
7.104592132568359375e+01
6.987509155273437500e+01
7.030606079101562500e+01
7.073703765869140625e+01
7.159897613525390625e+01
6.729173278808593750e+01
6.775140380859375000e+01
6.821105957031250000e+01
6.913039398193359375e+01
