0.165421 0.041709 0.013073
0.168324 0.042847 0.016377
0.171283 0.044194 0.019231
0.174308 0.045409 0.022406
0.177392 0.046689 0.025451
0.180524 0.047960 0.028506
0.183717 0.049149 0.031751
0.187012 0.050524 0.034680
0.190329 0.051646 0.038123
0.193777 0.053049 0.041026
0.197250 0.054225 0.044413
0.200825 0.055552 0.047517
0.204481 0.056829 0.050780
0.208208 0.058095 0.054094
0.212008 0.059443 0.057237
0.215889 0.060658 0.060744
0.219811 0.062042 0.063792
0.223855 0.063266 0.067371
0.227916 0.064615 0.070566
0.232118 0.065909 0.074036
0.236360 0.067228 0.077433
0.240666 0.068572 0.080791
0.245092 0.069871 0.084391
0.249489 0.071265 0.087635
0.254122 0.072573 0.091401
0.258701 0.074009 0.094675
0.263450 0.075377 0.098352
0.268212 0.076808 0.101838
0.273072 0.078250 0.105413
0.277998 0.079687 0.109084
0.282950 0.081204 0.112553
0.288069 0.082678 0.116409
0.293111 0.084259 0.119810
0.298401 0.085797 0.123689
0.303576 0.087428 0.127240
0.308877 0.089048 0.131014
0.314220 0.090721 0.134744
0.319589 0.092459 0.138377
0.325060 0.094194 0.142283
0.330465 0.096028 0.145835
0.336102 0.097877 0.149841
0.341623 0.099805 0.153478
0.347258 0.101766 0.157367
0.352859 0.103790 0.161134
0.358484 0.105876 0.164902
0.364161 0.108007 0.168830
0.369872 0.110284 0.172478
0.375629 0.112552 0.176549
0.381258 0.114927 0.180092
0.387034 0.117340 0.184155
0.392775 0.119898 0.187825
0.398570 0.122523 0.191713
0.404348 0.125232 0.195584
0.410016 0.127995 0.199300
0.415848 0.130904 0.203296
0.421493 0.133843 0.206904
0.427322 0.136960 0.210947
0.432969 0.140111 0.214601
0.438692 0.143393 0.218462
0.444352 0.146766 0.222230
0.449970 0.150240 0.225922
0.455641 0.153854 0.229813
0.461162 0.157534 0.233308
0.466831 0.161396 0.237370
0.472297 0.165290 0.240802
0.477830 0.169340 0.244685
0.483216 0.173442 0.248261
0.488629 0.177707 0.251921
0.493937 0.182035 0.255623
0.499228 0.186513 0.259077
0.504485 0.191108 0.262957
0.509639 0.195777 0.266169
0.514794 0.200594 0.270052
0.519853 0.205488 0.273354
0.524881 0.210525 0.276967
0.529856 0.215683 0.280446
0.534701 0.220881 0.283862
0.539576 0.226304 0.287457
0.544246 0.231637 0.290656
0.548956 0.237263 0.294296
0.553493 0.242801 0.297462
0.558077 0.248619 0.300913
0.562482 0.254383 0.304146
0.566832 0.260288 0.307491
0.571140 0.266327 0.310758
0.575280 0.272329 0.313968
0.579481 0.278624 0.317164
0.583370 0.284654 0.320381
0.587247 0.290850 0.323563
0.591111 0.297234 0.326705
0.594862 0.303637 0.329819
0.598522 0.310116 0.332856
0.602027 0.316528 0.335864
0.605532 0.323186 0.338934
0.608782 0.329563 0.341890
0.612066 0.336255 0.344987
0.615142 0.342700 0.347948
0.618211 0.349432 0.351043
0.621150 0.356024 0.353913
0.623999 0.362705 0.356875
0.626811 0.369539 0.359825
0.629340 0.375923 0.362712
0.632059 0.383132 0.365786
0.634263 0.389058 0.368534
0.636808 0.396284 0.371565
0.638998 0.402603 0.374272
0.641145 0.409245 0.377263
0.643203 0.415784 0.380116
0.645150 0.422229 0.382913
0.647060 0.428968 0.385948
0.648776 0.435022 0.388561
0.650533 0.441771 0.391571
0.652154 0.447949 0.394191
0.653713 0.454474 0.397133
0.655162 0.460805 0.399970
0.656532 0.467047 0.402832
0.657828 0.473336 0.405714
0.659079 0.479406 0.408322
0.660202 0.485625 0.411300
0.661390 0.491878 0.413819
0.662322 0.497809 0.416902
0.663340 0.503874 0.419532
0.664233 0.509915 0.422390
0.665093 0.515926 0.425146
0.665946 0.521976 0.427780
0.666580 0.527728 0.430788
0.667394 0.533857 0.433219
0.667848 0.539451 0.436518
0.668570 0.545319 0.438880
0.669009 0.550947 0.441931
0.669544 0.556698 0.444602
0.669997 0.562357 0.447377
0.670368 0.568047 0.450284
0.670837 0.573369 0.452641
0.671073 0.578922 0.455804
0.671534 0.584409 0.458070
0.671686 0.589582 0.461147
0.672052 0.595038 0.463525
0.672252 0.600128 0.466331
0.672456 0.605322 0.469071
0.672714 0.610451 0.471550
0.672801 0.615543 0.474581
0.673132 0.620539 0.476655
0.673087 0.625350 0.479873
0.673437 0.630395 0.481981
0.673492 0.635229 0.484944
0.673694 0.639932 0.487278
0.673823 0.644606 0.489891
0.673958 0.649201 0.492450
0.674201 0.654018 0.494776
0.674385 0.658785 0.497482
0.674556 0.662886 0.499600
0.674760 0.667634 0.502282
0.674903 0.671671 0.504563
0.675136 0.676101 0.506968
0.675391 0.680502 0.509302
0.675604 0.684475 0.511512
0.675861 0.688805 0.514029
0.676082 0.692592 0.516107
0.676394 0.697017 0.518752
0.676626 0.700646 0.520743
0.677011 0.705039 0.523223
0.677312 0.708803 0.525368
0.677715 0.712896 0.527630
0.678145 0.716972 0.529890
0.678509 0.720751 0.532084
0.679060 0.724935 0.534224
0.679353 0.728464 0.536577
0.680012 0.732930 0.538996
0.680402 0.736598 0.541375
0.681067 0.740821 0.543583
0.681727 0.745021 0.545941
0.682278 0.748792 0.548040
0.683107 0.753293 0.550482
0.683636 0.756916 0.552598
0.684663 0.761863 0.555359
0.685282 0.765616 0.557487
0.686195 0.770168 0.560155
0.687012 0.774353 0.562503
0.687868 0.778632 0.564965
0.688861 0.783193 0.567511
0.689648 0.787226 0.569862
0.690913 0.792274 0.572289
0.691505 0.795921 0.574838
0.693024 0.801504 0.577428
0.693746 0.805398 0.579912
0.694974 0.810356 0.582474
0.696038 0.814973 0.585041
0.697091 0.819576 0.587618
0.698364 0.824647 0.590212
0.699230 0.828892 0.592797
0.700701 0.834411 0.595412
0.701494 0.838557 0.598006
0.702937 0.844083 0.600642
0.703908 0.848650 0.603208
0.705160 0.853840 0.605783
0.706519 0.859306 0.608400
0.707275 0.863551 0.610957
0.708963 0.869843 0.613591
0.709199 0.873076 0.616206
