70.459058
66.625145
76.159703
76.837225
72.817509
77.134830
78.701012
80.333357
88.763648
73.244329
82.913115
85.064862
83.471438
75.803260
69.868092
80.835233
81.009158
69.126440
70.541825
86.027965
80.325874
86.326482
73.066918
81.313674
81.894592
79.788543
81.564579
78.655607
79.224686
70.664685
76.355797
72.557217
72.052707
69.029833
73.258800
66.914280
80.717817
79.783934
74.554504
73.432599
68.233342
74.316104
73.177263
78.568288
73.546619
81.906453
81.965209
77.351430
74.048736
75.790697
73.869156
66.243999
83.312779
83.686957
78.357449
70.654847
72.983014
90.696367
84.899926
67.981262
71.514546
70.432356
72.525656
84.247216
72.140816
74.052727
70.582529
73.974296
89.300961
80.257138
76.885238
82.614686
69.624281
86.882301
66.708424
77.076111
83.762650
87.675638
80.078713
62.644683
74.823764
67.357897
84.275812
67.971918
73.468092
84.909059
64.397063
80.484830
62.706935
78.999689
85.746267
74.149803
67.705325
78.004132
71.778243
76.742255
88.139314
85.072971
86.527052
59.548925
89.462033
82.779450
78.619542
72.728359
80.100958
79.428498
64.403850
64.907820
64.765001
79.114992
70.315492
77.979484
86.412733
75.413870
72.308293
75.194855
78.149154
72.240029
66.613455
84.028051
68.230264
83.790426
83.753892
67.013223
69.409132
74.802019
65.946343
79.509994
80.622803
72.502702
86.537563
76.510950
76.852310
81.593316
71.389718
80.526666
66.390916
91.836442
72.063485
80.070991
82.028778
76.445349
68.120851
86.131880
80.573815
75.053527
82.861787
81.861358
73.898003
81.973778
77.562709
82.033596
62.749105
85.994448
77.135161
75.716313
75.651673
78.335451
81.801095
52.516268
56.846214
67.856942
94.736649
70.612089
76.101707
71.998699
69.851373
91.359345
72.083089
67.676144
69.198296
81.466432
69.393519
70.620838
80.918838
85.312899
73.666901
79.881753
71.454777
71.092700
55.406124
88.760988
83.950618
77.794567
70.343057
77.282495
78.182539
75.431063
69.998738
77.524255
73.379874
70.701661
83.039117
76.562683
81.305231
83.374247
63.067175
77.685444
88.762064
73.671582
84.184916
70.326547
80.690122
82.735590
73.644813
76.374682
83.648089
83.586417
72.600639
66.157046
80.793580
68.609610
65.035726
81.804048
78.053149
81.898782
79.018189
87.971903
78.813951
77.506482
65.009736
76.633363
78.624104
79.559556
70.631403
74.111514
63.504862
68.687628
84.841398
59.956522
70.219436
77.703550
83.936315
80.132435
70.291325
69.529221
65.126330
64.484952
82.684343
77.081971
76.673074
79.018590
77.227629
71.418622
83.184596
79.525386
87.359821
79.205183
80.095757
81.767322
87.388456
84.372671
65.186806
61.016744
72.330496
78.384804
77.809230
64.380685
75.631468
57.028821
77.847951
72.535856
67.113262
85.412282
78.509879
74.900426
76.453202
68.592865
73.375411
77.218304
70.265837
76.664854
84.713809
78.806453
67.662188
62.760674
71.347675
82.933169
52.471580
78.743659
74.937377
71.106779
78.098609
67.084417
87.138930
75.701308
78.515360
73.390486
81.727070
75.475716
78.536234
67.573945
75.450192
78.880318
74.691580
85.144989
73.937828
73.026271
75.461974
91.753581
75.431556
70.403092
79.396006
67.711765
58.091905
75.926069
70.051346
69.920038
67.344440
88.007252
74.696962
83.544456
72.827401
69.361620
70.910029
63.907272
83.606655
64.144019
72.594098
64.329908
78.651147
72.127894
80.076105
67.595243
86.900443
83.134930
74.583065
78.884073
85.251858
72.856642
80.059795
79.811476
77.272575
76.516104
74.963722
72.107390
74.323332
55.283443
83.490004
73.681195
80.547796
72.436367
87.320569
71.289249
64.730664
65.253561
82.204400
78.719302
69.745370
65.819710
79.552615
83.418476
85.234412
76.031798
85.058732
83.656217
81.010038
73.412004
75.609809
65.497723
64.079286
83.066203
75.338533
72.514521
83.656407
62.792307
76.298635
76.913175
85.321867
68.943098
78.888820
84.439708
76.961634
82.078712
75.729393
75.097742
85.661142
86.119094
75.227919
75.475639
75.681343
73.526883
81.569585
72.792333
80.415238
79.890391
77.515618
70.901646
75.401724
66.739909
71.210700
82.425519
73.533618
69.400691
81.968766
64.399043
64.609352
73.762905
69.154413
76.469968
69.942903
70.994791
71.291050
77.194733
80.370907
84.855979
78.250632
75.848565
70.873194
79.882650
79.792884
77.962111
79.543771
76.777763
69.876248
79.445116
73.306365
63.598278
67.543928
81.266709
76.173996
78.707924
73.201891
73.788979
75.544990
76.090689
72.452269
83.672223
69.416747
76.677300
85.394204
73.207065
74.809257
75.587701
73.802324
76.743587
64.605486
66.078195
78.230196
82.538452
78.319342
77.384489
86.614728
83.174839
79.372182
80.968663
81.703436
68.524570
70.366232
75.178741
81.990386
77.826877
65.564392
75.270477
82.404942
79.571079
79.086535
73.791474
73.259619
85.188408
71.902808
73.499372
82.604224
68.532004
69.991357
61.745530
79.612299
74.206844
73.471064
83.645225
74.673348
82.343499
81.814034
73.647662
70.548798
92.270683
79.393180
69.447407
68.555477
77.072491
77.695868
69.997602
78.914948
72.647874
72.148302
79.382528
82.266917
70.866187
75.701524
67.543822
78.287760
76.034364
67.756729
84.245546
83.840681
77.593738
80.365610
87.328302
71.179502
83.584189
85.567266
75.109621
76.836505
78.003680
65.220474
75.508122
82.800593
80.048389
70.089811
76.087873
77.923067
69.469122
60.957228
75.055083
82.224583
90.991899
80.026041
70.805477
78.486942
60.557319
73.006924
84.995785
80.374137
80.038176
75.282613
86.531055
77.047782
68.212815
68.670128
67.291946
85.979930
74.045289
78.918367
86.247989
75.611987
76.569965
69.651393
81.205797
77.585555
61.038588
76.300653
80.205521
64.109381
56.654759
78.273763
72.932665
74.510919
74.309987
81.699099
70.648402
66.206066
75.438951
74.382270
75.121489
75.331367
69.800106
68.824175
65.187414
72.600421
74.751864
80.869089
70.041347
76.331971
80.906769
74.851211
74.639747
81.883129
75.734567
79.381718
85.720251
76.830948
58.819170
83.068342
87.356680
75.994268
82.405246
78.848047
84.423683
84.106952
80.731942
75.313091
78.574530
80.998873
72.171809
73.715357
78.898230
90.517951
78.430760
72.043428
86.750789
79.419327
79.569685
79.464915
80.609165
84.890171
82.327646
79.788283
63.297279
83.872256
74.696686
81.812410
81.011767
76.926284
79.586871
75.301275
74.281323
72.827047
66.912244
80.484312
78.400380
84.853050
86.618615
76.497067
82.279983
82.965765
69.631971
78.306705
77.107516
83.032167
58.995321
71.079325
80.556178
67.590540
66.462154
65.712531
78.247291
70.934431
65.062429
72.137215
69.265632
81.009670
76.767459
76.323786
75.878545
89.820876
77.722075
75.472588
64.105798
78.257856
77.377156
73.574994
68.198518
65.968597
76.733103
71.233675
78.550320
67.419589
78.401531
74.130682
81.390465
77.568679
70.733896
79.254394
90.494325
74.014495
78.764885
64.170744
87.262752
74.968736
77.746878
73.295962
67.005087
67.582028
72.278934
80.797580
84.275661
74.992809
71.431493
74.656500
77.996921
72.525181
74.975527
81.004014
71.866398
65.691335
74.047132
81.844424
69.945061
78.578308
77.830605
77.696572
85.150198
74.342779
74.180371
72.887773
74.699565
75.428412
80.989753
76.448612
70.275623
57.406764
76.583187
75.950956
77.530349
76.769458
81.763302
76.186073
78.660041
