0.422151
0.349347
0.049549
0.326052
0.688514
-0.441549
0.294237
-0.033684
-0.097149
0.834125
-0.003030
-0.175458
0.059747
-0.128851
-0.151626
-0.043125
-0.403176
0.205029
0.157303
0.050596
0.046275
0.147439
0.268676
0.009428
-0.053003
-0.192515
-0.180552
0.100000
-0.021848
-1.672094
0.497466
0.818428
-0.272635
0.755195
0.369320
0.319471
-0.038459
-0.144239
-0.986820
-0.394747
-0.462482
-0.087365
0.090091
0.555626
-0.232736
0.019516
0.201570
-0.143419
-0.216888
0.123213
-0.084510
0.378257
-0.041150
0.763286
-0.138521
0.166344
-0.393539
0.360796
-0.083642
0.204414
0.433732
-0.242831
-0.722319
0.203324
-0.193714
0.247017
-0.669401
0.585872
0.336078
-0.192509
0.375340
0.345805
0.555707
0.302470
0.356802
0.210675
-0.083146
-0.128391
0.048614
0.316791
-0.149190
0.877806
0.007299
-0.014911
-0.144294
-0.040301
0.395184
-0.238879
0.174845
0.248300
0.098356
0.549459
0.045884
-0.316950
0.621334
0.072147
-0.170610
0.557684
0.244488
0.519657
0.001235
0.174736
-0.295552
0.230820
0.057603
0.488134
-0.265453
0.484798
-0.010839
0.558451
0.241827
-0.275496
-0.236833
0.280547
0.589442
-0.398843
0.365909
0.112791
-0.578532
0.155368
0.108785
-0.204703
0.074009
-0.046017
0.385107
-0.312756
0.053966
0.140118
0.842596
-0.870694
-0.126135
0.444165
-0.285025
0.281101
0.265178
-0.249855
0.492846
0.030226
0.289876
-0.076708
0.487984
-0.357140
0.499830
-0.057529
0.583561
0.125035
-0.075697
-0.137830
-0.217208
0.037322
-0.225052
-0.052798
0.129043
0.363651
-0.295840
-0.177514
-0.269023
0.187663
0.171684
0.375859
0.416623
0.084803
0.199534
0.988816
-0.189717
-0.332822
-0.391661
-0.034377
0.203172
-0.234157
0.528034
-0.381454
0.310521
-0.380649
-0.066085
0.173918
0.127466
0.541589
1.118465
0.242160
0.077651
-0.102344
-0.005496
-0.040417
-0.217266
1.156913
0.337631
-0.673475
2.111823
-0.061631
-0.085131
-1.421778
0.093393
-0.648095
-0.145849
0.185488
-0.912373
-0.405707
0.031725
-0.314870
0.329834
1.404309
0.200142
-0.008191
0.730549
-0.185909
0.176822
0.417266
0.133231
0.395824
0.119783
0.130335
0.915746
-0.056470
0.185824
-0.073280
-0.374553
-0.111312
-0.119979
-0.113543
-1.260825
0.225136
-0.146460
0.084345
-0.128462
-0.356619
-0.447354
0.558764
-0.007098
1.127017
-0.257485
0.250514
0.039657
-0.028229
0.387351
-0.492769
-1.226603
1.174297
-0.021030
-0.128547
0.216795
0.145658
0.124626
0.815872
0.332332
-0.171154
0.120332
1.844160
-0.103178
0.047179
0.466673
0.092774
0.877587
0.144661
0.597717
0.545885
0.018133
-0.406088
1.473675
0.541494
0.110899
-1.621090
-0.859164
-0.164380
0.539465
0.405248
0.611176
0.821163
0.669922
0.062844
0.783545
-0.228339
-0.011750
-0.055464
0.529791
-0.089188
0.692301
0.243272
1.092763
1.368891
0.875733
0.056433
-0.111465
0.526138
-0.110841
0.024279
0.247524
0.203839
-0.234537
-0.072014
0.423917
-0.083238
-0.202332
-0.136932
0.066242
0.047111
0.085749
0.208248
0.737386
-0.083429
0.689369
-0.766224
-0.062339
0.063655
0.450453
0.862830
0.258939
0.137359
0.523193
0.233359
0.357708
-0.165838
0.116738
0.091377
-0.304500
-0.233418
0.141865
-1.426971
0.129941
0.537937
0.038044
0.436574
0.435622
0.700508
0.231037
0.023879
0.742109
0.027500
0.084972
0.533905
0.075087
0.030427
0.034041
0.661598
-0.376740
1.084927
-0.740968
1.183593
0.250432
1.057506
-0.160489
0.247863
0.207718
0.705418
-0.032681
1.650143
-0.150192
0.093740
0.152322
-0.546060
0.295391
0.168644
0.158786
-0.036717
-0.085308
-0.304507
-0.258279
-0.143148
-0.093712
-0.000980
1.042089
-0.040896
-0.080094
0.381744
0.077758
0.310316
0.012264
0.579369
0.042829
0.462210
0.081303
0.010527
0.236386
0.321107
0.266217
-0.167399
0.388206
-0.039411
-0.878207
-0.121151
-0.301554
0.510507
-0.054063
0.717730
0.606323
-0.208345
0.285580
0.961278
0.219621
0.344047
-0.513808
-0.185053
0.447827
0.178093
0.706952
0.359486
-0.881232
0.438881
0.212599
-0.551274
1.657081
0.196377
0.252496
-0.358794
0.097438
0.007674
0.071889
0.204395
1.655545
0.067218
0.074871
-0.228993
-0.014419
0.102001
-0.514667
-0.102639
0.006534
-0.204851
-1.609915
0.300870
0.003846
0.220597
-0.145289
0.025811
0.111053
0.021571
0.210222
0.096676
0.162919
0.355421
-0.056005
0.021914
-0.037300
0.043810
-0.189062
-0.226597
0.040306
-0.408392
0.477855
0.286769
-0.485954
0.041605
0.265134
-0.103083
0.265059
-0.216830
0.122755
0.137866
0.006947
-0.351513
0.121445
0.080811
-0.165553
0.082107
-0.072183
0.099800
0.055888
-0.124677
-0.004365
0.253342
0.154571
-0.230521
0.201791
-0.000948
0.004670
0.073259
0.417601
0.054409
-0.048165
0.350450
-0.165747
0.588519
0.375987
-0.472300
0.083060
0.183922
0.807361
-0.102027
-0.034670
0.401310
0.094584
0.300601
-0.077689
-0.060809
0.022490
-0.031833
0.334481
0.037714
0.302036
-0.409845
0.259064
0.318351
0.184488
-0.036813
0.536435
0.140333
0.150511
-0.097970
-0.045615
0.631057
-0.149490
0.060385
0.083930
-0.110423
1.087495
-0.388386
0.265162
0.007707
0.569336
-0.492077
0.004989
-0.411929
0.454256
0.304409
0.109120
-0.079614
0.008343
-0.072930
-0.185177
-0.011442
0.305079
0.188855
0.394422
0.175317
0.906427
-0.181407
0.012885
-0.567219
0.116519
0.479697
-0.126292
0.102446
0.054555
0.058685
-0.224651
0.612190
0.336038
-0.066669
-0.388319
-0.933999
0.612820
0.232231
-0.325998
0.146302
-0.096868
-0.441170
-0.594545
-0.129003
0.194692
-0.086729
0.151620
0.252712
0.595908
-0.029699
-0.018199
-0.684140
-0.189172
0.118826
0.053962
-0.140228
-0.102999
-0.213204
0.189448
0.086764
0.544314
-0.304745
0.277945
0.011530
0.180947
0.025759
-0.350493
-0.065318
-0.097162
0.315511
0.075630
-0.098375
0.176854
0.175985
0.365007
0.086183
-0.194969
0.215306
0.507446
-0.032626
0.051526
-0.055789
-0.080809
-0.115618
-0.188853
0.295688
0.085232
-0.047617
-0.163451
0.170118
0.025771
0.222592
-0.007211
0.576465
0.660213
-0.188935
-0.114805
-0.228836
-0.120989
0.242868
-0.047404
-0.155423
0.157987
0.039327
-0.181308
-0.328918
-0.178816
-0.104059
-0.232390
0.010611
-0.146868
0.859967
-0.207363
0.207379
0.352761
1.334937
0.087170
0.193193
-0.387494
-0.071065
0.453722
-0.120420
0.681708
-0.339351
0.156708
-0.370029
0.280154
0.032194
-0.195387
-0.042690
0.262324
0.106733
-0.405133
0.161906
0.021126
-0.260689
0.233305
-0.348134
-0.120104
0.283659
0.265179
0.098170
0.054022
-0.014088
-0.316009
0.074980
-0.336447
-0.117834
-0.168653
0.384974
0.188776
-0.016454
0.505128
0.376944
-0.036034
0.106950
0.401904
0.455519
0.912611
1.100378
-0.153372
0.391192
0.274689
-0.286366
0.029774
-0.083092
-0.063387
-0.047711
0.282435
1.263886
0.256422
-0.326095
-0.291362
0.497673
0.315257
0.060469
-0.151355
0.090903
0.362158
0.834281
-0.114712
0.386020
-0.078730
0.129116
0.837114
-0.206779
0.376608
0.165620
0.308061
0.258809
-0.048736
-0.025144
-0.285767
-0.084543
