0.475025
-0.010804
0.088089
0.097464
-0.094271
0.191193
0.051343
0.264593
-1.818768
-0.249781
-0.051772
0.172989
0.111813
0.238503
0.198038
-1.818768
0.004456
0.087947
-0.027278
0.206031
0.475430
0.252490
-0.307504
-0.173160
0.024837
-0.090911
0.179207
-1.818768
-0.076422
0.077387
0.010180
-1.818768
-1.818768
0.036354
0.129769
0.145271
0.051918
-0.012515
0.209715
0.093730
-1.818768
0.090323
0.189406
0.117331
0.028848
-1.818768
-0.792825
0.336213
-0.102540
0.299897
-0.094878
-0.060483
0.647792
0.329086
0.606861
0.595120
0.021965
0.428537
0.429687
-0.265829
-0.037041
-1.818768
-0.765901
0.324533
0.204117
-0.029693
0.387087
-0.041399
0.195952
-0.103389
0.218154
0.277736
-0.245732
-0.177452
0.038604
0.211696
-0.023788
0.157972
0.322486
0.003272
-0.083970
-0.122741
0.021564
-0.170607
0.253995
-0.029663
0.205963
-0.063879
0.179203
0.137127
0.063145
0.179927
0.044169
-0.165967
0.243733
0.167593
0.199475
0.065572
0.169813
-1.818768
-1.818768
-0.062540
0.199009
0.120396
-0.289780
-0.147154
0.261540
0.142293
0.289383
0.249523
0.052359
-1.818768
0.537763
-0.003773
0.000219
-0.018669
0.301658
-0.114710
-0.163681
-0.977687
0.467471
0.100952
-0.115546
0.202844
-0.035780
0.007287
-0.022796
0.364861
0.413872
-0.035156
0.122367
0.383233
0.212016
0.513603
0.145655
0.185658
-0.266047
0.053838
0.447044
-0.133614
0.357948
-0.151102
0.146236
0.054931
0.383792
0.595785
0.098301
0.139453
0.130185
0.530247
-0.273681
-0.047854
0.140704
0.122268
0.304593
0.000165
0.305879
0.189514
-0.058552
0.289586
-0.001678
0.084901
-0.095121
0.101505
-0.143191
0.176555
0.622449
0.035433
0.285219
0.533803
0.082928
0.383314
0.038557
0.221151
-0.696358
0.250918
0.713904
0.368550
0.187832
0.279786
-0.193380
0.106513
-0.044567
0.086176
0.010753
0.050875
0.154738
-0.052456
0.571859
0.299816
-0.215866
0.052711
0.319574
0.348981
0.116505
-0.086808
0.154991
0.525290
0.011411
-0.082973
