70.894000
71.711954
72.990574
64.540950
66.368990
81.010547
64.540950
83.251122
73.169949
78.553271
64.540950
64.540950
86.107914
77.350822
77.800087
75.324309
67.074796
74.379904
75.896721
76.331978
71.951765
83.946185
86.107914
64.540950
64.540950
68.109623
79.983559
64.540950
83.946465
77.179474
80.847478
64.540950
64.540950
64.540950
72.907646
78.489332
66.350630
70.555138
83.119235
67.160867
78.128188
79.210465
83.363628
66.483395
64.540950
78.569540
72.730344
64.540950
67.648814
71.394893
78.614617
64.540950
85.670432
79.839028
86.107914
86.107914
86.107914
78.673926
64.540950
72.239498
77.997577
76.873101
64.540950
70.051010
72.354902
78.867186
64.540950
64.540950
71.953698
64.540950
84.050586
76.526993
64.540950
80.288723
64.540950
80.430941
86.107914
76.745170
82.196967
77.617402
80.385459
86.107914
64.540950
68.489298
72.100853
78.386545
80.571673
79.289891
74.202213
64.540950
82.761981
64.540950
73.009799
64.540950
80.135977
64.540950
71.403012
64.540950
64.540950
71.288963
78.554533
69.641497
72.158979
75.316103
64.540950
64.540950
64.540950
80.086833
82.113914
84.804737
77.834844
86.107914
86.107914
74.080565
73.491666
84.982020
77.675392
75.196417
84.977637
64.540950
64.540950
77.798150
82.288248
64.540950
64.540950
82.574115
72.433048
64.540950
64.540950
64.986779
69.578927
78.761122
64.540950
64.540950
74.705845
81.643185
69.356355
79.469758
85.377335
65.287371
86.107914
66.501739
64.540950
79.921950
76.144558
75.807601
64.540950
85.377926
64.540950
64.540950
77.366268
79.514540
64.540950
73.259350
68.645618
77.732999
64.540950
64.540950
64.540950
86.107914
80.057177
64.540950
82.903800
74.996407
71.272440
73.788763
81.313890
74.689550
79.383408
70.491288
77.252500
79.967854
75.046155
82.862413
64.540950
64.540950
86.107914
77.790608
71.245077
69.669917
64.540950
74.585694
84.169731
64.540950
78.522745
64.540950
70.665935
72.255837
67.755821
64.540950
81.275745
64.950579
64.540950
64.540950
72.459392
82.284982
69.798950
64.540950
72.534373
78.585531
74.653574
69.840301
64.540950
77.073969
86.107914
64.540950
64.540950
64.540950
76.151035
77.432288
64.540950
71.325877
81.776058
68.431261
73.852335
64.540950
75.921032
80.528359
64.540950
74.690653
68.664822
77.275153
77.813331
67.394754
71.431968
81.964014
76.540891
75.315633
74.007362
79.638401
77.700347
76.832285
71.899029
64.540950
78.339840
71.296791
68.905183
64.540950
66.715599
71.972597
82.364127
68.056364
64.540950
66.702293
72.953999
64.540950
82.448596
79.957102
64.540950
74.875628
70.469494
66.935296
81.090061
72.589361
79.787852
