52.993692
66.719651
57.621172
61.968451
68.681861
75.716349
62.184720
72.063827
70.678289
64.775662
52.905391
83.980955
72.748205
68.474130
75.971920
64.398111
60.131617
69.414940
53.111573
58.836239
69.662613
53.035036
68.931467
70.970375
68.532379
74.883529
53.121214
79.563975
83.779113
61.653017
53.072040
66.186399
53.514415
53.050800
71.718971
60.583778
53.118171
53.146224
52.826419
53.418953
70.747522
53.160319
66.585896
76.070833
65.129467
72.598471
75.032874
72.242337
53.153356
75.157339
67.055760
64.358606
68.139590
62.550749
54.338521
53.096692
62.980280
63.059927
53.117682
73.528879
73.034615
53.104559
52.976816
53.166206
79.583231
69.246274
53.324408
66.273884
67.888809
53.069642
68.251935
53.058109
78.100613
67.734126
76.012671
52.872511
73.899074
64.431529
53.271307
69.607228
53.072476
53.091130
53.510610
68.048623
53.464515
86.611443
53.121647
53.045785
71.876478
52.832915
80.515377
60.575573
59.155794
68.819522
52.965785
67.461438
86.731564
78.798563
53.046455
62.176251
