-0.644901
0.859524
0.725295
0.315546
0.917052
-0.773678
-1.364180
-0.076508
-1.224687
1.009013
-0.250070
0.454072
-0.519691
1.340661
-1.241734
-1.128288
0.385800
0.433198
0.462414
0.158883
-0.859104
-0.396836
-1.052612
-0.904430
-0.293957
0.622345
-0.342334
0.340034
1.257372
0.144299
-0.252441
1.139355
-0.486033
-1.094595
1.145861
-0.006424
0.949972
2.103598
-0.060937
-0.860505
1.043030
2.175527
0.753208
0.326563
-0.393579
1.864033
-1.571676
-0.484809
0.698459
-0.491081
-1.783636
0.482194
-1.440605
-0.480244
-0.211926
-0.910053
1.132599
0.037701
0.694286
-0.357935
1.267597
-1.671667
-1.224489
1.365518
0.839317
-0.014955
0.253894
1.140130
0.076828
0.244682
0.347460
-0.207509
-0.573601
-0.886093
0.842323
-0.403696
0.322078
0.614557
1.903494
-0.115015
-0.046670
1.264720
-0.354952
0.346532
-0.741452
0.524389
0.630599
0.201994
0.349089
0.047213
-1.427886
-0.518136
0.228788
-0.368863
-0.540358
0.003056
0.853287
-0.529208
-0.027372
-0.737130
