0.152721 0.000176 0.191972
0.151869 0.001197 0.192379
0.151670 0.001329 0.192890
0.152221 0.002105 0.192195
0.147578 0.019265 0.199724
0.146974 0.031556 0.215424
0.150190 0.007901 0.202188
0.153307 0.005704 0.191396
0.187512 0.077894 0.195703
0.287787 0.211892 0.278374
0.094556 0.025226 0.254862
0.129259 -0.011472 0.186645
0.151521 -0.000528 0.190796
0.154966 0.005022 0.186268
0.235757 0.065158 0.120223
0.184348 0.022918 0.074846
0.015533 -0.056224 0.102763
0.041108 -0.045315 0.133681
0.134852 -0.003795 0.187492
0.154526 0.001891 0.187575
0.203911 0.027482 0.120388
0.367226 0.025293 0.038377
0.212586 -0.099032 0.082662
0.041576 -0.042379 0.180255
0.118384 -0.004287 0.196783
0.166745 0.006023 0.175190
0.285899 0.036325 0.141185
0.335169 0.084489 0.217880
0.125917 0.015156 0.229214
0.136844 -0.000854 0.195002
