-2.5 -2.5
-2.5 9.5
-2.5 21.5
-2.5 33.5
-2.5 45.5
-2.5 57.5
-2.5 69.5
-2.5 81.5
-2.5 93.5
-2.5 105.5
-2.5 117.5
-2.5 129.5
9.5 -2.5
9.5 9.5
9.5 21.5
9.5 33.5
9.5 45.5
9.5 57.5
9.5 69.5
9.5 81.5
9.5 93.5
9.5 105.5
9.5 117.5
9.5 129.5
21.5 -2.5
21.4999 9.49997
21.4996 21.5
21.5001 33.5005
21.5008 45.5003
21.5005 57.5002
21.4999 69.4999
21.4994 81.4997
21.4989 93.5
21.4995 105.5
21.4999 117.5
21.5 129.5
33.4998 -2.5002
33.4953 9.4971
33.4743 21.5017
33.5106 33.5382
33.5447 45.5064
33.5113 57.5021
33.4834 69.4914
33.4709 81.4776
33.4474 93.5034
33.4808 105.512
33.4979 117.502
33.4999 129.5
45.4977 -2.50395
45.4429 9.43744
45.2694 21.5011
45.3367 33.8339
45.3179 45.5532
45.5475 57.3987
45.488 69.3803
45.4214 81.3688
45.3351 93.5229
45.403 105.622
45.4762 117.526
45.4981 129.503
57.4969 -2.51867
57.4384 9.26097
57.425 21.6105
57.3202 33.7712
57.147 45.942
57.5011 57.74
57.7666 69.2772
57.6183 81.4627
57.694 93.4823
57.5699 105.55
57.4752 117.563
57.4966 129.516
69.5048 -2.51699
69.5956 9.29148
69.6345 21.6355
69.7453 33.6073
70.2024 45.9921
69.9774 57.7674
69.431 69.3145
69.437 81.4922
69.38 93.4746
69.4212 105.449
69.4886 117.558
69.499 129.521
81.5023 -2.50343
81.5509 9.44016
81.6808 21.5851
81.7754 33.9431
81.9899 45.4306
81.2759 57.0733
81.2412 69.1654
81.4562 81.3304
81.4618 93.5123
81.5381 105.653
81.5423 117.566
81.5045 129.51
93.5003 -2.50027
93.5063 9.49548
93.5411 21.5273
93.4112 33.6598
93.3476 45.4727
93.4306 57.436
93.547 69.44
93.5953 81.3803
93.6834 93.5209
93.5787 105.563
93.5109 117.512
93.5007 129.501
105.5 -2.50001
105.5 9.49993
105.501 21.5011
105.494 33.5059
105.488 45.5034
105.495 57.5017
105.501 69.4981
105.507 81.4943
105.513 93.5006
105.505 105.502
105.501 117.5
105.5 129.5
117.5 -2.5
117.5 9.5
117.5 21.5
117.5 33.5
117.5 45.5
117.5 57.5
117.5 69.5
117.5 81.5
117.5 93.5
117.5 105.5
117.5 117.5
117.5 129.5
129.5 -2.5
129.5 9.5
129.5 21.5
129.5 33.5
129.5 45.5
129.5 57.5
129.5 69.5
129.5 81.5
129.5 93.5
129.5 105.5
129.5 117.5
129.5 129.5
