8.882789611816406250e+01
8.923999023437500000e+01
8.965208435058593750e+01
9.006418609619140625e+01
9.047628021240234375e+01
9.358995056152343750e+01
9.390013885498046875e+01
9.421032714843750000e+01
9.452051544189453125e+01
9.483070373535156250e+01
4.551622009277343750e+01
4.627792358398437500e+01
4.703962326049804688e+01
4.780132293701171875e+01
4.856302642822265625e+01
8.718576049804687500e+01
8.767279052734375000e+01
8.815982055664062500e+01
8.864685058593750000e+01
8.913388061523437500e+01
7.600457763671875000e+01
7.659063720703125000e+01
7.717670440673828125e+01
7.776276397705078125e+01
7.834883117675781250e+01
4.076465606689453125e+01
4.142337799072265625e+01
4.208209228515625000e+01
4.274081420898437500e+01
4.339952850341796875e+01
6.053808975219726562e+01
6.122336959838867188e+01
6.190865325927734375e+01
6.259393310546875000e+01
6.327921295166015625e+01
6.273318862915039062e+01
6.341621398925781250e+01
6.409924316406250000e+01
6.478226470947265625e+01
6.546529388427734375e+01
7.393157196044921875e+01
7.466167449951171875e+01
7.539178466796875000e+01
7.612189483642578125e+01
7.685200500488281250e+01
9.007095336914062500e+01
9.052579498291015625e+01
9.098062896728515625e+01
9.143546295166015625e+01
9.189029693603515625e+01
9.165067291259765625e+01
9.201700592041015625e+01
9.238333892822265625e+01
9.274967193603515625e+01
9.311600494384765625e+01
7.756413269042968750e+01
7.772761535644531250e+01
7.789109039306640625e+01
7.805456542968750000e+01
7.821804046630859375e+01
7.484732055664062500e+01
7.554458618164062500e+01
7.624184417724609375e+01
7.693910980224609375e+01
7.763636779785156250e+01
5.190150833129882812e+01
5.253194427490234375e+01
5.316237640380859375e+01
5.379281234741210938e+01
5.442324829101562500e+01
5.264995574951171875e+01
5.328619384765625000e+01
5.392243576049804688e+01
5.455867767333984375e+01
5.519491577148437500e+01
5.634425735473632812e+01
5.692246627807617188e+01
5.750067138671875000e+01
5.807888031005859375e+01
5.865708541870117188e+01
7.561958312988281250e+01
7.631817626953125000e+01
7.701676177978515625e+01
7.771534729003906250e+01
7.841394042968750000e+01
7.805355834960937500e+01
7.876390838623046875e+01
7.947425842285156250e+01
8.018460845947265625e+01
8.089495849609375000e+01
2.626134872436523438e+01
2.686947250366210938e+01
2.747760009765625000e+01
2.808572387695312500e+01
2.869384765625000000e+01
5.653874206542968750e+01
5.723387527465820312e+01
5.792900848388671875e+01
5.862413787841796875e+01
5.931927108764648438e+01
3.056373214721679688e+01
3.116002655029296875e+01
3.175632095336914062e+01
3.235261535644531250e+01
3.294890594482421875e+01
6.666548919677734375e+01
6.728956604003906250e+01
6.791364288330078125e+01
6.853771972656250000e+01
6.916180419921875000e+01
3.007711410522460938e+01
3.072859954833984375e+01
3.138008880615234375e+01
3.203157424926757812e+01
3.268306350708007812e+01
8.288320159912109375e+01
8.304132080078125000e+01
8.319944763183593750e+01
8.335756683349609375e+01
8.351568603515625000e+01
7.723940277099609375e+01
7.740045166015625000e+01
7.756150817871093750e+01
7.772255706787109375e+01
7.788361358642578125e+01
7.592128753662109375e+01
7.660923004150390625e+01
7.729717254638671875e+01
7.798512268066406250e+01
7.867306518554687500e+01
5.460041046142578125e+01
5.517911148071289062e+01
5.575781250000000000e+01
5.633650970458984375e+01
5.691521072387695312e+01
6.801171875000000000e+01
6.870403289794921875e+01
6.939634704589843750e+01
7.008865356445312500e+01
7.078096771240234375e+01
7.037978363037109375e+01
7.102900695800781250e+01
7.167823028564453125e+01
7.232745361328125000e+01
7.297668457031250000e+01
8.226467895507812500e+01
8.289160919189453125e+01
8.351853942871093750e+01
8.414546966552734375e+01
8.477239990234375000e+01
7.224480438232421875e+01
7.283171844482421875e+01
7.341864013671875000e+01
7.400556182861328125e+01
7.459247589111328125e+01
8.833856201171875000e+01
8.874445343017578125e+01
8.915034484863281250e+01
8.955623626708984375e+01
8.996212768554687500e+01
2.257176208496093750e+01
2.315835952758789062e+01
2.374496078491210938e+01
2.433156204223632812e+01
2.491816329956054688e+01
2.035469055175781250e+01
2.096104431152343750e+01
2.156739807128906250e+01
2.217375564575195312e+01
2.278010940551757812e+01
7.340702819824218750e+01
7.398696136474609375e+01
7.456688690185546875e+01
7.514682006835937500e+01
7.572674560546875000e+01
4.742258453369140625e+01
4.810283279418945312e+01
4.878308105468750000e+01
4.946332550048828125e+01
5.014356994628906250e+01
8.434682464599609375e+01
8.484571838378906250e+01
8.534461975097656250e+01
8.584350585937500000e+01
8.634240722656250000e+01
3.318739318847656250e+01
3.376329421997070312e+01
3.433919143676757812e+01
3.491509246826171875e+01
3.549099349975585938e+01
3.587641906738281250e+01
3.650657272338867188e+01
3.713672637939453125e+01
3.776687622070312500e+01
3.839702606201171875e+01
8.920584106445312500e+01
8.963383483886718750e+01
9.006182861328125000e+01
9.048983001708984375e+01
9.091782379150390625e+01
5.837607955932617188e+01
5.904195785522460938e+01
5.970783996582031250e+01
6.037371826171875000e+01
6.103960037231445312e+01
9.082280731201171875e+01
9.108790588378906250e+01
9.135301208496093750e+01
9.161811065673828125e+01
9.188321685791015625e+01
7.602941131591796875e+01
7.668445587158203125e+01
7.733950042724609375e+01
7.799454498291015625e+01
7.864958953857421875e+01
4.428871154785156250e+01
4.482533264160156250e+01
4.536195755004882812e+01
4.589858245849609375e+01
4.643520355224609375e+01
9.342710113525390625e+01
9.375170898437500000e+01
9.407632446289062500e+01
9.440092468261718750e+01
9.472554016113281250e+01
5.775411987304687500e+01
5.837602233886718750e+01
5.899792480468750000e+01
5.961982727050781250e+01
6.024173355102539062e+01
9.416344451904296875e+01
9.448966979980468750e+01
9.481590270996093750e+01
9.514212799072265625e+01
9.546835327148437500e+01
8.901709747314453125e+01
8.940859222412109375e+01
8.980007934570312500e+01
9.019157409667968750e+01
9.058306884765625000e+01
6.797592163085937500e+01
6.859584808349609375e+01
6.921577453613281250e+01
6.983569335937500000e+01
7.045561981201171875e+01
8.876890563964843750e+01
8.914347839355468750e+01
8.951804351806640625e+01
8.989260864257812500e+01
9.026718139648437500e+01
2.623183441162109375e+01
2.684881973266601562e+01
2.746580123901367188e+01
2.808278656005859375e+01
2.869976806640625000e+01
2.604139328002929688e+01
2.665857315063476562e+01
2.727575302124023438e+01
2.789292907714843750e+01
2.851010894775390625e+01
7.709288024902343750e+01
7.725559997558593750e+01
7.741832733154296875e+01
7.758105468750000000e+01
7.774378204345703125e+01
6.323778915405273438e+01
6.388753890991210938e+01
6.453728485107421875e+01
6.518703460693359375e+01
6.583678436279296875e+01
6.774074554443359375e+01
6.835671234130859375e+01
6.897268676757812500e+01
6.958866119384765625e+01
7.020463562011718750e+01
6.811505889892578125e+01
6.874776458740234375e+01
6.938047027587890625e+01
7.001317596435546875e+01
7.064588165283203125e+01
5.691757583618164062e+01
5.745178222656250000e+01
5.798598861694335938e+01
5.852019500732421875e+01
5.905440139770507812e+01
8.319466400146484375e+01
8.334805297851562500e+01
8.350144958496093750e+01
8.365483093261718750e+01
8.380822753906250000e+01
9.141537475585937500e+01
9.181855010986328125e+01
9.222172546386718750e+01
9.262490844726562500e+01
9.302808380126953125e+01
7.022654724121093750e+01
7.089509582519531250e+01
7.156365203857421875e+01
7.223220825195312500e+01
7.290076446533203125e+01
7.182862854003906250e+01
7.252031707763671875e+01
7.321200561523437500e+01
7.390370178222656250e+01
7.459539031982421875e+01
3.763146209716796875e+01
3.823018646240234375e+01
3.882891082763671875e+01
3.942763519287109375e+01
4.002635955810546875e+01
3.852134323120117188e+01
3.915144348144531250e+01
3.978154754638671875e+01
4.041165161132812500e+01
4.104174804687500000e+01
6.847161865234375000e+01
6.913424682617187500e+01
6.979688262939453125e+01
7.045951843261718750e+01
7.112214660644531250e+01
7.738505554199218750e+01
7.754769134521484375e+01
7.771031951904296875e+01
7.787294769287109375e+01
7.803558349609375000e+01
7.736264038085937500e+01
7.802954101562500000e+01
7.869644165039062500e+01
7.936334228515625000e+01
8.003024291992187500e+01
8.207987976074218750e+01
8.223939514160156250e+01
8.239890289306640625e+01
8.255841827392578125e+01
8.271793365478515625e+01
5.372675323486328125e+01
5.438354110717773438e+01
5.504033279418945312e+01
5.569712066650390625e+01
5.635391235351562500e+01
7.515847015380859375e+01
7.587713623046875000e+01
7.659580993652343750e+01
7.731448364257812500e+01
7.803314971923828125e+01
6.658403015136718750e+01
6.728884887695312500e+01
6.799367523193359375e+01
6.869849395751953125e+01
6.940332031250000000e+01
9.037248229980468750e+01
9.060861968994140625e+01
9.084474945068359375e+01
9.108087921142578125e+01
9.131700897216796875e+01
7.755371856689453125e+01
7.787130737304687500e+01
7.818889617919921875e+01
7.850648498535156250e+01
7.882406616210937500e+01
9.257692718505859375e+01
9.286757659912109375e+01
9.315823364257812500e+01
9.344888305664062500e+01
9.373954010009765625e+01
8.770750427246093750e+01
8.812012481689453125e+01
8.853274536132812500e+01
8.894537353515625000e+01
8.935800170898437500e+01
3.655208969116210938e+01
3.710673522949218750e+01
3.766138458251953125e+01
3.821603012084960938e+01
3.877067565917968750e+01
7.838187408447265625e+01
7.909703826904296875e+01
7.981221008300781250e+01
8.052737426757812500e+01
8.124254608154296875e+01
8.540483093261718750e+01
8.585233306884765625e+01
8.629984283447265625e+01
8.674734497070312500e+01
8.719485473632812500e+01
8.886807250976562500e+01
8.928055572509765625e+01
8.969303894042968750e+01
9.010552215576171875e+01
9.051800537109375000e+01
5.224781036376953125e+01
5.295748138427734375e+01
5.366715240478515625e+01
5.437682342529296875e+01
5.508649444580078125e+01
6.661996459960937500e+01
6.727920532226562500e+01
6.793844604492187500e+01
6.859768676757812500e+01
6.925692749023437500e+01
7.721891021728515625e+01
7.790653991699218750e+01
7.859416198730468750e+01
7.928179168701171875e+01
7.996942138671875000e+01
6.467490386962890625e+01
6.539336395263671875e+01
6.611181640625000000e+01
6.683026885986328125e+01
6.754872131347656250e+01
7.931037139892578125e+01
7.999881744384765625e+01
8.068727111816406250e+01
8.137571716308593750e+01
8.206416320800781250e+01
7.521398162841796875e+01
7.585655975341796875e+01
7.649913787841796875e+01
7.714172363281250000e+01
7.778430175781250000e+01
7.019778442382812500e+01
7.081278991699218750e+01
7.142779541015625000e+01
7.204280090332031250e+01
7.265779876708984375e+01
8.994747161865234375e+01
9.032726287841796875e+01
9.070706176757812500e+01
9.108685302734375000e+01
9.146665191650390625e+01
9.193051147460937500e+01
9.228444671630859375e+01
9.263838958740234375e+01
9.299233245849609375e+01
9.334627532958984375e+01
8.848330688476562500e+01
8.890386962890625000e+01
8.932443237304687500e+01
8.974499511718750000e+01
9.016555786132812500e+01
6.073629379272460938e+01
6.136781311035156250e+01
6.199933624267578125e+01
6.263085556030273438e+01
6.326237869262695312e+01
5.920230102539062500e+01
5.985557174682617188e+01
6.050884246826171875e+01
6.116210937500000000e+01
6.181538009643554688e+01
5.968399429321289062e+01
6.037940597534179688e+01
6.107481765747070312e+01
6.177022933959960938e+01
6.246564483642578125e+01
6.861918640136718750e+01
6.929737091064453125e+01
6.997556304931640625e+01
7.065374755859375000e+01
7.133193969726562500e+01
8.957643890380859375e+01
8.998200988769531250e+01
9.038757324218750000e+01
9.079315185546875000e+01
9.119871520996093750e+01
3.971978378295898438e+01
4.038568115234375000e+01
4.105157470703125000e+01
4.171747589111328125e+01
4.238336944580078125e+01
7.918865203857421875e+01
7.954786682128906250e+01
7.990707397460937500e+01
8.026628875732421875e+01
8.062550354003906250e+01
8.613165283203125000e+01
8.652842712402343750e+01
8.692520141601562500e+01
8.732197570800781250e+01
8.771875000000000000e+01
4.415524291992187500e+01
4.499467468261718750e+01
4.583411026000976562e+01
4.667354583740234375e+01
4.751297760009765625e+01
7.298495483398437500e+01
7.366416168212890625e+01
7.434337615966796875e+01
7.502258300781250000e+01
7.570179748535156250e+01
3.714122009277343750e+01
3.780788421630859375e+01
3.847454833984375000e+01
3.914121246337890625e+01
3.980788040161132812e+01
8.187945556640625000e+01
8.203026580810546875e+01
8.218107604980468750e+01
8.233187866210937500e+01
8.248268127441406250e+01
