-1.609422
0.109708
-1.089494
0.716038
0.021325
2.361375
-2.046504
-0.730654
-0.133667
0.240695
-0.421822
-0.685020
1.087240
2.208372
-0.378994
0.163522
-1.756976
-2.047468
0.531273
0.459519
0.821117
-0.090228
0.225127
-0.311829
0.253942
-0.142916
0.523269
-0.727044
-0.518184
0.086607
-0.453311
0.546473
-0.776554
0.357882
-2.133060
-0.036203
-0.035849
-0.771716
-0.206537
0.412753
0.061287
0.323358
0.660610
1.279023
1.126070
-0.185256
0.498727
0.559560
0.728291
-0.627965
-0.009065
0.247300
-0.035506
0.034758
-0.115122
0.758831
0.959819
-1.732861
0.093109
-2.019476
-0.586154
0.132503
-0.813808
0.363883
0.185148
0.678599
0.220424
0.466778
-0.926945
0.113761
2.232527
2.447717
2.568499
0.939835
2.274634
-1.744484
-2.485408
-1.611205
1.677345
-0.841000
-0.056451
0.691360
-0.574868
0.610012
2.304587
0.375849
0.773657
0.087491
0.855347
-0.929754
0.154564
-0.139103
-0.514428
2.621320
0.810481
0.759414
-0.902535
0.458248
0.799729
0.113518
-1.728742
-0.655870
-2.250002
-0.107971
-0.681265
0.414479
-2.286102
-0.253246
0.425119
0.547620
-0.085861
-0.088450
0.005951
0.236926
-1.640616
0.232266
0.014960
0.786083
-0.340161
-0.389443
-0.064696
0.084254
-0.446110
-0.185517
0.077318
-0.656170
1.679628
-2.183951
-0.201450
-0.680085
0.902533
-0.049763
-0.852518
0.816161
0.439480
-0.603051
0.178603
-0.498581
0.174274
-0.476809
-1.960831
0.722111
2.184182
-0.128330
0.181545
1.090554
-0.055139
0.201292
-0.012652
-0.026150
-0.830534
-0.291495
-2.115245
-1.196856
1.874966
-0.207938
0.525713
0.876095
-0.378465
-0.104392
0.028092
-0.300948
0.001092
-0.878304
-0.062682
0.706366
0.727746
-1.004667
-0.712447
-2.159047
0.029920
0.039994
-0.304051
0.725702
1.021345
0.122160
0.180052
1.006755
0.655267
-0.046924
-0.509966
-0.093386
-0.528802
-1.931945
0.545184
0.863786
0.572741
-1.962761
-0.226971
0.388412
0.225073
1.047905
1.590272
0.506697
0.725482
-0.041486
-2.286248
0.171973
0.147800
0.351550
