36.255244
36.604382
36.953520
37.302658
37.651796
38.000934
38.350072
38.699210
39.048349
39.397487
39.746625
40.095763
40.444901
40.794039
41.143177
41.492315
41.841453
42.190591
42.539729
42.888868
43.238006
43.587144
43.936282
44.285420
44.634558
44.983696
45.332834
45.681972
46.031110
46.380248
46.729387
47.078525
47.427663
47.776801
48.125939
48.475077
48.824215
49.173353
49.522491
49.871629
50.220767
50.569906
50.919044
51.268182
51.617320
51.966458
52.315596
52.664734
53.013872
53.363010
53.712148
54.061286
54.410425
54.759563
55.108701
55.457839
55.806977
56.156115
56.505253
56.854391
57.203529
57.552667
57.901805
58.250944
58.600082
58.949220
59.298358
59.647496
59.996634
60.345772
60.694910
61.044048
61.393186
61.742325
62.091463
62.440601
62.789739
63.138877
63.488015
63.837153
64.186291
64.535429
64.884567
65.233705
65.582844
65.931982
66.281120
66.630258
66.979396
67.328534
67.677672
68.026810
68.375948
68.725086
69.074224
69.423363
69.772501
70.121639
70.470777
70.819915
71.169053
71.518191
71.867329
72.216467
72.565605
72.914743
73.263882
73.613020
73.962158
74.311296
74.660434
75.009572
75.358710
75.707848
76.056986
76.406124
76.755262
77.104401
77.453539
77.802677
78.151815
78.500953
78.850091
79.199229
79.548367
79.897505
80.246643
80.595781
80.944920
81.294058
81.643196
81.992334
82.341472
82.690610
83.039748
83.388886
83.738024
84.087162
84.436301
84.785439
85.134577
85.483715
85.832853
86.181991
86.531129
86.880267
87.229405
87.578543
87.927681
88.276820
88.625958
88.975096
89.324234
89.673372
90.022510
90.371648
90.720786
91.069924
91.419062
91.768200
92.117339
92.466477
92.815615
93.164753
93.513891
93.863029
94.212167
94.561305
94.910443
95.259581
95.608719
95.957858
96.306996
96.656134
97.005272
97.354410
97.703548
98.052686
98.401824
98.750962
99.100100
99.449238
99.798377
100.147515
100.496653
100.845791
101.194929
101.544067
101.893205
102.242343
102.591481
102.940619
103.289757
103.638896
103.988034
104.337172
104.686310
105.035448
105.384586
105.733724
