83.411609
83.911609
84.411609
84.911609
85.411609
85.911609
86.411609
86.911609
59.533403
60.033403
60.533403
61.033403
61.533403
62.033403
62.533403
63.033403
70.894247
71.394247
71.894247
72.394247
72.894247
73.394247
73.894247
74.394247
60.083191
60.583191
61.083191
61.583191
62.083191
62.583191
63.083191
63.583191
62.010736
62.510736
63.010736
63.510736
64.010736
64.510736
65.010736
65.510736
76.148738
76.648738
77.148738
77.648738
78.148738
78.648738
79.148738
79.648738
53.490260
53.990260
54.490260
54.990260
55.490260
55.990260
56.490260
56.990260
75.471394
75.971394
76.471394
76.971394
77.471394
77.971394
78.471394
78.971394
62.280108
62.780108
63.280108
63.780108
64.280108
64.780108
65.280108
65.780108
88.144581
88.644581
89.144581
89.644581
90.144581
90.644581
91.144581
91.644581
73.339123
73.839123
74.339123
74.839123
75.339123
75.839123
76.339123
76.839123
80.965304
81.465304
81.965304
82.465304
82.965304
83.465304
83.965304
84.465304
63.545105
64.045105
64.545105
65.045105
65.545105
66.045105
66.545105
67.045105
61.786476
62.286476
62.786476
63.286476
63.786476
64.286476
64.786476
65.286476
56.343603
56.843603
57.343603
57.843603
58.343603
58.843603
59.343603
59.843603
77.803990
78.303990
78.803990
79.303990
79.803990
80.303990
80.803990
81.303990
78.044104
78.544104
79.044104
79.544104
80.044104
80.544104
81.044104
81.544104
76.422514
76.922514
77.422514
77.922514
78.422514
78.922514
79.422514
79.922514
65.671785
66.171785
66.671785
67.171785
67.671785
68.171785
68.671785
69.171785
81.811722
82.311722
82.811722
83.311722
83.811722
84.311722
84.811722
85.311722
70.465117
70.965117
71.465117
71.965117
72.465117
72.965117
73.465117
73.965117
58.425911
58.925911
59.425911
59.925911
60.425911
60.925911
61.425911
61.925911
76.651908
77.151908
77.651908
78.151908
78.651908
79.151908
79.651908
80.151908
70.611735
71.111735
71.611735
72.111735
72.611735
73.111735
73.611735
74.111735
78.326810
78.826810
79.326810
79.826810
80.326810
80.826810
81.326810
81.826810
70.484024
70.984024
71.484024
71.984024
72.484024
72.984024
73.484024
73.984024
70.502586
71.002586
71.502586
72.002586
72.502586
73.002586
73.502586
74.002586
61.184230
61.684230
62.184230
62.684230
63.184230
63.684230
64.184230
64.684230
61.634072
62.134072
62.634072
63.134072
63.634072
64.134072
64.634072
65.134072
59.530346
60.030346
60.530346
61.030346
61.530346
62.030346
62.530346
63.030346
69.049696
69.549696
70.049696
70.549696
71.049696
71.549696
72.049696
72.549696
72.630329
73.130329
73.630329
74.130329
74.630329
75.130329
75.630329
76.130329
78.795712
79.295712
79.795712
80.295712
80.795712
81.295712
81.795712
82.295712
73.552538
74.052538
74.552538
75.052538
75.552538
76.052538
76.552538
77.052538
74.468407
74.968407
75.468407
75.968407
76.468407
76.968407
77.468407
77.968407
86.958723
87.458723
87.958723
88.458723
88.958723
89.458723
89.958723
90.458723
58.839488
59.339488
59.839488
60.339488
60.839488
61.339488
61.839488
62.339488
71.778429
72.278429
72.778429
73.278429
73.778429
74.278429
74.778429
75.278429
76.805644
77.305644
77.805644
78.305644
78.805644
79.305644
79.805644
80.305644
72.601507
73.101507
73.601507
74.101507
74.601507
75.101507
75.601507
76.101507
71.765217
72.265217
72.765217
73.265217
73.765217
74.265217
74.765217
75.265217
63.456142
63.956142
64.456142
64.956142
65.456142
65.956142
66.456142
66.956142
74.509274
75.009274
75.509274
76.009274
76.509274
77.009274
77.509274
78.009274
86.245137
86.745137
87.245137
87.745137
88.245137
88.745137
89.245137
89.745137
67.408451
67.908451
68.408451
68.908451
69.408451
69.908451
70.408451
70.908451
67.167715
67.667715
68.167715
68.667715
69.167715
69.667715
70.167715
70.667715
57.557048
58.057048
58.557048
59.057048
59.557048
60.057048
60.557048
61.057048
72.087989
72.587989
73.087989
73.587989
74.087989
74.587989
75.087989
75.587989
71.040674
71.540674
72.040674
72.540674
73.040674
73.540674
74.040674
74.540674
81.939776
82.439776
82.939776
83.439776
83.939776
84.439776
84.939776
85.439776
79.235849
79.735849
80.235849
80.735849
81.235849
81.735849
82.235849
82.735849
61.215449
61.715449
62.215449
62.715449
63.215449
63.715449
64.215449
64.715449
60.249677
60.749677
61.249677
61.749677
62.249677
62.749677
63.249677
63.749677
67.257551
67.757551
68.257551
68.757551
69.257551
69.757551
70.257551
70.757551
71.426269
71.926269
72.426269
72.926269
73.426269
73.926269
74.426269
74.926269
53.144710
53.644710
54.144710
54.644710
55.144710
55.644710
56.144710
56.644710
69.797017
70.297017
70.797017
71.297017
71.797017
72.297017
72.797017
73.297017
87.655685
88.155685
88.655685
89.155685
89.655685
90.155685
90.655685
91.155685
62.408660
62.908660
63.408660
63.908660
64.408660
64.908660
65.408660
65.908660
62.813094
63.313094
63.813094
64.313094
64.813094
65.313094
65.813094
66.313094
63.806329
64.306329
64.806329
65.306329
65.806329
66.306329
66.806329
67.306329
92.037716
92.537716
93.037716
93.537716
94.037716
94.537716
95.037716
95.537716
56.521967
57.021967
57.521967
58.021967
58.521967
59.021967
59.521967
60.021967
78.137365
78.637365
79.137365
79.637365
80.137365
80.637365
81.137365
81.637365
75.499915
75.999915
76.499915
76.999915
77.499915
77.999915
78.499915
78.999915
62.722931
63.222931
63.722931
64.222931
64.722931
65.222931
65.722931
66.222931
80.627730
81.127730
81.627730
82.127730
82.627730
83.127730
83.627730
84.127730
54.023824
54.523824
55.023824
55.523824
56.023824
56.523824
57.023824
57.523824
64.784430
65.284430
65.784430
66.284430
66.784430
67.284430
67.784430
68.284430
63.379329
63.879329
64.379329
64.879329
65.379329
65.879329
66.379329
66.879329
64.310275
64.810275
65.310275
65.810275
66.310275
66.810275
67.310275
67.810275
77.478180
77.978180
78.478180
78.978180
79.478180
79.978180
80.478180
80.978180
71.973437
72.473437
72.973437
73.473437
73.973437
74.473437
74.973437
75.473437
69.371419
69.871419
70.371419
70.871419
71.371419
71.871419
72.371419
72.871419
65.294733
65.794733
66.294733
66.794733
67.294733
67.794733
68.294733
68.794733
70.287662
70.787662
71.287662
71.787662
72.287662
72.787662
73.287662
73.787662
48.762891
49.262891
49.762891
50.262891
50.762891
51.262891
51.762891
52.262891
73.996769
74.496769
74.996769
75.496769
75.996769
76.496769
76.996769
77.496769
87.147808
87.647808
88.147808
88.647808
89.147808
89.647808
90.147808
90.647808
67.355332
67.855332
68.355332
68.855332
69.355332
69.855332
70.355332
70.855332
52.015894
52.515894
53.015894
53.515894
54.015894
54.515894
55.015894
55.515894
62.658710
63.158710
63.658710
64.158710
64.658710
65.158710
65.658710
66.158710
55.896517
56.396517
56.896517
57.396517
57.896517
58.396517
58.896517
59.396517
75.673593
76.173593
76.673593
77.173593
77.673593
78.173593
78.673593
79.173593
70.233553
70.733553
71.233553
71.733553
72.233553
72.733553
73.233553
73.733553
82.109252
82.609252
83.109252
83.609252
84.109252
84.609252
85.109252
85.609252
64.255227
64.755227
65.255227
65.755227
66.255227
66.755227
67.255227
67.755227
57.976019
58.476019
58.976019
59.476019
59.976019
60.476019
60.976019
61.476019
60.011340
60.511340
61.011340
61.511340
62.011340
62.511340
63.011340
63.511340
53.477790
53.977790
54.477790
54.977790
55.477790
55.977790
56.477790
56.977790
92.669167
93.169167
93.669167
94.169167
94.669167
95.169167
95.669167
96.169167
79.958576
80.458576
80.958576
81.458576
81.958576
82.458576
82.958576
83.458576
87.890593
88.390593
88.890593
89.390593
89.890593
90.390593
90.890593
91.390593
78.469167
78.969167
79.469167
79.969167
80.469167
80.969167
81.469167
81.969167
78.068425
78.568425
79.068425
79.568425
80.068425
80.568425
81.068425
81.568425
60.704205
61.204205
61.704205
62.204205
62.704205
63.204205
63.704205
64.204205
64.920093
65.420093
65.920093
66.420093
66.920093
67.420093
67.920093
68.420093
45.421173
45.921173
46.421173
46.921173
47.421173
47.921173
48.421173
48.921173
67.065231
67.565231
68.065231
68.565231
69.065231
69.565231
70.065231
70.565231
64.394413
64.894413
65.394413
65.894413
66.394413
66.894413
67.394413
67.894413
